4580247.572224451
4451960.7916230215
4336070.177970048
4241507.043200737
4158021.532600167
4079330.328136673
3999966.3766935105
3904854.7419039747
3833000.6344176754
3744161.463651525
3669494.0598284374
3587123.169309992
3522338.11879583
3473224.625561932
3410197.316833678
3361590.251835798
3308555.8349117595
3258870.3955596182
3213502.6558481944
3166732.1874542306
3112433.6100422363
3079288.8691606624
3039475.525981755
3007173.535926536
2971116.485458005
2946739.2301825974
2920912.0906409794
2896633.46522877
2870156.0297050783
2832481.2086989526
2804079.507527079
2787605.0760283307
2767674.5491535375
2735474.5220158687
2715917.881206587
2693195.77523111
2675001.957714339
2650401.936467366
2632055.2275710613
2612433.7284617205
2595002.0703205727
2569320.666051551
2551176.6024470474
2529475.1472325437
2506764.7765902774
2477945.5586658726
2460500.990897855
2438974.504980308
2427277.1344883824
2408510.0306395134
2392241.669624253
2384387.29601172
2374661.9978981325
2366058.1350390976
2351116.3828281076
2333503.7614591885
2320520.4992498485
2313794.155101394
2291713.6829454326
2275983.8245739704
2264607.8230857104
2246747.994508762
2230490.746595116
2223901.926882414
2205982.3411221085
2196999.850554373
2186955.2978139566
2175564.9517336553
2169019.507533251
2152788.7330990387
2146444.223608233
2135340.1430303752
2125835.486724538
2114711.198458895
2099034.5983044403
2092989.2406279126
2084362.417220964
2077296.6857588927
2068613.9246832607
2061588.372985478
2051354.1486818474
2041376.078787116
2032481.9708204563
2027030.765853916
2019877.5503333118
2012459.4137735656
2001438.4539110726
1995172.4171129907
1985360.675890337
1975954.7645233532
1972476.434347622
1964124.68333636
1957828.8071986837
1953539.7123760888
1946074.090601637
1937985.6934731642
1930490.7361692097
1922215.1800282495
1913418.6393346016
1912042.530833994
1905315.8395907898
1902988.0906626964
1898350.1895191842
1892683.888418106
1887365.1867060396
1884891.9214658185
1876189.9434455177
1870885.5208810226
1866492.202204765
1864384.6580240345
1860853.6781801032
1855371.5773991095
1851316.1700478834
1847774.1865725617
1844451.4316181294
1839614.1600694545
1837053.450755129
1830590.2603436843
1821727.8600064935
1818407.396949266
1814233.2429300994
1808490.3471477935
1806495.2079392117
1802314.6525717452
1799302.2917210124
1794255.0990673178
1785096.8110349681
1776911.6230133271
1773501.2010287312
1769283.4317852592
1767002.0064225015
1763441.3373314636
1761412.9394581288
1757976.5846212194
1753481.333628623
1745494.5723873884
1740754.4345499768
1737726.26088835
1733980.857215508
1731202.2270558684
1729040.972458954
1723335.2259045723
1718542.3724498476
1715457.918707673
1712435.494329712
1707528.5062018353
1704949.3108325247
1700534.6232309756
1697354.7332259666
1691166.7814423693
1687800.8155410758
1687216.1158481215
1685865.2352290158
1684861.4231520705
1682637.8358048925
1678497.557838881
1678253.140490307
1677566.7667168202
1676624.1506617183
1675010.0837382043
1669473.021729538
1665802.6556423414
1664452.858223183
1664084.1471295054
1662229.0727423998
1655528.7688012067
1651635.3802798963
1648899.4822012954
1646920.2861779863
1644387.6100835907
1641951.0659293674
1635641.3226365233
1630635.148064578
1624703.0377245205
1623215.1874136317
1620915.8162847036
1615855.4117187115
1611498.8231738857
1609089.083019631
1602863.0946162904
1600978.1080933562
1598602.9524101242
1594658.5837611808
1592013.2058551172
1587484.6494030254
1585826.3694637795
1582923.4456956435
1581627.141121179
1580044.8656241705
1579442.2263713703
1578123.5925419214
1574879.7481569122
1572108.5136419956
1568018.1076515287
1566669.856703936
1563708.5954714934
1561887.5498283992
1557639.3929748172
1555981.2072076323
1554772.938934494
1550473.9003521425
1549593.2980279499
1548419.7646320532
1547144.6419159332
1544667.4949837746
1541723.063607053
1540063.645880231
1538792.379444237
1534626.585336059
1530847.25134969
1530847.25134969
1527564.3557403516
1525568.393848835
1524484.177202855
1523862.8447983712
1523101.4294091687
1521447.9879523881
1519416.652583864
1517660.8800747022
1514757.4654389722
1513459.8549584774
1512852.6995395157
1510472.895051123
1506691.414076026
1503363.050103665
1501088.8239920996
1500970.5167302312
1499452.3235302288
1499026.7830154938
1498335.016938964
1497079.620395867
1496222.8397223898
1495044.8117027178
1494118.4507630854
1493926.1321204766
1490665.8650120737
1486779.5658496742
1484408.0725947854
1484025.2998972107
1482946.8413074445
1480744.4994651526
1480212.657301173
1478547.257007446
1473891.125359504
1469847.6002152052
1468683.3611343736
1467791.7099402917
1466404.701259029
1463248.0536780567
1459367.5986426058
1457803.7743907534
1457658.8282154708
1455464.987113167
1455313.5032320798
1455313.5032320798
1455078.875415357
1452961.8109074626
1452961.8109074626
1452470.9793775664
1451758.464780555
1449230.3773809094
1448017.0123558133
1447222.166565166
1447056.156672068
1446317.3459198205
1444279.9252454713
1442837.8216760678
1439856.6089574355
1439546.069267753
1438153.9341966137
1436875.136693642
1436162.1297039073
1434544.699237762
1432415.2495178138
1431378.147592268
1429969.783408706
1428632.5361701455
1425968.310887018
1424933.4587774558
1423999.5928360457
1422831.5439890726
1420303.7643112817
1419357.4972385834
1418212.3450098492
1416494.4994812077
1414340.9034443644
1413955.6266031752
1411375.741528517
1410194.7506696123
1408454.4502227595
1408454.4502227595
1407720.0036615494
1406515.0187255512
1405706.466375134
1403793.6864731791
1402678.2012278384
1399813.4185613354
1399421.5005287216
1399275.7354690183
1398810.2918104394
1397500.7984623965
1397246.4485091583
1395044.4659210583
1392673.2758008004
1391790.4702093522
1390169.1683774788
1388646.9822822446
1388368.900509818
1385918.090385589
1384889.2292084682
1383632.5983608088
1383396.7335749832
1381364.7317066386
1378330.5746176546
1378206.063175321
1376317.6787886645
1375487.6980771006
1372604.4321178314
1371980.9975537094
1370033.7099317112
1369626.2641071535
1368908.4967306876
1368544.7629307404
1368171.8115233253
1367868.0540237634
1367868.0540237634
1367196.9855786269
1363366.5559755168
1361829.1926467302
1360339.7046801846
1359018.0510610226
1358257.1134147863
1356863.739303348
1355857.3462347998
1355321.5042170133
1354814.4369661408
1354686.242419051
1353713.3854666068
1353561.4534529303
1352195.0646656153
1352195.0646656153
1352182.7450349974
1352127.299121704
1351774.7605092
1351357.6942192982
1351238.097012543
1349635.257842661
1348244.1877191884
1347123.110490522
1346911.8217540362
1346911.8217540362
1343617.1465354597
1342875.7416407622
1341163.303380387
1338419.6019804685
1337850.0897016486
1337638.476710315
1335948.1305915003
1333076.0386235304
1333076.0386235304
1333076.0386235304
1332788.040295258
1332319.8521678324
1331929.905635437
1330406.9433253452
1329758.500428163
1328913.9836403036
1327613.447366972
1324144.85671505
1322285.139985444
1322198.411385483
1321673.4000731972
1321271.4730331774
1320766.6915858341
1320766.6915858341
1320298.2704540512
1317843.3345103487
1317842.7371402318
1316703.9419850842
1313773.5081237713
1311752.2804350369
1311046.453325671
1311046.0239876215
1310377.8448511194
1309294.9354125012
1308149.2961077872
1307466.2739486163
1307374.6377210675
1307374.6377210675
1305282.0469482476
1303687.4794000979
1302014.9391630117
1300317.1420394392
1300181.5672759085
1299176.1079680682
1297748.6778804387
1297748.6778804387
1295739.174264989
1293988.696940572
1291907.5158980403
1291179.408852076
1291156.6170135387
1290711.0139410454
1289637.9958986756
1288645.5438359499
1287502.253338465
1287314.5966644061
1287249.5728905876
1284644.0686448826
1282985.7996550796
1282944.0595473605
1282878.0691976193
1282691.3509320677
1281534.425219022
1281534.425219022
1281521.018368748
1281396.3248431557
1279604.6922652235
1278700.975321089
1278700.975321089
1277564.14637222
1277025.283454364
1275974.5625433158
1274161.1139923325
1274161.1139923325
1274161.1139923325
1274161.1139923325
1272398.0631973871
1270937.8964457582
1269670.5504162214
1269670.5504162214
1268931.1998775273
1268691.8757545275
1268691.8757545275
1267247.8471145683
1266813.1148151755
1266074.158643432
1264564.944623779
1264083.129240689
1262935.438203842
1262935.438203842
1261526.2284351082
1261526.2284351082
1261175.6929732142
1261175.6929732142
1260605.5398761106
1260361.4774714098
1260079.2061667526
1259969.7098766556
1259969.7098766556
1259969.7098766556
1259969.7098766556
1259761.611360502
1259287.3510473934
1259287.3510473934
1258394.045574739
1258394.045574739
1258129.9027678082
1257790.870646703
1257084.3524344957
1257084.3524344957
1257084.3524344957
1256524.4788553948
1256046.4142633707
1254431.6550855627
1254183.5649113636
1254019.7613376016
1251247.8824494807
1250153.9725376905
1249179.452305907
1248613.7522289283
1247526.566987579
1246822.7391943731
1246777.2547518644
1245378.7451886022
1243798.1610395773
1243539.2429876858
1241369.9841371754
1241369.9841371754
1241369.9841371754
1241033.4249012526
1240349.761422888
1236452.4354786505
1235630.785306911
1233947.0041443654
1233947.0041443654
1233947.0041443654
1233656.8512939457
1233519.7669104957
1233277.9018198508
1233277.9018198508
1231518.7829465196
1231503.6591363642
1231402.9584578113
1231402.9584578113
1230595.9014111701
1229662.1696450762
1229344.934877555
1229187.1489510713
1229187.1489510713
1229187.1489510713
1229007.0791334556
1228871.9073654562
1228313.392047747
1227240.8917528617
1226888.9334915248
1225530.1710930862
1225353.327114657
1224735.7920366593
1224200.9003854473
1224198.318746062
1224194.9052043657
1223998.5054553421
1223219.309204879
1223219.309204879
1222492.3108415077
1222492.3108415077
1222470.58686797
1222470.58686797
1222035.757806577
1222035.757806577
1220917.0616205907
1220745.6918858085
1220005.2701055198
1218083.6282086577
1218083.6282086577
1218053.211209117
1217575.2880697155
1217266.2116012403
1216906.389507218
1215063.5616545004
1214548.3875779475
1214072.1718483544
1214072.1718483544
1213613.7108455263
1212899.8321547643
1212460.3692063312
1212460.3692063312
1211793.3309456292
1211793.3309456292
1211694.8972708848
1209934.1508487202
1209141.2654837503
1209141.2654837503
1209141.2654837503
1209141.2654837503
1208096.9822946019
1207731.4607238735
1207731.4607238735
1207731.4607238735
1207731.4607238735
1207172.7363507436
1206455.3778044651
1205574.8286449309
1204358.9580198654
1203121.5003181412
1201497.5325719186
1201404.45059594
1200500.0320375795
1200436.5879054586
1200246.4348233277
1199813.8037514281
1199482.7611959027
1198736.1706422975
1198460.9456086701
1197148.3865763196
1196787.8809750453
1195980.8142771176
1195320.115471867
1194868.165584533
1194868.165584533
1194868.165584533
1193465.9504601099
1193465.9504601099
1192253.05781047
1192253.05781047
1192253.05781047
1189759.0679363774
1189624.1827352855
1189112.1755954567
1189112.1755954567
1188549.7202642302
1188549.7202642302
1188466.3937393194
1186852.030246864
1186187.1792001931
1184776.773745061
1182223.5536174932
1182179.8208975582
1181411.4962373995
1180094.7509145848
1179137.266436773
1177870.7656926173
1177870.7656926173
1177870.7656926173
1177870.7656926173
1177481.5154938735
1177481.5154938735
1176717.5584270945
1176717.5584270945
1176687.4122375443
1176312.9280127916
1175995.7480990542
1175495.028945384
1175495.028945384
1175495.028945384
1173878.5250416156
1172865.549504613
1172865.549504613
1171318.148190303
1171318.148190303
1169794.8704565384
1169504.369313213
1167935.5442682074
1167935.5442682074
1167570.6355183772
1167570.6355183772
1167221.0043453674
1167140.4897764544
1167140.4897764544
1167140.4897764544
1166514.69790688
1165642.4079254114
1164955.22681151
1164458.6201185354
1164223.6356467353
1164177.227755012
1164177.227755012
1162536.926420271
1162536.926420271
1162114.786399805
1161186.172365291
1161186.172365291
1161186.172365291
1161186.172365291
1161186.172365291
1161131.7055045846
1161131.7055045846
1161131.7055045846
1160697.434862387
1160371.8294024155
1160331.0038357873
1160331.0038357873
1160331.0038357873
1160163.1338513822
1159969.611903378
1159739.8370205255
1159739.8370205255
1159188.1994364592
1159188.1994364592
1159072.404765895
1158453.2260291574
1158271.0807715016
1157457.2323395484
1157457.2323395484
1156578.8192562468
1155722.5591514916
1155722.5591514916
1155309.5218516362
1154928.108931817
1154908.7439110216
1154110.550098927
1153116.9558587638
1152649.2201901432
1152015.986776804
1152015.986776804
1152015.986776804
1150069.3932089414
1148604.179220047
1148604.179220047
1148500.6073608103
1148252.0805356998
1148061.9614172592
1147855.8971407257
1147428.401863702
1146911.8929691445
1146561.6317700555
1146326.6474774475
1146080.326777353
1146080.326777353
1145421.233406146
1145421.233406146
1145421.233406146
1145421.233406146
1144318.0297131976
1143985.4776721897
1143985.4776721897
1142303.6947043636
1142303.6947043636
1141843.9748066198
1141701.917885807
1140933.4864444137
1139836.3733737369
1137704.907049788
1137442.6639227527
1137155.894165357
1137155.894165357
1136617.020685812
1136588.2195190478
1136216.4336338392
1135456.9123973474
1135348.1722260765
1134693.4537719148
1134693.4537719148
1134693.4537719148
1134688.3467370812
1134688.3467370812
1134268.8297973014
1134268.8297973014
1134268.8297973014
1134268.8297973014
1133266.8258777203
1132120.3106105123
1132120.3106105123
1131509.3129928322
1131509.3129928322
1131473.7729077395
1131473.7729077395
1130459.896660368
1130314.8258188856
1129206.1390895718
1129091.9390093377
1129091.9390093377
1127674.1005054438
1127674.1005054438
1127665.3439002368
1127665.3439002368
1126820.26757119
1124371.5829519737
1124177.9497166022
1123510.551675084
1122743.017004823
1120901.2695191093
1120901.2695191093
1118794.1084868363
1118464.1612881664
1116895.1828889376
1116895.1828889376
1116895.1828889376
1116895.1828889376
1116895.1828889376
1115394.7424321426
1115394.7424321426
1115194.297917246
1114545.2340973294
1114265.4402488582
1113891.240285152
1113891.240285152
1113414.475063987
1113414.475063987
1113414.475063987
1113414.475063987
1113414.475063987
1112786.8898364315
1112646.308234829
1112457.7067021006
1110633.8860569943
1109980.927423386
1109543.9842034646
1108940.674301372
1108638.6999111704
1108638.6999111704
1108638.6999111704
1108638.6999111704
1108638.6999111704
1107720.0421836907
1105870.9742450474
1104946.6490128017
1104946.6490128017
1104946.6490128017
1103643.5353592087
1103603.784492929
1103603.784492929
1103431.5766263092
1102586.0016760887
1102442.9507966326
1102442.9507966326
1101449.5608664968
1101449.5608664968
1101449.5608664968
1101449.5608664968
1101449.5608664968
1101449.5608664968
1101410.9216425237
1101000.7155197181
1100870.455591759
1100870.455591759
1100663.007460008
1100663.007460008
1100222.6250515473
1100109.899904888
1099724.9995543528
1099519.3342409867
1099519.3342409867
1099519.3342409867
1099148.4572350439
1098766.0730572236
1098654.3940293002
1098568.0168735413
1098419.4577301915
1098217.3382659974
1098217.3382659974
1097884.831924233
1097552.1507495116
1097552.1507495116
1097552.1507495116
1096964.7019888388
1096145.8804713944
1096076.7388463425
1096076.7388463425
1095756.5595131316
1095142.9027140767
1095142.9027140767
1095142.9027140767
1095142.9027140767
1094533.4541435977
1094533.4541435977
1094533.4541435977
1093825.829194289
1093825.829194289
1093536.9847842485
1092048.3475762974
1091819.233661621
1091819.233661621
1091819.233661621
1091819.233661621
1091819.233661621
1090390.8699992753
1090390.8699992753
1090390.8699992753
1090390.8699992753
1090092.0595808555
1089021.5346601265
1088268.2241860551
1087472.5491021597
1087468.4483662068
1087263.199224641
1087013.4138519485
1086791.2557839192
1086779.2273936267
1086779.2273936267
1086195.368981991
1084732.5508762174
1084545.0719162053
1084545.0719162053
1084329.1750231688
1084075.488931399
1084075.488931399
1084075.488931399
1084075.488931399
1084075.488931399
1082403.17810863
1082403.17810863
1082403.17810863
1082403.17810863
1082403.17810863
1082403.17810863
1082403.17810863
1082403.17810863
1082403.17810863
1080970.1445482173
1080970.1445482173
1080970.1445482173
1080925.6444621736
1080925.6444621736
1080925.6444621736
1080163.625844087
1079926.9944060422
1079926.9944060422
1079600.816654997
1079600.816654997
1078579.7555904733
1078579.7555904733
1078579.7555904733
1077901.6971079106
1077821.4805601086
1077695.1335654473
1077458.9501419608
1077444.635509247
1077401.0325105642
1077401.0325105642
1077401.0325105642
1076709.550925611
1076696.542468433
1076696.542468433
1076013.7733926023
1075843.5735483463
1075843.5735483463
1075843.5735483463
1075843.5735483463
1075843.5735483463
1075422.7144276183
1075422.7144276183
1074295.968584495
1074295.968584495
1074228.4670187873
1074228.4670187873
1073067.0301203448
1071663.8532022166
1071663.8532022166
1071663.8532022166
1071663.8532022166
1071663.8532022166
1071663.8532022166
1071641.0830790005
1071124.6352705066
1071124.6352705066
1070427.5852690714
1070127.7932610349
1070048.0466364617
1070048.0466364617
1069162.1275778483
1068433.2940503492
1067944.8676029244
1067681.5243419628
1067681.5243419628
1067356.131108902
1067356.131108902
1067242.1935781203
1067242.1935781203
1067242.1935781203
1067031.7167265213
1067031.7167265213
1067031.7167265213
1066770.3327799689
1066484.546354305
1066484.546354305
1066484.546354305
1066484.546354305
1066484.546354305
1066340.0386188843
1066333.5591459041
1066333.5591459041
1066333.5591459041
1066333.5591459041
1066333.5591459041
1066333.5591459041
1065744.138424958
1065739.1520229306
1065739.1520229306
1065739.1520229306
1065550.8845693527
1065308.3362784984
1065308.3362784984
1064341.5734849614
1064341.5734849614
1063704.807726357
1063316.6718933904
1061971.6910446314
1061971.6910446314
1061938.5735263042
1060581.677993914
1058898.4756293246
1058257.997632798
1057616.4715206039
1057616.4715206039
1057616.4715206039
1057540.7079419638
1057540.7079419638
1057206.7720649955
1057206.7720649955
1057206.7720649955
1056596.586459911
1056533.734087619
1056533.734087619
1056419.4484764808
1056368.002571871
1055496.3034017375
1055126.3957265588
1055126.3957265588
1055041.9862180226
1055041.9862180226
1054971.228929326
1054971.228929326
1054585.563793234
1054585.563793234
1054585.563793234
1054585.563793234
1054585.563793234
1054585.563793234
1052994.2366486094
1052969.4373362754
1052506.6723311902
1052506.6723311902
1052506.6723311902
1052434.9390642236
1052332.0179482223
1052332.0179482223
1052201.0027176626
1052201.0027176626
1051661.5429168274
1051661.5429168274
1051460.2502352283
1051460.2502352283
1050116.313065624
1050116.313065624
1050116.313065624
1049055.2415054208
1048115.9875130771
1048115.9875130771
1047969.7496093747
1047916.3229005598
1047916.3229005598
1047916.3229005598
1047720.2882823256
1046433.8792299903
1045835.8385302635
1045835.8385302635
1045700.0360549577
1045700.0360549577
1045700.0360549577
1045700.8766924572
1045700.8766924572
1045700.8766924572
1045523.8128689353
1045523.8128689353
1045523.8128689353
1045523.8128689353
1045186.7472206177
1045186.7472206177
1045186.7472206177
1045011.8428747867
1045011.8428747867
1045011.8428747867
1045011.8428747867
1045011.8428747867
1045011.8428747867
1044968.5543733598
1044456.7199094584
1044443.9990902357
1043082.5613101537
1042858.7556897248
1042858.7556897248
1042715.5990275701
1042282.485331452
1042282.485331452
1041445.9923871896
1041445.9923871896
1040860.3515111057
1040860.3515111057
1040860.3515111057
1040860.3515111057
1040860.3515111057
1040860.3515111057
1040527.0757393013
1040527.0757393013
1040527.0757393013
1040527.0757393013
1040527.0757393013
1040527.0757393013
1040527.0757393013
1040527.0757393013
1038943.5569360678
1038943.5569360678
1038943.5569360678
1038943.5569360678
1038943.5569360678
1038610.8631134434
1038192.8615727214
1038116.2706240618
1038116.2706240618
1038049.4292029507
1038049.4292029507
1038049.4292029507
1037270.9702505695
1037270.9702505695
1037105.9203107262
1036862.1221742393
1036862.1221742393
1036862.1221742393
1036485.417689889
1036485.417689889
1036485.417689889
1036339.7325162839
1036339.7325162839
1035282.7982479368
1035222.9759050558
1035222.9759050558
1035122.0548839393
1035122.0548839393
1035122.0548839393
1035122.0548839393
1034891.5369453123
1034651.1383768467
1034561.942629815
1034166.6737292196
1033510.6510377186
1033510.6510377186
1033510.6510377186
1033510.6510377186
1033219.6970249424
1032536.0437427687
1032287.5082342632
1031965.465927677
1031965.465927677
1031751.2192899769
1031629.1240653356
1031629.1240653356
1031555.1619390793
1031555.1619390793
1030600.1078761511
1030600.1078761511
1030428.9471784324
1030428.9471784324
1029634.282530801
1029634.282530801
1029277.368638589
1029277.368638589
1029277.368638589
1029277.368638589
1029277.368638589
1029277.368638589
1029277.368638589
1029277.368638589
1029277.368638589
1029277.368638589
1029277.368638589
1028804.9640328377
1028804.9640328377
1028804.9640328377
1028804.9640328377
1028804.9640328377
1028804.9640328377
1028804.9640328377
1028804.9640328377
1028804.9640328377
1028804.9640328377
1028804.9640328377
1028804.9640328377
1028804.9640328377
1028804.9640328377
1028804.9640328377
1028804.9640328377
1028804.9640328377
1028804.9640328377
1028804.9640328377
1028804.9640328377
1027435.2026584202
1027435.2026584202
1027435.2026584202
1027435.2026584202
1027278.5125338212
1027278.5125338212
1026950.7179158566
1026950.7179158566
1025722.6122319379
1025722.6122319379
1025435.0513286607
1025435.0513286607
1025059.1851748282
1025059.1851748282
1024891.1987999366
1024891.1987999366
1024891.1987999366
1024891.1987999366
1024891.1987999366
1024891.1987999366
1024891.1987999366
1024213.8487339283
1024213.8487339283
1024123.0719451287
1023224.7332006637
1023224.7332006637
1023138.6648338242
1023138.6648338242
1021684.126258879
1021467.8657808705
1021012.6728961725
1020690.4505031675
1020539.8294689844
1020539.8294689844
1020539.8294689844
1020539.8294689844
1020539.8294689844
1019779.2578843343
1019779.2578843343
1019779.2578843343
1019044.2022331
1019044.2022331
1019044.2022331
1018628.9745067669
1018433.4451115348
1018174.5042932802
1018174.5042932802
1018174.5042932802
1018174.5042932802
1017626.8167126222
1017358.042969457
1017358.042969457
1017358.042969457
1017358.042969457
1016650.2440334662
1016514.6956304531
1016514.6956304531
1016514.6956304531
1015392.1909844128
1015392.1909844128
1014980.8131157767
1014980.8131157767
1014399.109037903
1014399.109037903
1014399.109037903
1013428.3368599112
1013428.3368599112
1013428.3368599112
1013428.3368599112
1012994.5317614257
1011915.5003274595
1011915.5003274595
1011915.5003274595
1011915.5003274595
1011915.5003274595
1011915.5003274595
1011915.5003274595
1011895.566868381
1011848.9361072902
1011848.9361072902
1011695.1858394394
1011695.1858394394
1011473.651284748
1011473.651284748
1011017.0798786345
1010436.5060238282
1010436.5060238282
1010436.5060238282
1010436.5060238282
1010194.4566380025
1010194.4566380025
1010066.3932924804
1010066.3932924804
1010066.3932924804
1010066.3932924804
1010066.3932924804
1010033.5738979375
1010033.5738979375
1010033.5738979375
1010033.5738979375
1009921.1754920703
1009468.5934122701
1009196.7501727173
1009087.08878297
1009087.08878297
1008410.5303638175
1007307.2617299915
1007307.2617299915
1007307.2617299915
1007307.2617299915
1007307.2617299915
1007307.2617299915
1006737.6364530998
1006737.6364530998
1006737.6364530998
1006211.8264100533
1006211.8264100533
1006211.8264100533
1006211.8264100533
1006174.4991527805
1005428.1094049709
1005428.1094049709
1005169.1866315063
1005169.1866315063
1005169.1866315063
1005169.1866315063
1005090.1824116416
1005090.1824116416
1004880.0734986576
1004880.0734986576
1004880.0734986576
1004880.0734986576
1004880.0734986576
1004349.7670826244
1003610.5733156521
1003001.4790988914
1003001.4790988914
1002946.3135664744
1002946.3135664744
1002653.4226568169
1002371.8132451663
1002155.3991667263
1002011.602849616
1002002.7268308232
1001828.4309951684
1001737.9651485123
1001737.9651485123
1001737.9651485123
1001737.9651485123
1001737.9651485123
1001572.0500406555
1001572.0500406555
999379.5109383087
999379.5109383087
999379.5109383087
998327.0185889388
998327.0185889388
998327.0185889388
998311.2054149342
998311.2054149342
997964.2413848853
997906.9488666047
997893.5211931496
997893.5211931496
997893.5211931496
997893.5211931496
997893.5211931496
997144.462825547
997144.462825547
997139.55440462
997139.55440462
997139.55440462
996693.89228954
996413.8318867941
996413.8318867941
996413.8318867941
996379.6646596238
996379.6646596238
995868.26243787
995776.1098245189
995650.0950401179
995650.0950401179
995650.0950401179
995574.1455850878
995574.1455850878
995574.1455850878
995574.1455850878
995206.5350957268
994991.6858366024
994991.6858366024
994991.6858366024
994991.6858366024
994982.4099540003
994982.4099540003
994852.5082888484
994852.5082888484
994852.5082888484
994785.5536680648
994514.6172185197
994514.6172185197
994514.6172185197
994514.6172185197
994514.6172185197
994514.6172185197
994514.6172185197
994514.6172185197
994514.6172185197
994514.6172185197
994514.6172185197
994514.6172185197
994514.6172185197
994514.6172185197
994514.6172185197
994514.6172185197
994514.6172185197
994514.6172185197
994514.6172185197
994514.6172185197
994514.6172185197
994514.6172185197
994514.6172185197
994514.6172185197
993240.5450062961
993240.5450062961
993240.5450062961
993023.7588573026
992938.3800482468
992938.3800482468
992938.3800482468
992897.0034479749
991628.6678416689
991628.6678416689
991347.406690683
991347.406690683
991347.406690683
991178.3138827344
991178.3138827344
991178.3138827344
991067.4756423
991067.4756423
991067.4756423
991067.4756423
990181.5791276621
989893.870668371
989893.870668371
989893.870668371
988861.4075446213
988861.4075446213
988305.1861449819
988305.1861449819
988305.1861449819
988305.1861449819
988305.1861449819
988305.1861449819
988305.1861449819
988305.1861449819
988305.1861449819
988305.1861449819
988305.1861449819
988305.1861449819
988305.1861449819
988022.7129090114
988022.7129090114
988022.7129090114
988022.7129090114
988022.7129090114
988022.7129090114
987764.1141109883
987245.7494044318
986823.5740786747
986823.5740786747
986816.1537125281
986816.1537125281
986581.979866375
986423.9823283765
986423.9823283765
986423.9823283765
986423.9823283765
986387.8667486587
986387.8667486587
986387.8667486587
986294.9778339795
985794.508944195
985644.8489381215
984873.7923989331
983772.7388678386
983772.7388678386
983686.3029901762
983374.2386850952
983374.2386850952
983374.2386850952
983374.2386850952
982401.0490839701
980821.4581416647
980262.8470434183
979983.65921684
979983.65921684
979983.65921684
979712.5993416463
979712.5993416463
979712.5993416463
979712.5993416463
979712.5993416463
979458.0624514029
979458.0624514029
979458.0624514029
979458.0624514029
979458.0624514029
979151.0393309051
978995.39052183
978995.39052183
978939.9851752413
978939.9851752413
978922.0535268749
978871.0775916534
978871.0775916534
978871.0775916534
978871.0775916534
978825.8058709018
978825.8058709018
978825.8058709018
978825.8058709018
978825.8058709018
978825.8058709018
978825.8058709018
978825.8058709018
978825.8058709018
978825.8058709018
978825.8058709018
978662.2175429183
978213.1745671635
977644.3648346739
977129.874666091
977129.874666091
977129.874666091
977129.874666091
977129.874666091
977113.6276966587
976966.4390058082
976966.4390058082
976966.4390058082
976966.4390058082
976960.6412410338
976960.6412410338
976960.6412410338
976960.6412410338
976950.4129990925
976950.4129990925
976950.4129990925
976950.4129990925
976950.4129990925
976950.4129990925
976950.4129990925
976950.4129990925
976950.4129990925
976950.4129990925
976950.4129990925
976561.721280327
976450.0000402556
976450.0000402556
976450.0000402556
976450.0000402556
976450.0000402556
976280.0714588049
976280.0714588049
976280.0714588049
976280.0714588049
976280.0714588049
976280.0714588049
976280.0714588049
976280.0714588049
976280.0714588049
976280.0714588049
976280.0714588049
976021.2110138251
976021.2110138251
976021.2110138251
975965.2644495887
975965.2644495887
975965.2644495887
975965.2644495887
975965.2644495887
975965.2644495887
975965.2644495887
975414.412536381
975414.412536381
974819.8913245504
974819.8913245504
974819.8913245504
974722.0208905629
974722.0208905629
974722.0208905629
974569.6651227848
974569.6651227848
973859.9347387961
973859.9347387961
973859.9347387961
973859.9347387961
973689.8050455154
973689.8050455154
973689.8050455154
973689.8050455154
973316.464463672
973316.464463672
972809.1813677849
972809.1813677849
972809.1813677849
972809.1813677849
972809.1813677849
972809.1813677849
972809.1813677849
972809.1813677849
972809.1813677849
971823.2094886736
971823.2094886736
971643.3795802647
971643.3795802647
971451.4736390746
971451.4736390746
971451.4736390746
971451.4736390746
971451.4736390746
971451.4736390746
971414.9094961048
971414.9094961048
971414.9094961048
971414.9094961048
971414.9094961048
971277.1213869876
971277.1213869876
971277.1213869876
970325.6978163896
970325.6978163896
970319.5015468108
970319.5015468108
970319.5015468108
970319.5015468108
970319.5015468108
970319.5015468108
970319.5015468108
970319.5015468108
970319.5015468108
970319.5015468108
970319.5015468108
969578.7204569315
969578.7204569315
969460.4340656715
969460.4340656715
969460.4340656715
969460.4340656715
969460.4340656715
969460.4340656715
967802.5534255768
967802.5534255768
967802.5534255768
967802.5534255768
967802.5534255768
967802.5534255768
967802.5534255768
967802.5534255768
967802.5534255768
967802.5534255768
967802.5534255768
967802.5534255768
967492.6886031457
966925.0370417291
966866.3777985239
966866.3777985239
966851.2368405634
966851.2368405634
966851.2368405634
966851.2368405634
966851.2368405634
966851.2368405634
966851.2368405634
966851.2368405634
966851.2368405634
966314.7975075978
966314.7975075978
965981.112802839
965981.112802839
965981.112802839
965810.7381609271
965810.7381609271
965810.7381609271
965810.7381609271
965810.7381609271
965742.0455442427
965742.0455442427
965336.9423971812
965336.9423971812
965336.9423971812
965336.9423971812
965336.9423971812
965336.9423971812
965336.9423971812
964817.8107180425
964817.8107180425
964817.8107180425
964817.8107180425
964817.8107180425
964817.8107180425
964817.4819075424
964817.4819075424
964817.4819075424
964817.4819075424
964803.7113809094
964803.7113809094
964803.7113809094
964803.7113809094
964803.7113809094
964507.5019023451
964463.1468019155
964463.1468019155
964463.1468019155
964463.1468019155
964463.1468019155
964463.1468019155
964463.1468019155
964463.1468019155
964463.1468019155
964463.1468019155
964463.1468019155
964463.1468019155
964463.1468019155
964463.1468019155
964463.1468019155
964463.1468019155
964463.1468019155
964463.1468019155
964463.1468019155
963908.3331638266
963908.3331638266
963908.3331638266
963810.475416489
963425.414489579
963425.414489579
963262.7366921138
963262.7366921138
963262.7366921138
963259.2951729938
963259.2951729938
963111.9744866653
963111.9744866653
963111.9744866653
963111.9744866653
963111.9744866653
963111.9744866653
963111.9744866653
963111.9744866653
963009.6012926764
963009.6012926764
963009.6012926764
963009.6012926764
963009.6012926764
963009.6012926764
962699.3546651622
962699.3546651622
962699.3546651622
962699.3546651622
962699.3546651622
962699.3546651622
962699.3546651622
962699.3546651622
962699.3546651622
962699.3546651622
962414.3710675694
962414.3710675694
962414.3710675694
962414.3710675694
962414.3710675694
962414.3710675694
962414.3710675694
962414.3710675694
962414.3710675694
962414.3710675694
962414.3710675694
962010.7114540413
962010.7114540413
961591.8415802035
961591.8415802035
961591.8415802035
961591.8415802035
961591.8415802035
961591.8415802035
961294.9842271005
961294.9842271005
961294.9842271005
961294.9842271005
961294.9842271005
961294.9842271005
961294.9842271005
961294.9842271005
961294.9842271005
961294.9842271005
959619.932099446
959619.932099446
959337.4731296496
959337.4731296496
959337.4731296496
958905.4097638921
958905.4097638921
958905.4097638921
958905.4097638921
958039.4290560673
958039.4290560673
958039.4290560673
958039.4290560673
958039.4290560673
958039.4290560673
958039.4290560673
958039.4290560673
958039.4290560673
958039.4290560673
957406.9890477954
957406.9890477954
957406.9890477954
957406.9890477954
957406.9890477954
957406.9890477954
957040.2524185303
957040.2524185303
957040.2524185303
957040.2524185303
957040.2524185303
957040.2524185303
956836.8189493114
956697.2701632986
956697.2701632986
956697.2701632986
956697.2701632986
956697.2701632986
956697.2701632986
956514.4729714612
956514.4729714612
956514.4729714612
956514.4729714612
956514.4729714612
956514.4729714612
956464.0936042517
956464.0936042517
956464.0936042517
955960.8480861913
955960.8480861913
955960.8480861913
955960.8480861913
955960.8480861913
955657.8608999116
955657.8608999116
955657.8608999116
955657.8608999116
955565.2898333173
955565.2898333173
955565.2898333173
955563.5335892078
954657.5421451784
954657.5421451784
954657.5421451784
954657.5421451784
954657.5421451784
954072.2078676479
953846.9464711586
953846.9464711586
953846.9464711586
953448.5302823826
953448.5302823826
953448.5302823826
953448.5302823826
953448.5302823826
953448.5302823826
952718.384415526
952718.384415526
952718.384415526
952564.5734988304
952564.5734988304
952564.5734988304
952564.5734988304
952564.5734988304
952564.5734988304
952564.5734988304
952564.5734988304
952564.5734988304
952564.5734988304
952564.5734988304
952564.5734988304
952372.7000744799
951892.5761650195
951865.2280205857
951865.2280205857
951865.2280205857
951607.5690898933
951607.5690898933
951607.5690898933
951607.5690898933
951340.3229796609
951340.3229796609
951340.3229796609
951340.3229796609
951340.3229796609
951340.3229796609
951340.3229796609
951023.7220497935
951023.7220497935
950711.1254348301
950711.1254348301
950582.3782844516
950582.3782844516
950582.3782844516
950582.3782844516
950485.2939238121
950485.2939238121
950244.7496022382
950244.7496022382
950244.7496022382
950244.7496022382
950219.3399408238
950092.1379388132
950092.1379388132
950092.1379388132
950092.1379388132
949945.0382906464
949742.1089437418
949623.4562106328
949623.4562106328
949449.6286227175
949449.6286227175
949449.6286227175
949449.6286227175
949449.6286227175
949449.6286227175
949449.6286227175
949449.6286227175
949449.6286227175
949449.6286227175
949449.6286227175
949449.6286227175
949449.6286227175
949449.6286227175
949449.6286227175
949449.6286227175
949449.6286227175
949382.2136272929
949382.2136272929
949382.2136272929
948174.0517912335
948174.0517912335
947715.9981087302
947715.9981087302
947715.9981087302
947715.9981087302
945919.5768696701
945919.5768696701
945919.5768696701
945919.5768696701
945725.9486961747
945725.9486961747
945725.9486961747
945725.9486961747
945725.9486961747
945660.0728762734
945660.0728762734
945660.0728762734
945660.0728762734
945648.6338150143
945648.6338150143
945648.6338150143
945648.6338150143
945648.6338150143
945648.6338150143
945542.2580068771
945542.2580068771
945542.2580068771
945542.2580068771
945542.2580068771
945542.2580068771
945542.2580068771
945542.2580068771
945441.835894226
945441.835894226
945055.8914528105
945055.8914528105
945055.8914528105
945055.8914528105
944958.9212654145
944958.9212654145
944958.9212654145
944958.9212654145
944958.9212654145
944958.9212654145
944958.9212654145
944704.9249407458
944704.9249407458
944704.9249407458
944481.9355841203
944481.9355841203
944481.9355841203
944481.9355841203
944046.4247831469
944046.4247831469
944046.4247831469
944046.4247831469
944046.4247831469
944046.4247831469
944046.4247831469
944046.4247831469
944046.4247831469
944046.4247831469
944046.4247831469
944046.4247831469
944046.4247831469
944046.4247831469
944046.4247831469
944046.4247831469
944046.4247831469
944046.4247831469
943776.0575204584
943776.0575204584
943776.0575204584
943776.0575204584
943776.0575204584
943456.5948140671
943456.5948140671
943456.5948140671
943456.5948140671
943456.5948140671
943456.5948140671
943403.6252816544
943233.686220207
943233.686220207
943048.312238739
943048.312238739
942977.5294376932
942977.5294376932
942977.5294376932
942977.5294376932
942874.566502783
942874.566502783
942874.566502783
942874.566502783
942874.566502783
942874.566502783
942874.566502783
942874.566502783
942874.566502783
942874.566502783
942874.566502783
942874.566502783
942874.566502783
942874.566502783
942874.566502783
942874.566502783
942874.566502783
942874.566502783
942874.566502783
942874.566502783
942874.566502783
942874.566502783
942874.566502783
942874.566502783
942874.566502783
942874.566502783
942874.566502783
942874.566502783
941853.5943123266
941853.5943123266
941853.5943123266
941853.5943123266
941853.5943123266
941853.5943123266
941853.5943123266
941132.4361106267
940633.4416783372
940633.4416783372
940633.4416783372
940061.5240907317
939879.2543907977
939879.2543907977
939879.2543907977
939879.2543907977
939879.2543907977
939879.2543907977
939879.2543907977
939879.2543907977
939879.2543907977
939879.2543907977
939879.2543907977
939879.2543907977
939029.0418031613
938978.8437201858
938978.8437201858
938978.8437201858
938978.8437201858
938978.8437201858
938978.8437201858
938978.8437201858
938978.8437201858
938978.8437201858
938978.8437201858
938978.8437201858
938978.8437201858
938978.8437201858
938978.8437201858
938978.8437201858
938978.8437201858
938978.8437201858
938978.8437201858
938978.8437201858
938978.8437201858
938978.8437201858
938978.8437201858
938978.8437201858
938216.0454695278
938216.0454695278
938216.0454695278
938216.0454695278
937779.209082088
937779.209082088
937779.209082088
937779.209082088
937779.209082088
937779.209082088
937779.209082088
937779.209082088
937779.209082088
937779.209082088
937779.209082088
937779.209082088
937779.209082088
935480.464367281
935480.464367281
935480.464367281
935480.464367281
935480.464367281
935480.464367281
935480.464367281
935480.464367281
935480.464367281
935480.464367281
935480.464367281
935480.464367281
934862.0985769167
934862.0985769167
934769.9477900341
934436.7571556119
934180.3897392926
934090.278484837
934090.278484837
934090.278484837
934090.278484837
934090.278484837
934090.278484837
934090.278484837
934090.278484837
934090.278484837
934090.278484837
933987.2983842534
933987.2983842534
933987.2983842534
933987.2983842534
933987.2983842534
933987.2983842534
933449.265639817
933432.8340794502
933432.8340794502
933432.8340794502
933432.8340794502
933432.8340794502
933432.8340794502
933432.8340794502
933432.8340794502
933432.8340794502
933432.8340794502
933432.8340794502
933432.8340794502
933432.8340794502
933432.8340794502
933432.8340794502
933432.8340794502
933432.8340794502
933312.2911006291
933312.2911006291
932908.6538596796
932781.5637098196
932781.5637098196
931545.9157669568
931545.9157669568
931545.9157669568
931545.9157669568
931545.9157669568
931545.9157669568
931545.9157669568
931545.9157669568
931545.9157669568
931545.9157669568
931545.9157669568
931545.9157669568
931545.9157669568
931422.1620837428
931422.1620837428
931422.1620837428
931386.3656219497
931386.3656219497
931386.3656219497
930928.8852993539
930928.8852993539
930928.8852993539
930928.8852993539
930928.8852993539
930670.1124241698
930670.1124241698
930670.1124241698
930670.1124241698
930670.1124241698
930670.1124241698
930601.168878831
930601.168878831
930601.168878831
930601.168878831
930601.168878831
930053.2377503852
930053.2377503852
930053.2377503852
930053.2377503852
929964.9373173588
929964.9373173588
929964.9373173588
929964.9373173588
929964.9373173588
929760.8211686214
929471.8288761459
929350.6883575825
928636.08904616
928636.08904616
928636.08904616
928636.08904616
927000.159614152
927000.159614152
927000.159614152
925610.0772988409
925610.0772988409
925610.0772988409
925501.7492067947
924906.3607231387
924731.5505656353
924731.5505656353
924579.0561404878
924579.0561404878
924579.0561404878
924579.0561404878
924579.0561404878
924579.0561404878
924579.0561404878
924181.0312541986
923408.3918235344
923056.1815330449
923056.1815330449
923056.1815330449
923056.1815330449
923056.1815330449
923056.1815330449
923056.1815330449
923056.1815330449
922043.4024975877
922043.4024975877
921899.6700628707
921899.6700628707
921899.6700628707
921899.6700628707
921899.6700628707
921899.6700628707
921899.6700628707
921899.6700628707
921899.6700628707
921899.6700628707
921899.6700628707
921899.6700628707
921899.6700628707
921899.6700628707
921899.6700628707
921899.6700628707
921899.6700628707
921899.6700628707
921899.6700628707
921899.6700628707
921899.6700628707
921850.8263932596
921850.8263932596
921850.8263932596
921850.8263932596
921582.8860103383
921261.6037411803
921261.6037411803
921261.6037411803
920645.3429407482
920645.3429407482
920645.3429407482
920645.3429407482
920645.3429407482
920645.3429407482
920645.3429407482
920645.3429407482
920645.3429407482
920645.3429407482
920645.3429407482
920645.3429407482
920645.3429407482
920645.3429407482
919917.0373394277
919917.0373394277
919362.0012581765
919362.0012581765
918755.281478151
918755.281478151
918755.281478151
918742.3468803423
918742.3468803423
918742.3468803423
918742.3468803423
918742.3468803423
918742.3468803423
918742.3468803423
918742.3468803423
918083.2319938398
918083.2319938398
918083.2319938398
917792.9459396695
917792.9459396695
917792.9459396695
917792.9459396695
917792.9459396695
917792.9459396695
917792.9459396695
917792.9459396695
917792.9459396695
917792.9459396695
917792.9459396695
917691.9991620788
917691.9991620788
917691.9991620788
917691.9991620788
917691.9991620788
917691.9991620788
917691.9991620788
917691.9991620788
917425.972704426
917425.972704426
917425.972704426
917425.972704426
917425.972704426
917425.972704426
917425.972704426
917018.0686685297
917018.0686685297
916941.962426614
916941.962426614
916398.9474279052
916135.120149418
916135.120149418
916013.3566494836
916013.3566494836
916013.3566494836
916013.3566494836
915985.0448075894
915985.0448075894
915985.0448075894
915985.0448075894
915985.0448075894
915985.0448075894
915985.0448075894
915976.2573451924
915976.2573451924
915976.2573451924
915976.2573451924
915976.2573451924
915976.2573451924
915976.2573451924
915389.7450985668
915389.7450985668
914771.8429445233
914771.8429445233
914771.8429445233
914771.8429445233
914771.8429445233
914771.8429445233
914410.8568452663
914410.8568452663
914181.1315324623
914181.1315324623
914181.1315324623
914181.1315324623
913906.0805188008
913906.0805188008
913775.2416849706
913775.2416849706
913775.2416849706
913621.6123051618
913621.6123051618
913618.9393042768
913618.9393042768
913618.9393042768
913336.4974089548
913336.4974089548
913336.4974089548
913336.4974089548
913336.4974089548
913336.4974089548
913038.2599610484
912989.2378622617
912989.2378622617
912546.9586329836
912546.9586329836
912546.9586329836
912352.431165481
912224.0572058088
912224.0572058088
912224.0572058088
912224.0572058088
912224.0572058088
912224.0572058088
912224.0572058088
912224.0572058088
912087.2656335352
912025.7410520664
912025.7410520664
911094.3073954524
911094.3073954524
911094.3073954524
911094.3073954524
910849.4121901495
910849.4121901495
910849.4121901495
910849.4121901495
910849.4121901495
910849.4121901495
910849.4121901495
910849.4121901495
910849.4121901495
910849.4121901495
910849.4121901495
910849.4121901495
910849.4121901495
910849.4121901495
910849.4121901495
910849.4121901495
910849.4121901495
910849.4121901495
910849.4121901495
910832.0697902351
910832.0697902351
910832.0697902351
910832.0697902351
910832.0697902351
910832.0697902351
910832.0697902351
910832.0697902351
910832.0697902351
910832.0697902351
910832.0697902351
910636.0909387236
910427.3646901019
910427.3646901019
910427.3646901019
910427.3646901019
910427.3646901019
910427.3646901019
910427.3646901019
910427.3646901019
910427.3646901019
910427.3646901019
910019.55392847
910019.55392847
910019.55392847
910019.55392847
910019.55392847
910019.55392847
910019.55392847
910019.55392847
909899.4025390518
909571.8598242104
909571.8598242104
909571.8598242104
909571.8598242104
909571.8598242104
909571.8598242104
909571.8598242104
909571.8598242104
909571.8598242104
909571.8598242104
909473.4285205812
909473.4285205812
909473.4285205812
909473.4285205812
909395.7716581912
909260.3993473368
909260.3993473368
909089.6610636917
909089.6610636917
909089.6610636917
909089.6610636917
908877.4121911009
908877.4121911009
908877.4121911009
908877.4121911009
908877.4121911009
908877.4121911009
908877.4121911009
908877.4121911009
908877.4121911009
908877.4121911009
908877.4121911009
908877.4121911009
908877.4121911009
908667.7664668525
908667.7664668525
908667.7664668525
908667.7664668525
908667.7664668525
908667.7664668525
908667.7664668525
908667.7664668525
908667.7664668525
908667.7664668525
908667.7664668525
908667.7664668525
908667.7664668525
908667.7664668525
908667.7664668525
908667.7664668525
908667.7664668525
908667.7664668525
908667.7664668525
908667.7664668525
908563.7270501298
908563.7270501298
908563.7270501298
908563.7270501298
908528.4318591291
908528.4318591291
908463.3625486139
908463.3625486139
908208.9397874712
908208.9397874712
907995.1993888251
907995.1993888251
907995.1993888251
907995.1993888251
907995.1993888251
906975.214307519
906542.421744341
906542.421744341
906542.421744341
906542.421744341
906187.7751619515
906187.7751619515
905758.6258201944
905758.6258201944
905758.6258201944
905758.6258201944
905758.6258201944
905758.6258201944
905758.6258201944
905403.9022496135
905363.158578301
905363.158578301
905031.5162494173
905031.5162494173
904889.8679227709
904889.8679227709
904889.8679227709
904889.8679227709
904889.8679227709
903899.7925407186
903899.7925407186
903899.7925407186
903899.7925407186
903899.7925407186
903899.7925407186
903899.7925407186
903899.7925407186
903790.9445827776
903790.9445827776
903790.9445827776
903790.9445827776
903790.9445827776
903790.9445827776
903790.9445827776
903790.9445827776
903790.9445827776
903790.9445827776
903790.9445827776
903790.9445827776
903790.9445827776
903790.9445827776
903790.9445827776
903790.9445827776
903790.9445827776
903790.9445827776
903790.9445827776
903790.9445827776
903790.9445827776
903790.9445827776
903527.1789536732
902726.9188558188
902726.9188558188
902663.5264530175
902663.5264530175
902663.5264530175
902663.5264530175
902663.5264530175
902663.5264530175
902663.5264530175
902663.5264530175
902663.5264530175
902594.0583962942
902594.0583962942
902594.0583962942
902594.0583962942
902594.0583962942
902594.0583962942
902594.0583962942
902594.0583962942
902594.0583962942
902594.0583962942
902594.0583962942
902594.0583962942
902594.0583962942
902594.0583962942
901804.168188847
901804.168188847
901049.1036554854
901049.1036554854
901049.1036554854
901049.1036554854
901049.1036554854
900579.9156897885
900381.3258275276
900381.3258275276
900381.3258275276
900381.3258275276
900046.7878796661
900046.7878796661
900046.7878796661
900046.7878796661
899471.4035701395
899471.4035701395
899471.4035701395
899471.4035701395
899471.4035701395
899471.4035701395
899471.4035701395
899471.4035701395
899471.4035701395
898622.9672061175
898622.9672061175
898622.9672061175
898541.158903582
898541.158903582
898541.158903582
898541.158903582
898541.158903582
898541.158903582
898541.158903582
898541.158903582
898541.158903582
898541.158903582
898541.158903582
898541.158903582
898541.158903582
898541.158903582
897740.8340324387
897740.8340324387
897731.9718102058
897731.9718102058
897731.9718102058
897731.9718102058
897731.9718102058
897731.9718102058
897731.9718102058
897731.9718102058
897731.9718102058
897731.9718102058
897615.4152386695
897615.4152386695
897615.4152386695
897615.4152386695
897615.4152386695
897615.4152386695
897615.4152386695
897615.4152386695
897280.0212254534
897280.0212254534
897280.0212254534
897280.0212254534
897280.0212254534
897280.0212254534
897150.3178618546
897150.3178618546
897150.3178618546
896840.2089399981
896840.2089399981
896840.2089399981
896648.1651967473
896648.1651967473
896648.1651967473
896648.1651967473
896648.1651967473
896648.1651967473
896648.1651967473
896648.1651967473
896648.1651967473
896648.1651967473
896648.1651967473
896378.0476135453
896378.0476135453
896378.0476135453
896378.0476135453
896378.0476135453
896378.0476135453
896378.0476135453
896378.0476135453
896055.4067088049
896055.4067088049
896055.4067088049
896055.4067088049
896055.4067088049
896055.4067088049
896055.4067088049
896055.4067088049
896055.4067088049
896055.4067088049
896055.4067088049
896055.4067088049
896055.4067088049
896055.4067088049
896055.4067088049
896055.4067088049
896055.4067088049
896055.4067088049
896055.4067088049
896055.4067088049
896055.4067088049
896055.4067088049
895926.8699517944
895926.8699517944
895926.8699517944
895926.8699517944
895926.8699517944
895926.8699517944
895926.8699517944
895926.8699517944
895926.8699517944
895926.8699517944
895926.8699517944
895926.8699517944
895926.8699517944
895926.8699517944
895905.2635377637
895905.2635377637
895905.2635377637
895905.2635377637
895905.2635377637
895905.2635377637
895905.2635377637
895905.2635377637
895599.2065330276
895599.2065330276
895439.2718341793
895439.2718341793
895439.2718341793
895439.2718341793
895328.6055924215
895328.6055924215
895279.0824210595
895194.7629175163
895194.7629175163
895194.7629175163
895194.7629175163
895194.7629175163
894612.2027762244
894612.2027762244
894612.2027762244
894612.2027762244
894567.8906756286
894567.8906756286
894567.8906756286
894567.8906756286
894567.8906756286
894567.8906756286
894567.8906756286
894567.8906756286
894567.8906756286
894567.8906756286
894567.8906756286
894567.8906756286
894567.8906756286
894298.1002445171
894298.1002445171
894298.1002445171
894298.1002445171
894248.8179101753
894093.5370772434
894093.5370772434
894093.5370772434
894093.5370772434
894093.5370772434
894093.5370772434
894093.5370772434
894093.5370772434
894093.5370772434
894093.5370772434
893435.1506190972
893435.1506190972
893155.6164436552
893155.6164436552
893155.6164436552
893155.6164436552
893155.6164436552
892311.234214965
891854.4956449334
891854.4956449334
891854.4956449334
891854.4956449334
891016.8256043207
891016.8256043207
891016.8256043207
891016.8256043207
890775.3751332762
890775.3751332762
890775.3751332762
890775.3751332762
890775.3751332762
890775.3751332762
890051.456257825
890051.456257825
890051.456257825
890051.456257825
890051.456257825
890051.456257825
889919.1583976271
889919.1583976271
889652.2283535277
889652.2283535277
889652.2283535277
889652.2283535277
889652.2283535277
889652.2283535277
889652.2283535277
889652.2283535277
889652.2283535277
889652.2283535277
889652.2283535277
889652.2283535277
889652.2283535277
889652.2283535277
889652.2283535277
889652.2283535277
889652.2283535277
889652.2283535277
889161.8860782856
889161.8860782856
889161.8860782856
889161.8860782856
889161.8860782856
889161.8860782856
889161.8860782856
889161.8860782856
889161.8860782856
889161.8860782856
889161.8860782856
889161.8860782856
889161.8860782856
889161.8860782856
889161.8860782856
889161.8860782856
889161.8860782856
889161.8860782856
889161.8860782856
889161.8860782856
889161.8860782856
889161.8860782856
889161.8860782856
889161.8860782856
889143.701626107
889143.701626107
889143.701626107
889143.701626107
889143.701626107
889143.701626107
888767.9816323428
888767.9816323428
888635.1625429257
888635.1625429257
888635.1625429257
888635.1625429257
888635.1625429257
888635.1625429257
887714.2191576192
887714.2191576192
887714.2191576192
887714.2191576192
887714.2191576192
887714.2191576192
887714.2191576192
887714.2191576192
887714.2191576192
887699.5580669389
887699.5580669389
887699.5580669389
887699.5580669389
887541.5945895931
887541.5945895931
887541.5945895931
887541.5945895931
887541.5945895931
887541.5945895931
887541.5945895931
887411.2336364964
887411.2336364964
887411.2336364964
887411.2336364964
887411.2336364964
887377.2989010136
887313.4149073595
887313.4149073595
887313.4149073595
887313.4149073595
887313.4149073595
887313.4149073595
887137.7417793798
887137.7417793798
887137.7417793798
887075.3763330699
887011.3293015151
886648.1091684154
886648.1091684154
886648.1091684154
886648.1091684154
886648.1091684154
886648.1091684154
886648.1091684154
886648.1091684154
886648.1091684154
886648.1091684154
886648.1091684154
886648.1091684154
886648.1091684154
886648.1091684154
886648.1091684154
886648.1091684154
886648.1091684154
886648.1091684154
886648.1091684154
886648.1091684154
886182.1609047833
886182.1609047833
886135.9870571796
886135.9870571796
886135.9870571796
886135.9870571796
886135.9870571796
886135.9870571796
886135.9870571796
886135.9870571796
886135.9870571796
886135.9870571796
886135.9870571796
886135.9870571796
886135.9870571796
886135.9870571796
886135.9870571796
885653.327415146
885653.327415146
885653.327415146
885653.327415146
885653.327415146
885653.327415146
885653.327415146
885653.327415146
885231.2307289542
885231.2307289542
885231.2307289542
885231.2307289542
885231.2307289542
885231.2307289542
884785.7209287253
884785.7209287253
884614.015546025
884614.015546025
884533.3994573264
884533.3994573264
884533.3994573264
884533.3994573264
884533.3994573264
884533.3994573264
884533.3994573264
884533.3994573264
884533.3994573264
884533.3994573264
884533.3994573264
884533.3994573264
884533.3994573264
884533.3994573264
884533.3994573264
884533.3994573264
884533.3994573264
884533.3994573264
884533.3994573264
884533.3994573264
884533.3994573264
884533.3994573264
884533.3994573264
884483.2140323672
883904.587516018
883904.587516018
883904.587516018
883904.587516018
883904.587516018
883904.587516018
883904.587516018
883904.587516018
883904.587516018
883904.587516018
883904.587516018
883904.587516018
883904.587516018
883904.587516018
883904.587516018
883904.587516018
883904.587516018
883904.587516018
883719.5016742253
883719.5016742253
883719.5016742253
883719.5016742253
883719.5016742253
883719.5016742253
883719.5016742253
883719.5016742253
883358.9979578378
883303.1994253682
883288.7206431213
883288.7206431213
883288.7206431213
883288.7206431213
883288.7206431213
883288.7206431213
883288.7206431213
883288.7206431213
883288.7206431213
882819.8514171938
882674.7925513815
882674.7925513815
882674.7925513815
882674.7925513815
882674.7925513815
882646.2453311795
882646.2453311795
882646.2453311795
882646.2453311795
882646.2453311795
882646.2453311795
882646.2453311795
882646.2453311795
882646.2453311795
882646.2453311795
882646.2453311795
882646.2453311795
882646.2453311795
882646.2453311795
881906.4461554731
881308.6357318803
881308.6357318803
881117.4237477805
881117.4237477805
881117.4237477805
881117.4237477805
881117.4237477805
881056.065247508
881056.065247508
881056.065247508
881056.065247508
881056.065247508
881056.065247508
881056.065247508
881056.065247508
881056.065247508
880984.0411089563
880984.0411089563
880984.0411089563
880984.0411089563
880984.0411089563
880984.0411089563
880735.4387744628
880735.4387744628
880735.4387744628
880735.4387744628
880735.4387744628
880615.5426565044
880615.5426565044
880178.5849042761
880178.5849042761
880178.5849042761
879827.303519491
879827.303519491
879827.303519491
879827.303519491
879827.303519491
879827.303519491
879827.303519491
879827.303519491
879827.303519491
879827.303519491
879827.303519491
879399.1603462091
879399.1603462091
879399.1603462091
879399.1603462091
879399.1603462091
879181.7329577054
879181.7329577054
879181.7329577054
879181.7329577054
879181.7329577054
878725.9397566875
878725.9397566875
878725.9397566875
878725.9397566875
878725.9397566875
878725.9397566875
878725.9397566875
878698.990531815
878698.990531815
878698.990531815
878698.990531815
878698.990531815
878698.990531815
878698.990531815
878698.990531815
878698.990531815
878599.0803772479
878599.0803772479
878599.0803772479
878599.0803772479
878513.5541266657
878513.5541266657
878513.5541266657
878183.3964170953
878183.3964170953
877787.453133304
877787.453133304
877787.453133304
877726.9955433987
877726.9955433987
877726.9955433987
877726.9955433987
877726.9955433987
877726.9955433987
877726.9955433987
877726.9955433987
877375.2651215274
877375.2651215274
877375.2651215274
877375.2651215274
877303.4069036
877303.4069036
877303.4069036
877303.4069036
877175.0366538756
877175.0366538756
876796.113689709
876796.113689709
876796.113689709
876796.113689709
876796.113689709
876796.113689709
876462.4935347454
876462.4935347454
876462.4935347454
876462.4935347454
876462.4935347454
876462.4935347454
876462.4935347454
876462.735003475
876462.735003475
876462.735003475
876462.735003475
876462.735003475
876462.735003475
876462.735003475
876462.735003475
876462.735003475
876462.735003475
876462.735003475
876462.735003475
876462.735003475
876462.735003475
876462.735003475
876462.735003475
876462.735003475
876462.735003475
876462.735003475
876462.735003475
876462.735003475
876442.5820447409
876442.5820447409
876283.6694930551
876194.7618764194
876194.7618764194
875561.5755077356
875561.5755077356
875561.5755077356
875561.5755077356
875561.5755077356
875013.1605184791
875013.1605184791
875013.1605184791
875013.1605184791
875013.1605184791
875013.1605184791
874900.7487858641
874900.7487858641
874900.7487858641
874900.7487858641
874900.7487858641
874900.7487858641
874577.1705025412
874577.1705025412
874375.2041702115
874375.2041702115
874375.2041702115
874375.2041702115
874375.2041702115
874375.2041702115
874375.2041702115
874375.2041702115
874375.2041702115
874375.2041702115
874375.2041702115
874375.2041702115
874375.2041702115
874375.2041702115
874375.2041702115
874375.2041702115
874375.2041702115
874375.2041702115
874375.2041702115
874375.2041702115
874375.2041702115
874375.2041702115
874375.2041702115
874084.2014093518
874084.2014093518
874084.2014093518
874084.2014093518
874084.2014093518
874066.5187202479
874066.5187202479
874066.5187202479
874066.5187202479
874066.5187202479
874066.5187202479
874066.5187202479
874066.5187202479
874066.5187202479
874066.5187202479
874066.5187202479
874066.5187202479
874066.5187202479
874066.5187202479
874066.5187202479
873775.4861045001
873775.4861045001
873775.4861045001
873775.4861045001
873775.4861045001
873775.4861045001
873764.460648173
873678.0774540827
873678.0774540827
873678.0774540827
873678.0774540827
873345.0139480443
873345.0139480443
873345.0139480443
873345.0139480443
873345.0139480443
873345.0139480443
873345.0139480443
873345.0139480443
873345.0139480443
873345.0139480443
873345.0139480443
873345.0139480443
873345.0139480443
873345.0139480443
873345.0139480443
873345.0139480443
873345.0139480443
873345.0139480443
873345.0139480443
873345.0139480443
873345.0139480443
873345.0139480443
873345.0139480443
873345.0139480443
873345.0139480443
873345.0139480443
873345.0139480443
873263.7574039707
873263.7574039707
873263.7574039707
873263.7574039707
873263.7574039707
873263.7574039707
873263.7574039707
873206.5709099195
873206.5709099195
873206.5709099195
873206.5709099195
873206.5709099195
873206.5709099195
873206.5709099195
873206.5709099195
873206.5709099195
873206.5709099195
873206.5709099195
873206.5709099195
873206.5709099195
873206.5709099195
873206.5709099195
873206.5709099195
873206.5709099195
873206.5709099195
873206.5709099195
873206.5709099195
873206.5709099195
873101.5399175375
873101.5399175375
873101.5399175375
873101.5399175375
873101.5399175375
873101.5399175375
873101.5399175375
873101.5399175375
873101.5399175375
872586.4416303455
872311.0863801405
872311.0863801405
872311.0863801405
872311.0863801405
872311.0863801405
872311.0863801405
872311.0863801405
872311.0863801405
872311.0863801405
872094.2433706545
872094.2433706545
871994.8787381161
871994.8787381161
871530.906697992
871530.906697992
871530.906697992
871530.906697992
871489.4815411262
871447.3249560226
871175.9048074142
870842.2133209334
870842.2133209334
870842.2133209334
870842.2133209334
870842.2133209334
870842.2133209334
870842.2133209334
870842.2133209334
870842.2133209334
870842.2133209334
870842.2133209334
870842.2133209334
870842.2133209334
870842.2133209334
870842.2133209334
870652.8991877201
870652.8991877201
870652.8991877201
870652.8991877201
870652.8991877201
870652.8991877201
870597.9078731783
870491.7200117859
870491.7200117859
870491.7200117859
870491.7200117859
870491.7200117859
870449.3117629732
870449.3117629732
870349.7126944511
870349.7126944511
870349.7126944511
870349.7126944511
870349.7126944511
870349.7126944511
870349.7126944511
870349.7126944511
870349.7126944511
870349.7126944511
870349.7126944511
870245.1286481775
870245.1286481775
870245.1286481775
870245.1286481775
870245.1286481775
870245.1286481775
870245.1286481775
870245.1286481775
870245.1286481775
870245.1286481775
870245.1286481775
870245.1286481775
870245.1286481775
870245.1286481775
870245.1286481775
870245.1286481775
870240.9852029841
870240.9852029841
870240.9852029841
870240.9852029841
870240.9852029841
870240.9852029841
870240.9852029841
870240.9852029841
870240.9852029841
868813.688090662
868813.688090662
868813.688090662
868813.688090662
868813.688090662
868813.688090662
868813.688090662
868813.688090662
868813.688090662
868813.688090662
868813.688090662
868345.6988692252
868345.6988692252
868345.6988692252
868329.8264260509
868005.8617893038
868005.8617893038
868005.8617893038
868005.8617893038
868005.8617893038
867509.6746817636
867509.6746817636
867509.6746817636
866829.7695810758
866829.7695810758
866829.7695810758
866829.7695810758
866829.7695810758
866829.7695810758
866829.7695810758
866829.7695810758
866829.7695810758
866829.7695810758
866691.6169405996
866691.6169405996
866691.6169405996
866691.6169405996
866452.2973545027
866452.2973545027
866452.2973545027
866452.2973545027
866452.2973545027
866452.2973545027
866452.2973545027
866452.2973545027
866452.2973545027
866452.2973545027
866452.2973545027
866452.2973545027
866399.5648064974
866399.5648064974
866399.5648064974
866399.5648064974
866399.5648064974
866399.5648064974
866399.5648064974
866399.5648064974
866399.5648064974
866399.5648064974
866399.5648064974
866399.5648064974
866399.5648064974
866399.5648064974
866399.5648064974
866399.5648064974
866399.5648064974
866399.5648064974
866399.5648064974
866399.5648064974
866399.5648064974
866399.5648064974
866399.5648064974
866399.5648064974
866399.5648064974
866399.5648064974
866399.5648064974
866399.5648064974
866399.5648064974
866245.9910206847
866245.9910206847
866245.9910206847
866245.9910206847
866245.9910206847
866245.9910206847
866245.9910206847
866154.1777226687
866154.1777226687
866154.1777226687
866154.1777226687
866154.1777226687
866154.1777226687
866154.1777226687
866154.1777226687
866154.1777226687
866154.1777226687
866154.1777226687
866154.1777226687
866154.1777226687
866154.1777226687
866154.1777226687
865693.6755700968
865693.6755700968
865693.6755700968
865693.6755700968
865693.6755700968
865693.6755700968
865693.6755700968
865693.6755700968
865693.6755700968
865693.6755700968
865693.6755700968
865693.6755700968
865693.6755700968
865693.6755700968
865693.6755700968
865693.6755700968
865693.6755700968
865427.5077523831
865427.5077523831
865427.5077523831
865427.5077523831
865427.5077523831
865309.1083244475
865309.1083244475
865309.1083244475
865309.1083244475
865309.1083244475
865309.1083244475
865309.1083244475
865309.1083244475
865309.1083244475
865309.1083244475
865309.1083244475
865309.1083244475
865309.1083244475
865309.1083244475
865309.1083244475
865309.1083244475
865309.1083244475
865309.1083244475
865309.1083244475
865309.1083244475
865268.0745497487
865268.0745497487
865268.0745497487
864826.3232337794
864826.3232337794
864826.3232337794
864656.0423061753
864656.0423061753
864656.0423061753
864656.0423061753
864656.0423061753
864656.0423061753
864656.0423061753
864656.0423061753
864656.0423061753
864656.0423061753
864656.0423061753
864656.0423061753
864656.0423061753
864656.0423061753
864656.0423061753
864653.4667202975
864653.4667202975
864488.410545275
864488.410545275
864488.410545275
864381.1737358223
864381.1737358223
864381.1737358223
864151.6264508155
864151.6264508155
864151.6264508155
863907.3600331626
863907.3600331626
863907.3600331626
863907.3600331626
863907.3600331626
863907.3600331626
863907.3600331626
863704.6072121714
863704.6072121714
863704.6072121714
863607.6709032655
863607.6709032655
862890.4488079721
862890.4488079721
862890.4488079721
862890.4488079721
862890.4488079721
862890.4488079721
862890.4488079721
862890.4488079721
862890.4488079721
862890.4488079721
862890.4488079721
862890.4488079721
862890.4488079721
862890.4488079721
862890.4488079721
862890.4488079721
862890.4488079721
862890.4488079721
862763.6038650216
862763.6038650216
862763.6038650216
862763.6038650216
862763.6038650216
862763.6038650216
861288.6107765853
861200.4980672434
861200.4980672434
861200.4980672434
861200.4980672434
861041.5635739627
861003.4017906773
861003.4017906773
861003.4017906773
861003.4017906773
861003.4017906773
861003.4017906773
861003.4017906773
861003.4017906773
860246.9895361667
860246.9895361667
860246.9895361667
860246.9895361667
860246.9895361667
860246.9895361667
859959.6743526558
859959.6743526558
859959.6743526558
859959.6743526558
859959.6743526558
859271.1810834645
859271.1810834645
859271.1810834645
859271.1810834645
859271.1810834645
859271.1810834645
859271.1810834645
859271.1810834645
859271.1810834645
859271.1810834645
859271.1810834645
859271.1810834645
859271.1810834645
859271.1810834645
859271.1810834645
858895.0603683038
858895.0603683038
858895.0603683038
858895.0603683038
858895.0603683038
858383.3651766914
858383.3651766914
858383.3651766914
858383.3651766914
858383.3651766914
858383.3651766914
858383.3651766914
858383.3651766914
858383.3651766914
858383.3651766914
858383.3651766914
858383.3651766914
858383.3651766914
858383.3651766914
858383.3651766914
858383.3651766914
858383.3651766914
858383.3651766914
858383.3651766914
858383.3651766914
858383.3651766914
858383.3651766914
858383.3651766914
858383.3651766914
858383.3651766914
858383.3651766914
858383.3651766914
858383.3651766914
858129.9923510916
857911.6093758533
857911.6093758533
857911.6093758533
857911.6093758533
857911.6093758533
857911.6093758533
857911.6093758533
857911.6093758533
857911.6093758533
857855.0670098772
857855.0670098772
857855.0670098772
857855.0670098772
857855.0670098772
857855.0670098772
857855.0670098772
857831.136920878
857703.3933580049
857527.4139190568
857527.4139190568
857527.4139190568
857527.4139190568
857527.4139190568
857527.4139190568
857527.4139190568
857527.4139190568
857527.4139190568
857527.4139190568
857527.4139190568
857527.4139190568
857527.4139190568
857527.4139190568
857524.7294664981
857524.7294664981
857524.7294664981
857524.7294664981
857524.7294664981
857243.3306411894
857227.0075422172
857013.7253117982
857013.7253117982
857013.7253117982
857013.7253117982
857013.7253117982
857013.7253117982
856855.7716009633
856855.7716009633
856855.7716009633
856855.7716009633
856855.7716009633
856855.7716009633
856855.7716009633
856855.7716009633
856855.7716009633
856426.1396633489
856426.1396633489
856426.1396633489
856426.1396633489
856426.1396633489
856426.1396633489
856426.1396633489
856426.1396633489
856177.7957445248
856177.7957445248
856177.7957445248
856177.7957445248
855566.9120854668
855566.9120854668
855566.9120854668
855566.9120854668
855566.9120854668
855566.9120854668
855566.9120854668
855265.1095573246
855265.1095573246
855265.1095573246
855265.1095573246
855265.1095573246
855265.1095573246
855265.1095573246
855265.1095573246
855265.1095573246
855265.1095573246
855265.1095573246
855265.1095573246
855265.1095573246
855265.1095573246
855265.1095573246
855265.1095573246
855028.0655775284
855028.0655775284
855028.0655775284
855028.0655775284
855028.0655775284
855028.0655775284
855028.0655775284
854262.5419708155
854253.8895578461
854221.8120670649
854221.8120670649
854221.8120670649
854221.8120670649
854221.8120670649
854221.8120670649
854221.8120670649
854221.8120670649
853792.7001839236
853792.7001839236
853581.7772764085
853581.7772764085
853509.4155369067
853509.4155369067
853509.4155369067
853509.4155369067
853267.1279835409
853267.1279835409
853267.1279835409
853267.1279835409
853267.1279835409
853267.1279835409
853095.715560901
853095.715560901
852902.7189220344
852902.7189220344
852902.7189220344
852902.7189220344
852902.7189220344
852902.7189220344
852902.7189220344
852725.3432181047
852725.3432181047
852725.3432181047
852725.3432181047
852725.3432181047
852725.3432181047
852725.3432181047
852617.3150567638
852617.3150567638
852617.3150567638
852617.3150567638
852617.3150567638
852617.3150567638
852617.3150567638
852617.3150567638
852617.3150567638
852617.3150567638
852617.3150567638
852617.3150567638
852617.3150567638
852617.3150567638
852617.3150567638
852617.3150567638
851986.1279938213
851986.1279938213
851986.1279938213
851986.1279938213
851986.1279938213
851986.1279938213
851986.1279938213
851986.1279938213
851986.1279938213
851986.1279938213
851986.1279938213
851986.1279938213
851986.1279938213
851986.1279938213
851986.1279938213
851986.1279938213
851986.1279938213
851986.1279938213
851986.1279938213
851986.1279938213
851986.1279938213
851986.1279938213
851986.1279938213
851986.1279938213
851986.1279938213
851986.1279938213
851986.1279938213
851986.1279938213
851986.1279938213
851986.1279938213
851986.1279938213
851986.1279938213
851986.1279938213
851986.1279938213
851986.1279938213
851986.1279938213
851986.1279938213
851986.1279938213
851986.1279938213
851986.1279938213
851986.1279938213
851986.1279938213
851986.1279938213
851986.1279938213
851986.1279938213
851986.1279938213
851986.1279938213
851986.1279938213
851986.1279938213
851986.1279938213
851986.1279938213
