4578701.705066986
4441654.736912558
4324469.155741072
4220068.248846805
4135115.1605940443
4038084.2726252005
3968106.1371762846
3888444.017908153
3816774.194667612
3741238.6983077126
3680765.5458392985
3621992.654837667
3537204.3228754047
3495186.9658936085
3452456.027014843
3381665.009849924
3319628.9100282863
3271792.868618496
3227013.8287022533
3194365.639767528
3153576.836153332
3095531.897042485
3065024.808056441
3037701.1048635454
3014721.3544778014
2982718.0444634967
2945662.8022332364
2909916.111635452
2874239.2725177985
2844741.4186707065
2821773.4148910204
2792776.6903118542
2757496.9065358946
2741726.712837879
2711188.0310150427
2690139.5689130323
2662615.764679482
2635377.365361165
2614518.0874744095
2596602.140511689
2569301.8389445143
2550412.653380241
2529581.2741064187
2513260.2346283616
2498930.140035279
2489889.244444684
2473199.9803439234
2457134.8666939717
2443194.453530764
2427921.572579012
2413694.9265649794
2395143.427571282
2386938.3922425513
2366969.4776347857
2352909.5593583044
2339572.153100144
2319345.4761898406
2307124.874740557
2291852.780052765
2288272.1627160287
2278759.248717035
2268159.4662981424
2258000.6202570945
2237922.7581048384
2229244.2627624357
2217294.269977242
2202386.5860758102
2187747.5005481443
2172550.5594601026
2159384.45436328
2146445.5069604805
2134331.9313001903
2117400.7018988123
2114339.076095123
2104298.9950835267
2091589.9677125136
2081413.2892611735
2069283.3647166665
2062326.4165686336
2049279.2973789196
2039145.6784025873
2030035.2098666336
2020463.8242384088
2013163.093037378
2007548.5002285726
2003984.719572731
1993020.2463870512
1981246.6395402367
1977755.385037589
1970916.8314540302
1962879.7947356047
1956759.676476614
1951414.1740302197
1944985.5964685057
1940282.332951961
1931817.989087965
1925813.9681163086
1922693.1775942524
1915106.304120299
1911960.6281714248
1907419.7766519515
1902020.9472478153
1896109.4834902277
1892126.551295293
1884859.8800906297
1876643.259843627
1870534.2526341707
1866270.9451506338
1856129.6808069162
1855093.3335885815
1851362.619213516
1846876.4090412543
1842466.2876376426
1836508.1166569192
1832285.074587013
1827963.4957221588
1821320.5091931121
1816413.5179962888
1812990.0762665705
1809630.9141653029
1807106.5975524941
1803763.4414231349
1800143.5482981289
1794804.0901610227
1790457.4745532125
1784634.0219881735
1782504.8969843285
1778646.6061349623
1772836.892333076
1769352.1144456775
1756079.5433323178
1749973.565018162
1747198.6805745908
1745436.8863185756
1738169.4960246508
1733703.5864491528
1730622.5251589033
1724387.5964991606
1719410.3258675742
1716995.9437804243
1707990.7699625178
1703608.9883980765
1700400.154635771
1696094.1523962524
1694525.4705499327
1690670.1643231674
1686037.7174525321
1683002.1634161444
1681497.672303225
1675746.7743372754
1672895.1121178023
1664365.246803431
1662940.1831303225
1657234.4721187912
1656989.716007658
1655363.5792202146
1650101.8649565885
1647456.198720783
1644303.0859311414
1641575.9508798528
1639462.8097965457
1637697.7613056453
1635061.1355848662
1632608.0594807847
1628401.3479016216
1626706.1110595101
1626706.1110595101
1619405.8776883057
1616960.2059945539
1616307.925996039
1614682.8775498797
1611106.6263303529
1609735.7253520223
1608417.3764139845
1602500.9144183027
1599322.8771983136
1597040.2751115682
1594052.304369471
1590290.4733373402
1588421.9104947746
1585850.1517078937
1584031.868307544
1583233.19822843
1581732.3672994035
1579629.9251305915
1575771.635360681
1575218.77917826
1574231.4778273758
1570090.2688204178
1568687.0119582291
1566552.005788006
1564157.4512830898
1563266.9385717814
1561766.577539487
1558240.7364794384
1557652.9676472978
1554807.486901991
1552754.9085846108
1551438.19458982
1550105.8052829043
1549977.2573056838
1548970.0583793737
1546693.356268431
1546693.356268431
1542617.565355457
1536119.003213522
1533714.4640342165
1529248.5714254864
1527983.7247607675
1526770.901493433
1525833.6983040427
1525615.572087041
1524466.5666959956
1523180.418931728
1522751.2980080256
1520267.2946489523
1519438.0527348425
1518646.349231815
1517338.7655541855
1516421.233868828
1515402.8413450809
1512806.1201354223
1511513.4357623244
1510270.325314599
1508364.790194509
1506681.9278144608
1504250.9296578853
1504250.9296578853
1504250.9296578853
1504250.9296578853
1504250.9296578853
1503372.135952593
1500617.5359309046
1498427.893277123
1495811.3350062764
1492075.7378389915
1491688.1903678253
1491629.2405788768
1487912.7418360747
1486310.451721903
1483997.1470728233
1483802.7581938384
1481708.5061133122
1478468.8216993094
1476706.556841216
1474413.4199669482
1469943.9172983328
1469625.548475256
1467172.4346054732
1465995.1755634001
1465574.6511933014
1463851.6368692974
1462631.191790632
1461349.6409746716
1460532.2037547096
1460120.6956680308
1458157.7150951978
1453937.4953237618
1451487.825138173
1450065.4759082017
1448647.4586694322
1445789.6591715775
1444218.0312865395
1443452.38247662
1442489.071493398
1438466.0527311459
1434720.1477411287
1432497.5282793818
1432060.2431089059
1431021.7315328298
1430416.6717785452
1429529.835694399
1428851.4966304353
1428129.5069137558
1427723.1048668849
1427304.4246290752
1426226.866854838
1424215.4469423401
1422240.1289973452
1420585.0060776817
1419386.480310718
1418113.1190993688
1417495.581036182
1416467.0818914354
1411562.485633359
1411400.2291062088
1409655.9039040566
1406100.8903135876
1405526.6807860772
1404934.7463751386
1403593.4819845352
1402780.6387094439
1402463.731607654
1399065.755445465
1398011.9764530808
1396296.450643193
1395950.537153943
1392978.4150004024
1392978.4150004024
1391827.7081796415
1391551.1987526203
1389948.7453462738
1387113.647114602
1386689.7485247487
1386088.2125478764
1385893.4628007747
1385054.0006493735
1384985.5401490268
1383439.3035658388
1383439.3035658388
1383121.776924151
1382549.8511651352
1380605.6493859407
1379878.4162285707
1379066.0413364521
1378013.445259887
1376762.2513079522
1375765.442169189
1373072.146884152
1372466.6609184279
1371122.5852407392
1370925.38635418
1370318.9079043427
1370067.9939004988
1369047.7121996665
1368037.5167039467
1367676.0281740446
1367228.3968863024
1365977.4781359837
1365977.4781359837
1364082.4769559163
1363702.5779689313
1363198.8169274637
1362453.8148669514
1361493.0643985663
1361122.9593362398
1360743.247618657
1359909.97386216
1359707.9788689883
1358815.4813613081
1358226.9643109778
1357550.8646596305
1355121.8168096447
1354841.9813774377
1353351.5645639
1353328.4823068907
1352132.9255156138
1352099.951039442
1352099.951039442
1352095.2657641165
1351076.671803603
1350189.6092711808
1349375.9504224618
1349375.9504224618
1349108.5604157413
1347949.9900084508
1347949.9900084508
1347355.8742718808
1347319.1077387696
1346928.025255547
1346357.8661281904
1345213.689441391
1344907.7958225994
1342686.4685942628
1341863.044696027
1341494.8278605365
1341223.3046810168
1340572.5134896976
1339590.1644529775
1339116.810571415
1338706.1581307573
1338640.1666433949
1337389.8801238001
1337005.097090022
1335929.8897335106
1335054.6443260387
1334805.1598323518
1334291.0148969172
1333767.6194273264
1333418.6999518045
1331433.7130783251
1330972.534748762
1329798.440944769
1329605.1426371196
1328155.1144521232
1326177.0825828388
1326019.8437912057
1324060.1570904402
1323358.2105904955
1322582.9968254105
1320955.7060209524
1319756.9456672235
1319414.398725212
1318168.787514585
1318066.7191637089
1317685.2720953734
1316194.9292702125
1315919.7665481016
1315919.7665481016
1315895.610501355
1315180.1397275575
1313281.6164815284
1310932.5273097227
1310091.5608769478
1309417.4711585431
1309417.4711585431
1309201.826537392
1305713.814068384
1305649.712082909
1305525.316884234
1304875.4015595876
1303418.174625693
1303418.174625693
1302439.5858599953
1301664.8427644582
1300708.9186923243
1299194.5156558193
1298672.1661952813
1298069.3094030013
1298069.3094030013
1296708.948551303
1295892.1691921235
1294057.1131142396
1294057.1131142396
1293743.730884184
1293666.769435858
1293369.8144336701
1291768.1067309733
1291655.1143795885
1291655.1143795885
1291655.1143795885
1291208.0021188438
1290885.584856871
1290329.7239431208
1289785.2313352802
1288951.8601637576
1287862.8580520547
1287068.503202722
1286530.273551313
1285431.7486867225
1284797.114032399
1284368.9460940422
1282454.0406305394
1280724.0291582504
1279988.4483737943
1278287.1240824182
1275781.9143523297
1274810.9398914753
1274198.8205556446
1273394.9959171768
1271926.9206521339
1270839.5650320256
1270690.2417962234
1270690.2417962234
1270690.2417962234
1270265.3780646985
1270251.382909738
1269334.9078454182
1268701.0466210344
1267751.412941528
1267098.5760380607
1266066.0826829546
1265602.8986988363
1263963.4694287786
1263963.4694287786
1261958.687772204
1261958.687772204
1261718.2641533185
1260923.704044275
1260030.7778338091
1259995.9147313028
1259565.127398238
1258449.4873360894
1258217.3230086265
1257906.4364814477
1257616.7964562168
1257153.8957565394
1256510.2763946496
1256510.2763946496
1256510.2763946496
1256510.2763946496
1256510.2763946496
1256171.2803273937
1255827.0408931023
1255242.8612275736
1255242.8612275736
1254729.1668392792
1252131.6827990836
1251944.8123666237
1250725.6353056808
1250725.6353056808
1250154.6368995435
1249705.8687196206
1248966.885565281
1247742.1813233616
1246895.1674368528
1246816.2643236802
1246111.0975513926
1246111.0975513926
1246111.0975513926
1245631.3126137273
1245431.2851808914
1245431.2851808914
1244908.7502519493
1244673.7361362325
1244673.7361362325
1244659.7264621637
1244593.3217084296
1244470.5601047692
1242737.1973645482
1242153.9675643272
1241655.060405763
1239349.2031247444
1239349.2031247444
1239025.7106723075
1237739.9800633253
1237739.9800633253
1236985.6108121476
1236787.7446368937
1236648.967985726
1236648.967985726
1236506.7026583543
1235655.1580335675
1235265.3382858234
1234480.2466810849
1233801.5693918676
1233801.5693918676
1233746.276970075
1231768.7085507014
1230196.4357904783
1230196.4357904783
1229965.9955862942
1229695.9193267454
1229424.1852437416
1229424.1852437416
1229275.3797599396
1229271.1292127864
1228847.8507832475
1228721.8713186556
1228721.8713186556
1228696.979625556
1228696.979625556
1228696.979625556
1228284.0611599153
1228284.0611599153
1227168.9806913612
1224907.8216554252
1224907.8216554252
1224907.8216554252
1224760.6416387958
1224760.6416387958
1224760.6416387958
1224693.013204597
1224693.013204597
1224693.013204597
1224693.013204597
1224322.0772045352
1224322.0772045352
1223747.967287552
1222399.8726177742
1221907.6705162409
1221907.6705162409
1221889.6854185346
1220544.137604094
1219949.598507688
1217733.4555971387
1216529.0682766582
1216529.0682766582
1215855.7886964427
1214913.7156529718
1214913.7156529718
1214913.7156529718
1213626.6853114902
1213124.0629515925
1213016.5383313796
1212062.128080253
1212062.128080253
1211424.9515807175
1211339.2581917653
1210602.7033826518
1210602.7033826518
1210552.4392146722
1210552.4392146722
1210552.4392146722
1209939.1127512625
1209533.5129585578
1209324.8187430315
1209324.8187430315
1209324.8187430315
1209324.8187430315
1209269.417359896
1208048.719090146
1206071.8224550383
1206005.5879797922
1206005.5879797922
1206005.5879797922
1205480.6995186862
1205397.876334926
1205102.7680772715
1205102.7680772715
1203895.7288921387
1203150.4763377472
1202613.8200043996
1202613.8200043996
1202139.981323021
1201228.2435307847
1200848.771403358
1200848.771403358
1200219.1672916897
1200151.1436221446
1200151.1436221446
1200021.5280912733
1199231.018169023
1199156.4604881632
1198711.9769644714
1198711.9769644714
1198711.9769644714
1198389.528365938
1198389.528365938
1197982.3998888275
1197982.3998888275
1197350.46404922
1196947.9231535383
1196947.9231535383
1196215.7744804267
1196083.539894248
1194461.6429237546
1194461.6429237546
1194461.6429237546
1193038.523279214
1191556.8602576593
1191539.2104289904
1191456.9891516708
1191363.7543808992
1191363.7543808992
1191206.9593290512
1191017.1897482965
1190493.0445635482
1190493.0445635482
1188660.9806029876
1188544.3205387024
1188289.8955771276
1187803.876605982
1186997.352924168
1184163.9672056222
1183867.5948045205
1183633.9862342132
1183633.9862342132
1183633.9862342132
1182415.2918535038
1182415.2918535038
1182415.2918535038
1182415.2918535038
1182415.2918535038
1182048.2147353236
1180843.1643141683
1180415.9096001245
1180415.9096001245
1180415.9096001245
1180415.9096001245
1180415.9096001245
1179920.3013417274
1179920.3013417274
1179920.3013417274
1179920.3013417274
1178663.1172621278
1178420.16306433
1178420.16306433
1178420.16306433
1178420.16306433
1178042.7309074912
1175856.2793378253
1175856.2793378253
1174328.13238454
1174328.13238454
1174328.13238454
1174328.13238454
1173141.6072375083
1173141.6072375083
1172445.9957872783
1171393.2311703018
1170108.2487782086
1170108.2487782086
1169887.4288653694
1169887.4288653694
1169558.9445633774
1169465.8823377031
1169465.8823377031
1169148.8742953602
1167919.169971997
1167902.6590580884
1167290.3197785313
1166985.7109301928
1166516.7967228591
1165936.1588547416
1165662.5656919554
1164247.7326792378
1163887.9951836145
1163656.9439787813
1162837.1133686854
1161983.5712141767
1161983.5712141767
1161712.6574444035
1161712.6574444035
1160688.4447669191
1160688.4447669191
1160069.7323996406
1159143.810288434
1158612.2398160454
1158612.2398160454
1158575.4240642036
1157995.050807553
1157736.0624922207
1157524.0994563755
1157080.808240764
1155597.9735316
1155380.3584247325
1154845.8200243304
1154710.0867546936
1154710.0867546936
1154710.0867546936
1154710.0867546936
1154439.5612842052
1154439.5612842052
1154040.179897883
1153614.317774717
1153357.2507973576
1153076.0093436548
1152725.0468652616
1152725.0468652616
1152725.0468652616
1152725.0468652616
1152592.8297348726
1152579.3137623174
1152579.3137623174
1152579.3137623174
1152012.7207715604
1152012.7207715604
1152012.7207715604
1151083.5713206732
1151083.5713206732
1149776.9149028105
1148213.90535868
1147210.536590336
1146575.1511735828
1146312.3345618388
1145631.2991378228
1145472.105556122
1145472.105556122
1144738.4805861847
1143153.9688113024
1143153.9688113024
1142249.9110933822
1141886.4233144296
1141657.567876502
1141166.4168418394
1140739.5840982674
1140739.5840982674
1140318.1550005004
1140230.7965221708
1140230.7965221708
1140230.7965221708
1139724.4890724532
1138994.656150898
1138994.656150898
1138994.656150898
1138804.710552754
1138804.710552754
1138130.4408162874
1138130.4408162874
1138130.4408162874
1138110.0226084804
1137604.981373143
1137275.129548564
1137275.129548564
1137004.3896929903
1136739.400593772
1136739.400593772
1136686.411089905
1135454.9325871142
1135351.2429686526
1135013.9366570674
1134685.6151061112
1134685.6151061112
1134284.9169406504
1134274.413820935
1133706.5800316106
1132427.6284960678
1132427.6284960678
1132427.6284960678
1132365.2827504394
1132365.2827504394
1131911.8132802122
1131911.8132802122
1131509.6289091292
1131509.6289091292
1131509.6289091292
1131509.6289091292
1131424.2861718824
1131184.8168941317
1131184.8168941317
1131184.8168941317
1131184.8168941317
1130981.8827465961
1130981.8827465961
1130782.0400768663
1129665.7425824692
1129665.7425824692
1129483.8301068633
1129483.8301068633
1129113.4721090877
1129113.4721090877
1129113.4721090877
1128131.587206848
1127790.0562272945
1127790.0562272945
1127027.700221757
1126857.5894094259
1126857.5894094259
1126597.3415955417
1126585.3937174533
1126375.361920196
1126335.4518902386
1126335.4518902386
1126335.4518902386
1126335.4518902386
1126110.1212467114
1125774.3055525552
1125774.3055525552
1125774.3055525552
1125774.3055525552
1124842.9993080124
1124842.9993080124
1124842.9993080124
1124772.7838351566
1123594.92543595
1123124.9947046242
1122849.7299048044
1122849.7299048044
1122786.819898896
1121773.3370155725
1120804.5631314116
1120804.5631314116
1120522.0716400528
1120522.0716400528
1120522.0716400528
1120444.717337574
1120444.717337574
1119861.457793883
1119861.457793883
1119833.7305250482
1119732.0695283366
1119732.0695283366
1119322.893477395
1119234.2457157003
1119104.860361169
1118489.3574957796
1118489.3574957796
1118489.3574957796
1118489.3574957796
1118382.7523355777
1118154.4120274568
1118154.4120274568
1117898.425563555
1117898.425563555
1116930.3848377962
1116495.9298736826
1116288.683652848
1116269.906733572
1115428.315741985
1114926.9017329402
1114926.9017329402
1114926.9017329402
1114770.5806418634
1114770.5806418634
1114770.5806418634
1114042.8975574146
1113858.1670302828
1113673.0198348896
1113673.0198348896
1113673.0198348896
1113673.0198348896
1113077.421120875
1112855.4273811255
1112855.4273811255
1112855.4273811255
1112855.4273811255
1112176.6724664797
1112176.6724664797
1112098.0289110835
1112098.0289110835
1112098.0289110835
1111851.470205176
1111766.6538985535
1111766.6538985535
1111541.381025131
1111541.381025131
1111532.1778625494
1111532.1778625494
1111532.1778625494
1111164.5119303777
1111164.5119303777
1111164.5119303777
1111041.3645736515
1111041.3645736515
1110848.985764761
1110554.5316231446
1110554.5316231446
1110554.5316231446
1110554.5316231446
1110493.6517053586
1110493.6517053586
1110493.6517053586
1110493.6517053586
1110168.7385520954
1108535.2222585124
1108535.2222585124
1108149.7368701948
1108149.7368701948
1107822.7337133777
1107822.7337133777
1107406.897428514
1107406.897428514
1107406.897428514
1107318.2861148412
1107318.2861148412
1107310.502982398
1106590.84506519
1106590.84506519
1106590.84506519
1106590.84506519
1106590.84506519
1106184.069524788
1106056.3853350454
1105713.8558992296
1105623.9338493396
1105623.9338493396
1105623.9338493396
1105016.2553005202
1105005.0782070553
1105005.0782070553
1105005.0782070553
1103888.2215719365
1103878.1336098756
1103606.4118190552
1103076.4812014403
1103027.4867265783
1103027.4867265783
1102777.5975151635
1102581.9118153548
1102581.9118153548
1101751.4722918686
1101751.4722918686
1101080.1005860954
1101080.1005860954
1101080.1005860954
1100361.7746797386
1100361.7746797386
1100361.7746797386
1100361.7746797386
1100361.7746797386
1100179.7216094232
1100008.5342977322
1099920.2280583023
1099920.2280583023
1099920.2280583023
1099920.2280583023
1099668.0893417737
1098992.7990186177
1098879.6684558797
1098499.4917047746
1098499.4917047746
1097448.7209363799
1097059.7483497201
1096949.5720081402
1095462.08753653
1095462.08753653
1095316.2802446473
1095287.1513878764
1095253.4281978384
1094970.4110798484
1094970.4110798484
1094970.4110798484
1094970.4110798484
1094745.1763526406
1094702.6171496543
1094107.757628391
1093690.2374536062
1093345.8005655014
1092972.5160104486
1092731.2200229722
1092673.7760142433
1092673.7760142433
1092262.4640357157
1092262.4640357157
1091882.3891302338
1091882.3891302338
1091882.3891302338
1091882.3891302338
1091882.3891302338
1091735.1826340174
1091707.7103384729
1091571.0243642745
1090677.971700815
1090042.8988656448
1090042.8988656448
1089886.1961287786
1089886.1961287786
1089886.1961287786
1089886.1961287786
1089886.1961287786
1089886.1961287786
1089783.7009074045
1089775.3172713455
1089775.3172713455
1089775.3172713455
1089775.3172713455
1089775.3172713455
1089672.5795502772
1089672.5795502772
1089672.5795502772
1089175.8082064576
1088782.7725300696
1088782.7725300696
1088782.7725300696
1088782.7725300696
1088782.7725300696
1088286.9250899388
1088268.0072371922
1088166.6459318022
1087506.623084306
1087365.383152874
1087365.383152874
1087365.383152874
1087365.383152874
1087365.383152874
1087365.383152874
1087365.383152874
1087167.9761926455
1086947.0910553187
1086697.9893093673
1086697.9893093673
1086423.394865185
1086135.457342139
1085982.6098732932
1085982.6098732932
1085937.7587742023
1085849.8075483544
1085465.8553258176
1085142.1029144553
1085142.1029144553
1085142.1029144553
1085142.1029144553
1085142.1029144553
1085142.1029144553
1084790.8861101335
1084790.8861101335
1084769.5162491417
1084732.5239860113
1084517.8381471485
1084517.8381471485
1084170.0537212803
1084170.0537212803
1084170.0537212803
1084170.0537212803
1084170.0537212803
1084170.0537212803
1084170.0537212803
1084170.0537212803
1083750.9256552788
1083750.9256552788
1082890.8639918203
1082890.8639918203
1082890.8639918203
1081228.4148069825
1080746.511349566
1078151.6957491175
1078151.6957491175
1077456.9332517616
1077169.3156178286
1077007.3638031376
1076379.5333836568
1076379.5333836568
1076379.5333836568
1076258.0304917127
1076258.0304917127
1076258.0304917127
1076258.0304917127
1075674.2968733693
1075673.648329975
1074995.7351439213
1074630.077976345
1074617.1665355992
1073987.4333121818
1073987.4333121818
1073821.8927179808
1073821.8927179808
1073821.8927179808
1073814.0110378605
1073814.0110378605
1073814.0110378605
1073476.867490937
1073476.867490937
1073476.867490937
1073476.867490937
1072855.5131044337
1072772.502073928
1071220.3568129905
1070965.60917352
1070045.4942746442
1068885.243221173
1068846.384054037
1068846.384054037
1068755.765090031
1068755.765090031
1068755.765090031
1068755.765090031
1068138.6716175377
1067197.6944493805
1067197.6944493805
1067149.6449257582
1066766.3071652735
1066261.0892035842
1066261.0892035842
1065802.5604287407
1065802.5604287407
1065645.3138568276
1065324.336798172
1065324.336798172
1065191.2044215119
1065173.9039264915
1064970.3058138762
1064904.9558132153
1064904.9558132153
1064904.9558132153
1064602.8118440611
1064602.8118440611
1063663.3314844356
1063378.4193091781
1062537.61099764
1062537.61099764
1062537.61099764
1062537.61099764
1061302.3517967095
1061302.3517967095
1061302.3517967095
1061302.3517967095
1061302.3517967095
1061302.3517967095
1060925.110666602
1060432.1792124417
1060432.1792124417
1060432.1792124417
1060138.8302129754
1060138.8302129754
1060138.8302129754
1060045.4286929239
1060045.4286929239
1060045.4286929239
1060045.4286929239
1060020.2004489035
1059976.4624103769
1059718.4895882404
1059718.4895882404
1058905.088554915
1058905.088554915
1058905.088554915
1058507.7447259468
1058507.7447259468
1058048.2110696188
1057367.8804988423
1056937.8687203764
1056937.8687203764
1056539.3177706222
1056539.3177706222
1055514.6296322923
1055514.6296322923
1055244.227311411
1054947.8279261335
1054827.9985091868
1054543.0541606196
1054543.0541606196
1054500.1406292934
1054256.5853967904
1054256.5853967904
1054210.8905477356
1053690.057679021
1052637.69716439
1052336.2520846208
1052336.2520846208
1052336.2520846208
1051586.5995679137
1051573.4910215593
1051573.4910215593
1051573.4910215593
1051573.4910215593
1051573.4910215593
1050756.2960554687
1050756.2960554687
1050504.6914450836
1050504.6914450836
1050117.6145696414
1049768.1915059383
1049768.1915059383
1049768.1915059383
1049768.1915059383
1049768.1915059383
1049653.456173514
1049653.456173514
1049497.5905067793
1049497.5905067793
1049082.7614181107
1048100.5695289002
1048100.5695289002
1048100.5695289002
1048100.5695289002
1048100.5695289002
1048063.148829978
1048063.148829978
1048063.148829978
1048015.100003783
1048015.100003783
1047149.7890964583
1047149.7890964583
1047149.7890964583
1047149.7890964583
1047149.7890964583
1047149.7890964583
1047149.7890964583
1047091.8663433007
1047091.8663433007
1047091.8663433007
1046765.5159508557
1046765.5159508557
1046765.5159508557
1046765.5159508557
1046340.387694857
1046131.5823910406
1046131.5823910406
1046131.5823910406
1046074.3502750568
1045932.5615860326
1045932.5615860326
1045628.9269046892
1045628.9269046892
1045618.12877676
1045618.12877676
1044333.773231313
1044333.773231313
1044333.773231313
1044333.773231313
1044102.2883416868
1044102.2883416868
1044102.2883416868
1042829.9184439318
1042829.9184439318
1042243.4583432456
1042243.4583432456
1042243.4583432456
1042243.4583432456
1042019.2611414848
1041317.5568047869
1041139.0874731283
1040759.9570179556
1040759.9570179556
1040759.9570179556
1040709.2576368862
1040304.4153350405
1040200.0023854615
1040200.0023854615
1040200.0023854615
1039980.500519079
1039853.7076429167
1039853.7076429167
1039853.7076429167
1039390.9324200642
1039390.9324200642
1039390.9324200642
1039390.9324200642
1038620.1046565833
1038620.1046565833
1038620.1046565833
1038168.998554184
1038168.998554184
1038168.998554184
1038155.800039581
1038155.800039581
1038155.800039581
1038155.800039581
1038155.800039581
1038155.800039581
1038155.800039581
1038155.800039581
1038155.800039581
1038155.800039581
1038155.800039581
1038155.800039581
1038155.800039581
1038155.800039581
1038155.800039581
1038155.800039581
1038155.800039581
1038155.800039581
1038155.800039581
1038155.800039581
1038155.800039581
1038155.800039581
1038155.800039581
1038155.800039581
1038155.800039581
1038155.800039581
1038155.800039581
1038155.800039581
1038155.800039581
1038155.800039581
1038155.800039581
1038155.800039581
1038155.800039581
1038155.800039581
1038155.800039581
1038155.800039581
1038155.800039581
1038155.800039581
1038155.800039581
1038155.800039581
1038155.800039581
1038155.800039581
1038155.800039581
1038155.800039581
1038155.800039581
1038155.800039581
1037375.7416577843
1036874.6071107246
1036454.0231676956
1036454.0231676956
1036406.1696543948
1036406.1696543948
1036406.1696543948
1035460.4565297349
1035460.4565297349
1035172.4604950598
1035172.4604950598
1035172.4604950598
1035172.4604950598
1034854.1429014067
1034854.1429014067
1034854.1429014067
1034664.0224139706
1034623.8795790817
1034623.8795790817
1034623.8795790817
1034623.8795790817
1034623.8795790817
1034623.8795790817
1034265.337927174
1033419.8989537919
1032951.2774944376
1032824.3543210856
1032824.3543210856
1032101.381469721
1032101.381469721
1032097.0539369385
1032097.0539369385
1032001.9903349057
1032001.9903349057
1032001.9903349057
1032001.9903349057
1032001.9903349057
1032001.9903349057
1032001.9903349057
1031116.459057469
1031116.459057469
1030377.3925940882
1030377.3925940882
1030377.3925940882
1030377.3925940882
1030377.3925940882
1030207.1063550534
1030203.1359515863
1030073.2868820056
1029754.9211469933
1029754.9211469933
1029424.1671145696
1029397.9283301523
1028844.0264813282
1028760.6107254305
1027917.1329980067
1027917.1329980067
1027917.1329980067
1027142.4865397147
1027142.4865397147
1026582.8078203925
1026582.8078203925
1026038.932353283
1026038.932353283
1026038.932353283
1025261.7249481974
1025261.7249481974
1025261.7249481974
1025261.7249481974
1025222.092305406
1025222.092305406
1025222.092305406
1025063.6422327367
1025063.6422327367
1024789.4859075883
1024789.4859075883
1023842.9113636641
1023207.8710976013
1023207.8710976013
1023207.8710976013
1022821.0868739651
1022821.0868739651
1022760.3945173331
1022760.3945173331
1021544.8264619722
1021176.721840838
1021176.721840838
1021176.721840838
1020146.9283344946
1020146.9283344946
1020052.317003233
1019851.7699394666
1019851.7699394666
1019830.7366432511
1019788.7702202969
1019788.7702202969
1019788.7702202969
1019788.7702202969
1019788.7702202969
1019704.8788588543
1019704.8788588543
1019704.8788588543
1019704.8788588543
1019591.0470973076
1019187.367637988
1019187.367637988
1019187.367637988
1019187.367637988
1019187.367637988
1019140.9931696046
1019140.9931696046
1019140.9931696046
1019135.53507018
1019135.53507018
1019135.53507018
1019135.53507018
1019135.53507018
1019135.53507018
1018760.6693612353
1018760.6693612353
1018760.6693612353
1018760.6693612353
1018560.4005399599
1018560.4005399599
1018115.8922853656
1017565.2097050103
1017565.2097050103
1017565.2097050103
1017542.15141471
1017542.15141471
1017300.2627253372
1017300.2627253372
1016490.4947092858
1016487.9083059845
1016487.9083059845
1016487.9083059845
1016487.9083059845
1016487.9083059845
1016487.9083059845
1015738.6758889846
1015738.6758889846
1015563.8873650164
1015283.5237861006
1015283.5237861006
1015283.5237861006
1015208.8410210235
1015208.8410210235
1014799.9665201199
1014445.3371243465
1014445.3371243465
1013852.0790812998
1013852.0790812998
1013852.0790812998
1013715.9874597816
1013715.9874597816
1013653.3559046148
1013545.3330806722
1013545.3330806722
1013545.3330806722
1012882.5664764133
1012882.5664764133
1012882.5664764133
1012825.0305753626
1012825.0305753626
1012518.5939313512
1012518.5939313512
1012518.5939313512
1012518.5939313512
1012342.7814774553
1012342.7814774553
1012342.7814774553
1011655.2538852248
1011655.2538852248
1011655.2538852248
1011308.1647017645
1010983.2780052004
1010622.1034914486
1010622.1034914486
1010622.1034914486
1010622.1034914486
1010622.1034914486
1010622.1034914486
1010158.1464693819
1010158.1464693819
1010158.1464693819
1010158.1464693819
1009883.378570942
1009865.4530725144
1009865.4530725144
1009865.4530725144
1009865.4530725144
1008823.1448842479
1008823.1448842479
1008698.7919245185
1008575.3121129996
1008575.3121129996
1008575.3121129996
1008575.3121129996
1008575.3121129996
1008575.3121129996
1008575.3121129996
1008575.3121129996
1008575.3121129996
1008575.3121129996
1008575.3121129996
1008575.3121129996
1008575.3121129996
1008575.3121129996
1008050.0947606044
1008050.0947606044
1008050.0947606044
1008050.0947606044
1007735.0392490167
1007734.8855355077
1007734.8855355077
1007734.8855355077
1007734.8855355077
1007734.8855355077
1007734.8855355077
1007734.8855355077
1007151.6288303182
1006763.5342484809
1006763.5342484809
1006746.2809777585
1006746.2809777585
1006746.2809777585
1006746.2809777585
1006746.2809777585
1006205.5519053161
1005989.7467352783
1005989.7467352783
1005981.3574384172
1005790.7131172889
1005790.7131172889
1005790.7131172889
1005790.7131172889
1005790.7131172889
1005790.7131172889
1005605.376237517
1005605.376237517
1005605.376237517
1005605.376237517
1005605.376237517
1005230.3140430299
1005230.3140430299
1005042.5868648958
1005042.5868648958
1004143.7449508733
1003734.8345450822
1003659.6121453636
1003653.8284218705
1003653.8284218705
1003143.9731469266
1003143.9731469266
1003090.2053179988
1002774.9661556189
1002228.2502563219
1002153.3397066288
1002153.3397066288
1002153.3397066288
1001792.208708757
1001792.208708757
1001787.6914129523
1001787.6914129523
1001511.8099692494
1000856.210333823
1000856.210333823
1000856.210333823
1000856.210333823
1000856.210333823
1000856.210333823
1000856.210333823
1000856.210333823
1000856.210333823
999907.9747599211
999019.5940857751
999019.5940857751
999019.5940857751
999019.5940857751
999019.5940857751
999019.5940857751
998679.0646422135
998679.0646422135
997646.6902658918
997646.6902658918
997623.6725584411
997623.6725584411
997623.6725584411
997545.5599838637
997545.5599838637
997062.4488116498
997062.4488116498
997062.4488116498
997062.4488116498
997062.4488116498
997008.569508811
997008.569508811
997008.569508811
997008.569508811
997008.569508811
995328.6034082809
995328.6034082809
995328.6034082809
995328.6034082809
995213.363404489
995213.363404489
995213.363404489
995213.363404489
995213.363404489
995115.3763364103
995079.8307850607
995079.8307850607
995079.8307850607
995079.8307850607
995079.8307850607
995079.8307850607
995079.8307850607
995079.8307850607
995079.8307850607
995079.8307850607
995079.8307850607
994863.2785165459
994863.2785165459
994863.2785165459
994543.5192267195
994543.5192267195
994056.1924428836
994056.1924428836
994056.1924428836
994056.1924428836
994056.1924428836
994056.1924428836
994056.1924428836
994056.1924428836
994056.1924428836
993701.5630336013
993701.5630336013
993701.5630336013
993525.5002995722
993525.5002995722
992500.3405752953
992500.3405752953
991775.9623235648
991775.9623235648
991775.9623235648
991775.9623235648
991775.9623235648
991775.9623235648
991550.67581447
991451.0845788578
991451.0845788578
991384.4598585035
991049.4438634282
991049.4438634282
990819.247898529
990819.247898529
989161.1606082974
989161.1606082974
989161.1606082974
989161.1606082974
989161.1606082974
989161.1606082974
989161.1606082974
988196.9214139197
988196.9214139197
988196.9214139197
988196.9214139197
987792.1811533871
987792.1811533871
987792.1811533871
987792.1811533871
987792.1811533871
987792.1811533871
987792.1811533871
987766.7441691654
987364.0034875639
987364.0034875639
987364.0034875639
986876.2954287613
986807.1683631062
986460.9653331235
986460.9653331235
986460.9653331235
986460.9653331235
986460.9653331235
986460.9653331235
986460.9653331235
986460.9653331235
986460.9653331235
986162.301722355
986162.301722355
986162.301722355
986162.301722355
986108.6716947627
986108.6716947627
985962.0644296752
985935.1240414481
985935.1240414481
985935.1240414481
985750.2789625502
985750.2789625502
985598.0599324636
985598.0599324636
985598.0599324636
985598.0599324636
984859.3138656161
984859.3138656161
984859.3138656161
984859.3138656161
984859.3138656161
984857.847042257
984269.592133553
984269.592133553
984139.4584957311
984139.4584957311
984024.4909710597
984024.4909710597
983734.963731185
983734.2407464919
983734.2407464919
983734.2407464919
983734.2407464919
983734.2407464919
983734.2407464919
983734.2407464919
983734.2407464919
983734.2407464919
983734.2407464919
983734.2407464919
983734.2407464919
983734.2407464919
983734.2407464919
982993.8149300021
982799.7570705962
982677.4753560135
981798.8073614766
981798.8073614766
981798.8073614766
981380.162462955
981369.2212339712
981369.2212339712
981369.2212339712
981369.2212339712
981369.2212339712
981369.2212339712
981140.9289372712
981140.9289372712
981140.9289372712
981140.9289372712
981140.9289372712
981018.1166173434
981018.1166173434
980912.002209286
980686.1050651919
980686.1050651919
980686.1050651919
980686.1050651919
980686.1050651919
980686.1050651919
980686.1050651919
980686.1050651919
980686.1050651919
980651.2745100145
980651.2745100145
980651.2745100145
980651.2745100145
980475.6663439194
979908.9126890857
979724.6627497853
979218.6928115169
979218.6928115169
979218.6928115169
979150.1545092298
979063.5790854607
979063.5790854607
979063.5790854607
979063.5790854607
979063.5790854607
979063.5790854607
979063.5790854607
979063.5790854607
979063.5790854607
979063.5790854607
979063.5790854607
978893.2951167095
978893.2951167095
978783.1863466924
978783.1863466924
978783.1863466924
978373.1729063715
978373.1729063715
978363.189630967
978363.189630967
978363.189630967
978171.8920403398
978171.8920403398
978171.8920403398
978171.8920403398
978171.8920403398
978006.1576348726
978006.1576348726
978006.1576348726
978006.1576348726
978006.1576348726
978006.1576348726
977741.0483337347
977622.1650756419
977210.6827172341
976937.030971805
976937.030971805
976937.030971805
976814.3557022896
976814.3557022896
975988.3149821796
975988.3149821796
975988.3149821796
975910.0696870387
975910.0696870387
975910.0696870387
975849.4351275973
975849.4351275973
975405.6193600686
975405.6193600686
975307.9048783898
975307.9048783898
975150.7160256668
975150.7160256668
975150.7160256668
974885.000437519
974885.000437519
974876.5471560197
973818.3631208271
973341.576428689
973341.576428689
973341.576428689
973341.576428689
972924.2789550351
971896.3589288006
971896.3589288006
971896.3589288006
971896.3589288006
971896.3589288006
971744.9274308094
971744.9274308094
971711.8683030399
971711.8683030399
971711.8683030399
971711.8683030399
971711.8683030399
971535.5015738091
971535.5015738091
971535.5015738091
971535.5015738091
971535.5015738091
971535.5015738091
971535.5015738091
971501.4248204815
971229.5240563401
970671.3143162122
970671.3143162122
970671.3143162122
970671.3143162122
970671.3143162122
970591.4117467504
970591.4117467504
970591.4117467504
970591.4117467504
969712.4192457095
969712.4192457095
969372.1004433965
969372.1004433965
969372.1004433965
968743.1476268565
968743.1476268565
968743.1476268565
968743.1476268565
968475.8135882323
968373.1736564955
968373.1736564955
968373.1736564955
968373.1736564955
967474.8796909212
967474.8796909212
967474.8796909212
967474.8796909212
967474.8796909212
967474.8796909212
967474.8796909212
967059.0657413212
967059.0657413212
966840.8773672321
966840.8773672321
966575.7675811871
966575.7675811871
966575.7675811871
966120.3317605894
964897.2359772318
964897.2359772318
964897.2359772318
964897.2359772318
964897.2359772318
964897.2359772318
964897.2359772318
964897.2359772318
964897.2359772318
964897.2359772318
964897.2359772318
964897.2359772318
964412.3879264784
964412.3879264784
964412.3879264784
964412.3879264784
964379.2795561734
964379.2795561734
963731.2686395479
962881.0883880297
962881.0883880297
962881.0883880297
961886.6382619858
961886.6382619858
961886.6382619858
961886.6382619858
961621.037896006
960859.860438297
960733.7842464502
960523.5749971583
960523.5749971583
960523.5749971583
960523.5749971583
960523.5749971583
960155.8429042853
960155.8429042853
960155.8429042853
960102.6527094578
960102.6527094578
960102.6527094578
960102.6527094578
960102.6527094578
960102.6527094578
960102.6527094578
959877.7613151451
959877.7613151451
959877.7613151451
959877.7613151451
959877.7613151451
959877.7613151451
959734.6372404424
959734.6372404424
959703.3433066967
959480.4715685205
959480.4715685205
957990.6245456006
957990.6245456006
957990.6245456006
957990.6245456006
957783.0093264291
957783.0093264291
957783.0093264291
957783.0093264291
957783.0093264291
957783.0093264291
957783.0093264291
957783.0093264291
957783.0093264291
957783.0093264291
957783.0093264291
957783.0093264291
957783.0093264291
957783.0093264291
957783.0093264291
957783.0093264291
957783.0093264291
957671.0434871796
957671.0434871796
957358.9491924302
957184.2762222087
957184.2762222087
955897.2560276644
955897.2560276644
955897.2560276644
955897.2560276644
955629.274384668
955629.274384668
955629.274384668
955629.274384668
955629.274384668
955604.6709718637
955604.6709718637
955604.6709718637
955431.6273219711
955431.6273219711
955305.0255114124
955282.2224239566
955152.1170701731
955152.1170701731
955152.1170701731
954850.1632310646
954850.1632310646
954439.2313025654
954230.7822410985
954230.7822410985
954230.7822410985
954230.7822410985
954230.7822410985
954230.7822410985
954230.7822410985
954230.7822410985
954230.7822410985
954230.7822410985
954230.7822410985
954230.7822410985
954230.7822410985
954230.7822410985
954230.7822410985
954229.3468934332
954229.3468934332
954229.3468934332
954163.0339677236
954163.0339677236
954163.0339677236
954163.0339677236
953245.3376928321
953177.0475212889
953177.0475212889
953177.0475212889
953177.0475212889
953177.0475212889
953177.0475212889
953177.0475212889
953177.0475212889
953031.6806299599
952919.071056094
952919.071056094
952919.071056094
952919.071056094
952919.071056094
952868.9030151139
952868.9030151139
952868.9030151139
952868.9030151139
952868.9030151139
952868.9030151139
952756.0239393633
952756.0239393633
952756.0239393633
952756.0239393633
952756.0239393633
952756.0239393633
952756.0239393633
952756.0239393633
952720.2580332716
952720.2580332716
952720.2580332716
952720.2580332716
952720.2580332716
952720.2580332716
952720.2580332716
952720.2580332716
952720.2580332716
952720.2580332716
952475.5002074052
952475.5002074052
952475.5002074052
952475.5002074052
952294.6729130105
952294.6729130105
952294.6729130105
952294.6729130105
952294.6729130105
952010.504281929
952010.504281929
952010.504281929
952010.504281929
952010.504281929
952010.504281929
952010.504281929
952010.504281929
952010.504281929
951704.973327681
951704.973327681
951704.973327681
951704.973327681
951704.973327681
951518.5811675044
951212.5721490104
951122.8861125888
951122.8861125888
951117.7031748313
951117.7031748313
951117.7031748313
950025.0194038622
950025.0194038622
950025.0194038622
950025.0194038622
949917.5771496175
949917.5771496175
949917.5771496175
949907.7519792683
949907.7519792683
949907.7519792683
949646.3027594493
949646.3027594493
949641.2463427226
949028.2366993276
948370.4256471731
948370.4256471731
947931.5204197719
947931.5204197719
947931.5204197719
947881.781522936
947881.781522936
947881.781522936
947881.781522936
947881.781522936
947881.781522936
947881.781522936
947612.7678000829
947332.4500193939
947217.6893023017
947217.6893023017
947217.6893023017
946934.6445827894
946934.6445827894
946934.6445827894
946934.6445827894
946492.4141247065
946492.4141247065
946492.4141247065
946492.4141247065
946492.4141247065
946492.4141247065
946446.6749916989
946377.504643605
945863.3107543932
945863.3107543932
945863.3107543932
945528.681477891
945528.681477891
945528.681477891
944803.4427047818
944803.4427047818
944320.385900937
944320.385900937
944320.385900937
944201.4917520691
944201.4917520691
944201.4917520691
944201.4917520691
943925.7384821209
943925.7384821209
943925.7384821209
943468.0832996957
943468.0832996957
943468.0832996957
943468.0832996957
943468.0832996957
943468.0832996957
943468.0832996957
943337.0229555093
943337.0229555093
942958.425029882
942958.425029882
942630.8984855211
942630.8984855211
942630.8984855211
942630.8984855211
942630.8984855211
942630.8984855211
942302.5111351928
942302.5111351928
942302.5111351928
942302.5111351928
942302.5111351928
942302.5111351928
942302.5111351928
942302.5111351928
942302.5111351928
942302.5111351928
942302.5111351928
942302.5111351928
942302.5111351928
941991.9018769969
941991.9018769969
941991.9018769969
941991.9018769969
941991.9018769969
941991.9018769969
941991.9018769969
941991.9018769969
941991.9018769969
941991.9018769969
941991.9018769969
941952.024395159
941952.024395159
940626.2823167329
940626.2823167329
940626.2823167329
940626.2823167329
940626.2823167329
940626.2823167329
940626.2823167329
940626.2823167329
940626.2823167329
940626.2823167329
940626.2823167329
940626.2823167329
940626.2823167329
940626.2823167329
940626.2823167329
940626.2823167329
940541.1908572868
940541.1908572868
940541.1908572868
940541.1908572868
940541.1908572868
940541.1908572868
940541.1908572868
940541.1908572868
940541.1908572868
940541.1908572868
940541.1908572868
940541.1908572868
940401.0200931086
940401.0200931086
940401.0200931086
940357.0416127172
940357.0416127172
940357.0416127172
940346.672324216
940346.672324216
940346.672324216
940346.672324216
939968.0065594893
939968.0065594893
939968.0065594893
939968.0065594893
939968.0065594893
939968.0065594893
939968.0065594893
939968.0065594893
939968.0065594893
939968.0065594893
939968.0065594893
939968.0065594893
939941.1820789739
939941.1820789739
938964.3731523022
938751.3540446295
938751.3540446295
938751.3540446295
938751.3540446295
938556.5793581287
938556.5793581287
938550.0563691994
938550.0563691994
938203.3190729697
938203.3190729697
937824.9354053569
937824.9354053569
937824.9354053569
937824.9354053569
937824.9354053569
937824.9354053569
937754.3432896107
937754.3432896107
937754.3432896107
937754.3432896107
937003.0844041868
937003.0844041868
937003.0844041868
937003.0844041868
937003.0844041868
937003.0844041868
937003.0844041868
937003.0844041868
937003.0844041868
937003.0844041868
937003.0844041868
937003.0844041868
936726.11403917
936726.11403917
936726.11403917
936726.11403917
936726.11403917
936726.11403917
936074.5670005855
936074.5670005855
936074.5670005855
936074.5670005855
936074.5670005855
936074.5670005855
936074.5670005855
935225.9297450412
934696.8716973398
934696.8716973398
934696.8716973398
934288.3720022624
934288.3720022624
934288.3720022624
934288.3720022624
933627.8484592141
933627.8484592141
933627.8484592141
933612.749268376
933612.749268376
933305.0367345276
933305.0367345276
933305.0367345276
933305.0367345276
933217.4449298126
933048.2337839819
933048.2337839819
933048.2337839819
933048.2337839819
933048.2337839819
933048.2337839819
933048.2337839819
933036.8123095557
932742.379748123
932742.379748123
932742.379748123
932742.379748123
932742.379748123
932157.5736570352
932157.5736570352
932157.5736570352
931878.7803746074
931850.9805734497
931850.9805734497
931850.9805734497
931850.9805734497
931850.9805734497
931850.9805734497
931258.7243031668
931082.4208007061
930932.5604832887
930932.5604832887
930932.5604832887
930932.5604832887
930932.5604832887
930619.0286372115
930619.0286372115
930619.0286372115
930355.9851066071
930355.9851066071
930355.9851066071
930355.9851066071
930355.9851066071
930355.9851066071
930355.9851066071
930355.9851066071
930355.9851066071
930355.9851066071
930355.9851066071
930355.9851066071
930355.9851066071
930157.3681605967
930157.3681605967
930157.3681605967
929285.6879520423
929285.6879520423
929285.6879520423
929285.6879520423
929285.6879520423
928700.0013264059
928700.0013264059
928700.0013264059
928700.0013264059
928700.0013264059
928700.0013264059
928700.0013264059
928700.0013264059
928636.2711228128
928110.7851000904
928110.7851000904
928110.7851000904
928110.7851000904
928110.7851000904
928110.7851000904
928110.7851000904
928110.7851000904
928110.7851000904
928110.7851000904
928110.7851000904
928029.0890928457
928029.0890928457
928029.0890928457
928029.0890928457
928029.0890928457
927527.7434212428
927527.7434212428
927527.7434212428
927484.513971196
927484.513971196
927484.513971196
927484.513971196
927484.513971196
927484.513971196
927484.513971196
927484.513971196
927221.7632439892
927221.7632439892
926682.5027652204
926671.4605293609
926408.9402097012
926408.9402097012
926032.5843396652
926032.5843396652
926032.5843396652
926032.5843396652
926032.5843396652
926032.5843396652
926032.5843396652
926032.5843396652
926032.5843396652
926032.5843396652
926032.5843396652
926032.5843396652
926032.5843396652
926032.5843396652
926032.5843396652
926032.5843396652
926032.5843396652
926032.5843396652
925912.7143099967
925912.7143099967
925912.7143099967
925912.7143099967
925912.7143099967
925912.7143099967
925912.7143099967
925912.7143099967
925912.7143099967
925014.8956649912
924724.2546445602
924469.6821062656
924469.6821062656
924469.6821062656
924103.4967896836
923969.8809431159
923969.8809431159
923969.8809431159
923969.8809431159
923969.8809431159
923969.8809431159
923969.8809431159
923828.4084499837
923828.4084499837
923828.4084499837
923828.4084499837
923828.4084499837
923828.4084499837
923828.4084499837
923828.4084499837
923828.4084499837
923828.4084499837
923828.4084499837
923828.4084499837
923828.4084499837
923828.4084499837
923828.4084499837
923828.4084499837
923477.0889061249
923477.0889061249
923477.0889061249
923477.0889061249
923447.9611593506
923447.9611593506
923447.9611593506
923447.9611593506
923447.9611593506
923447.9611593506
923447.9611593506
923381.5828104592
923381.5828104592
923381.5828104592
923381.5828104592
923381.5828104592
923381.5828104592
923381.5828104592
923381.5828104592
923381.5828104592
923381.5828104592
923381.5828104592
923381.5828104592
923381.5828104592
923381.5828104592
923381.5828104592
923381.5828104592
923134.681503018
923072.3202948167
923072.3202948167
923072.3202948167
923072.3202948167
923072.3202948167
922587.1955863487
922587.1955863487
922587.1955863487
922587.1955863487
922587.1955863487
922587.1955863487
922492.433720134
922492.433720134
922280.5573526912
922167.2414350394
922099.9729064811
921985.0087509343
921985.0087509343
921985.0087509343
921985.0087509343
921985.0087509343
921985.0087509343
921966.0842100629
921415.8969484497
921415.8969484497
921415.8969484497
921415.8969484497
921415.8969484497
921415.8969484497
921415.8969484497
921415.8969484497
921415.8969484497
921415.8969484497
921415.8969484497
921415.8969484497
921415.8969484497
921415.8969484497
921415.8969484497
921415.8969484497
921415.8969484497
921273.555889052
921273.555889052
921273.555889052
921273.555889052
921150.3982202925
920891.0716266395
920891.0716266395
920321.590022647
920321.590022647
920321.590022647
920321.590022647
920321.590022647
920321.590022647
920321.590022647
919558.0716914603
919227.7498602996
919227.7498602996
919227.7498602996
919227.7498602996
919227.7498602996
919227.7498602996
919227.7498602996
919227.7498602996
919227.7498602996
918557.0329670197
918557.0329670197
918557.0329670197
918557.0329670197
918557.0329670197
918557.0329670197
918557.0329670197
918557.0329670197
918557.0329670197
918557.0329670197
918557.0329670197
918557.0329670197
918557.0329670197
918323.3903503203
918323.3903503203
918323.3903503203
918323.3903503203
918323.3903503203
917878.3911948956
917878.3911948956
917878.3911948956
917878.3911948956
917878.3911948956
917878.3911948956
917878.3911948956
917878.3911948956
917878.3911948956
917878.3911948956
917878.3911948956
917878.3911948956
917753.3080594873
917753.3080594873
917753.3080594873
917426.5128735806
917426.5128735806
917426.5128735806
917426.5128735806
917426.5128735806
917426.5128735806
917426.5128735806
917426.5128735806
917426.5128735806
917426.5128735806
917426.5128735806
916324.8921857058
916324.8921857058
916175.7586150211
916175.7586150211
916175.7586150211
916175.7586150211
916175.7586150211
916175.7586150211
916175.7586150211
915933.8880093669
915933.8880093669
915825.8230354297
915825.8230354297
915825.8230354297
915790.3253537138
915790.3253537138
915790.3253537138
915755.2403730508
915755.2403730508
915755.2403730508
915755.2403730508
915755.2403730508
915755.2403730508
915755.2403730508
915755.2403730508
915755.2403730508
914342.7146097138
914342.7146097138
914235.2172372675
914235.2172372675
914235.2172372675
914235.2172372675
914235.2172372675
914235.2172372675
914235.2172372675
914235.2172372675
914235.2172372675
914235.2172372675
914235.2172372675
914235.2172372675
914235.2172372675
914235.2172372675
914235.2172372675
914235.2172372675
914235.2172372675
913710.6997434899
913710.6997434899
913663.0108836154
913663.0108836154
913663.0108836154
913663.0108836154
913663.0108836154
913663.0108836154
913663.0108836154
913049.4330877012
913049.4330877012
913049.4330877012
913022.6766849556
913022.6766849556
913022.6766849556
913022.6766849556
913022.6766849556
913022.6766849556
913022.6766849556
913022.6766849556
913022.6766849556
913022.6766849556
913022.6766849556
912907.2200913774
912907.2200913774
912835.9171799583
912835.9171799583
912835.9171799583
912414.2051643734
912414.2051643734
912414.2051643734
912414.2051643734
912414.2051643734
912414.2051643734
912414.2051643734
912414.2051643734
912414.2051643734
912414.2051643734
912414.2051643734
912414.2051643734
912248.8861576398
912248.8861576398
912248.8861576398
912248.8861576398
912248.8861576398
912248.8861576398
912167.8024737133
912167.8024737133
912167.8024737133
912167.8024737133
912167.8024737133
912167.8024737133
912167.8024737133
912167.8024737133
912167.8024737133
912098.2370629876
912098.2370629876
912098.2370629876
911822.3385570471
911822.3385570471
911822.3385570471
911227.4391184181
911155.4745254507
911155.4745254507
911155.4745254507
911155.4745254507
911155.4745254507
911155.4745254507
911155.4745254507
911076.2994161017
911076.2994161017
911036.2725585403
911036.2725585403
911036.2725585403
911036.2725585403
911036.2725585403
911036.2725585403
910882.4485940813
910881.1041009377
910840.2667839916
910840.2667839916
910039.7865614884
910039.7865614884
910005.895763237
910005.895763237
910005.895763237
910005.895763237
910005.895763237
910005.895763237
909620.4822585298
909620.4822585298
909620.4822585298
909620.4822585298
909620.4822585298
909620.4822585298
909620.4822585298
909620.4822585298
909620.4822585298
909620.4822585298
909316.5905783522
908540.37763512
908540.37763512
908540.37763512
908462.1651561548
908462.1651561548
908462.1651561548
908462.1651561548
908414.6278864087
908414.6278864087
908414.6278864087
908414.6278864087
908414.6278864087
908414.6278864087
908414.6278864087
908414.6278864087
908414.6278864087
908414.6278864087
908414.6278864087
908414.6278864087
908414.6278864087
908414.6278864087
908414.6278864087
908414.6278864087
908414.6278864087
908414.6278864087
908168.4036788477
908168.4036788477
908089.2275669207
908089.2275669207
908089.2275669207
907978.3255358848
907978.3255358848
907978.3255358848
907978.3255358848
907978.3255358848
907978.3255358848
907978.3255358848
907962.2872498182
907962.2872498182
907932.7575950192
907932.7575950192
907932.7575950192
907932.7575950192
907932.7575950192
907932.7575950192
907932.7575950192
907932.7575950192
907665.9835957786
907665.9835957786
907665.9835957786
907665.9835957786
907665.9835957786
907665.9835957786
907665.9835957786
907665.9835957786
907665.9835957786
907545.2511548755
907545.2511548755
907545.2511548755
907419.1085863492
907419.1085863492
907419.1085863492
907419.1085863492
907419.1085863492
907419.1085863492
907419.1085863492
907419.1085863492
907419.1085863492
907419.1085863492
907419.1085863492
907419.1085863492
907419.1085863492
907419.1085863492
907419.1085863492
907419.1085863492
907374.0855483371
907374.0855483371
907374.0855483371
907023.2784185713
907023.2784185713
907023.2784185713
906862.7708150067
906862.7708150067
906862.7708150067
906753.5166936794
906753.5166936794
906753.5166936794
906656.0421263864
906520.0149351653
906520.0149351653
906520.0149351653
906520.0149351653
906520.0149351653
906520.0149351653
906520.0149351653
906520.0149351653
906520.0149351653
906520.0149351653
906520.0149351653
905935.9717059515
905935.9717059515
905935.9717059515
905935.9717059515
905935.9717059515
905935.9717059515
905935.9717059515
905806.0141187102
905806.0141187102
905806.0141187102
905806.0141187102
905319.006671461
905319.006671461
905028.1433375867
905028.1433375867
905028.1433375867
904782.3946889271
904782.3946889271
904782.3946889271
904782.3946889271
904686.3798319483
904362.5967210004
903777.7036799935
903777.7036799935
903777.7036799935
903777.7036799935
903777.7036799935
903777.7036799935
903493.2306221004
903395.0003688532
903395.0003688532
903395.0003688532
903395.0003688532
903395.0003688532
903395.0003688532
903395.0003688532
903395.0003688532
903395.0003688532
903395.0003688532
903395.0003688532
903395.0003688532
903395.0003688532
903342.7734676698
903342.7734676698
903342.7734676698
903342.7734676698
903288.1502627387
902981.8288591295
902981.8288591295
902981.8288591295
902981.8288591295
902488.9217818332
901811.2592569282
901811.2592569282
901369.2414051741
901369.2414051741
901369.2414051741
901369.2414051741
901369.2414051741
901279.533412008
901246.2317791285
901246.2317791285
901246.2317791285
901246.2317791285
901226.0565853985
901226.0565853985
901182.9504908917
901182.9504908917
901182.9504908917
901182.9504908917
901182.9504908917
901182.9504908917
901182.9504908917
901182.9504908917
901182.9504908917
901182.9504908917
901182.9504908917
901182.9504908917
901182.9504908917
901181.5715973973
901075.0505888343
900987.4588850302
900987.4588850302
900987.4588850302
900987.4588850302
900987.4588850302
900987.4588850302
900987.4588850302
900987.4588850302
900987.4588850302
900987.4588850302
900987.4588850302
900942.4278821729
900942.4278821729
900942.4278821729
900942.4278821729
900908.5298151046
900908.5298151046
900908.5298151046
900908.5298151046
900908.5298151046
900908.5298151046
900908.5298151046
900908.5298151046
900908.5298151046
900908.5298151046
900908.5298151046
900908.5298151046
900908.5298151046
900908.5298151046
900908.5298151046
900908.5298151046
900908.5298151046
900908.5298151046
900908.5298151046
900908.5298151046
900908.5298151046
900908.5298151046
900908.5298151046
900908.5298151046
900266.7128906065
900266.7128906065
900266.7128906065
900266.7128906065
900072.706113116
900072.706113116
900072.706113116
900072.706113116
900072.706113116
900072.706113116
900072.706113116
900072.706113116
900072.706113116
900072.706113116
900072.706113116
899627.4257021075
899590.6367566264
899392.3125794858
899392.3125794858
899392.3125794858
899392.3125794858
899336.3404061676
899336.3404061676
899336.3404061676
899336.3404061676
899336.3404061676
899336.3404061676
899336.3404061676
899336.3404061676
899336.3404061676
899206.4521405455
899206.4521405455
899206.4521405455
899206.4521405455
899206.4521405455
899206.4521405455
899167.5188582635
899167.5188582635
899167.5188582635
899167.5188582635
899167.5188582635
899167.5188582635
899167.5188582635
899167.5188582635
899167.5188582635
899033.5222651392
899033.5222651392
899033.5222651392
899033.5222651392
899033.5222651392
898501.6665558445
898501.6665558445
898501.6665558445
898501.6665558445
898501.6665558445
898501.6665558445
898501.6665558445
898501.6665558445
898252.3097881087
898252.3097881087
898252.3097881087
898252.3097881087
898252.3097881087
898252.3097881087
898252.3097881087
898252.3097881087
898252.3097881087
898252.3097881087
898252.3097881087
898252.3097881087
898252.3097881087
898252.3097881087
898252.3097881087
898252.3097881087
898252.3097881087
898252.3097881087
898252.3097881087
898252.3097881087
898149.7015431632
898149.7015431632
898149.7015431632
898149.3119449149
898149.3119449149
897291.0759165965
897291.0759165965
897106.3488545746
897106.3488545746
897106.3488545746
896896.2811488789
896896.2811488789
896886.6789143619
896886.6789143619
896886.6789143619
896886.6789143619
896886.6789143619
896886.6789143619
896886.6789143619
896886.6789143619
896886.6789143619
896886.6789143619
896886.6789143619
896842.2327380643
896842.2327380643
896438.8150691134
896438.8150691134
896438.8150691134
896401.7839569505
896401.7839569505
895719.9061719838
895637.9332727836
895457.2612545143
895457.2612545143
895457.2612545143
895457.2612545143
895457.2612545143
895457.2612545143
895457.2612545143
895350.8283923971
895350.8283923971
895267.0635785987
895267.0635785987
895267.0635785987
894491.7570587897
894491.7570587897
894491.7570587897
894491.7570587897
894491.7570587897
894491.7570587897
894491.7570587897
894491.7570587897
894491.7570587897
894491.7570587897
894491.7570587897
894491.7570587897
894491.7570587897
894454.2635744787
894454.2635744787
894454.2635744787
893642.4412862137
893642.4412862137
893642.4412862137
893627.7044171069
893627.7044171069
893627.7044171069
893627.7044171069
893627.7044171069
893627.7044171069
893627.7044171069
892994.8843750148
892994.8843750148
892994.8843750148
892546.6189696707
892335.9224831716
892335.9224831716
892335.9224831716
892296.1559894639
892108.1935689265
892108.1935689265
892108.1935689265
892108.1935689265
892108.1935689265
891672.8609700121
891672.8609700121
891672.8609700121
891672.8609700121
891672.8609700121
891672.8609700121
891672.8609700121
891672.8609700121
891672.8609700121
891672.8609700121
891672.8609700121
891672.8609700121
891672.8609700121
891672.8609700121
891672.8609700121
891595.7436030027
891595.7436030027
891595.7436030027
891595.7436030027
891595.7436030027
891595.7436030027
891595.7436030027
891373.8072455109
891373.8072455109
891373.8072455109
890838.0030117203
890838.0030117203
890745.4914490071
890745.4914490071
890745.4914490071
890745.4914490071
890745.4914490071
890745.4914490071
890745.4914490071
890745.4914490071
890185.5313992995
890133.0333899676
890133.0333899676
890133.0333899676
890133.0333899676
890133.0333899676
890133.0333899676
890100.7855391254
890100.7855391254
890100.7855391254
890100.7855391254
890100.7855391254
890100.7855391254
890100.7855391254
889982.0212841299
889982.0212841299
889982.0212841299
889982.0212841299
889958.3113767065
889958.3113767065
889958.3113767065
889958.3113767065
889958.3113767065
889958.3113767065
889958.3113767065
889958.3113767065
889958.3113767065
889958.3113767065
889749.326866402
889749.326866402
889749.326866402
889749.326866402
889749.326866402
889749.326866402
889749.326866402
889749.326866402
889749.326866402
889749.326866402
889749.326866402
889749.326866402
889749.326866402
889108.0612674423
889108.0612674423
888984.0492226266
888941.3652159503
888941.3652159503
888941.3652159503
888941.3652159503
888922.3926267894
888922.3926267894
888922.3926267894
888922.3926267894
888922.3926267894
888922.3926267894
888922.3926267894
888618.2193368148
888456.3551405391
888456.3551405391
888456.3551405391
888456.3551405391
888456.3551405391
887997.0063317169
887997.0063317169
887997.0063317169
887997.0063317169
887997.0063317169
887997.0063317169
887997.0063317169
887664.7171186265
887550.2807518872
887550.2807518872
887550.2807518872
887550.2807518872
887550.2807518872
887550.2807518872
887550.2807518872
887550.2807518872
887550.2807518872
887550.2807518872
887550.2807518872
887550.2807518872
887550.2807518872
887168.5226650292
887168.5226650292
887168.5226650292
887053.6378884187
887053.6378884187
887053.6378884187
887053.6378884187
887051.6343660472
887051.6343660472
887051.6343660472
887051.6343660472
887051.6343660472
886973.7901539609
886973.7901539609
886791.9056445484
886791.9056445484
886791.9056445484
886791.9056445484
886791.9056445484
886791.9056445484
886791.9056445484
886244.1151644703
886244.1151644703
886244.1151644703
886244.1151644703
886244.1151644703
886244.1151644703
886244.1151644703
886244.1151644703
886244.1151644703
885889.235364203
885889.235364203
885889.235364203
885889.235364203
885889.235364203
885889.235364203
885889.235364203
885889.235364203
885889.235364203
885889.235364203
885889.235364203
885889.235364203
885889.235364203
885889.235364203
885376.5351828358
885376.5351828358
885376.5351828358
885376.5351828358
885376.5351828358
885376.5351828358
885376.5351828358
885376.5351828358
885376.5351828358
885376.5351828358
885376.5351828358
885376.5351828358
885376.5351828358
885376.5351828358
885235.4156090782
885235.4156090782
885235.4156090782
885235.4156090782
884890.3570164288
884890.3570164288
884890.3570164288
884890.3570164288
884890.3570164288
884890.3570164288
884890.3570164288
884890.3570164288
884890.3570164288
884859.5983152613
884859.5983152613
884859.5983152613
884859.5983152613
884859.5983152613
884843.212896594
884843.212896594
884843.212896594
884843.212896594
884843.212896594
884843.212896594
884843.212896594
884843.212896594
883489.226304851
882839.8240193429
882839.8240193429
882197.9246229244
882197.9246229244
882197.9246229244
882197.9246229244
882197.9246229244
881871.7158775361
881871.7158775361
881871.7158775361
881870.8333017325
881870.8333017325
881870.8333017325
881870.8333017325
881870.8333017325
881870.8333017325
881870.8333017325
881870.8333017325
881870.8333017325
881870.8333017325
881870.8333017325
881870.8333017325
881870.8333017325
881870.8333017325
881870.8333017325
881870.8333017325
881870.8333017325
881870.8333017325
881870.8333017325
881870.8333017325
881870.8333017325
881870.8333017325
881870.8333017325
881870.8333017325
881870.8333017325
881870.8333017325
881870.8333017325
881870.8333017325
881870.8333017325
881870.8333017325
881870.8333017325
881870.8333017325
881870.8333017325
881870.8333017325
881870.8333017325
881870.8333017325
881870.8333017325
881870.8333017325
881870.8333017325
881870.8333017325
881750.3527451418
881750.3527451418
881750.3527451418
881750.3527451418
881750.3527451418
881750.3527451418
881750.3527451418
881644.1161072825
881644.1161072825
881644.1161072825
881644.1161072825
881644.1161072825
881644.1161072825
881644.1161072825
881644.1161072825
881312.3495119145
881312.3495119145
881312.3495119145
881312.3495119145
881312.3495119145
881312.3495119145
881312.3495119145
881283.8008451
881283.8008451
881283.8008451
881283.8008451
881283.8008451
880925.1652956386
880925.1652956386
880709.4099991745
880709.4099991745
880709.4099991745
880709.4099991745
880709.4099991745
880709.4099991745
880709.4099991745
880709.4099991745
880529.279575659
880422.2076715314
880422.2076715314
880422.2076715314
880381.796331009
880381.796331009
880381.796331009
880381.796331009
880381.796331009
880381.796331009
880381.796331009
880381.796331009
880381.796331009
880336.9816991144
880336.9816991144
880336.9816991144
880336.9816991144
880321.2401654724
880321.2401654724
880321.2401654724
880321.2401654724
880321.2401654724
880057.485467298
880057.485467298
879692.7677392929
879692.7677392929
879692.7677392929
879692.7677392929
879692.7677392929
879627.6769638233
879627.6769638233
879627.6769638233
879627.6769638233
879627.6769638233
879348.5106808603
879348.5106808603
879348.5106808603
879348.5106808603
879348.5106808603
878658.1245297226
878658.1245297226
878658.1245297226
877393.8790421572
877393.8790421572
877393.8790421572
877393.8790421572
877393.8790421572
877393.8790421572
877393.8790421572
877393.8790421572
877393.8790421572
877393.8790421572
877393.8790421572
877393.8790421572
877393.8790421572
877393.8790421572
877389.3652882178
877389.3652882178
877389.3652882178
877389.3652882178
877389.3652882178
877389.3652882178
877389.3652882178
877389.3652882178
877389.3652882178
877389.3652882178
877243.0334885877
877243.0334885877
877243.0334885877
877243.0334885877
877243.0334885877
877243.0334885877
877243.0334885877
877227.4285172153
877227.4285172153
877227.4285172153
877227.4285172153
877227.4285172153
877227.4285172153
877227.4285172153
877227.4285172153
877227.4285172153
877227.4285172153
877227.4285172153
877208.3362089499
877208.3362089499
877208.3362089499
877208.3362089499
877208.3362089499
877208.3362089499
877208.3362089499
877208.3362089499
877208.3362089499
877208.3362089499
877208.3362089499
877208.3362089499
877208.3362089499
877208.3362089499
877208.3362089499
877208.3362089499
876986.542163893
876986.542163893
876298.209989703
876298.209989703
876298.209989703
876155.3902796953
876155.3902796953
876155.3902796953
876155.3902796953
876155.3902796953
876155.3902796953
876155.3902796953
876155.3902796953
876155.3902796953
876155.3902796953
876155.3902796953
876155.3902796953
876155.3902796953
876155.3902796953
876155.3902796953
876155.3902796953
876155.3902796953
876155.3902796953
876155.3902796953
876155.3902796953
876155.3902796953
876155.3902796953
876049.394236685
876049.394236685
875759.5662121265
875648.0282917835
875648.0282917835
875648.0282917835
875648.0282917835
875648.0282917835
875648.0282917835
875648.0282917835
875648.0282917835
875648.0282917835
875648.0282917835
875648.0282917835
875648.0282917835
875648.0282917835
875648.0282917835
875648.0282917835
875648.0282917835
875648.0282917835
875648.0282917835
875648.0282917835
875648.0282917835
875648.0282917835
875648.0282917835
875648.0282917835
875648.0282917835
875648.0282917835
875648.0282917835
875648.0282917835
875648.0282917835
875648.0282917835
875648.0282917835
875648.0282917835
875648.0282917835
875389.9340431232
874746.2951541151
874673.0329562207
874673.0329562207
874673.0329562207
874673.0329562207
874673.0329562207
874673.0329562207
874673.0329562207
874673.0329562207
874673.0329562207
874673.0329562207
874673.0329562207
874673.0329562207
874673.0329562207
874673.0329562207
874673.0329562207
874673.0329562207
874673.0329562207
874673.0329562207
874673.0329562207
874673.0329562207
874673.0329562207
874673.0329562207
874673.0329562207
874673.0329562207
874673.0329562207
874673.0329562207
874673.0329562207
874673.0329562207
874673.0329562207
874673.0329562207
874673.0329562207
874673.0329562207
874673.0329562207
874673.0329562207
874673.0329562207
874673.0329562207
874673.0329562207
874673.0329562207
874673.0329562207
874673.0329562207
874673.0329562207
874594.6823641022
874023.2927075048
874023.2927075048
874023.2927075048
874023.2927075048
874023.2927075048
874023.2927075048
874023.2927075048
874023.2927075048
874023.2927075048
874023.2927075048
874023.2927075048
874023.2927075048
874023.2927075048
873721.3191240077
873721.3191240077
873721.3191240077
873721.3191240077
873721.3191240077
873675.9620643051
873675.9620643051
873675.9620643051
873675.9620643051
873675.9620643051
873675.9620643051
873675.9620643051
873675.9620643051
873675.9620643051
873675.9620643051
873675.9620643051
873675.9620643051
873675.9620643051
873675.9620643051
873675.9620643051
873675.9620643051
873675.9620643051
873675.9620643051
873675.9620643051
873675.9620643051
873675.9620643051
873350.7255745847
873350.7255745847
873350.7255745847
873350.7255745847
873350.7255745847
873350.7255745847
873350.7255745847
873350.7255745847
872938.7178327655
872938.7178327655
872938.7178327655
872938.7178327655
872938.7178327655
872938.7178327655
872938.7178327655
872938.7178327655
872938.7178327655
872938.7178327655
872938.7178327655
872938.7178327655
872938.7178327655
872938.7178327655
872938.7178327655
872938.7178327655
872938.7178327655
872937.126119613
872937.126119613
872937.126119613
872937.126119613
872728.4098436639
872728.4098436639
872728.4098436639
872728.4098436639
872352.7077318603
872111.225102159
872111.225102159
872111.225102159
872111.225102159
872111.225102159
872111.225102159
872111.225102159
872111.225102159
872111.225102159
872111.225102159
872111.225102159
872111.225102159
872111.225102159
872111.225102159
872111.225102159
872111.225102159
872111.225102159
871291.559867677
871291.559867677
871291.559867677
871291.559867677
871170.1741629518
871170.1741629518
871170.1741629518
871170.1741629518
871170.1741629518
871170.1741629518
871170.1741629518
870629.9444442965
870629.9444442965
870629.9444442965
870629.9444442965
870250.364979955
870250.364979955
870250.364979955
870250.364979955
870250.364979955
870250.364979955
870250.364979955
870250.364979955
870250.364979955
870250.364979955
870250.364979955
870250.364979955
870250.364979955
870250.364979955
870250.364979955
870250.364979955
870250.364979955
870250.364979955
870250.364979955
870250.364979955
870250.364979955
870250.364979955
870250.364979955
870250.364979955
870063.3102506793
870063.3102506793
870063.3102506793
870063.3102506793
870063.3102506793
870063.3102506793
870063.3102506793
870063.3102506793
870063.3102506793
870063.3102506793
870063.3102506793
870063.3102506793
870063.3102506793
869988.2195608264
869533.5063105687
869533.5063105687
869533.5063105687
869450.1591374492
869450.1591374492
869450.1591374492
869450.1591374492
869450.1591374492
869450.1591374492
869450.1591374492
869115.6945099537
869115.6945099537
869115.6945099537
869115.6945099537
869115.6945099537
869115.6945099537
869115.6945099537
869115.6945099537
869115.6945099537
869115.6945099537
868803.2429335308
868803.2429335308
868803.2429335308
868803.2429335308
868803.2429335308
868803.2429335308
868803.2429335308
868803.2429335308
868803.2429335308
868803.2429335308
868803.2429335308
868803.2429335308
868803.2429335308
868803.2429335308
868803.2429335308
868803.2429335308
868803.2429335308
868560.8146219247
868560.8146219247
868560.8146219247
868560.8146219247
868560.8146219247
868560.8146219247
868560.8146219247
868560.8146219247
868560.8146219247
868145.675259195
868145.675259195
868145.675259195
868145.675259195
868145.675259195
868145.675259195
868145.675259195
868145.675259195
868145.675259195
868145.675259195
867971.5069685508
867971.5069685508
867971.5069685508
867963.1975724479
867622.6694475788
867622.6694475788
867622.6694475788
867622.6694475788
867622.6694475788
867622.6694475788
867622.6694475788
867622.6694475788
867622.6694475788
867622.6694475788
867622.6694475788
867622.6694475788
867622.6694475788
867622.6694475788
867622.6694475788
867622.6694475788
867622.6694475788
867518.1716827359
867518.1716827359
867518.1716827359
867518.1716827359
867518.1716827359
867518.1716827359
867459.8668840213
867333.711701939
867333.711701939
867333.711701939
867333.711701939
867333.711701939
867333.711701939
867333.711701939
867333.711701939
867333.711701939
867333.711701939
867333.711701939
867216.4215764946
867216.4215764946
867216.4215764946
867216.4215764946
867216.4215764946
867216.4215764946
867216.4215764946
867216.4215764946
867216.4215764946
867216.4215764946
867216.4215764946
867216.4215764946
867216.4215764946
867216.4215764946
867216.4215764946
867216.4215764946
866939.6735928123
866939.6735928123
866939.6735928123
866934.1156016121
866934.1156016121
866934.1156016121
866904.8179639908
866904.8179639908
866904.8179639908
866904.8179639908
866904.8179639908
866904.8179639908
866904.8179639908
866904.8179639908
866904.8179639908
866904.8179639908
866904.8179639908
866904.8179639908
866156.3913509399
866156.3913509399
866156.3913509399
866156.3913509399
866156.3913509399
866156.3913509399
866156.3913509399
866156.3913509399
866082.9115193847
866082.9115193847
865748.3359999598
865748.3359999598
865748.3359999598
865506.3108984712
865506.3108984712
865506.3108984712
865506.3108984712
865506.3108984712
865506.3108984712
865355.8527513013
865355.8527513013
865355.8527513013
865355.8527513013
865355.8527513013
865355.8527513013
865355.8527513013
865319.4688931981
865319.4688931981
865319.4688931981
865319.4688931981
865319.4688931981
865319.4688931981
865319.4688931981
865319.4688931981
865319.4688931981
865319.4688931981
865319.4688931981
865319.4688931981
865319.4688931981
865096.4424470442
865096.4424470442
865096.4424470442
865096.4424470442
865096.4424470442
865096.4424470442
865096.4424470442
865096.4424470442
865096.4424470442
865096.4424470442
865096.4424470442
865096.4424470442
865096.4424470442
865096.4424470442
865096.4424470442
865096.4424470442
865096.4424470442
865096.4424470442
864776.0163197655
864776.0163197655
864776.0163197655
864776.0163197655
864776.0163197655
864776.0163197655
864645.2863371936
864645.2863371936
864645.2863371936
864645.2863371936
864590.4327831912
864488.7837751119
864488.7837751119
864488.7837751119
864488.7837751119
864488.7837751119
864488.7837751119
864488.7837751119
864488.7837751119
864488.7837751119
864488.7837751119
864488.7837751119
864438.9534345185
864438.9534345185
864438.9534345185
864333.8883443602
864333.8883443602
864333.8883443602
864333.8883443602
863131.9742100148
862777.5985074646
862276.3851912986
862276.3851912986
862170.1671763526
862055.3664677362
862055.3664677362
862055.3664677362
862055.3664677362
862055.3664677362
861820.4368801683
861820.4368801683
861820.4368801683
861820.4368801683
861820.4368801683
861820.4368801683
861577.7151823739
861361.3678876162
861361.3678876162
861361.3678876162
861361.3678876162
861361.3678876162
861361.3678876162
861361.3678876162
861361.3678876162
861361.3678876162
861361.3678876162
861008.1954482646
861008.1954482646
861008.1954482646
861008.1954482646
861008.1954482646
861008.1954482646
861008.1954482646
860880.6443195804
860880.6443195804
860880.6443195804
860880.6443195804
860861.4733679758
860861.4733679758
860861.4733679758
860861.4733679758
860703.6955836681
860703.6955836681
860703.6955836681
860703.6955836681
860703.6955836681
860703.6955836681
860703.6955836681
860703.6955836681
860703.6955836681
860703.6955836681
860703.6955836681
860703.6955836681
860703.6955836681
860703.6955836681
860703.6955836681
860703.6955836681
860703.6955836681
860703.6955836681
860703.6955836681
860606.4356038528
860606.4356038528
860159.1699170981
860159.1699170981
860159.1699170981
860159.1699170981
860159.1699170981
860159.1699170981
859741.6292281565
859416.9902488908
859416.9902488908
859316.1149246643
859316.1149246643
859316.1149246643
859316.1149246643
859316.1149246643
859168.3968175084
859168.3968175084
859168.3968175084
859168.3968175084
859168.3968175084
859168.3968175084
859168.3968175084
859168.3968175084
859168.3968175084
859168.3968175084
859168.3968175084
859168.3968175084
859168.3968175084
859168.3968175084
859168.3968175084
859168.3968175084
859168.3968175084
859168.3968175084
859168.3968175084
859168.3968175084
859168.3968175084
859168.3968175084
859168.3968175084
859168.3968175084
859168.3968175084
858978.54434374
858978.54434374
858978.54434374
858978.54434374
858978.54434374
858978.54434374
858978.54434374
858978.54434374
858978.54434374
858978.54434374
858978.54434374
858978.54434374
858978.54434374
858978.54434374
858978.54434374
858978.54434374
858978.54434374
858978.54434374
858978.54434374
858978.54434374
858978.54434374
858978.54434374
858978.54434374
858978.54434374
858978.54434374
858978.54434374
858978.54434374
858978.54434374
858978.54434374
858978.54434374
858978.54434374
858418.0176327161
858418.0176327161
858418.0176327161
858418.0176327161
858418.0176327161
858418.0176327161
857791.3869285312
857791.3869285312
857791.3869285312
857213.453859349
857213.453859349
857213.453859349
857213.453859349
857213.453859349
857213.453859349
857213.453859349
857213.453859349
857213.453859349
857008.0853098314
857008.0853098314
857008.0853098314
857008.0853098314
857008.0853098314
857008.0853098314
857008.0853098314
857008.0853098314
856897.0403052184
856897.0403052184
856897.0403052184
856897.0403052184
856897.0403052184
856897.0403052184
856897.0403052184
856897.0403052184
856897.0403052184
856897.0403052184
856897.0403052184
856897.0403052184
856897.0403052184
856897.0403052184
856897.0403052184
856897.0403052184
856897.0403052184
856897.0403052184
856897.0403052184
856897.0403052184
856897.0403052184
856897.0403052184
856897.0403052184
856891.0944360272
856891.0944360272
856891.0944360272
856891.0944360272
856891.0944360272
856891.0944360272
856891.0944360272
856891.0944360272
856891.0944360272
856891.0944360272
856891.0944360272
856891.0944360272
856891.0944360272
856891.0944360272
856891.0944360272
856891.0944360272
856891.0944360272
856891.0944360272
856891.0944360272
856891.0944360272
856891.0944360272
856891.0944360272
856891.0944360272
856876.7430050872
856760.406674382
856760.406674382
856760.406674382
856760.406674382
856760.406674382
856760.406674382
856760.406674382
856760.406674382
856760.406674382
856760.406674382
856682.9474443165
856682.9474443165
856682.9474443165
856682.9474443165
856682.9474443165
856682.9474443165
856682.9474443165
856682.9474443165
856682.9474443165
856682.9474443165
856440.7765927201
856440.7765927201
856440.7765927201
856440.7765927201
856440.7765927201
856440.7765927201
856378.1531237932
856378.1531237932
856378.1531237932
856378.1531237932
856062.2608341377
856062.2608341377
856062.2608341377
856062.2608341377
856060.329277292
855725.4943920991
855725.4943920991
855725.4943920991
855725.4943920991
855415.6803653718
855415.6803653718
855415.6803653718
855415.6803653718
855415.6803653718
855415.6803653718
855415.6803653718
855415.6803653718
855415.6803653718
855415.6803653718
855415.6803653718
854737.7494031828
854737.7494031828
854737.7494031828
854737.7494031828
854737.7494031828
854737.7494031828
854737.7494031828
854737.7494031828
854737.7494031828
854737.7494031828
854737.7494031828
854737.7494031828
854737.7494031828
854737.7494031828
854737.7494031828
854737.7494031828
854737.7494031828
854737.7494031828
854699.9068955623
854699.9068955623
854699.9068955623
854646.5026868291
854646.5026868291
854646.5026868291
854646.5026868291
854646.5026868291
854646.5026868291
854646.5026868291
854646.5026868291
854646.5026868291
854646.5026868291
854646.5026868291
854646.5026868291
854646.5026868291
854545.4753902878
854545.4753902878
854545.4753902878
854545.4753902878
854545.4753902878
854545.4753902878
854545.4753902878
854545.4753902878
854545.4753902878
854420.8480298426
854420.8480298426
854420.8480298426
854420.8480298426
854420.8480298426
854420.8480298426
854420.8480298426
854420.8480298426
854420.8480298426
854420.8480298426
854420.8480298426
854420.8480298426
854420.8480298426
854420.8480298426
854420.8480298426
854151.3182176847
854096.8544122744
854051.717832961
854051.717832961
854051.717832961
854051.717832961
854051.717832961
853907.625458126
853907.625458126
853907.625458126
853907.625458126
853805.2727659988
853805.2727659988
853805.2727659988
853805.2727659988
853805.2727659988
853805.2727659988
853805.2727659988
853805.2727659988
853805.2727659988
853780.0790661632
853745.9965772019
853745.9965772019
853745.9965772019
853689.9273903162
853689.9273903162
853689.9273903162
853689.9273903162
853689.9273903162
853630.8868372141
853630.8868372141
853630.8868372141
853626.8722387323
853626.8722387323
853626.8722387323
853626.8722387323
853626.8722387323
853626.8722387323
853626.8722387323
853626.8722387323
853626.8722387323
853626.8722387323
853626.8722387323
853626.8722387323
853510.6239622843
853510.6239622843
853353.0564753494
853353.0564753494
853353.0564753494
853353.0564753494
853353.0564753494
853353.0564753494
853353.0564753494
853353.0564753494
853353.0564753494
853126.5771778246
853126.5771778246
853126.5771778246
853126.5771778246
852981.1239297299
852981.1239297299
852981.1239297299
852981.1239297299
852678.9004204625
852678.9004204625
852678.9004204625
852678.9004204625
852678.9004204625
852678.9004204625
852678.9004204625
852678.9004204625
852678.9004204625
852632.605914158
852632.605914158
852632.605914158
852632.605914158
852632.605914158
852632.605914158
852632.605914158
852632.605914158
852632.605914158
852501.5412965186
852501.5412965186
852501.5412965186
852501.5412965186
852501.5412965186
852501.5412965186
852501.5412965186
852417.3394629834
852400.9351774084
852400.9351774084
852400.9351774084
852311.6041069392
852311.6041069392
852311.6041069392
852311.6041069392
852311.6041069392
852311.6041069392
852311.6041069392
852311.6041069392
852311.6041069392
851757.0332509717
851757.0332509717
851757.0332509717
851757.0332509717
851649.8580023663
851649.8580023663
851649.8580023663
851649.8580023663
851649.8580023663
851649.8580023663
851649.8580023663
851649.8580023663
851649.8580023663
851649.8580023663
851649.8580023663
851455.8430297329
851455.8430297329
851455.8430297329
851291.8821207469
851291.8821207469
851291.8821207469
851291.8821207469
851291.8821207469
851291.8821207469
851291.8821207469
851291.8821207469
851291.8821207469
851291.8821207469
851291.8821207469
851291.8821207469
851291.8821207469
851291.8821207469
851115.7045824087
851115.7045824087
851115.7045824087
850280.9019105183
850280.9019105183
850280.9019105183
850280.9019105183
850280.9019105183
850280.9019105183
850280.9019105183
850280.9019105183
850280.9019105183
850280.9019105183
850280.9019105183
850042.8969013765
850042.8969013765
850042.8969013765
850042.8969013765
850042.8969013765
850042.8969013765
850042.8969013765
850042.8969013765
850042.8969013765
850042.8969013765
850042.8969013765
849823.5548266119
849634.4102098728
849634.4102098728
849634.4102098728
849634.4102098728
849634.4102098728
849634.4102098728
849634.4102098728
849615.280113604
849570.8518566107
849570.8518566107
849570.8518566107
849570.8518566107
849570.8518566107
849570.8518566107
849570.8518566107
849570.8518566107
849570.8518566107
849528.3989093233
849528.3989093233
849528.3989093233
849528.3989093233
849528.3989093233
849484.3292662024
849484.3292662024
849484.3292662024
849484.3292662024
849484.3292662024
849413.078635544
849322.2529467812
849322.2529467812
849322.2529467812
848707.8163389021
848707.8163389021
848707.8163389021
848707.8163389021
848707.8163389021
848319.6373836047
848319.6373836047
848241.1756990685
848180.2525546897
848180.2525546897
848180.2525546897
847877.9470873644
847718.9494427103
847718.9494427103
847347.8314733687
847194.9650665849
847194.9650665849
847194.9650665849
847194.9650665849
847194.9650665849
847194.9650665849
847194.9650665849
847194.9650665849
847176.8410896831
847176.8410896831
847176.8410896831
847176.8410896831
847176.8410896831
847013.6526258702
847013.6526258702
847013.6526258702
847013.6526258702
847013.6526258702
847013.6526258702
847013.6526258702
847013.6526258702
847013.6526258702
847013.6526258702
847013.6526258702
847013.6526258702
847013.6526258702
847013.6526258702
847013.6526258702
847013.6526258702
847013.6526258702
847013.6526258702
847013.6526258702
847013.6526258702
845796.5870165019
845796.5870165019
845796.5870165019
845796.5870165019
845796.5870165019
845796.5870165019
845796.5870165019
845796.5870165019
845796.5870165019
845796.5870165019
845796.5870165019
845768.6269314508
845768.6269314508
845601.0841287121
845601.0841287121
845354.1535258316
845354.1535258316
845354.1535258316
845354.1535258316
845354.1535258316
845354.1535258316
845354.1535258316
845354.1535258316
845013.9423835934
844994.8402316589
844849.6733684974
844849.6733684974
844646.2891071471
844646.2891071471
844646.2891071471
844646.2891071471
844646.2891071471
844219.0993540401
844219.0993540401
844219.0993540401
844033.0938551705
844033.0938551705
844010.166154518
844010.166154518
844010.166154518
844010.166154518
844010.166154518
844010.166154518
844010.166154518
844010.166154518
844010.166154518
844010.166154518
844010.166154518
844010.166154518
844010.166154518
844010.166154518
844010.166154518
844010.166154518
844010.166154518
844010.166154518
844010.166154518
844010.166154518
844010.166154518
844010.166154518
844010.166154518
844010.166154518
843928.5415707496
843928.5415707496
843928.5415707496
843928.5415707496
843928.5415707496
843928.5415707496
843928.5415707496
843928.5415707496
843928.5415707496
843928.5415707496
843552.2561038865
843549.8196280973
843549.8196280973
843549.8196280973
843549.8196280973
843549.8196280973
843549.8196280973
843549.8196280973
843549.8196280973
843549.8196280973
843549.8196280973
843549.8196280973
843549.8196280973
843549.8196280973
843549.8196280973
843549.8196280973
843549.8196280973
843549.8196280973
843549.8196280973
843549.8196280973
843549.8196280973
843549.8196280973
843549.8196280973
843549.8196280973
843549.8196280973
843549.8196280973
843549.8196280973
843549.8196280973
843549.8196280973
842911.6097318524
842911.6097318524
842911.6097318524
842911.6097318524
842911.6097318524
842911.6097318524
842911.6097318524
842911.6097318524
842911.6097318524
842911.6097318524
842911.6097318524
842911.6097318524
842911.6097318524
842911.6097318524
842911.6097318524
842911.6097318524
842911.6097318524
842911.6097318524
842911.6097318524
842911.6097318524
842911.6097318524
842499.25281167
842499.25281167
842499.25281167
842499.25281167
842499.25281167
842499.25281167
842499.25281167
842499.25281167
842499.25281167
842499.25281167
842499.25281167
842499.25281167
842499.25281167
842499.25281167
842499.25281167
842499.25281167
842499.25281167
842499.25281167
842499.25281167
842499.25281167
842266.8637113196
842266.8637113196
842266.8637113196
842266.8637113196
842266.8637113196
842266.8637113196
842266.8637113196
841898.038225502
841898.038225502
841898.038225502
841679.4735350043
841679.4735350043
841679.4735350043
841679.4735350043
841679.4735350043
841679.4735350043
841679.4735350043
841679.4735350043
841679.4735350043
841679.4735350043
841679.4735350043
841679.4735350043
841679.4735350043
841679.4735350043
841679.4735350043
841679.4735350043
841679.4735350043
841679.4735350043
841679.4735350043
841679.4735350043
841679.4735350043
841679.4735350043
841679.4735350043
841679.4735350043
841679.4735350043
841679.4735350043
841679.4735350043
841679.4735350043
841679.4735350043
841679.4735350043
841679.4735350043
841679.4735350043
841679.4735350043
841679.4735350043
841679.4735350043
841679.4735350043
841679.4735350043
841679.4735350043
841679.4735350043
841679.4735350043
841679.4735350043
841679.4735350043
841679.4735350043
841679.4735350043
841679.4735350043
841679.4735350043
841679.4735350043
841679.4735350043
841679.4735350043
841679.4735350043
841679.4735350043
