4512792.702598248
4405878.587590185
4323374.417731064
4226093.472079048
4134097.1966481893
4070162.4382099453
3985294.8217034275
3918298.4033657014
3859071.506511037
3810699.772342786
3752376.244236854
3694482.7942402367
3643009.794746734
3597653.47970903
3542635.055033152
3498466.5670866785
3431928.7175129754
3365824.93068627
3298667.0455989237
3248382.999418726
3203215.19077557
3171788.217072978
3128191.7114593964
3083379.46203363
3059591.6061009904
3027903.9102649787
2999065.6418482447
2960685.3721029134
2932263.012267409
2898676.662076004
2856646.6418422605
2829041.480612303
2804089.013108597
2782063.9305059137
2766242.8807702567
2731950.8923508883
2699604.1837989166
2677789.4102750313
2651365.647188738
2627102.38316641
2611450.1602152316
2594562.3279699394
2567062.1184411636
2550436.909922766
2533371.230524588
2516331.5628312426
2493654.627281649
2479391.8330201316
2464758.201633444
2445287.463240703
2420225.688619608
2407019.3576499047
2385708.6612714836
2374988.6105856313
2369951.9633815484
2358329.1101712
2340018.167108115
2324627.3166242633
2316949.8856557617
2298703.3832566515
2283336.2454754254
2267983.744869173
2261573.3583585853
2251230.260469446
2242747.7095441446
2237239.450291978
2219829.9647314316
2205057.962841902
2193599.56893734
2178298.613237774
2163438.6425020304
2152096.9906222518
2145211.635713542
2131898.123638402
2130056.127827633
2114178.9870194765
2102791.238600892
2088864.4257251925
2068152.8805475903
2066828.129128327
2060480.2053516482
2051237.3435238465
2035003.797283439
2027946.151005616
2015227.6591564901
2008938.4441272873
2000836.4530581546
1994997.8232152532
1984340.2773045185
1978354.7224634788
1973816.769090362
1969156.439097362
1965526.5756805902
1961610.9399143518
1955392.8781818736
1949007.3302301764
1945671.286699749
1934831.6067073809
1929107.531934787
1925649.4875787306
1911005.7168318264
1903024.6931252286
1894874.8989163213
1889074.9392350828
1886648.1153975227
1878992.5532257173
1874705.145162055
1866364.960710414
1861577.5004283073
1853417.8696088071
1847016.8101135981
1839863.3338504657
1837375.5523296213
1830810.7818699947
1827649.2186692571
1822504.194230377
1818552.8679210283
1813234.6864447524
1810514.2895477284
1805657.8264421779
1802191.9225146887
1798914.8492485313
1794859.0578999158
1788193.555859298
1782915.8280020496
1777553.9944318766
1772677.882693903
1766530.3062608717
1761693.167381702
1757172.3729469324
1755426.1067269722
1749383.0145796528
1747460.7192262039
1741713.9685082966
1730989.0235470356
1726000.4018901174
1720965.491782758
1717941.8737823712
1713655.695670418
1713561.2595619245
1708977.121431371
1704486.0332300279
1698883.8660521198
1695461.124588746
1692723.6057795675
1686899.404134706
1685154.6726179468
1682703.1836599868
1680692.0650821049
1675752.6963808557
1670780.7772588735
1669608.4660717063
1667215.479026854
1664205.1676836673
1663166.17807434
1661519.7792587078
1657922.009866551
1653371.6599240354
1651998.0030111875
1650450.1156161781
1647553.7286904133
1645718.6555055182
1643396.8467462366
1642931.0055041036
1638416.2846766827
1637254.2302942695
1630680.5332792434
1628343.1401796972
1622569.9564417223
1618979.178912296
1618525.3172805002
1617028.2514516115
1614633.9143446547
1612932.3899621766
1611996.532792835
1610144.4180989037
1606822.3241590012
1603354.134652643
1600441.8032267555
1596783.985923171
1594144.2871700686
1593308.8236804781
1590819.414865132
1588046.9148959096
1587088.4346033912
1585902.3304462316
1582846.416509998
1580307.8422622518
1578901.2753528845
1577667.4828329056
1572085.3506632326
1571687.8715256453
1568167.7492256572
1568167.7492256572
1567978.2623858198
1562391.0705118699
1559215.321050332
1557567.4071332233
1556171.353711434
1555396.032011245
1552068.3043968151
1548110.1112811333
1545067.6997141936
1544710.4278654226
1544144.1564749684
1542001.0150505956
1541753.6853125975
1541753.6853125975
1540432.2256836167
1540209.8647351596
1536951.575793994
1532989.6389426063
1531244.8557456485
1528194.232033767
1523993.2262357655
1523193.0769981924
1520890.047385707
1517741.6209048703
1513622.9534626408
1511719.9411555338
1511523.3256426149
1510860.783584416
1508766.7896117487
1507471.558683246
1506180.4906322532
1505441.6985983574
1503597.1464208756
1503394.8199729305
1503363.1725710665
1500304.1904427
1500233.702209413
1500090.346477998
1495886.1088940213
1494559.9437021294
1492344.4164205324
1490952.2606386303
1488095.3919688559
1485208.2022696421
1483736.4340297095
1481902.5488389935
1479841.2610782678
1478290.1427086974
1476063.647089268
1475510.1126440358
1474827.3548854482
1474496.800925065
1474103.372822497
1472304.1293781823
1471427.935487735
1467186.332510145
1464773.9463123607
1464091.801591415
1461166.1587111228
1459780.5142809385
1456422.2753252422
1454728.0768840313
1454132.584519511
1451697.0502782017
1451697.0502782017
1450922.4920277805
1448983.173782559
1447093.3234879985
1446287.1907509817
1444992.468236089
1444662.2534376404
1444305.3165027914
1442176.1421790253
1441758.3357272125
1439817.0463353838
1437795.773620943
1435961.7583376942
1434633.1659996505
1431133.2444912652
1430550.4402566054
1428752.4565099366
1426283.549293754
1425716.1715355376
1424752.939695503
1424607.8811748556
1423609.7048197605
1421741.2060729817
1421357.7556130697
1420439.8875005767
1417915.9630120825
1417708.3173746788
1417464.8949482287
1415449.6283685572
1415089.2963040187
1412584.1800232728
1411682.0486274294
1410863.0759075624
1408447.1730303583
1407374.5334598124
1406972.0488352813
1406941.465701465
1404566.3386033433
1401368.6120282088
1400879.0999206528
1400230.1046588798
1398761.7098500193
1398014.5232403104
1394944.8903006655
1394934.2852594955
1393338.091210459
1393211.7909186105
1392856.003195043
1388747.877430124
1388631.4618336002
1386787.276949176
1386787.276949176
1386783.3296854496
1385395.3333340574
1384528.5011557597
1384402.426446667
1384402.426446667
1382658.0512927119
1381108.9953799504
1379980.3617589227
1378409.6656649471
1376412.386377067
1374370.1425005186
1373309.4680749895
1372120.0011700583
1368999.3134693396
1367889.4189563892
1366517.4937603
1366178.751695343
1364546.76736763
1364338.6509272
1362242.2057404835
1361750.8520874677
1360612.4308283539
1357097.4658506752
1356721.5417162545
1356721.5417162545
1356094.5379897822
1355856.3723739577
1354654.898498083
1354634.9567289604
1353221.3755911575
1351500.2274399453
1351271.097542834
1349612.1693695313
1348110.540308896
1346016.1051200756
1344945.0187755586
1343709.0060745496
1343655.9739734232
1343265.7055563773
1341559.3302877096
1340372.4913447187
1339400.1237037713
1336837.8599227094
1335944.8661795286
1335482.1303128917
1334880.5901314565
1331703.7477961783
1330563.0783476813
1330551.281591299
1329287.022145592
1329287.022145592
1328671.5694942302
1328671.5694942302
1326882.827007438
1325856.9163568052
1324317.061956462
1322123.1602732355
1320980.3512128713
1319907.2226231121
1318500.2268135296
1318236.6584314734
1316104.260957415
1315307.6938017576
1314840.5509273636
1314840.5509273636
1314840.5509273636
1314326.5202957843
1313425.8726114007
1312257.1053860523
1312257.1053860523
1311954.72395219
1311898.3410458202
1309173.8100787168
1307795.7184149106
1307380.7367436183
1307380.7367436183
1306122.2631744286
1305805.0016453487
1305088.7103033648
1303588.3333468046
1300392.369818327
1299336.9186494232
1297373.4394244463
1296812.4988068545
1296812.4988068545
1295607.6132234521
1295036.329428888
1294405.3857666983
1294405.3857666983
1293742.625419839
1293742.625419839
1292938.7762466725
1291370.5454309
1290543.385374656
1289795.7013552878
1289795.012168668
1289711.6356711427
1289141.6133721883
1288860.2067692946
1288860.2067692946
1288115.406822789
1285917.7087543288
1284018.467002689
1283875.5383575866
1283528.8493225693
1283451.0351670808
1282581.5968451225
1282581.5968451225
1282213.973693756
1281219.4645092748
1280356.1675403866
1278516.5306945404
1277005.0793624148
1275467.0008566817
1275000.6260751772
1274383.708627713
1273528.9766390529
1273142.8628735612
1273143.6280309358
1272446.2180691832
1271800.1833337233
1269522.2527676823
1269522.2527676823
1268736.3430775173
1268384.5664007338
1268384.5664007338
1268384.5664007338
1266910.7751725004
1266143.653429205
1264978.4995876532
1264294.8651527376
1263592.3608613748
1263592.3608613748
1262998.7199880541
1260580.9205269683
1260111.736666105
1259386.2977246733
1259386.2977246733
1258527.042664482
1258249.40189488
1257619.735230131
1257619.735230131
1257619.735230131
1257619.1322953622
1256526.6875037088
1256472.3809043528
1256472.3809043528
1256472.3809043528
1256266.5326506055
1256266.5326506055
1256266.5326506055
1254293.6893227324
1252318.7941608683
1251135.657354924
1249975.5800723447
1249418.6763011888
1249304.214899621
1249304.214899621
1248908.2593598026
1248577.7943724552
1248577.7943724552
1248335.4252122156
1248033.283306192
1247909.7499018898
1247909.7499018898
1247427.5685899607
1247312.9112897231
1244743.492151454
1243785.3073431656
1243035.3591167217
1243035.3591167217
1243035.3591167217
1242820.2166163526
1242405.5680732075
1240931.4120134898
1238858.3750655379
1237552.2208121708
1236620.4933447721
1235839.7688453556
1235586.3603752872
1235586.3603752872
1235351.0027806119
1234994.3070408772
1234721.1633428154
1234622.3229566088
1233756.3421995142
1232931.639704356
1232927.8131734468
1232927.8131734468
1232619.929920763
1232229.669805544
1231219.1473322108
1229658.5121707679
1229658.5121707679
1229525.2227001912
1228620.4459006202
1227578.1959293722
1227578.1959293722
1226490.4783145706
1226490.4783145706
1226113.8995483415
1226113.8995483415
1226113.8995483415
1226113.8995483415
1226113.8995483415
1225653.1117761931
1224257.6741645765
1224220.05261095
1223026.6048106733
1222700.5023628804
1222512.9556615585
1221604.5297138095
1221604.5297138095
1221462.428230432
1221462.428230432
1221197.407858002
1221140.5176503146
1220953.5751873958
1220767.6559488387
1220767.6559488387
1220225.5182424434
1220225.5182424434
1219165.624408342
1219165.624408342
1218826.1321581283
1216471.3302204483
1215284.0999448074
1215284.0999448074
1214580.1485451618
1214396.3813605949
1214396.3813605949
1214396.3813605949
1213904.548084972
1213535.015080511
1213535.015080511
1213161.4677185786
1213087.600482597
1212676.434581102
1212534.1678946936
1212014.8961510803
1212014.8961510803
1212014.8961510803
1211741.5576518574
1211176.4393205522
1211098.4437546856
1211098.4437546856
1211098.4437546856
1210399.4115847843
1209644.0697590315
1209564.239944358
1209564.239944358
1207711.0487066489
1207461.3348823413
1207356.926250818
1207356.926250818
1206469.5070593494
1206236.60204774
1205728.3919459977
1205101.8016753441
1205101.8016753441
1203616.2158311966
1203616.2158311966
1203424.4576503132
1202819.1691027388
1201677.8866392975
1201677.8866392975
1201402.6756926351
1200779.327991608
1200779.327991608
1200772.296203509
1199627.4100102026
1199627.4100102026
1198996.367619554
1198799.7106639552
1197306.89491157
1197306.89491157
1197276.8223463693
1197054.443316019
1197008.3219511672
1197008.3219511672
1196832.1581497737
1196832.1581497737
1196420.4990792333
1195595.2046220717
1194945.7021870455
1194264.6237442791
1193974.2173363804
1193644.9398154137
1193490.2180208745
1193431.688719031
1193431.688719031
1193149.162968907
1192777.1643832168
1192439.8091045108
1191775.1113847962
1191291.1153766392
1191291.1153766392
1191291.1153766392
1191291.1153766392
1190600.4158168705
1189974.1455910872
1189974.1455910872
1189580.9031203273
1188700.1749820474
1188437.7505542168
1188371.218123847
1188247.1722219037
1188101.7035192735
1187918.2697971587
1187349.4803050754
1187193.041781926
1186350.6292147068
1185890.9148914
1185490.7343846287
1185347.5494110477
1184755.1974218534
1184755.1974218534
1184755.1974218534
1184560.8608814063
1184560.8608814063
1184560.8608814063
1184560.8608814063
1184189.9031494823
1183571.4857398057
1183571.4857398057
1183548.8740480011
1182691.755269338
1182691.755269338
1182673.7692832337
1182673.7692832337
1181617.2452227995
1179790.189115679
1179790.189115679
1178153.437982956
1177560.8074415606
1177560.8074415606
1177300.7092992442
1176922.8983864556
1176498.1181161779
1175239.2169037596
1174247.8935477082
1174111.7904414139
1173681.3910973337
1172927.4530501633
1172818.7380938581
1172705.610022753
1170260.621635055
1170260.621635055
1170153.2272784635
1170085.0585314902
1169197.0978528361
1169197.0978528361
1169197.0978528361
1169123.8903279933
1168779.880815899
1168779.880815899
1168779.880815899
1168779.880815899
1168779.880815899
1168717.0102463043
1167326.1769830608
1167170.801283358
1166001.9064662284
1166001.9064662284
1166001.9064662284
1165931.55149103
1165931.55149103
1165678.504912979
1165678.504912979
1165678.504912979
1165678.504912979
1165567.274583811
1165567.274583811
1165350.4406769366
1163729.5726500289
1163729.5726500289
1163729.5726500289
1163729.5726500289
1163729.5726500289
1163278.15619905
1163069.8209118224
1162933.3753236362
1162108.3784145564
1161900.1746101896
1161348.8062700755
1161348.8062700755
1160551.2733708946
1160551.2733708946
1160492.4022147611
1160492.4022147611
1160214.6456704496
1159690.930137036
1159690.930137036
1159431.0228308076
1159431.0228308076
1158651.7678044634
1158651.7678044634
1158651.7678044634
1158284.5308630532
1157878.3205565042
1157878.3205565042
1157237.6822085436
1156714.219127616
1156714.219127616
1156619.9121838086
1156619.9121838086
1155906.7812743476
1155907.3666946772
1155907.3666946772
1155907.3666946772
1155890.6118261195
1155890.6118261195
1154796.7878624783
1154796.7878624783
1154279.704463907
1153561.7561173318
1152414.2854420952
1152414.2854420952
1152414.2854420952
1151883.093601672
1151548.6420243573
1149819.0793204135
1149548.837725759
1148961.149567261
1148650.6517240382
1148252.2441778951
1146566.5312550273
1145891.583195504
1145891.583195504
1145891.583195504
1145539.3580058345
1145315.4972330935
1145293.519249295
1144708.760406538
1144420.378250284
1144420.378250284
1143051.2926763862
1143051.2926763862
1142694.0295014263
1141390.4703861359
1140976.1841209135
1140152.0659486395
1140152.0659486395
1140036.9661388416
1140010.8356173285
1139489.9481417285
1138172.642733784
1137999.5475531444
1137999.5475531444
1137999.5475531444
1137999.5475531444
1136807.9231429049
1135741.141777276
1135741.141777276
1135741.141777276
1135193.6435819478
1135193.6435819478
1135193.6435819478
1135193.6435819478
1135147.5404651277
1134497.869356968
1133301.5194363494
1133163.2833658685
1132547.555044039
1132547.555044039
1132456.6371071406
1132456.6371071406
1132421.2580277887
1132421.2580277887
1132405.590889126
1132405.590889126
1132404.986142994
1132404.986142994
1131882.841584936
1131838.6187665602
1131107.6847252976
1130857.0094600392
1130857.0094600392
1130857.0094600392
1130719.2990889598
1130719.2990889598
1130658.6401072373
1130658.6401072373
1130024.744593254
1130024.744593254
1129513.6060369327
1129513.6060369327
1129513.6060369327
1129513.6060369327
1129513.6060369327
1129093.4373054868
1129093.4373054868
1129093.4373054868
1129093.4373054868
1128665.2011257801
1128665.2011257801
1128131.448076491
1128004.5987145514
1128004.5987145514
1127562.8845920272
1127562.8845920272
1127552.0734018637
1127552.0734018637
1125404.4376308294
1124980.382099058
1124971.8004652548
1124971.8004652548
1124803.5730605666
1124439.4322805214
1124087.6807356225
1124085.6444969843
1124085.6444969843
1124085.6444969843
1123690.7538982504
1122376.0414467535
1122376.0414467535
1122059.4463199344
1121683.2938770945
1121683.2938770945
1121484.481394914
1120943.7679868517
1120435.7616887507
1119641.7939639597
1119177.2833890484
1119177.2833890484
1118122.970659302
1117353.2656489457
1117317.2136334032
1117192.318123547
1117025.128155121
1116979.7641957342
1116710.3776130402
1116081.4297232695
1116081.4297232695
1115656.7637257555
1115656.7637257555
1115656.7637257555
1113879.67235778
1113879.67235778
1113879.67235778
1113879.67235778
1113373.6862744074
1112470.1207670737
1112058.83456263
1111226.5124489372
1111226.5124489372
1111226.5124489372
1111077.1360440939
1110957.8319790212
1110957.8319790212
1110216.1116418834
1109562.077004766
1109562.077004766
1109562.077004766
1109562.077004766
1109562.077004766
1109562.077004766
1109562.077004766
1109287.6383903194
1109287.6383903194
1106921.6226926334
1106921.6226926334
1106921.6226926334
1106849.4500026165
1106849.4500026165
1105702.2287605195
1105702.2287605195
1105365.7870392976
1105318.5075296296
1105318.5075296296
1105318.5075296296
1105250.797615723
1105250.797615723
1105245.657712887
1105245.657712887
1104897.676692503
1104111.1168841675
1104111.1168841675
1103492.4990943456
1103458.390851107
1103069.9162599435
1103069.9162599435
1102597.1323115411
1102597.1323115411
1102597.1323115411
1102597.1323115411
1102597.1323115411
1101343.9350238352
1101343.9350238352
1101343.9350238352
1101182.584362564
1101182.584362564
1100402.0077953865
1100402.0077953865
1100402.0077953865
1100322.5021646512
1099043.2376491502
1098716.5983578109
1098529.9532663773
1098529.9532663773
1098529.9532663773
1098529.9532663773
1098224.0538262262
1098126.6752596644
1098126.6752596644
1098126.6752596644
1098126.6752596644
1098126.6752596644
1097705.8540276217
1097455.046556437
1097036.8883850928
1096998.614536022
1096883.4168507545
1096883.4168507545
1096883.4168507545
1096883.4168507545
1096527.1155356984
1096147.7814379698
1096147.7814379698
1095534.0997122386
1095534.0997122386
1095534.0997122386
1094770.8895628927
1094588.4682801568
1094508.2272185176
1094508.2272185176
1091491.1321820451
1090733.864334495
1090299.7998884758
1090299.7998884758
1090299.7998884758
1090299.7998884758
1090242.6439724504
1090242.6439724504
1090083.834117943
1089749.983870053
1089736.1951697003
1089731.9559457817
1089731.9559457817
1089731.9559457817
1089295.2819418465
1088691.3990657814
1088691.3990657814
1088016.682805996
1088016.682805996
1088016.682805996
1088016.682805996
1087931.2902335897
1087613.3975298635
1087613.3975298635
1087598.9474081027
1087598.9474081027
1087598.9474081027
1087598.9474081027
1087598.9474081027
1087482.2394601018
1087482.2394601018
1087482.2394601018
1087442.1456286255
1087442.1456286255
1087442.1456286255
1087049.6610615016
1087049.6610615016
1086839.7745962976
1086839.7745962976
1086839.7745962976
1086839.7745962976
1086839.7745962976
1086839.7745962976
1086839.7745962976
1086839.7745962976
1086839.7745962976
1086839.7745962976
1086076.4896034217
1086076.4896034217
1085624.582173571
1085513.2241171568
1085209.36915142
1085209.36915142
1085183.2013599514
1084482.3821414267
1084482.3821414267
1084340.8525156346
1084340.8525156346
1084340.8525156346
1084340.8525156346
1084340.8525156346
1084340.8525156346
1084340.8525156346
1082857.8925129827
1082857.8925129827
1082857.8925129827
1082857.8925129827
1082197.6837327508
1081046.6873382335
1080788.5171600948
1079732.2002985356
1079732.2002985356
1079630.8356954288
1079630.8356954288
1078444.6913089966
1078444.6913089966
1078039.707615657
1078039.707615657
1078039.707615657
1078039.707615657
1077962.8995072749
1077962.8995072749
1077962.8995072749
1077962.8995072749
1077962.8995072749
1077962.8995072749
1077962.8995072749
1077962.8995072749
1077727.1520289627
1077340.7488153682
1077340.7488153682
1077080.3388151522
1076760.9828863784
1076760.9828863784
1076019.144382692
1076019.144382692
1076019.144382692
1075955.3660883878
1075329.7272135215
1075329.7272135215
1074782.9846370195
1074441.277289033
1074333.0219800207
1074333.0219800207
1074158.7200722157
1074078.846152498
1074078.846152498
1074078.846152498
1074078.846152498
1074078.846152498
1074078.846152498
1074078.846152498
1073916.8654180712
1073916.8654180712
1073916.8654180712
1073916.8654180712
1073916.8654180712
1073589.2989352685
1073589.2989352685
1073589.2989352685
1073485.3129407545
1073485.3129407545
1073269.6749579587
1073259.7346101524
1073072.3842998266
1073072.3842998266
1073072.3842998266
1073072.3842998266
1073072.3842998266
1072199.8764827428
1072199.8764827428
1072199.8764827428
1070594.756916674
1070414.4904394126
1070172.6880073554
1070172.3695320725
1070172.3695320725
1070172.3695320725
1069237.0393821357
1068839.3638756275
1068839.3638756275
1068493.2798689965
1068493.2798689965
1068274.4976011377
1068274.4976011377
1068274.4976011377
1068274.4976011377
1068274.4976011377
1068274.4976011377
1066410.6131791892
1066258.938808598
1066230.9835721278
1066003.5762445163
1065685.1087252176
1065685.1087252176
1064930.1353976843
1064832.750604151
1064384.7454241004
1064157.3502139947
1063733.5218724352
1063211.000308014
1061961.8141480004
1061835.9207460545
1061835.9207460545
1061835.9207460545
1061835.9207460545
1061468.8744106789
1061210.3763654083
1060256.7034840207
1059831.925197439
1059831.925197439
1059644.6662406605
1059028.8447359107
1058775.0186534587
1058775.0186534587
1058484.036550742
1058460.9720950543
1058333.7771228054
1058029.0797703974
1058029.0797703974
1056816.2354369806
1056816.2354369806
1056478.5547323115
1056478.5547323115
1056294.7929102874
1056294.7929102874
1056102.4576730554
1055907.3876908578
1055907.3876908578
1055907.3876908578
1055597.919676624
1055597.919676624
1055597.919676624
1055597.919676624
1054743.5756411306
1054315.7411888167
1052265.2691360433
1051885.5598396428
1051628.5597562906
1051539.8850335553
1051539.8850335553
1051355.1551944206
1051035.1523912603
1051035.1523912603
1051035.1523912603
1050727.5734308176
1050509.591434592
1049558.8024155353
1049558.8024155353
1049558.8024155353
1049190.7895743642
1048162.9704936919
1047880.9223832159
1047588.1070133331
1046942.7689241094
1046942.7689241094
1046942.7689241094
1046910.1766532748
1046910.1766532748
1046910.1766532748
1046868.8738048051
1046826.6235332128
1046826.6235332128
1046711.3345819106
1046650.8453458102
1046650.8453458102
1046650.8453458102
1046650.8453458102
1046650.8453458102
1046650.8453458102
1046650.8453458102
1046576.1803669496
1046476.7823901456
1044717.7308888172
1044067.3894438338
1044067.3894438338
1044067.3894438338
1044067.3894438338
1044067.3894438338
1043005.7371953151
1043005.7371953151
1041836.3690719611
1041836.3690719611
1041836.3690719611
1041754.5767734515
1041754.5767734515
1041754.5767734515
1041754.5767734515
1041754.5767734515
1041754.5767734515
1041509.1893729586
1041509.1893729586
1041509.1893729586
1041509.1893729586
1041070.8239613549
1041070.8239613549
1041070.8239613549
1040676.2334874398
1039984.6979161843
1039893.5740908915
1039776.0889803704
1039131.0011904327
1038657.3541817552
1038056.0550273969
1038056.0550273969
1038056.0550273969
1038056.0550273969
1038056.0550273969
1037745.9774800733
1037745.9774800733
1037745.9774800733
1037745.9774800733
1037686.0837432474
1037359.2377565049
1037359.2377565049
1037359.2377565049
1037359.2377565049
1037019.3500088198
1037019.3500088198
1037019.3500088198
1037019.3500088198
1037019.3500088198
1036403.3649057139
1036283.4234247471
1036283.4234247471
1036283.4234247471
1036239.988472775
1036239.988472775
1036239.988472775
1036239.988472775
1036014.3009318697
1035850.2173071345
1035850.2173071345
1035850.2173071345
1035850.2173071345
1035850.2173071345
1034448.7682418519
1034308.1774386857
1034225.9125595826
1034225.9125595826
1034225.9125595826
1033476.622953035
1033476.622953035
1033476.622953035
1032725.1978971844
1032684.8464807207
1032488.6708459278
1032488.6708459278
1032488.6708459278
1032488.6708459278
1032488.6708459278
1032488.6708459278
1031981.8943504273
1031981.8943504273
1031981.8943504273
1031565.6447218151
1031151.8324557983
1031068.876683604
1031068.876683604
1029665.2335511248
1029665.2335511248
1029665.2335511248
1029665.2335511248
1029665.2335511248
1029665.2335511248
1029582.3327011907
1029582.3327011907
1029582.3327011907
1029582.3327011907
1029582.3327011907
1029582.3327011907
1029582.3327011907
1029582.3327011907
1029582.3327011907
1028469.969391152
1028469.969391152
1028469.969391152
1028469.969391152
1028469.969391152
1028469.969391152
1027121.8771277501
1027121.8771277501
1027012.1016437437
1026932.2857258769
1026451.6709754865
1026451.6709754865
1026451.6709754865
1026448.70170703
1026448.70170703
1026448.70170703
1026448.70170703
1026448.70170703
1026155.7184242469
1025856.8854139363
1025856.8854139363
1025856.8854139363
1025481.0142576194
1025481.0142576194
1025481.0142576194
1025481.0142576194
1025316.2802522768
1025027.272039966
1024596.9988157353
1024596.9988157353
1024596.9988157353
1024579.1466554626
1024579.1466554626
1024579.1466554626
1024557.6963256327
1024343.5844645477
1023913.2543598164
1023913.2543598164
1023158.5234047574
1023158.5234047574
1022597.120902991
1022597.120902991
1022597.120902991
1022537.2534522876
1022537.2534522876
1022537.2534522876
1022018.2838229524
1022018.2838229524
1022018.2838229524
1022018.2838229524
1021747.7800538281
1021747.7800538281
1021747.7800538281
1020769.7657924047
1020769.7657924047
1020769.7657924047
1020769.7657924047
1020769.7657924047
1020769.7657924047
1020769.7657924047
1020769.7657924047
1020562.8334315353
1020562.8334315353
1020562.8334315353
1019979.0426033889
1019815.2565735343
1019572.5758528676
1019572.5758528676
1019572.5758528676
1019231.5734526382
1019231.5734526382
1019231.5734526382
1019231.5734526382
1017630.6501701113
1017630.6501701113
1017630.6501701113
1017383.5158525482
1017229.1332821454
1017229.1332821454
1017119.6229289329
1017119.6229289329
1017119.6229289329
1016393.4103256774
1016393.4103256774
1016393.4103256774
1016393.4103256774
1016393.4103256774
1016393.4103256774
1016353.7855528381
1015609.3610113098
1015609.3610113098
1015390.5856631617
1015237.6398980017
1015237.6398980017
1015237.6398980017
1015133.3142518849
1014788.5530014073
1014788.5530014073
1014788.5530014073
1014788.5530014073
1014788.5530014073
1014788.5530014073
1014483.2117797364
1014483.2117797364
1014161.1789878852
1014161.1789878852
1014161.1789878852
1014033.3533051058
1013584.087505527
1013134.3815569535
1013134.3815569535
1012786.3972127459
1012786.3972127459
1012786.3972127459
1012786.3972127459
1012556.159581959
1012556.159581959
1012556.159581959
1012170.2538177657
1012170.2538177657
1011924.1784098134
1011924.1784098134
1011924.1784098134
1010745.3093612748
1010745.3093612748
1010745.3093612748
1010027.5647415337
1010027.5647415337
1010027.5647415337
1010027.5647415337
1008738.6208445334
1008215.3484288326
1008215.3484288326
1008215.3484288326
1008021.1184572591
1008021.1184572591
1007974.5225907753
1007974.5225907753
1007974.5225907753
1007974.5225907753
1007974.5225907753
1007974.5225907753
1007305.2792167835
1006528.8455337774
1006009.4921598639
1005585.5502894588
1004515.9046070598
1004515.9046070598
1004515.9046070598
1004515.9046070598
1004423.3646667581
1004347.6146442095
1004347.6146442095
1004347.6146442095
1004347.6146442095
1004347.6146442095
1004347.6146442095
1004251.2330184674
1003328.541835695
1003328.541835695
1002980.3502273058
1002980.3502273058
1002551.8784698354
1002551.8784698354
1002551.8784698354
1002551.8784698354
1002551.8784698354
1002258.2679809191
1002135.4960062539
1002135.4960062539
1002135.4960062539
1002001.6861273684
1001865.2905872895
1001865.2905872895
1001823.9250550121
1001823.9250550121
1001823.9250550121
1001823.9250550121
1001822.3130516051
1001822.3130516051
1001802.780404276
1001802.780404276
1001802.780404276
1001802.780404276
1001554.3531649082
1001554.3531649082
1001554.3531649082
1001554.3531649082
1001554.3531649082
1000915.1551573775
1000915.1551573775
1000763.9408293773
999802.6850170924
999802.6850170924
999802.6850170924
999802.6850170924
999802.6850170924
999802.6850170924
999802.6850170924
999802.6850170924
999548.1659304595
999548.1659304595
999548.1659304595
999548.1659304595
998723.5806290619
998594.640061056
998594.640061056
998594.2317000912
998594.2317000912
998594.2317000912
998594.2317000912
998594.2317000912
998594.2317000912
998594.2317000912
998594.2317000912
998248.039450658
998248.039450658
998235.310507913
998235.310507913
998235.310507913
997944.0028972852
997944.0028972852
997944.0028972852
997944.0028972852
997944.0028972852
997944.0028972852
997944.0028972852
997760.672603477
997579.0637347505
997137.4661943214
997116.9372477282
996825.7810339548
996825.7810339548
996825.7810339548
996825.7810339548
996825.7810339548
994902.5907250551
994772.3310462536
994046.4080695623
994046.4080695623
994046.4080695623
994046.4080695623
994046.4080695623
994046.4080695623
994046.4080695623
994046.4080695623
994046.4080695623
994046.4080695623
994046.4080695623
992899.3122185167
992190.2611499856
992190.2611499856
992190.2611499856
992190.2611499856
991864.3828474311
991864.3828474311
991864.3828474311
990748.5353363629
990748.5353363629
990748.5353363629
990748.5353363629
990748.5353363629
990650.243886693
990650.243886693
990440.9703310925
990213.678442412
989751.6446301892
989751.6446301892
989751.6446301892
989751.6446301892
989189.7933025516
988875.2586691413
988695.3144431761
988695.3144431761
988566.2610998803
988566.2610998803
988566.2610998803
988566.2610998803
988363.828934812
988363.828934812
988363.828934812
988329.2535778753
988329.2535778753
988329.2535778753
988172.4083981554
988172.4083981554
988172.4083981554
988172.4083981554
988172.4083981554
988172.4083981554
988172.4083981554
987912.1780827008
987912.1780827008
987912.1780827008
987897.6767661041
987777.0812811572
987627.2615725695
987627.2615725695
987398.9249716034
987398.9249716034
987398.9249716034
987384.9110493697
987384.9110493697
987372.8011179384
986804.5212689273
986804.5212689273
986804.5212689273
986804.5212689273
986804.5212689273
986804.5212689273
986582.3042665663
986582.3042665663
986582.3042665663
986582.3042665663
986582.3042665663
986582.3042665663
986472.3148128013
986395.5039051006
986395.5039051006
986395.5039051006
986395.5039051006
985752.0450443329
985752.0450443329
983375.6343662814
983375.6343662814
983375.6343662814
982725.7664328753
982637.6549689497
982637.6549689497
982637.6549689497
982637.6549689497
982637.6549689497
981702.4620095363
981702.4620095363
981702.4620095363
981615.4588155122
981615.4588155122
980495.256766683
980495.256766683
979924.688826245
979924.688826245
978801.9892405423
978801.9892405423
978790.717531696
977895.6784587598
977895.6784587598
977895.6784587598
977860.9390633416
977860.9390633416
977860.9390633416
977860.9390633416
977860.9390633416
977860.9390633416
977860.9390633416
977860.9390633416
977860.9390633416
977860.9390633416
977556.5823058184
977556.5823058184
977298.07234995
977298.07234995
977298.07234995
977144.0969782665
977144.0969782665
977144.0969782665
976579.6510453562
976579.6510453562
976213.1646539753
976211.9045834554
975829.6608784553
975829.6608784553
975829.6608784553
975829.6608784553
975829.6608784553
975829.6608784553
975587.7600336478
975587.7600336478
975587.7600336478
975587.7600336478
975587.7600336478
975587.7600336478
975587.7600336478
975247.012536875
975247.012536875
975247.012536875
975247.012536875
975247.012536875
974453.1796112868
974453.1796112868
974453.1796112868
974453.1796112868
974453.1796112868
974453.1796112868
974453.1796112868
974453.1796112868
974419.0305983964
974419.0305983964
974419.0305983964
974061.5587769378
974061.5587769378
974061.5587769378
974061.5587769378
974061.5587769378
974061.5587769378
973880.5590384346
973880.5590384346
973833.6140493248
973692.5139096056
973329.7518715608
972239.2999593336
972128.5608942283
972128.5608942283
971651.0791543254
971651.0791543254
971365.0788737787
971365.0788737787
971365.0788737787
971365.0788737787
971365.0788737787
970553.7269583126
970553.7269583126
970553.7269583126
970553.7269583126
970553.7269583126
970553.7269583126
970553.7269583126
970194.5130179467
970194.5130179467
970194.5130179467
970194.5130179467
970194.5130179467
969795.2256455666
969758.9553141131
969758.9553141131
969238.8945182259
969005.9846095376
969005.9846095376
968831.2445981721
968771.1949073873
968771.1949073873
968771.1949073873
968771.1949073873
968616.9267607452
968616.9267607452
968115.120219233
968115.120219233
966612.1136759535
966612.1136759535
966612.1136759535
966612.1136759535
966612.1136759535
966612.1136759535
966612.1136759535
966474.3828994037
965864.7892897923
965864.7892897923
965864.7892897923
965594.2944069217
965281.2442582388
965281.2442582388
965281.2442582388
965152.0319526098
965152.0319526098
965152.0319526098
965152.0319526098
965152.0319526098
964553.4934182991
964388.5222534586
964115.9315297393
964115.9315297393
964115.9315297393
964115.9315297393
964115.9315297393
964115.9315297393
963988.809727155
963988.809727155
963506.9972073244
963506.9779472055
963506.9779472055
963506.9779472055
963506.9779472055
963506.9779472055
963506.9779472055
963426.9558017391
963194.901525268
963194.901525268
963194.901525268
963194.901525268
963194.901525268
963194.901525268
963041.1743028325
963041.1743028325
963041.1743028325
963041.1743028325
963041.1743028325
963003.4276016066
963003.4276016066
963003.4276016066
962694.397183432
962476.315018412
962476.315018412
961847.8726449198
961811.7848818831
961811.7848818831
961811.7848818831
961811.7848818831
961332.7119713877
961101.7057828538
961101.7057828538
961003.1047893146
961003.1047893146
961003.1047893146
961003.1047893146
961003.1047893146
961003.1047893146
960632.9504393293
960632.9504393293
960632.9504393293
960632.9504393293
960632.9504393293
960632.9504393293
960603.8807140578
960603.8807140578
959344.5069318118
959344.5069318118
959344.5069318118
959344.5069318118
959344.5069318118
959344.5069318118
959344.5069318118
959344.5069318118
959344.5069318118
959344.5069318118
959344.5069318118
959344.5069318118
958732.9940559128
958466.3800147761
958396.3272457402
958396.3272457402
958396.3272457402
958393.879377475
958393.879377475
958252.9841564224
958252.9841564224
958252.9841564224
958252.9841564224
958252.9841564224
958252.9841564224
958252.9841564224
958252.9841564224
958120.472360482
957899.3708154759
957899.3708154759
957899.3708154759
957899.3708154759
957612.8132246572
957612.8132246572
957612.8132246572
957612.8132246572
957155.386060908
956282.5207590712
956282.5207590712
956282.5207590712
956127.3481927253
955892.7577147078
955892.7577147078
955892.7577147078
955892.7577147078
955591.9715101742
955591.9715101742
955394.5387573908
955394.5387573908
955245.4997269495
955245.4997269495
955245.4997269495
955245.4997269495
955245.4997269495
955178.2723851614
955178.2723851614
955086.3227748554
955086.3227748554
955086.3227748554
955086.3227748554
955086.3227748554
955086.3227748554
954937.3119245019
954937.3119245019
954937.3119245019
954937.3119245019
954937.3119245019
954937.3119245019
954937.3119245019
954809.353249615
954809.353249615
954809.353249615
954809.353249615
954729.3517622421
954729.3517622421
954729.3517622421
954729.3517622421
954729.3517622421
954729.3517622421
954729.3517622421
954680.5763789902
954680.5763789902
954435.9089449733
954435.9089449733
954435.9089449733
954195.6679468182
953903.637537264
953903.637537264
953903.637537264
953903.637537264
953903.637537264
953903.637537264
953903.637537264
953903.637537264
953903.637537264
953818.2568335156
953818.2568335156
953818.2568335156
953818.2568335156
953519.0181154473
953519.0181154473
953519.0181154473
953519.0181154473
953519.0181154473
953519.0181154473
953519.0181154473
953519.0181154473
953519.0181154473
953519.0181154473
953349.6611275619
953255.4629081988
953255.4629081988
953255.4629081988
953255.4629081988
952730.8124415904
952730.8124415904
952730.8124415904
952683.8063952682
952252.5307618157
952252.5307618157
952252.5307618157
951785.7881019956
951785.7881019956
951785.7881019956
951785.7881019956
951785.7881019956
951785.7881019956
951785.7881019956
951785.7881019956
951785.7881019956
951785.7881019956
951762.2314984999
951762.2314984999
951762.2314984999
951762.2314984999
951762.2314984999
951762.2314984999
951762.2314984999
951193.6876987775
951193.6876987775
951193.6876987775
951193.6876987775
951193.6876987775
951156.0737120104
951156.0737120104
951156.0737120104
951156.0737120104
951156.0737120104
951156.0737120104
951156.0737120104
951156.0737120104
950563.4403767816
950223.6362329107
950223.6362329107
950223.6362329107
950223.6362329107
950223.6362329107
949696.0404262247
949696.0404262247
949696.0404262247
949696.0404262247
949696.0404262247
949696.0404262247
949696.0404262247
949696.0404262247
949696.0404262247
949696.0404262247
949696.0404262247
949588.759785393
949588.759785393
949588.759785393
949588.759785393
948788.6125173339
948788.6125173339
948788.6125173339
948788.6125173339
948788.6125173339
948788.6125173339
948788.6125173339
948788.6125173339
948788.6125173339
948788.6125173339
948788.6125173339
948788.6125173339
948788.6125173339
948788.6125173339
948788.6125173339
948788.6125173339
948788.6125173339
948425.9051782185
947952.1722823549
947952.1722823549
947952.1722823549
947952.1722823549
947952.1722823549
947952.1722823549
947952.1722823549
947525.906905425
947442.1618928085
947442.1618928085
947442.1618928085
947442.1618928085
947237.3469952226
947237.3469952226
947237.3469952226
947237.3469952226
947237.3469952226
947237.3469952226
947158.5520149391
947158.5520149391
947158.5520149391
947158.5520149391
947158.5520149391
947158.5520149391
946767.094034153
946507.9736779833
946232.3805449526
946232.3805449526
946232.3805449526
946232.3805449526
946083.6016422753
945227.4208200063
945227.4208200063
944794.5341227949
944794.5341227949
944750.2933709382
944540.0270708892
944540.0270708892
944540.0270708892
944540.0270708892
944420.9641028149
944420.9641028149
944420.9641028149
944175.9954199475
944175.9954199475
944175.9954199475
944175.9954199475
944175.9954199475
943892.491074844
943892.491074844
943892.491074844
943892.491074844
943892.491074844
943892.491074844
943892.491074844
943892.491074844
943767.4758348787
943767.4758348787
943767.4758348787
943767.4758348787
943767.4758348787
943767.4758348787
943752.0792016004
943752.0792016004
943752.0792016004
943469.0919906127
943286.7683698207
943286.7683698207
943286.7683698207
943286.7683698207
943286.7683698207
943286.7683698207
942948.830928842
942948.830928842
942948.830928842
942848.3843763627
942848.3843763627
942848.3843763627
942848.3843763627
942848.3843763627
942848.3843763627
942848.3843763627
942848.3843763627
942848.3843763627
942848.3843763627
942692.287430792
942692.287430792
942692.287430792
942692.287430792
941767.0845576352
941767.0845576352
941003.4657581763
941003.4657581763
941003.4657581763
941003.4657581763
941003.4657581763
941003.4657581763
940904.1291785701
940904.1291785701
940634.0941796713
940634.0941796713
940634.0941796713
940634.0941796713
940634.0941796713
940634.0941796713
940634.0941796713
940634.0941796713
940605.438034494
940605.438034494
940605.438034494
940605.438034494
940605.438034494
940605.438034494
940605.438034494
940605.438034494
940586.6509209772
940586.6509209772
940586.6509209772
940586.6509209772
940586.6509209772
940586.6509209772
940586.6509209772
940479.0423210937
940479.0423210937
939593.5519518179
939593.5519518179
939297.0432129488
939297.0432129488
939297.0432129488
939297.0432129488
938794.2608442621
938794.2608442621
938699.4133582516
938699.4133582516
938699.4133582516
938699.4133582516
938699.4133582516
938699.4133582516
938674.5685564878
938646.0651336911
938551.9386485979
938551.9386485979
938551.9386485979
938551.9386485979
938551.9386485979
938270.0342172491
938270.0342172491
938270.0342172491
938270.0342172491
938270.0342172491
938270.0342172491
938270.0342172491
938270.0342172491
938270.0342172491
938261.737813275
938261.737813275
938261.737813275
938261.737813275
938040.2502946936
938040.2502946936
938040.2502946936
938040.2502946936
938040.2502946936
938040.2502946936
937819.1180338222
937819.1180338222
937819.1180338222
937819.1180338222
937745.1003173979
937745.1003173979
937745.1003173979
937745.1003173979
937745.1003173979
937476.1589483675
937476.1589483675
937476.1589483675
937476.1589483675
937378.1654822201
937378.1654822201
937378.1654822201
937378.1654822201
937346.8457551314
937346.8457551314
937157.1293075322
937157.1293075322
936865.1405555434
936865.1405555434
936865.1405555434
936499.1823106947
936170.0030365258
935738.2831218687
935738.2831218687
935738.2831218687
935728.4303192134
935728.4303192134
935728.4303192134
935728.4303192134
935728.4303192134
935558.9447799061
935558.9447799061
935558.9447799061
935350.9063149972
935350.9063149972
935350.9063149972
935350.9063149972
935350.9063149972
935350.9063149972
935350.9063149972
935350.9063149972
935350.9063149972
935350.9063149972
935350.9063149972
935350.9063149972
935350.9063149972
935350.9063149972
935245.2812446912
935245.2812446912
935245.2812446912
935245.2812446912
935245.2812446912
935245.2812446912
935245.2812446912
934335.2421398056
934335.2421398056
934335.2421398056
934335.2421398056
934335.2421398056
934150.3903956034
933872.7603785573
933872.7603785573
933872.7603785573
933872.7603785573
933872.7603785573
933872.7603785573
933872.7603785573
933872.7603785573
933872.7603785573
933858.8623527719
933858.8623527719
933858.8623527719
933805.0453187807
933406.0754606299
933382.8235295737
933382.8235295737
932639.7156688798
932306.9378424461
932306.9378424461
932095.3532758828
932095.3532758828
932095.3532758828
932095.3532758828
931247.8061952926
931247.8061952926
931247.8061952926
931247.8061952926
931247.8061952926
931247.8061952926
930375.4060989342
930375.4060989342
929549.8521858813
929549.8521858813
929549.8521858813
929549.8521858813
929549.8521858813
929549.8521858813
929549.8521858813
929549.8521858813
929348.9607499216
928977.3670368053
928977.3670368053
928977.3670368053
928977.3670368053
928977.3670368053
928388.4683910669
928056.4932252411
927523.7265403715
927523.7265403715
927523.7265403715
927523.7265403715
927440.3357794676
927440.3357794676
927440.3357794676
927440.3357794676
927440.3357794676
926908.8688919097
926908.8688919097
926908.8688919097
926893.6212487738
926893.6212487738
926893.6212487738
926893.6212487738
926893.6212487738
926746.3492316192
926746.3492316192
926746.3492316192
926115.4429000868
926115.4429000868
926115.4429000868
926115.4429000868
926013.4261452389
925918.9352577779
925918.9352577779
925918.9352577779
925431.5898647965
925431.5898647965
925431.5898647965
925258.3745353989
925258.3745353989
925258.3745353989
925258.3745353989
925258.3745353989
925258.3745353989
925203.7410018365
924264.0422527872
924264.0422527872
924264.0422527872
924264.0422527872
924264.0422527872
924264.0422527872
924188.560371747
924188.560371747
923978.5065708894
923657.5112322725
923657.5112322725
923657.5112322725
923636.0214033031
923264.5723671068
923264.5723671068
923220.7380475713
923220.7380475713
923137.2722410486
923137.2722410486
923137.2722410486
923137.2722410486
923137.2722410486
923137.2722410486
923125.7523061808
923125.7523061808
923125.7523061808
923125.7523061808
923125.7523061808
923125.7523061808
923125.7523061808
923125.7523061808
923125.7523061808
923125.7523061808
923125.7523061808
923125.7523061808
923125.7523061808
923125.7523061808
923125.7523061808
923125.7523061808
922300.603217694
922300.603217694
922300.603217694
922300.603217694
921894.292435675
921894.292435675
921894.292435675
921894.292435675
921557.9995265832
920972.5167883539
920972.5167883539
920158.2497488123
920158.2497488123
920158.2497488123
920158.2497488123
920158.2497488123
920158.2497488123
920158.2497488123
920013.5051802004
920013.5051802004
920013.5051802004
920013.5051802004
918738.4075952927
918738.4075952927
918738.4075952927
918551.0705851929
918551.0705851929
918551.0705851929
918551.0705851929
918551.0705851929
918551.0705851929
918551.0705851929
918551.0705851929
918551.0705851929
918364.0689071093
918364.0689071093
918364.0689071093
918364.0689071093
918362.6337936659
918362.6337936659
918226.5026854752
917792.4143769816
917452.9330699199
917452.9330699199
917319.1457242157
917319.1457242157
917319.1457242157
917319.1457242157
917162.2125331508
916889.2409742288
916889.2409742288
916889.2409742288
916889.2409742288
916617.9565201923
916617.9565201923
916263.4274296055
916263.4274296055
916263.4274296055
916263.4274296055
916263.4274296055
916263.4274296055
916263.4274296055
916263.4274296055
916263.4274296055
916023.1987256559
916023.1987256559
916023.1987256559
916023.1987256559
916023.1987256559
916023.1987256559
916023.1987256559
916023.1987256559
916023.1987256559
916023.1987256559
916023.1987256559
916023.1987256559
916023.1987256559
916023.1987256559
916003.4921510428
915605.2337425118
914958.437356476
914958.437356476
914958.437356476
914958.437356476
914958.437356476
914958.437356476
914776.3233962429
914776.3233962429
914776.3233962429
914709.8558484325
914709.8558484325
914709.8558484325
914709.8558484325
914709.8558484325
914709.8558484325
914709.8558484325
914709.8558484325
914709.8558484325
914709.8558484325
914709.8558484325
914709.8558484325
914709.8558484325
914709.8558484325
914709.8558484325
914709.8558484325
914709.8558484325
914709.8558484325
914709.8558484325
914709.8558484325
913783.7180205513
913783.7180205513
913783.7180205513
913783.7180205513
913783.7180205513
913783.7180205513
913783.7180205513
913783.7180205513
913783.7180205513
913601.9151915206
913601.9151915206
913601.9151915206
913402.8625965624
913402.8625965624
913402.8625965624
913402.8625965624
913402.8625965624
913402.8625965624
913051.5556420446
913051.5556420446
912979.3307515427
912979.3307515427
912979.3307515427
912979.3307515427
912979.3307515427
912979.3307515427
912979.3307515427
912979.3307515427
912979.3307515427
912979.3307515427
912979.3307515427
912979.3307515427
912979.3307515427
912979.3307515427
912901.9959082439
912901.9959082439
912901.9959082439
912901.9959082439
912901.9959082439
912901.9959082439
912901.9959082439
912901.9959082439
912901.9959082439
912901.9959082439
912901.9959082439
912901.9959082439
912901.9959082439
912901.9959082439
912901.9959082439
912901.9959082439
912756.2506554143
912756.2506554143
912756.2506554143
912756.2506554143
912322.226782013
912322.226782013
912322.226782013
912322.226782013
912322.226782013
912295.8621899547
912295.8621899547
911855.8072002357
911855.8072002357
911855.8072002357
911855.8072002357
911855.8072002357
911855.8072002357
911855.8072002357
911855.8072002357
911855.8072002357
911855.8072002357
911331.253592181
911331.253592181
911331.253592181
911331.253592181
911331.253592181
911331.253592181
911331.253592181
910570.0070387578
910570.0070387578
910570.0070387578
910570.0070387578
910570.0070387578
910570.0070387578
910570.0070387578
910570.0070387578
910570.0070387578
910570.0070387578
910570.0070387578
910570.0070387578
910258.1454093342
910258.1454093342
910055.4779867008
910055.4779867008
910055.4779867008
910055.4779867008
910055.4779867008
909614.2626733193
909253.3047634366
909058.6196468398
908199.1815480745
908199.1815480745
908199.1815480745
908199.1815480745
908199.1815480745
908199.1815480745
908199.1815480745
908199.1815480745
908199.1815480745
908199.1815480745
908199.1815480745
908071.1094321278
908071.1094321278
907720.9156660072
907720.9156660072
907720.9156660072
907126.8583114948
907126.8583114948
907126.8583114948
907126.8583114948
907126.8583114948
907005.0848323646
907005.0848323646
907005.0848323646
907005.0848323646
907005.0848323646
907005.0848323646
907005.0848323646
906996.9893501933
906996.9893501933
906996.9893501933
906996.9893501933
906996.9893501933
906996.9893501933
906996.9893501933
906499.1440679254
906499.1440679254
906499.1440679254
906499.1440679254
906499.1440679254
906499.1440679254
906499.1440679254
906499.1440679254
906499.1440679254
906499.1440679254
906327.4381971054
906327.4381971054
906100.0887376158
906100.0887376158
905618.0822901265
905513.8243163162
905513.8243163162
905513.8243163162
905513.8243163162
905513.8243163162
905513.8243163162
905513.8243163162
905513.8243163162
905239.7893457678
905239.7893457678
905032.7901718043
904912.1500585633
904810.3119250697
904810.3119250697
904810.3119250697
904810.3119250697
904370.2596917097
904366.0854049788
904166.6357133023
904166.6357133023
904166.6357133023
903087.7800013615
903087.7800013615
902451.5358760698
902451.5358760698
902451.5358760698
902451.5358760698
902451.5358760698
902451.5358760698
902451.5358760698
902451.5358760698
902451.5358760698
902451.5358760698
902451.5358760698
902451.5358760698
902451.5358760698
902451.5358760698
902451.5358760698
902398.1410394679
902398.1410394679
902398.1410394679
902398.1410394679
902398.1410394679
902398.1410394679
902398.1410394679
902398.1410394679
902024.422340553
902024.422340553
902024.422340553
902024.422340553
902024.422340553
902024.422340553
902024.422340553
902024.422340553
902024.422340553
902024.422340553
901591.4332320035
901220.7145190856
901220.7145190856
901220.7145190856
901043.0234272333
901043.0234272333
901043.0234272333
901043.0234272333
900992.6086850062
900992.6086850062
900992.6086850062
900926.8421336453
900387.772886066
900387.772886066
900321.8008737853
900197.0626911358
900197.0626911358
900197.0626911358
900197.0626911358
900197.0626911358
900197.0626911358
900197.0626911358
900197.0626911358
900197.0626911358
900197.0626911358
900197.0626911358
900197.0626911358
900197.0626911358
899796.8747124907
899796.8747124907
899796.8747124907
898935.3510755935
898935.3510755935
898935.3510755935
898707.457884821
898405.1487884237
898405.1487884237
898405.1487884237
898405.1487884237
898405.1487884237
898136.7200167857
898136.7200167857
898136.7200167857
897953.8832510456
897953.8832510456
897953.8832510456
897953.8832510456
897757.4133330242
897757.4133330242
897757.4133330242
897757.4133330242
897757.4133330242
897757.4133330242
897634.3048031037
897634.3048031037
897634.3048031037
897634.3048031037
897634.3048031037
897634.3048031037
897058.319624745
897058.319624745
896527.555464877
896527.555464877
896527.555464877
896527.555464877
896527.555464877
896527.555464877
895403.3970865259
895403.3970865259
895403.3970865259
895403.3970865259
895403.3970865259
895403.3970865259
895403.3970865259
895403.3970865259
895403.3970865259
895403.3970865259
895350.7403133498
895350.7403133498
895350.7403133498
895350.7403133498
895350.7403133498
895350.7403133498
895350.7403133498
895350.7403133498
895330.8448179674
895313.809263548
895302.2259331531
895302.2259331531
895302.2259331531
895302.2259331531
895302.2259331531
895302.2259331531
895302.2259331531
895302.2259331531
895291.3316863393
894484.4719727179
894484.4719727179
894202.6644176914
894202.6644176914
894202.6644176914
894202.6644176914
894056.7560857842
894056.7560857842
894056.7560857842
894056.7560857842
894056.7560857842
894056.7560857842
894056.7560857842
894056.7560857842
894056.7560857842
894056.7560857842
894056.7560857842
894056.7560857842
894056.7560857842
894056.7560857842
894056.7560857842
894056.7560857842
894056.7560857842
894056.7560857842
894056.7560857842
894056.7560857842
894056.7560857842
894056.7560857842
894056.7560857842
894056.7560857842
894056.7560857842
894056.7560857842
894056.7560857842
894056.7560857842
894056.7560857842
894056.7560857842
894056.7560857842
894056.7560857842
894056.7560857842
894056.7560857842
894056.7560857842
894056.7560857842
894056.7560857842
894056.7560857842
894056.7560857842
894056.7560857842
894056.7560857842
894056.7560857842
894056.7560857842
894056.7560857842
894056.7560857842
894056.7560857842
894056.7560857842
894056.7560857842
894056.7560857842
894056.7560857842
894056.7560857842
