4544039.303137072
4450529.547299685
4334495.212370409
4223448.981230857
4142656.768098729
4054840.559606822
3974657.398161077
3893555.302700012
3817120.720278605
3747341.3355121207
3686062.092505214
3626152.9808884235
3560712.339975614
3513064.0229013707
3451650.932867433
3407977.004200978
3342172.255351891
3294298.675324289
3254097.2930369833
3210017.3194337683
3175637.4735796186
3137223.788894427
3089452.0239943396
3020481.9609884988
2966947.153727313
2937297.8723738547
2911007.2347481856
2886147.94307521
2855818.967091323
2828225.6397839133
2790942.3673808617
2758644.0473927297
2729257.8378237914
2700016.648073374
2679798.020762051
2655418.8320139246
2633173.397894385
2618304.5547168
2590593.4884999986
2576796.702660047
2562424.6609491827
2532109.475634725
2510198.2091492945
2483470.3486265037
2455999.142929444
2435637.0433446043
2422699.3878873605
2410365.2274532635
2396733.429729377
2376723.4168637968
2360063.3725665906
2345924.0473684156
2325290.9923231974
2303977.875659018
2296756.8108134205
2280967.907772655
2270661.7169199726
2254393.167188617
2241484.6061472585
2225423.416795889
2212883.8222608473
2197507.302501641
2190144.3647019137
2181911.0866473676
2168406.3918803236
2156613.245544847
2147817.8139680196
2145943.60594608
2136079.1894918806
2123726.7583295777
2115887.2893341584
2104809.7539655156
2091653.2492137998
2087710.0760745916
2079931.6606966574
2074444.1711192927
2063368.644709752
2057837.781190787
2048826.246166747
2038698.8547004296
2035617.3169390012
2034364.0738492773
2025459.998160869
2020350.9033054337
2015595.0169361625
2009473.7683993003
2002923.7511187904
1999372.1222992758
1993541.5819504694
1991547.4442343446
1980629.6451540897
1973764.2008487184
1968149.7637791017
1962126.1408612072
1954663.6329422002
1951225.84296813
1942418.8115711543
1932884.4372602818
1923819.2514102869
1919741.3991521886
1913667.4867495983
1904800.7635722496
1899236.963689512
1894286.7160557832
1891149.8887852351
1886302.9945878373
1879043.3935216572
1877004.5143285058
1869037.917395954
1856934.1076164376
1849420.0828752797
1845614.7613474764
1842393.7539388959
1830867.95399543
1827790.605205087
1817264.1597835827
1816579.807380953
1812551.134845514
1809155.444523835
1805078.676278667
1798489.2342004906
1793131.8679398564
1790606.8004280915
1783229.4897049516
1773973.1193730712
1770066.4703326623
1767130.4889214835
1759933.3693136205
1754070.3117178723
1750278.8285979924
1747659.723539209
1743986.6989034663
1735185.126302891
1731663.8866935214
1728188.2003431576
1725134.8815147546
1720426.4694081005
1715985.5183610248
1712418.7728162997
1709481.0038143774
1702778.1993174914
1698961.690326075
1692623.806934072
1690306.7198052849
1682736.6963927103
1677965.7250991622
1676733.1722111362
1673904.2905208617
1671624.0297099692
1670710.7923316373
1668388.2926386392
1667605.3594016633
1667043.378968529
1663851.4614270993
1659895.7635215512
1657433.8681321274
1654405.2604660708
1649715.124381282
1645371.745817996
1642563.5121424322
1641336.6813105282
1636678.7850436876
1631067.1163817886
1628137.1475140299
1621687.5366549082
1618201.7432817142
1616794.0708222403
1615195.1461872135
1614462.6740843402
1611392.480546962
1607839.799206053
1602153.100487202
1598495.9435173743
1592735.159835751
1591198.5037950778
1588617.0622216088
1587045.7279727445
1580377.800012367
1578348.3435667562
1573137.1641981453
1567885.8676815673
1564906.6419097965
1563739.5137898498
1560344.2726612575
1556883.8398090152
1555577.6121876133
1552452.4397317665
1551362.9350254524
1547005.1529254024
1546791.4478088894
1543064.4157305183
1538559.6838401272
1536871.3263484195
1535333.9411229403
1532704.615369569
1529978.5657796992
1529819.9402556904
1528283.0196418741
1525649.723551377
1523092.4606526608
1519907.6960601872
1519405.448275187
1517847.6457323083
1515032.6562761108
1513149.950059281
1512071.559429535
1512052.3942913136
1511495.0252617327
1509576.9947934262
1507348.2364313025
1505761.0076777067
1505062.2338289404
1502665.3099678117
1500845.518636881
1498948.9401486132
1494449.498937733
1491292.3723774445
1487861.442754738
1486885.6494314421
1484245.356927336
1482455.415674868
1480176.817181905
1479507.6903016507
1476379.9370907908
1474132.200377871
1472275.1539550903
1471120.8271768307
1470383.3787465086
1469898.1774158154
1466970.7719415114
1464519.7655008254
1462967.4450469417
1461830.3928971468
1459440.3704702326
1457368.3727680715
1456490.6141685038
1454344.5489890026
1453254.3734248844
1451919.37196348
1451131.265439453
1449043.1763768084
1447833.1171184974
1445151.8376307273
1444232.9517405778
1442816.4051461965
1441694.422351466
1439931.5626542778
1438488.5480624705
1437251.841219639
1436333.2845322362
1434344.7095167723
1433777.4423986105
1432488.2793950692
1432488.2793950692
1430809.4806709324
1430378.3400281984
1429692.5391432776
1429476.0080049583
1427633.8018285204
1426807.1982989935
1423898.21671626
1420896.2872045345
1419308.1447562492
1418560.5703231476
1414824.713397506
1411090.140792489
1409668.9864800498
1408691.024162761
1407449.3493033433
1406070.5676999835
1405440.9024782514
1405171.132607942
1404550.9259361199
1402705.1717694395
1400974.6796255354
1399911.8291287934
1399911.8291287934
1398024.3204698144
1395763.1250274302
1394680.1724067624
1393170.4065070224
1391014.3069329066
1390036.1103366546
1388307.4703752333
1386010.6761288538
1385562.8916031108
1384864.8088023562
1384246.5738157462
1382941.8537930236
1382886.9055361163
1382307.5274665835
1381670.263585444
1376746.0630108828
1376259.1964057363
1375377.061396297
1373736.730444103
1373164.4765424435
1372995.0178987286
1372302.086479559
1369756.3339402138
1369107.7286680618
1367866.3400417068
1367010.3814804498
1366909.621894244
1364052.7449501795
1363409.285873347
1363124.8774828315
1362478.8249478044
1361636.2034910792
1361245.9185692873
1360066.6125527879
1357524.127593275
1357524.127593275
1357398.839076892
1355679.6096812678
1354858.3386488226
1353365.1538474986
1352431.9677760093
1352050.743582082
1350636.0584538612
1349287.8290281247
1348601.7605296436
1347469.3775359616
1347212.275073633
1344517.3223564068
1344436.9430093619
1343452.1314306338
1342363.810524001
1341452.3194522725
1340710.342158584
1340710.342158584
1340618.373949333
1338957.857302457
1338218.118842353
1338218.118842353
1337468.3363607852
1335159.8040242884
1334307.7764853216
1333693.2479004033
1333319.1138229566
1332535.1131489251
1331808.6633699965
1330192.1108163313
1330192.1108163313
1328742.7193633884
1327677.6941861138
1327517.4626453514
1326283.641407499
1326283.641407499
1325653.6040008888
1324357.7791558527
1323863.2133042733
1321841.0729764504
1321571.3231827582
1321298.8332462232
1320806.4882649193
1320082.6080612077
1319327.4138051053
1318843.2990364586
1318843.2990364586
1317920.6792863281
1316901.0909218597
1316604.2719930005
1315459.4612758802
1314974.3331128636
1314399.1103075575
1314272.026268954
1313676.6048209094
1313676.6048209094
1312181.6189870508
1312181.6189870508
1311882.4675235553
1311882.4675235553
1311163.843126031
1311163.843126031
1309130.4223616112
1309130.4223616112
1308872.1689476748
1308707.9503240343
1308439.447571873
1306574.8196325712
1305684.792686789
1305684.792686789
1305684.792686789
1305618.4599173279
1305618.4599173279
1305618.4599173279
1305215.2756234203
1304386.0244530495
1304386.0244530495
1304386.0244530495
1303265.843944489
1303265.843944489
1303265.843944489
1303265.843944489
1301318.4199957957
1300638.4093744084
1300330.220283629
1299833.330456044
1299833.330456044
1299814.3551262855
1297096.3550332128
1296835.5693212901
1295959.5368096186
1295959.5368096186
1294978.3722272445
1292188.207481036
1292188.207481036
1290474.5148093582
1289737.5772463875
1289183.496049391
1289183.496049391
1288005.3494089223
1288005.3494089223
1286276.1650764905
1285010.3029340778
1285010.3029340778
1284687.9162061159
1283996.4864829378
1283996.4864829378
1283154.3611928443
1282523.680178884
1281890.8037107582
1281406.1899453262
1280765.7933791366
1280422.970874687
1280036.1185039505
1279463.8087147288
1279004.87845953
1278452.1545172888
1278421.002954038
1277852.833440055
1277783.7500412583
1276326.5229268363
1275830.4965215856
1274233.9395310874
1274081.5285073183
1273349.8072753998
1272723.289236884
1271369.696090499
1268073.70105022
1268073.70105022
1267360.7477325464
1266985.6044710188
1266985.6044710188
1264836.065847599
1264157.1014187322
1263084.1580198607
1262605.2834581241
1260419.116812951
1259776.7383570874
1259713.5468580432
1259459.8770928443
1257270.9862901038
1256112.764422744
1255014.6283328545
1254459.3750190462
1254459.3750190462
1253761.0147822467
1253761.0147822467
1253761.0147822467
1253099.7513984032
1252099.592709592
1251829.3018270158
1251530.2528816052
1250963.1530494955
1250297.8604922104
1250297.8604922104
1249965.9682724741
1249216.258651805
1249216.258651805
1249107.7104387847
1249042.3227175213
1249042.3227175213
1248114.5715140835
1248069.9068554407
1247274.9947270374
1247118.1944376412
1246872.8211780621
1246186.717500717
1246186.717500717
1245623.5652407394
1245392.9994760223
1244805.99623573
1243438.0269907087
1243258.2117434526
1242780.0904529854
1241706.1855444869
1241655.888593962
1241553.6423501763
1241553.6423501763
1241402.197163413
1241402.197163413
1240508.2156738243
1240281.451581825
1239487.3533310757
1239072.4014882245
1238978.3135931713
1238417.5441642941
1238238.4896828884
1238238.4896828884
1237718.7883256737
1237718.7883256737
1237648.7720233114
1237612.9564160784
1237612.9564160784
1236417.235981699
1235917.7968250697
1235445.7930154626
1234940.5554734946
1234173.6335799121
1233939.7742136966
1232920.6014638578
1232920.6014638578
1231283.170393829
1230785.1765159478
1230785.1765159478
1229023.3509168872
1228637.1858083294
1227730.803089133
1226025.3770976788
1225354.433490966
1224628.6100216112
1224628.6100216112
1223409.8233062094
1223409.8233062094
1222369.3731608111
1222369.3731608111
1219810.2730161827
1219810.2730161827
1218644.002681904
1218644.002681904
1217891.7490555295
1217247.4442781135
1214882.6816286766
1214683.557160837
1214472.447452169
1213362.8836924746
1213362.8836924746
1212412.1456257666
1212412.1456257666
1212227.2744054762
1211593.4664679128
1211593.4664679128
1211585.9540626565
1210786.05075414
1209811.507602037
1209281.3112684374
1209281.3112684374
1209281.3112684374
1208858.4249827315
1208128.1175895976
1208124.7066892586
1207954.7311078967
1207747.2571197143
1207676.6896337583
1206978.5054182746
1206978.5054182746
1206384.313251114
1205589.7537041502
1205589.7537041502
1205367.8644242217
1205003.9884683236
1204414.236576296
1203938.2283903747
1203854.496494092
1203738.4531597255
1203420.6899254413
1202960.1452124773
1202628.6795842107
1201972.7232296788
1201816.1389328437
1201816.1389328437
1201816.1389328437
1200327.5813610728
1199878.0485993251
1198155.7571562438
1197399.9019209635
1196235.7657631354
1196235.7657631354
1195891.5197647258
1195891.5197647258
1195891.5197647258
1195686.9945882787
1195475.7627038404
1195475.7627038404
1194942.6384752006
1194180.740710542
1194180.740710542
1193595.2732516513
1192697.8748852373
1192697.8748852373
1192520.5047112328
1191403.7569994018
1191403.7569994018
1191403.7569994018
1190906.723724912
1190095.9907497813
1190095.9907497813
1189287.228679847
1189287.228679847
1187745.6413312743
1187601.7407939725
1187601.7407939725
1187355.6297221626
1186609.631483967
1186355.5095365513
1185545.5942806737
1185128.1966496143
1184880.9360495291
1184534.707548691
1184025.9926139899
1183351.4010607537
1182502.576823017
1182502.576823017
1181826.1428735591
1181324.2131110965
1181324.2131110965
1181148.9563565496
1181042.839109332
1181042.839109332
1180308.9272276573
1180308.9272276573
1180262.7461245754
1180262.7461245754
1179536.0577303548
1179536.0577303548
1179536.0577303548
1177363.5337852165
1177363.5337852165
1177025.9958747546
1177025.9958747546
1176405.6343692662
1176354.060409035
1175008.51560042
1175008.51560042
1175008.51560042
1174804.3481762367
1174299.249191657
1173017.8489637012
1172392.2841621954
1172392.2841621954
1172392.2841621954
1172378.4551479192
1172378.4551479192
1172378.4551479192
1172378.4551479192
1171880.0102185132
1171880.0102185132
1169253.1531501361
1168967.5662566442
1168967.5662566442
1168967.5662566442
1168712.27208733
1168712.27208733
1168000.0223977156
1167655.5755877362
1167073.937153366
1167073.937153366
1166995.3494377304
1166605.5770523958
1165992.133671118
1165158.4996995793
1165158.4996995793
1164928.9645129824
1164928.9645129824
1164928.9645129824
1164762.1960658222
1164762.1960658222
1164762.1960658222
1163805.6630141004
1163805.6630141004
1162584.3062548111
1162584.3062548111
1162437.8220831049
1162437.8220831049
1162437.8220831049
1162024.9839540045
1161737.9923283686
1161737.9923283686
1161404.0764902486
1159919.3931794637
1159919.3931794637
1157201.9030676503
1156909.1706947954
1156409.8644410234
1155841.8811063396
1155610.3956969324
1155610.3956969324
1155610.3956969324
1155610.3956969324
1155610.3956969324
1155526.6741766746
1154710.6312024826
1152814.1608368114
1152814.1608368114
1152814.1608368114
1152520.1981346053
1152520.1981346053
1152065.5350922158
1152045.6600926092
1151862.0308461124
1151862.0308461124
1151862.0308461124
1151862.0308461124
1151171.2061570068
1149507.1016811766
1149507.1016811766
1149507.1016811766
1148758.4091592953
1148123.395246571
1147195.1420755247
1147015.2410130457
1146997.5789803627
1146508.438635513
1145181.4486876207
1144937.5569782301
1144937.5569782301
1144937.5569782301
1143922.6143677263
1143095.7139198342
1141694.3388113268
1141238.3289907626
1140360.9648543135
1140126.7870537622
1140044.8823451998
1139454.326758186
1137802.1442152797
1137802.1442152797
1136684.7225208571
1136667.31445303
1136186.0607495634
1135394.508279351
1135394.508279351
1134830.834666485
1134686.9144667494
1134686.9144667494
1134686.9144667494
1134686.9144667494
1134686.9144667494
1134560.3379840497
1134560.3379840497
1134518.9070846986
1133969.406193561
1133116.7494146267
1133116.7494146267
1133065.7627146663
1132099.5818642897
1131800.5734345764
1131313.9733376415
1131313.9733376415
1131313.9733376415
1131313.9733376415
1131014.751935388
1130556.3481292198
1128725.9244656886
1128725.9244656886
1127957.0497858087
1127957.0497858087
1126944.0894936826
1126840.2940105563
1126112.1551001533
1126112.1551001533
1125181.8865074026
1124404.7256975833
1124404.7256975833
1124404.7256975833
1124404.7256975833
1124404.7256975833
1124404.7256975833
1123945.8559509893
1123727.066500952
1123727.066500952
1123727.066500952
1123418.1611600476
1123415.0247238795
1123415.0247238795
1123075.320214714
1123075.320214714
1122787.3271268294
1122787.3271268294
1122787.3271268294
1122135.2056198297
1122135.2056198297
1122135.2056198297
1122083.5898211314
1122083.5898211314
1122083.5898211314
1121615.661102088
1121615.661102088
1120981.1531199221
1120981.1531199221
1120981.1531199221
1120880.9635049214
1120880.9635049214
1119853.9255823349
1118758.0637349891
1117356.6785988933
1117356.6785988933
1117356.6785988933
1116839.333159713
1116839.333159713
1116839.333159713
1115344.405041764
1115344.405041764
1114920.1158980608
1114733.9713658188
1114544.9787281107
1114544.9787281107
1113915.5831413637
1112800.1440302606
1112595.9982631921
1112595.9982631921
1112571.525348093
1111436.9158616248
1111264.842307317
1111134.4532392975
1110514.435961689
1110514.435961689
1110514.435961689
1109954.9227928328
1109954.9227928328
1109954.9227928328
1109954.9227928328
1109880.0163156048
1109880.0163156048
1109880.0163156048
1109146.50613388
1109146.50613388
1108599.7871324006
1107687.4421698311
1107687.4421698311
1107119.2591950872
1107119.2591950872
1106976.8347969013
1106976.8347969013
1106976.8347969013
1106648.419321096
1106648.419321096
1106648.419321096
1106648.419321096
1106345.2858010416
1106345.2858010416
1105768.733243292
1105768.733243292
1105670.0425209315
1105670.0425209315
1105468.1931950338
1105112.7065147636
1105112.7065147636
1105112.7065147636
1105112.7065147636
1104775.0252494845
1103895.3836433925
1103895.3836433925
1103895.3836433925
1103895.3836433925
1103399.229583871
1103399.229583871
1102610.720262432
1102610.720262432
1102610.720262432
1102610.720262432
1102610.720262432
1101628.078407227
1101628.078407227
1101628.078407227
1101628.078407227
1101628.078407227
1101369.0977191678
1101369.0977191678
1101355.7243914665
1101355.7243914665
1101355.7243914665
1101355.7243914665
1099986.098439173
1099986.098439173
1099687.7229578872
1099345.8782632488
1098766.695954426
1098766.695954426
1098766.695954426
1097869.7620533784
1097584.4147383599
1097584.4147383599
1097584.4147383599
1097012.326271678
1096931.7534952215
1096931.7534952215
1096931.7534952215
1096652.35776306
1096652.35776306
1096606.3993935368
1096481.086841675
1095829.357439577
1095578.0078305025
1094968.4558146335
1094968.4558146335
1094968.4558146335
1094968.4558146335
1094753.8734483006
1094753.8734483006
1094753.8734483006
1094575.6674074682
1094575.6674074682
1094575.6674074682
1094200.2489760772
1093702.9060708103
1093702.9060708103
1093578.4084085762
1093323.1051763003
1093173.7686833045
1092474.1505908635
1092474.1505908635
1092271.749600363
1092214.6976575342
1092214.6976575342
1091892.1374181642
1091869.6910491614
1091869.6910491614
1091869.6910491614
1091869.6910491614
1091869.6910491614
1091869.6910491614
1091869.6910491614
1090106.3490623503
1090106.3490623503
1090037.1920091435
1089630.5631304346
1089630.5631304346
1088849.6201434764
1088849.6201434764
1088849.6201434764
1088849.6201434764
1088849.6201434764
1087975.0084896074
1087975.0084896074
1087975.0084896074
1087692.5318792071
1087349.3266718234
1087349.3266718234
1086018.5900910979
1085628.1082237535
1084689.3914682344
1084689.3914682344
1084689.3914682344
1084689.3914682344
1083280.3970209588
1083280.3970209588
1083280.3970209588
1083203.8605224413
1082936.6609379663
1082936.6609379663
1082821.497290006
1082441.6144843241
1082441.6144843241
1082097.6369541234
1082097.6369541234
1082097.6369541234
1079831.7910225552
1079708.9868811744
1079343.9945246163
1079343.9945246163
1078260.9250969556
1078080.4624722258
1077891.7517158086
1077891.7517158086
1077891.7517158086
1077891.7517158086
1077891.7517158086
1077891.7517158086
1077400.7838349608
1077400.7838349608
1077027.6807438848
1077027.6807438848
1077027.6807438848
1077027.6807438848
1077027.6807438848
1076493.8525792533
1076493.8525792533
1075759.7073880383
1075759.7073880383
1075759.7073880383
1075713.1992093553
1075595.5749373958
1075595.5749373958
1075595.5749373958
1075595.5749373958
1075457.2968673666
1074912.2599203738
1074912.2599203738
1074912.2599203738
1074912.2599203738
1074335.1233819434
1074270.7820131665
1074270.7820131665
1073939.797711141
1073939.797711141
1073939.797711141
1073939.797711141
1073939.797711141
1073939.797711141
1073939.797711141
1073939.797711141
1073855.750537769
1073612.1194523154
1073612.1194523154
1071860.198359998
1071692.8819237147
1071061.369995127
1070759.1358713019
1070011.5964189912
1070011.5964189912
1069532.7595578795
1068925.3177304326
1068925.3177304326
1068685.2829798218
1068685.2829798218
1068153.2325820022
1067957.9338744716
1067957.9338744716
1067957.9338744716
1067912.9165914536
1067912.9165914536
1067912.9165914536
1067819.6992122016
1067452.7564446551
1066778.9356089062
1066778.9356089062
1066507.2597567788
1066507.2597567788
1065402.454653759
1065402.454653759
1065402.454653759
1065243.7842140095
1065243.7842140095
1065243.7842140095
1065043.9960586973
1064795.748618614
1064795.748618614
1064192.1476574955
1064147.8493085857
1063656.4527066103
1063656.4527066103
1063598.0640037537
1063598.0640037537
1063598.0640037537
1063598.0640037537
1063598.0640037537
1063598.0640037537
1063598.0640037537
1063362.6304216362
1063362.6304216362
1063362.6304216362
1063362.6304216362
1063362.6304216362
1063362.6304216362
1063362.6304216362
1063341.377883941
1062736.7179681333
1061020.1644640132
1060756.827925593
1060756.827925593
1060410.157669004
1060171.8723954998
1059926.387037979
1059828.277379183
1059828.277379183
1059402.414023837
1059089.2406923298
1059089.2406923298
1059089.2406923298
1059089.2406923298
1059089.2406923298
1058774.412734673
1058774.412734673
1058152.9622456878
1058152.9622456878
1058152.9622456878
1058152.9622456878
1057892.3591918917
1057892.3591918917
1057854.8706393496
1057528.7276119143
1057528.7276119143
1057431.5126143591
1057294.0642421194
1057294.0642421194
1057136.7900442875
1057057.7578900221
1056848.7118268048
1055794.5107502833
1055621.9538613684
1055621.9538613684
1055621.9538613684
1055375.5662390725
1055375.5662390725
1055375.5662390725
1054643.9979772524
1053814.3787114837
1053814.3787114837
1052886.048017641
1052886.048017641
1052886.048017641
1052886.048017641
1052886.048017641
1052564.4196937517
1052564.4196937517
1052564.4196937517
1052564.4196937517
1052564.4196937517
1052540.2892023153
1052540.2892023153
1052540.2892023153
1052139.9863906992
1052116.6976348208
1052116.6976348208
1051898.1188650778
1051381.8244062664
1051381.8244062664
1051381.8244062664
1050959.5605605347
1050959.5605605347
1050959.5605605347
1050959.5605605347
1050648.9048989604
1050648.9048989604
1050270.2190463026
1050270.2190463026
1050237.6477441902
1050237.6477441902
1050237.6477441902
1050237.6477441902
1050237.6477441902
1050237.6477441902
1049496.9861458484
1049496.9861458484
1049496.9861458484
1049496.9861458484
1049310.1275128692
1049203.282589923
1049203.282589923
1049203.282589923
1049203.282589923
1049058.695774715
1048717.5952456584
1048717.5952456584
1048123.0357484074
1048123.0357484074
1047535.0949433689
1047535.0949433689
1047535.0949433689
1047535.0949433689
1047195.8963289004
1047097.7518466677
1047097.7518466677
1047097.7518466677
1047097.7518466677
1047097.7518466677
1046636.3193013305
1046586.9250611486
1046109.7243552492
1046109.7243552492
1046109.7243552492
1045747.1354493886
1045593.8628467959
1045593.8628467959
1045448.3100375335
1044895.9456592321
1044895.9456592321
1044895.9456592321
1044895.9456592321
1044657.8887310235
1044657.8887310235
1044657.8887310235
1044657.8887310235
1043822.8527949208
1043771.7962433567
1043771.7962433567
1043596.8170666167
1043596.8170666167
1043596.8170666167
1042068.3205329853
1041680.6224023488
1041359.0289395326
1041359.0289395326
1041359.0289395326
1041359.0289395326
1041359.0289395326
1041359.0289395326
1041359.0289395326
1040813.3852051732
1040813.3852051732
1040795.8848665555
1040553.5509310518
1040265.2196937315
1039949.4917423784
1039949.4917423784
1039949.4917423784
1039949.4917423784
1039949.4917423784
1039949.4917423784
1039298.6199269714
1039298.6199269714
1039298.6199269714
1039298.6199269714
1038543.2610277592
1038543.2610277592
1038543.2610277592
1038543.2610277592
1038543.2610277592
1038543.2610277592
1038543.2610277592
1038525.2346022628
1038509.8482860302
1038502.4627697199
1038502.4627697199
1037444.6688624043
1037053.6357341132
1036925.6162529401
1036925.6162529401
1036753.6973482829
1036430.9919046228
1036430.9919046228
1036430.9919046228
1036430.9919046228
1036288.5113899638
1035568.5023726588
1035135.3324425148
1035135.3324425148
1035135.3324425148
1035135.3324425148
1035135.3324425148
1035135.3324425148
1035135.3324425148
1035135.3324425148
1035135.3324425148
1035135.3324425148
1035135.3324425148
1035135.3324425148
1035135.3324425148
1035135.3324425148
1034947.825421154
1034947.825421154
1034463.4057974889
1034463.4057974889
1034152.1574945243
1034152.1574945243
1033950.4048220019
1033950.4048220019
1033950.4048220019
1033503.5558800397
1032881.7799078734
1032558.8341314446
1032558.8341314446
1032042.6578615087
1031623.7231065867
1031486.747708387
1030915.328365055
1030915.328365055
1030915.328365055
1030915.328365055
1030915.328365055
1030915.328365055
1030915.328365055
1030915.328365055
1030915.328365055
1030915.328365055
1030915.328365055
1030915.328365055
1030536.7233288656
1030536.7233288656
1030536.7233288656
1030377.0282320271
1030098.6831883779
1030010.390340978
1028942.9568902826
1028924.126814455
1028858.0021224023
1028858.0021224023
1028858.0021224023
1028858.0021224023
1028540.6807374062
1028490.3802662628
1028381.7209859457
1028381.7209859457
1028161.3447886407
1028161.3447886407
1028126.8740058121
1028126.8740058121
1027964.7306228773
1027855.9963996257
1027855.9963996257
1027855.9963996257
1027855.9963996257
1027740.5098788583
1027556.6418238371
1026105.7518999148
1026105.7518999148
1026105.7518999148
1026105.7518999148
1026105.7518999148
1025944.0204902242
1025936.663938914
1025891.5235686451
1025891.5235686451
1025891.5235686451
1025400.3162930261
1024379.3411829041
1024379.3411829041
1023545.8047847281
1023545.8047847281
1023305.4062107857
1023305.4062107857
1022623.4226921313
1022623.4226921313
1022484.6371667802
1022113.9571236821
1022113.9571236821
1022113.9571236821
1021790.4883516077
1021367.7121267116
1021367.7121267116
1021367.7121267116
1020747.1629935332
1020747.1629935332
1020747.1629935332
1020747.1629935332
1020262.6418128635
1019516.3984269714
1018558.1268025269
1018553.5741870326
1018306.9320274796
1016662.8535880451
1016662.8535880451
1015979.5497093472
1015979.5497093472
1015979.5497093472
1015370.0575883549
1015219.625945765
1014933.998947237
1014933.998947237
1014933.998947237
1014933.998947237
1014933.998947237
1014746.6731148276
1014649.7461349325
1014507.4941134235
1014507.4941134235
1014507.4941134235
1014507.4941134235
1014507.4941134235
1014507.4941134235
1014446.6707195039
1014446.6707195039
1014446.6707195039
1014446.6707195039
1014446.6707195039
1014435.1300459006
1014435.1300459006
1014435.1300459006
1014354.0392458194
1013984.1492083421
1013335.3925312734
1013178.9566958973
1013178.9566958973
1013178.9566958973
1013178.9566958973
1012662.9365117493
1012466.3306705141
1012261.1137662034
1009858.2095218378
1009858.2095218378
1009858.2095218378
1009858.2095218378
1009858.2095218378
1009537.9632685487
1008976.0791419736
1008976.0791419736
1008919.0959055328
1008919.0959055328
1008919.0959055328
1008919.0959055328
1008919.0959055328
1008516.0167146986
1008516.0167146986
1008516.0167146986
1008516.0167146986
1007039.6179705663
1007039.6179705663
1007039.6179705663
1007039.6179705663
1007039.6179705663
1006909.5468529457
1006909.5468529457
1006909.5468529457
1006909.5468529457
1006909.5468529457
1006909.5468529457
1006909.5468529457
1006909.5468529457
1006909.5468529457
1006909.5468529457
1006776.7318983283
1006776.7318983283
1006757.0458316144
1005667.2032943333
1005667.2032943333
1005463.1754863262
1004939.7722854672
1004939.7722854672
1004381.694553049
1004381.694553049
1004361.6118596431
1004361.6118596431
1004361.6118596431
1004361.6118596431
1004361.6118596431
1004354.5900052813
1004267.3180009379
1004267.3180009379
1004267.3180009379
1004267.3180009379
1003677.6432807844
1002815.8952827784
1002815.8952827784
1002724.6758154616
1002724.6758154616
1002698.4744650905
1002698.4744650905
1002698.4744650905
1002698.4744650905
1002698.4744650905
1002698.4744650905
1002378.0525909392
1002378.0525909392
1002225.0929051061
1002225.0929051061
1002225.0929051061
1002225.0929051061
1002219.207998463
1002219.207998463
1001953.7522840726
1001953.7522840726
1001058.6362910264
1000727.6240810666
999877.0291058897
999851.0755412262
999851.0755412262
999343.9955079809
999343.9955079809
999343.9955079809
999343.9955079809
999327.4516841943
999327.4516841943
999327.4516841943
999327.4516841943
999008.4886328715
999008.4886328715
998967.5224929065
998967.5224929065
998967.5224929065
998967.5224929065
998914.3908012088
998618.5136579027
998290.9838880977
998290.9838880977
997550.4366840131
997550.4366840131
997550.4366840131
997550.4366840131
997550.4366840131
996576.7087175355
996576.7087175355
996576.7087175355
996576.7087175355
996531.0616592258
996531.0616592258
996531.0616592258
996328.7308002231
996328.7308002231
995764.0200146621
995764.0200146621
994726.2514853226
994726.2514853226
994726.2514853226
994726.2514853226
994726.2514853226
993954.8581687645
993954.8581687645
993954.8581687645
993954.8581687645
993600.3925240835
993600.3925240835
993600.3925240835
993600.3925240835
993600.3925240835
993600.3925240835
993600.3925240835
993600.3925240835
993600.3925240835
993600.3925240835
993600.3925240835
993600.3925240835
993545.0924953637
993493.9967551457
993271.0047840814
993271.0047840814
993271.0047840814
993271.0047840814
993271.0047840814
993198.5979888234
993198.5979888234
993198.5979888234
993129.6323293854
993129.6323293854
993066.6014130173
993066.6014130173
992876.823453902
992876.823453902
992761.4327259643
992345.0792075647
992345.0792075647
992345.0792075647
992345.0792075647
992345.0792075647
992345.0792075647
992118.9233003459
992118.9233003459
992030.140578456
992030.140578456
992030.140578456
992030.140578456
991862.7922463428
991658.4876173597
991293.6657911683
990324.9830060222
990304.8518632322
990304.8518632322
990304.8518632322
990304.8518632322
990188.368529665
989949.2528295963
989949.2528295963
989817.2785339322
989362.317568271
989221.7067065774
989221.7067065774
988572.2688336689
988233.16691099
988233.16691099
988222.0006504594
988222.0006504594
988222.0006504594
988222.0006504594
988222.0006504594
988222.0006504594
988222.0006504594
988222.0006504594
988222.0006504594
988222.0006504594
988222.0006504594
988222.0006504594
987920.2574947141
987595.5326529255
987583.7383539019
987583.7383539019
987347.8851802474
987347.8851802474
987347.8851802474
987246.9788166888
987246.9788166888
987246.9788166888
986491.7397706957
986379.4039811676
986121.5082045416
985700.9705892662
985700.9705892662
985700.9705892662
985659.2903745107
985659.2903745107
985383.1015695006
983195.653839082
983081.3537704108
982883.4598936026
982883.4598936026
982800.766668634
982742.2408751699
982742.2408751699
982742.2408751699
982742.2408751699
982742.2408751699
982213.8951361428
982213.8951361428
982019.1971476474
982019.1971476474
981749.1746623868
981749.1746623868
981666.8380359886
981362.0547241482
981362.0547241482
981362.0547241482
981362.0547241482
981362.0547241482
981362.0547241482
981362.0547241482
981362.0547241482
981362.0547241482
981362.0547241482
981362.0547241482
981222.9705012473
981222.9705012473
981222.9705012473
981222.9705012473
981222.9705012473
981222.9705012473
981222.9705012473
981222.9705012473
981144.0583525058
981144.0583525058
981144.0583525058
981144.0583525058
981144.0583525058
981144.0583525058
981082.0959398614
981082.0959398614
981082.0959398614
980541.3208340707
980541.3208340707
980420.909023843
980420.909023843
978728.1568252733
978728.1568252733
978718.278683939
977075.5557276306
977075.5557276306
977075.5557276306
977075.5557276306
976777.8375756729
976777.8375756729
976777.8375756729
976777.8375756729
976777.8375756729
976777.8375756729
976293.0715777345
976293.0715777345
976293.0715777345
976293.0715777345
976157.4224424936
975847.998320844
975804.8407169397
975804.8407169397
975694.28416155
975694.28416155
975694.28416155
975694.7892577373
975434.3144624092
975434.3144624092
975434.3144624092
975434.3144624092
975434.3144624092
975434.3144624092
975434.3144624092
975434.3144624092
975434.3144624092
975434.3144624092
975407.9920869417
975407.9920869417
975407.9920869417
975407.9920869417
975407.9920869417
975407.9920869417
975407.9920869417
975347.8419502384
975347.8419502384
975347.8419502384
975325.3742185917
975080.4353552924
975080.4353552924
974807.5130350167
974807.5130350167
974807.5130350167
974807.5130350167
973721.7622623307
973721.7622623307
973721.7622623307
973721.7622623307
973721.7622623307
973701.1858434504
973234.4630641928
973234.4630641928
973234.4630641928
972716.3912619725
972716.3912619725
972716.3912619725
972716.3912619725
972716.3912619725
972063.2687155072
971695.6232755085
971387.6575924312
971239.6533261442
971239.6533261442
971224.9197483989
970589.3792223244
970589.3792223244
970589.3792223244
970589.3792223244
970589.3792223244
970589.3792223244
970589.3792223244
970589.3792223244
970589.3792223244
970166.969215851
970166.969215851
970166.969215851
970166.969215851
970166.969215851
970166.969215851
970166.969215851
970166.969215851
969945.5382568955
969945.5382568955
969945.5382568955
969945.5382568955
969945.5382568955
969945.5382568955
969912.4725786976
969912.4725786976
969912.4725786976
969604.4525100584
969246.5734633548
968994.9057858586
968920.6678544782
968920.6678544782
968382.2453926003
967949.2150744852
967949.2150744852
967949.2150744852
967841.651299512
967609.8676142957
967609.8676142957
967609.8676142957
967558.6594712627
967558.6594712627
967558.6594712627
967558.6594712627
967392.0299453572
967229.2841429806
967060.7025344172
967060.7025344172
967060.7025344172
967060.7025344172
967060.7025344172
967060.7025344172
967060.7025344172
967060.7025344172
967060.7025344172
967060.7025344172
967060.7025344172
967060.7025344172
967060.7025344172
967060.7025344172
967060.7025344172
967060.7025344172
967060.7025344172
966897.72427194
966778.2941876831
966778.2941876831
966778.2941876831
966778.2941876831
966778.2941876831
966687.0739047244
966687.0739047244
966399.010724344
966399.010724344
966399.010724344
966399.010724344
966399.010724344
966399.010724344
966372.4339868939
966372.4339868939
966153.3087377433
966153.3087377433
966153.3087377433
966153.3087377433
966082.0443013894
966082.0443013894
965810.9434183569
965301.8893878597
965301.8893878597
965191.6800849373
964730.8238590872
964730.8238590872
964730.8238590872
964687.3739625809
964557.6881093683
964557.6881093683
964557.6881093683
964557.6881093683
964557.6881093683
964396.219986072
964396.219986072
964383.1445992345
964383.1445992345
964383.1445992345
964383.1445992345
964383.1445992345
964383.1445992345
964383.1445992345
964383.1445992345
964173.5679225527
964173.5679225527
964173.5679225527
963843.7859654909
962909.9526455364
962568.4446372791
962568.4446372791
962294.6848371711
962294.6848371711
962294.6848371711
961524.4791981324
961364.3318603993
961364.3318603993
961364.3318603993
961364.3318603993
961364.3318603993
961364.3318603993
961364.3318603993
961364.3318603993
961364.3318603993
961364.3318603993
961364.3318603993
961364.3318603993
961364.3318603993
961364.3318603993
961364.3318603993
961364.3318603993
961364.3318603993
960934.1070729218
960934.1070729218
960934.1070729218
960934.1070729218
960934.1070729218
960934.1070729218
960734.3046233736
960734.3046233736
960734.3046233736
960734.3046233736
960734.3046233736
960734.3046233736
960475.5783107318
960475.5783107318
960475.5783107318
960475.5783107318
960475.5783107318
960475.5783107318
960475.5783107318
960475.5783107318
960222.1874260989
960222.1874260989
960222.1874260989
960222.1874260989
960222.1874260989
960222.1874260989
960222.1874260989
960222.1874260989
960222.1874260989
960150.8155181757
960150.8155181757
960150.8155181757
959777.4709687543
959777.4709687543
959777.4709687543
959275.2386152362
959116.6429242971
959116.6429242971
958969.712488326
958969.712488326
958969.712488326
958929.477638023
958929.477638023
958929.477638023
958929.477638023
958929.477638023
958331.2824191866
958331.2824191866
958289.4472182989
958289.4472182989
958289.4472182989
958289.4472182989
958289.4472182989
958176.5581011334
957871.2400351528
957061.0045161102
956996.8656964779
956996.8656964779
956996.8656964779
956996.8656964779
956589.6589463016
956589.6589463016
956307.3461008052
956307.3461008052
956307.3461008052
956307.3461008052
956307.3461008052
956307.3461008052
956307.3461008052
956307.3461008052
956252.7236678817
956252.7236678817
956252.7236678817
956252.7236678817
956252.7236678817
955860.0210423606
955485.3360810163
955485.3360810163
955327.0695955612
955327.0695955612
955271.8155033228
955271.8155033228
955271.8155033228
955221.6566963368
955221.6566963368
955221.6566963368
954933.3756957988
954933.3756957988
954933.3756957988
954933.3756957988
954539.81463825
954539.81463825
954539.81463825
954539.81463825
954461.67697779
954461.67697779
954461.67697779
954461.67697779
954461.67697779
954461.67697779
954461.67697779
954461.67697779
954302.7803617506
954302.7803617506
954302.7803617506
954302.7803617506
954026.6945807565
954026.6945807565
954026.6945807565
954026.6945807565
954012.4723139668
954012.4723139668
954012.4723139668
954012.4723139668
954012.4723139668
954012.4723139668
953846.8599142078
953846.8599142078
953846.8599142078
953846.8599142078
953619.1559705699
953619.1559705699
953619.1559705699
953619.1559705699
953079.1363467578
953079.1363467578
953079.1363467578
953079.1363467578
953079.1363467578
953079.1363467578
953079.1363467578
953079.1363467578
953079.1363467578
952802.512091409
952780.8384528996
952698.3044505981
952587.3328111037
952547.7462579468
952547.7462579468
952547.7462579468
952502.3091515125
952502.3091515125
952502.3091515125
952502.3091515125
952502.3091515125
952391.118788532
952391.118788532
952391.118788532
952020.4140638656
952020.4140638656
952020.4140638656
952020.4140638656
952020.4140638656
952020.4140638656
952020.4140638656
952020.4140638656
952020.4140638656
951967.1754220832
951590.15326133
951590.15326133
951550.6978234529
951550.6978234529
950956.1183272211
950735.493780429
949897.1367114891
949656.4306557672
949656.4306557672
949656.4306557672
949656.4306557672
949656.4306557672
949656.4306557672
949656.4306557672
949656.4306557672
949656.4306557672
949656.4306557672
949656.4306557672
949656.4306557672
949656.4306557672
949656.4306557672
949656.4306557672
949656.4306557672
949656.4306557672
949656.4306557672
949164.4054603259
948818.9153686808
948818.9153686808
948676.3755604788
948676.3755604788
948676.3755604788
948665.3315982362
948077.9772240769
948077.9772240769
948077.9772240769
948077.9772240769
948077.9772240769
948077.9772240769
948077.9772240769
948077.9772240769
948077.9772240769
948038.6415404404
948038.6415404404
948038.6415404404
947876.4516547085
947876.4516547085
947716.7430325196
947716.7430325196
947716.7430325196
947716.7430325196
947650.9311349358
947650.9311349358
947417.1669333028
947212.4209012918
947212.4209012918
947212.4209012918
947212.4209012918
947212.4209012918
947212.4209012918
947212.4209012918
947212.4209012918
947212.4209012918
947212.4209012918
947212.4209012918
947212.4209012918
947212.4209012918
947212.4209012918
947212.4209012918
947212.4209012918
947212.4209012918
946288.1965570729
946288.1965570729
946288.1965570729
946288.1965570729
946288.1965570729
946288.1965570729
946288.1965570729
946288.1965570729
946288.1965570729
945726.8936124102
945726.8936124102
945448.8231298614
944959.2095100372
944938.8638020942
944938.8638020942
944771.460058707
944771.460058707
944771.460058707
944771.460058707
944771.460058707
944771.460058707
944771.460058707
944771.460058707
944771.460058707
944533.5791389231
944533.5791389231
943494.0097191676
942957.3140437077
942957.3140437077
942957.3140437077
942957.3140437077
942616.5874260645
942616.5874260645
942616.5874260645
942616.5874260645
942182.3885541549
942182.3885541549
942182.3885541549
942182.3885541549
942182.3885541549
942132.23590219
942132.23590219
942128.6861361128
942128.6861361128
942118.0760009689
942118.0760009689
940720.4767693727
940720.4767693727
940720.4767693727
940720.4767693727
940642.3606082478
940642.3606082478
940399.9025296089
940399.9025296089
940399.9025296089
940359.9604153223
940359.9604153223
940359.9604153223
940130.5134587465
939954.3805085944
939954.3805085944
939954.3805085944
939954.3805085944
939954.3805085944
939655.3711800778
939655.3711800778
939655.3711800778
939655.3711800778
939655.3711800778
939655.3711800778
939655.3711800778
939655.3711800778
939655.3711800778
939655.3711800778
939642.4317547206
939570.3693619657
939570.3693619657
939570.3693619657
939570.3693619657
939570.3693619657
939570.3693619657
939570.3693619657
939570.3693619657
939570.3693619657
938977.744937444
938977.744937444
938977.744937444
938977.744937444
938712.5308653367
938712.5308653367
938712.5308653367
938712.5308653367
938712.5308653367
938347.5491927236
938347.5491927236
938347.5491927236
938347.5491927236
938347.5491927236
938347.5491927236
938091.6642379116
938091.6642379116
938091.6642379116
937929.5139099444
937929.5139099444
937929.5139099444
937929.5139099444
937929.5139099444
937929.5139099444
937929.5139099444
937929.5139099444
937548.4455266603
937548.4455266603
937548.4455266603
936642.7231712937
936642.7231712937
936642.7231712937
936642.7231712937
936642.7231712937
936642.7231712937
936423.2617477219
936423.2617477219
936070.1374883959
935944.193648587
935520.3473873317
935520.3473873317
935520.3473873317
935520.3473873317
935520.3473873317
935237.8149874405
935237.8149874405
935183.9457854602
935183.9457854602
935183.9457854602
935183.9457854602
935183.9457854602
935018.3230507792
935018.3230507792
935018.3230507792
935018.3230507792
935018.3230507792
935018.3230507792
935018.3230507792
935018.3230507792
935018.3230507792
934820.0470029821
934820.0470029821
934780.3254544225
934780.3254544225
934780.3254544225
934780.3254544225
934780.3254544225
934780.3254544225
934780.3254544225
934780.3254544225
934780.3254544225
934780.3254544225
934780.3254544225
934780.3254544225
934585.3321747172
933844.970178332
933356.5098866757
933356.5098866757
933356.5098866757
933356.5098866757
933236.9569790008
933236.9569790008
933236.9569790008
933236.9569790008
933236.9569790008
933236.9569790008
933097.471456209
933097.471456209
933097.471456209
933097.471456209
933062.9274790293
933062.9274790293
933062.9274790293
933062.9274790293
932831.1794553592
932630.8196362264
932420.4007984463
932420.4007984463
932420.4007984463
932420.4007984463
932420.4007984463
932420.4007984463
932420.4007984463
932420.4007984463
932420.4007984463
932420.4007984463
932420.4007984463
932420.4007984463
932420.4007984463
932420.4007984463
931655.3976311786
931655.3976311786
931655.3976311786
931455.5067824887
931258.6276921215
931258.6276921215
931258.6276921215
930959.8372274796
930959.8372274796
930959.8372274796
930078.3902915029
930071.1065589457
930071.1065589457
930071.1065589457
930071.1065589457
929752.2323735345
929752.2323735345
929752.2323735345
929752.2323735345
928872.7363578957
928872.7363578957
928872.7363578957
928653.9142123014
928388.9915728308
928388.9915728308
928388.9915728308
928388.9915728308
928228.3998053907
927774.8272926331
927774.8272926331
927774.8272926331
927545.1697655653
927545.1697655653
927545.1697655653
927545.1697655653
927545.1697655653
927545.1697655653
927545.1697655653
927545.1697655653
926918.9769905221
926918.9769905221
926918.9769905221
926918.9769905221
926918.9769905221
926918.9769905221
926918.9769905221
926918.9769905221
926918.9769905221
926918.9769905221
926918.9769905221
926480.6443607174
926480.6443607174
926378.7849355252
926378.7849355252
926378.7849355252
926378.7849355252
926378.7849355252
926378.7849355252
926378.7849355252
926378.7849355252
926378.7849355252
926378.7849355252
926378.7849355252
926378.7849355252
926378.7849355252
926378.7849355252
926378.7849355252
926378.7849355252
926378.7849355252
926378.7849355252
926378.7849355252
926378.7849355252
926348.5991949169
926348.5991949169
926348.5991949169
926348.5991949169
926348.5991949169
926348.5991949169
926348.5991949169
925053.5405449832
925053.5405449832
925053.5405449832
925053.5405449832
925053.5405449832
925053.5405449832
925053.5405449832
925053.5405449832
923605.7167426262
923504.0356539995
923504.0356539995
923504.0356539995
923504.0356539995
923504.0356539995
923504.0356539995
923504.0356539995
923504.0356539995
923504.0356539995
923504.0356539995
922806.0740019175
922806.0740019175
922806.0740019175
922806.0740019175
922806.0740019175
922796.2802762517
922796.2802762517
922741.6707581228
922741.6707581228
922741.6707581228
922741.6707581228
922741.6707581228
922741.6707581228
922741.6707581228
922741.6707581228
922741.6707581228
922601.1490376012
922601.1490376012
922210.3808954223
922210.3808954223
922067.6680931952
922067.6680931952
922067.6680931952
922067.6680931952
922063.6661306227
922063.6661306227
922063.6661306227
922063.6661306227
922063.6661306227
922063.6661306227
922063.6661306227
922063.6661306227
922063.6661306227
922063.6661306227
921975.3932233232
921975.3932233232
921767.3957648985
921197.2883497532
921197.2883497532
921197.2883497532
921197.2883497532
921197.2883497532
921197.2883497532
921197.2883497532
921197.2883497532
921197.2883497532
921197.2883497532
921197.2883497532
921128.7223824247
920668.880064939
920668.880064939
920668.880064939
920668.880064939
920668.880064939
920668.880064939
920668.880064939
920668.880064939
920668.880064939
920571.894278305
920523.9715800917
920384.3089217094
920384.3089217094
920384.3089217094
920154.8695668258
920154.8695668258
920154.8695668258
920154.8695668258
920154.8695668258
920154.8695668258
919814.5708792822
919652.4765704332
919652.4765704332
919642.5389413531
919642.5389413531
919642.5389413531
919642.5389413531
919494.6227039006
919494.6227039006
919494.6227039006
919494.6227039006
919418.8345873347
919418.8345873347
919418.8345873347
919418.8345873347
919418.8345873347
919418.8345873347
919418.8345873347
918830.7067948901
918830.7067948901
918830.7067948901
918830.7067948901
918830.7067948901
918623.5360057441
918541.5983086122
918541.5983086122
918541.5983086122
918541.5983086122
918541.5983086122
918541.5983086122
918541.5983086122
918374.162789362
918374.162789362
918374.162789362
918374.162789362
918374.162789362
918374.162789362
918106.5972752344
918106.5972752344
918106.5972752344
918106.5972752344
918106.5972752344
918106.5972752344
917960.3526283941
917960.3526283941
917960.3526283941
917960.3526283941
917807.4122249973
917807.4122249973
916710.0763425059
916710.0763425059
916710.0763425059
916710.0763425059
916710.0763425059
916710.0763425059
916314.4167050181
916314.4167050181
916314.4167050181
916314.4167050181
916190.013536269
916190.013536269
915742.8919081482
915742.8919081482
915742.8919081482
915742.8919081482
915700.1139728673
915700.1139728673
915700.1139728673
915700.1139728673
915700.1139728673
915700.1139728673
915700.1139728673
915700.1139728673
915700.1139728673
915700.1139728673
915700.1139728673
915700.1139728673
915700.1139728673
915700.1139728673
915700.1139728673
915138.3261892778
915138.3261892778
915138.3261892778
915138.3261892778
915056.2626864674
915056.2626864674
915056.2626864674
914672.3181614478
914672.3181614478
914672.3181614478
914672.3181614478
914557.5947420929
914557.5947420929
914557.5947420929
914557.5947420929
914557.5947420929
914557.5947420929
914557.5947420929
914557.5947420929
914557.5947420929
914557.5947420929
913753.0448384165
913753.0448384165
913753.0448384165
913753.0448384165
913753.0448384165
913753.0448384165
913753.0448384165
913753.0448384165
913753.0448384165
913636.8162767839
913636.8162767839
913636.8162767839
913636.8162767839
913636.8162767839
913636.8162767839
913636.8162767839
913636.8162767839
913636.8162767839
913636.8162767839
913636.8162767839
913636.8162767839
913636.8162767839
913636.8162767839
913636.8162767839
913636.8162767839
913636.8162767839
913636.8162767839
913586.4095504528
913582.5040602128
913582.5040602128
913582.5040602128
913582.5040602128
913582.5040602128
913265.4106648898
913265.4106648898
913265.4106648898
913265.4106648898
913265.4106648898
913265.4106648898
912962.994445687
912962.994445687
912962.994445687
912962.994445687
912962.994445687
912962.994445687
912962.994445687
912962.994445687
912962.994445687
912962.994445687
912962.994445687
912962.994445687
912962.994445687
912962.994445687
912962.994445687
912624.154686296
912624.154686296
912624.154686296
912624.154686296
912624.154686296
912624.154686296
912624.154686296
912624.154686296
912624.154686296
912624.154686296
912624.154686296
912624.154686296
912259.1811688624
912259.1811688624
912259.1811688624
912259.1811688624
912259.1811688624
912259.1811688624
912259.1811688624
912259.1811688624
911761.0868986229
911761.0868986229
911761.0868986229
911761.0868986229
911761.0868986229
911761.0868986229
911761.0868986229
911761.0868986229
911761.0868986229
911761.0868986229
911176.4325254124
911176.4325254124
911176.4325254124
911176.4325254124
911176.4325254124
911176.4325254124
911117.5505631673
911117.5505631673
911117.5505631673
911117.5505631673
911117.5505631673
911117.5505631673
911117.5505631673
911117.5505631673
911117.5505631673
911117.5505631673
911117.5505631673
910782.458751966
910782.458751966
910782.458751966
910782.458751966
910782.458751966
910782.458751966
910699.854830703
910699.854830703
910699.854830703
910699.854830703
910699.854830703
910699.854830703
910699.854830703
910699.854830703
910699.854830703
910699.854830703
910395.2192111479
910270.5071300599
910270.5071300599
910270.5071300599
910270.5071300599
910270.5071300599
910270.5071300599
910270.5071300599
910110.4467293278
910110.4467293278
910073.3822108031
909771.5463018944
909771.5463018944
909156.5697712421
908715.9325183025
908715.9325183025
908116.325809582
908116.325809582
908116.325809582
908116.325809582
908037.2484432042
908037.2484432042
907887.2394849352
907887.2394849352
907563.5106534491
907563.5106534491
907563.5106534491
907563.5106534491
907563.5106534491
907560.4172760714
907560.4172760714
907560.4172760714
907560.4172760714
907560.4172760714
907367.6852357145
907292.7164958972
906976.0391935697
906976.0391935697
906416.0738556321
906416.0738556321
906200.4567879977
906200.4567879977
906200.4567879977
906150.0187191137
906082.3119249577
906082.3119249577
906082.3119249577
906082.3119249577
906075.4552704936
906075.4552704936
906075.4552704936
906075.4552704936
906075.4552704936
906049.9186031764
906049.9186031764
906049.9186031764
906049.9186031764
906049.9186031764
906049.9186031764
906049.9186031764
906049.9186031764
905829.0289724609
905807.3928671242
905758.4709515574
905758.4709515574
905758.4709515574
905758.4709515574
905758.4709515574
905758.4709515574
905758.4709515574
905758.4709515574
905758.4709515574
905758.4709515574
905758.4709515574
905715.488018597
905715.488018597
905715.488018597
905353.0000534301
905353.0000534301
905353.0000534301
905353.0000534301
905353.0000534301
904899.3699110243
904899.3699110243
904811.8301918756
904811.8301918756
904556.6233208501
904556.6233208501
904556.6233208501
904556.6233208501
904173.0463994525
904173.0463994525
904173.0463994525
904173.0463994525
904173.0463994525
903610.2536073856
903550.3598110233
903550.3598110233
903550.3598110233
903337.8732874888
903337.8732874888
903337.8732874888
903337.8732874888
903337.8732874888
903337.8732874888
903337.8732874888
903337.8732874888
903337.8732874888
903337.8732874888
902939.3309280913
902939.3309280913
902939.3309280913
902939.3309280913
902939.3309280913
902939.3309280913
902939.3309280913
902939.3309280913
902939.3309280913
902939.3309280913
902939.3309280913
902939.3309280913
902939.3309280913
902939.3309280913
902939.3309280913
902939.3309280913
902939.3309280913
902939.3309280913
902854.0810657223
902854.0810657223
902854.0810657223
902854.0810657223
902854.0810657223
902854.0810657223
902734.8578036809
902734.8578036809
902734.8578036809
902734.8578036809
902308.5186101607
902308.5186101607
902308.5186101607
902308.5186101607
902308.5186101607
902262.5891370834
901794.2853418245
901794.2853418245
901794.2853418245
901794.2853418245
901794.2853418245
901497.4955089103
901497.4955089103
901497.4955089103
901497.4955089103
901497.4955089103
901497.4955089103
901497.4955089103
901497.4955089103
901497.4955089103
901497.4955089103
901497.4955089103
901497.4955089103
901497.4955089103
901497.4955089103
901497.4955089103
901497.4955089103
901497.4955089103
901497.4955089103
901497.4955089103
901303.350668343
901189.5290569918
901179.7119305842
901179.7119305842
901179.7119305842
901179.7119305842
901179.7119305842
901179.7119305842
901179.7119305842
901179.7119305842
901179.7119305842
901179.7119305842
900822.7849508461
900822.7849508461
900822.7849508461
900822.7849508461
900822.7849508461
900708.3233965371
900708.3233965371
900708.3233965371
900708.3233965371
900708.3233965371
900708.3233965371
900708.3233965371
900708.3233965371
900498.5510672624
900498.5510672624
900498.5510672624
900498.5510672624
899824.2675985154
899824.2675985154
899824.2675985154
899824.2675985154
899824.2675985154
899824.2675985154
899824.2675985154
899824.2675985154
899824.2675985154
899824.2675985154
899824.2675985154
899824.2675985154
899824.2675985154
899824.2675985154
899824.2675985154
899824.2675985154
899824.2675985154
899824.2675985154
899824.2675985154
899824.2675985154
899824.2675985154
899824.2675985154
899824.2675985154
899824.2675985154
899824.2675985154
899824.2675985154
899824.2675985154
899824.2675985154
899637.5363925452
899637.5363925452
899193.9031040152
899193.9031040152
898557.9006194796
898557.9006194796
898335.0238617902
898335.0238617902
898335.0238617902
898335.0238617902
898335.0238617902
898335.0238617902
898335.0238617902
898335.0238617902
898335.0238617902
898251.3224821123
898251.3224821123
898251.3224821123
898251.3224821123
898251.3224821123
898251.3224821123
898251.3224821123
897939.7082533007
897939.7082533007
897939.7082533007
897939.7082533007
897772.6471201386
897772.6471201386
897772.6471201386
897563.024605405
897563.024605405
897563.024605405
897563.024605405
897563.024605405
897563.024605405
897563.024605405
897563.024605405
897515.4028401636
897515.4028401636
897515.4028401636
897515.4028401636
897515.4028401636
897061.9032920325
897061.9032920325
897061.9032920325
897061.9032920325
897061.9032920325
897061.9032920325
897061.9032920325
897061.9032920325
897061.9032920325
897061.9032920325
897061.9032920325
897061.9032920325
897061.9032920325
897061.9032920325
897037.5989795758
897037.5989795758
896991.154348834
896808.9758064325
896641.8125587569
896641.8125587569
896641.8125587569
896590.5392694769
896419.8116007881
896419.8116007881
896203.1247061152
896203.1247061152
896046.7031138701
896046.7031138701
896046.7031138701
895940.4554048539
895940.4554048539
895940.4554048539
895940.4554048539
895940.4554048539
895940.4554048539
895940.4554048539
895940.4554048539
895940.4554048539
895940.4554048539
895940.4554048539
895940.4554048539
895940.4554048539
895721.1112040556
895721.1112040556
895721.1112040556
895721.1112040556
895721.1112040556
895274.0780031641
894765.1630848956
894765.1630848956
894765.1630848956
894642.1658568312
894642.1658568312
894642.1658568312
894642.1658568312
894642.1658568312
894642.1658568312
894642.1658568312
894642.1658568312
894642.1658568312
894642.1658568312
894642.1658568312
894642.1658568312
894642.1658568312
894008.8238960458
894008.8238960458
894008.8238960458
893989.0936641225
893989.0936641225
893989.0936641225
893989.0936641225
893989.0936641225
893989.0936641225
893989.0936641225
893989.0936641225
893593.008324834
893593.008324834
893135.0334621116
893135.0334621116
893135.0334621116
893135.0334621116
893135.0334621116
893135.0334621116
893135.0334621116
893135.0334621116
893135.0334621116
893135.0334621116
893135.0334621116
893135.0334621116
893096.317244346
893096.317244346
893096.317244346
893096.317244346
893096.317244346
893096.317244346
893065.0404787547
893062.8035474649
893062.8035474649
893062.8035474649
893062.8035474649
892210.2255177863
892210.2255177863
891994.2909877335
891994.2909877335
891994.2909877335
891994.2909877335
891994.2909877335
891994.2909877335
891994.2909877335
891994.2909877335
891994.2909877335
891994.2909877335
891994.2909877335
891696.0349413869
891696.0349413869
891696.0349413869
891696.0349413869
891696.0349413869
891696.0349413869
891696.0349413869
891696.0349413869
891696.0349413869
891696.0349413869
891696.0349413869
891696.0349413869
891696.0349413869
891696.0349413869
891696.0349413869
891696.0349413869
891696.0349413869
891696.0349413869
891696.0349413869
891696.0349413869
891696.0349413869
891696.0349413869
891503.632239517
891503.632239517
891503.632239517
891503.632239517
891503.632239517
891503.632239517
891503.632239517
891503.632239517
891461.2723013817
891461.2723013817
891461.2723013817
891461.2723013817
891461.2723013817
891461.2723013817
891461.2723013817
891461.2723013817
891461.2723013817
891461.2723013817
891461.2723013817
891461.2723013817
891461.2723013817
891461.2723013817
891461.2723013817
891461.2723013817
891461.2723013817
891461.2723013817
891461.2723013817
891461.2723013817
891461.2723013817
891461.2723013817
891461.2723013817
891461.2723013817
891461.2723013817
891461.2723013817
891461.2723013817
891461.2723013817
891461.2723013817
891461.2723013817
891461.2723013817
891265.0395564137
891265.0395564137
891172.1519036444
891172.1519036444
891172.1519036444
890699.5391331832
890699.5391331832
890699.5391331832
890699.5391331832
890682.865579331
890682.865579331
890682.865579331
890682.865579331
890682.865579331
890682.865579331
890682.865579331
890682.865579331
890682.865579331
890682.865579331
890682.865579331
890682.865579331
890030.1339099975
890030.1339099975
890030.1339099975
890025.0133525918
890018.4588321405
889709.8473152749
889163.9205575897
889163.9205575897
889163.9205575897
889163.9205575897
889163.9205575897
888525.9163806662
888525.9163806662
888525.9163806662
888525.9163806662
888525.9163806662
888339.7528342637
888339.7528342637
888339.7528342637
888339.7528342637
888339.7528342637
888339.7528342637
888339.7528342637
888339.7528342637
888339.7528342637
888339.7528342637
888339.7528342637
887968.0556820084
887968.0556820084
887968.0556820084
887968.0556820084
887968.0556820084
887968.0556820084
887968.0556820084
887968.0556820084
887968.0556820084
887968.0556820084
887968.0556820084
887968.0556820084
887968.0556820084
887968.0556820084
887968.0556820084
887968.0556820084
887968.0556820084
887968.0556820084
887968.0556820084
887863.7040250482
887863.7040250482
887863.7040250482
887863.7040250482
887863.7040250482
887863.7040250482
887665.676389742
887665.676389742
887665.676389742
887665.676389742
887665.676389742
887665.676389742
887665.676389742
887665.676389742
887665.676389742
887665.676389742
887665.676389742
887665.676389742
887665.676389742
887665.676389742
887665.676389742
887665.676389742
887665.676389742
887665.676389742
887665.676389742
887665.676389742
887665.676389742
887665.676389742
887530.3252672604
887456.5047030629
887456.5047030629
887456.5047030629
887456.5047030629
886984.3030077578
886850.8255258097
886850.8255258097
886850.8255258097
886850.8255258097
886850.8255258097
886850.8255258097
886850.8255258097
886850.8255258097
886850.8255258097
886850.8255258097
886850.8255258097
886850.8255258097
886850.8255258097
886850.8255258097
886850.8255258097
886850.8255258097
886850.8255258097
886723.4134339768
886723.4134339768
886528.5397137859
886528.5397137859
886528.5397137859
886528.5397137859
886528.5397137859
886528.5397137859
886528.5397137859
886528.5397137859
886528.5397137859
886247.6418347177
886192.9410205424
886192.9410205424
886192.9410205424
886192.9410205424
886192.9410205424
886192.9410205424
886192.9410205424
886192.9410205424
886192.9410205424
886192.9410205424
886192.9410205424
886192.9410205424
886192.9410205424
886192.9410205424
886192.9410205424
886192.9410205424
886192.9410205424
885919.7893330504
885919.7893330504
885919.7893330504
885919.7893330504
885919.7893330504
885919.7893330504
885919.7893330504
885919.7893330504
885919.7893330504
885919.7893330504
885919.7893330504
885919.7893330504
885919.7893330504
885919.7893330504
885919.7893330504
885919.7893330504
885770.1827973125
885666.3605442075
885666.3605442075
885666.3605442075
885666.3605442075
885287.6704024198
885287.6704024198
885287.6704024198
885081.9045937709
885081.9045937709
885079.5495648065
885079.5495648065
885079.5495648065
885079.5495648065
885079.5495648065
885079.5495648065
885079.5495648065
885079.5495648065
885079.5495648065
885079.5495648065
885079.5495648065
884718.1845017705
884551.8796787867
884551.8796787867
884551.8796787867
884530.6362743985
884530.6362743985
884530.6362743985
884530.6362743985
884530.6362743985
884530.6362743985
884530.6362743985
884530.6362743985
884530.6362743985
884165.2634195595
884165.2634195595
884165.2634195595
884165.2634195595
884165.2634195595
884165.2634195595
884165.2634195595
884165.2634195595
884165.2634195595
884165.2634195595
884165.2634195595
884165.2634195595
884165.2634195595
884165.2634195595
884165.2634195595
884165.2634195595
884165.2634195595
883946.1160737972
883946.1160737972
883837.8106395385
883837.8106395385
882848.0468158012
882848.0468158012
882848.0468158012
882848.0468158012
882848.0468158012
882848.0468158012
882848.0468158012
882848.0468158012
882848.0468158012
882848.0468158012
882848.0468158012
882848.0468158012
882848.0468158012
882848.0468158012
882848.0468158012
882848.0468158012
882848.0468158012
882848.0468158012
882848.0468158012
882848.0468158012
882619.5415102534
882619.5415102534
882619.5415102534
882311.3144309734
882311.3144309734
882311.3144309734
882311.3144309734
882311.3144309734
882311.3144309734
882311.3144309734
882231.1910791504
882231.1910791504
882231.1910791504
882075.6314902544
882032.7630730469
882032.7630730469
882032.7630730469
882032.7630730469
882032.7630730469
882032.7630730469
882032.7630730469
882032.7630730469
882032.7630730469
882032.7630730469
882032.7630730469
882032.7630730469
882032.7630730469
882032.7630730469
882032.7630730469
881994.776425435
881994.776425435
881994.776425435
881990.3646209927
881990.3646209927
881990.3646209927
881990.3646209927
881990.3646209927
881990.3646209927
881990.3646209927
881990.3646209927
881990.3646209927
881990.3646209927
881990.3646209927
881790.8425484091
881790.8425484091
881790.8425484091
881790.8425484091
881790.8425484091
881790.8425484091
881790.8425484091
881790.8425484091
881790.8425484091
881628.7485692332
881628.7485692332
881395.876895802
881395.876895802
881395.876895802
881350.3697759379
881350.3697759379
881350.3697759379
881350.3697759379
881350.3697759379
881350.3697759379
881350.3697759379
881350.3697759379
881350.3697759379
881350.3697759379
881350.3697759379
881174.0567883049
881174.0567883049
881174.0567883049
880836.440264745
880836.440264745
880836.440264745
880836.440264745
880522.1225988903
880522.1225988903
880522.1225988903
880522.1225988903
880522.1225988903
880522.1225988903
880379.9074552102
880060.6752991703
880060.6752991703
880060.6752991703
879885.7183724038
879885.7183724038
879885.7183724038
879885.7183724038
879885.7183724038
879720.8659157931
879720.8659157931
879720.8659157931
879680.055162423
879680.055162423
879680.055162423
879680.055162423
879680.055162423
879680.055162423
879447.2713291504
879447.2713291504
879447.2713291504
879447.2713291504
879447.1244881346
879447.1244881346
879447.1244881346
879447.1244881346
879447.1244881346
879447.1244881346
879050.596301541
879050.596301541
879050.596301541
879050.596301541
879050.596301541
879050.596301541
879050.596301541
879050.596301541
879050.596301541
879050.596301541
879050.596301541
879050.596301541
879050.596301541
878573.1479712161
878408.3351149794
878408.3351149794
878408.3351149794
878408.3351149794
878408.3351149794
878408.3351149794
878408.3351149794
878408.3351149794
878408.3351149794
878408.3351149794
878408.3351149794
878408.3351149794
878408.3351149794
878408.3351149794
878408.3351149794
878408.3351149794
878408.3351149794
878408.3351149794
878408.3351149794
878408.3351149794
878408.3351149794
878408.3351149794
878408.3351149794
878408.3351149794
878408.3351149794
878408.3351149794
878165.5964722822
878165.5964722822
878165.5964722822
878165.5964722822
878165.5964722822
878165.5964722822
878165.5964722822
878165.5964722822
878165.5964722822
878165.5964722822
878165.5964722822
878165.5964722822
878165.5964722822
878165.5964722822
878150.9251216098
878150.9251216098
878150.9251216098
878150.9251216098
878150.9251216098
878150.9251216098
878150.9251216098
878150.9251216098
878150.9251216098
878150.9251216098
878150.9251216098
878150.9251216098
878074.6437374604
878074.6437374604
878074.6437374604
878074.6437374604
878074.6437374604
877720.6995518366
877316.5437196959
876672.1855357923
876672.1855357923
876672.1855357923
876672.1855357923
876672.1855357923
876379.2384518955
876228.8280604731
876164.7121374942
876164.7121374942
876164.7121374942
876164.7121374942
876164.7121374942
876164.7121374942
876164.7121374942
876164.7121374942
876164.7121374942
876164.7121374942
876164.7121374942
876097.7138622776
876097.7138622776
876097.7138622776
876061.5148104886
876061.5148104886
876061.5148104886
876061.5148104886
876061.5148104886
876061.5148104886
876061.5148104886
876061.5148104886
876061.5148104886
876047.4621895412
876047.4621895412
876047.4621895412
876047.4621895412
875610.2685302634
875610.2685302634
875610.2685302634
875610.2685302634
875610.2685302634
875610.2685302634
875610.2685302634
875610.2685302634
875610.2685302634
875610.2685302634
875610.2685302634
875610.2685302634
875509.1299005016
875509.1299005016
875509.1299005016
875300.7706403546
875300.7706403546
875300.7706403546
875300.7706403546
875268.0027288053
875268.0027288053
875268.0027288053
875268.0027288053
875268.0027288053
875268.0027288053
875268.0027288053
875268.0027288053
875268.0027288053
875268.0027288053
875268.0027288053
875268.0027288053
875096.1287642833
875096.1287642833
875096.1287642833
874880.4975494018
874880.4975494018
874880.4975494018
874880.4975494018
874769.5256155021
874769.5256155021
874769.5256155021
874769.5256155021
874426.0005189014
874426.0005189014
874426.0005189014
874426.0005189014
873869.8248891184
873869.8248891184
873869.8248891184
873869.8248891184
873869.8248891184
873869.8248891184
873592.144312756
873592.144312756
873592.144312756
873592.144312756
873592.144312756
873592.144312756
873592.144312756
873592.144312756
873592.144312756
873592.144312756
873592.144312756
873592.144312756
873592.144312756
873592.144312756
873592.144312756
873568.376736643
873568.376736643
873568.376736643
873568.376736643
873568.376736643
873568.376736643
873568.376736643
873568.376736643
873568.376736643
873568.376736643
873568.376736643
873568.376736643
873568.376736643
873568.376736643
873326.5266387397
873326.5266387397
873326.5266387397
873326.5266387397
873224.8750993244
873224.8750993244
873224.8750993244
873224.8750993244
873224.8750993244
873224.8750993244
873224.8750993244
873103.3035219412
873103.3035219412
873103.3035219412
873103.3035219412
873103.3035219412
873103.3035219412
873103.3035219412
873103.3035219412
873103.3035219412
873103.3035219412
873103.3035219412
873103.3035219412
873103.3035219412
873103.3035219412
873103.3035219412
873103.3035219412
873103.3035219412
873103.3035219412
873103.3035219412
873103.3035219412
873103.3035219412
873103.3035219412
873056.8282377223
873056.8282377223
873056.8282377223
873056.8282377223
873025.6793001383
873025.6793001383
873025.6793001383
873025.6793001383
873025.6793001383
873025.6793001383
873025.6793001383
873025.6793001383
873025.6793001383
873025.6793001383
873025.6793001383
873025.6793001383
873025.6793001383
873025.6793001383
873025.6793001383
873025.6793001383
873025.6793001383
872942.9647728244
872942.9647728244
872942.9647728244
872942.9647728244
872942.9647728244
872942.9647728244
872942.9647728244
872942.9647728244
872942.9647728244
872942.9647728244
872942.9647728244
872942.9647728244
872942.9647728244
872904.7685753417
872783.449011815
872783.449011815
872783.449011815
872783.449011815
872714.6871469724
872714.6871469724
872714.6871469724
872714.6871469724
872714.6871469724
872714.6871469724
872714.6871469724
872433.8262204357
872405.9613101428
872405.9613101428
872405.9613101428
872405.9613101428
872405.9613101428
872405.9613101428
872405.9613101428
872405.9613101428
872405.9613101428
872405.9613101428
872405.9613101428
872405.9613101428
872405.9613101428
872405.9613101428
872405.9613101428
872405.9613101428
872405.9613101428
871544.784507669
871544.784507669
871544.784507669
871544.784507669
871544.784507669
871544.784507669
871544.784507669
871544.784507669
871544.784507669
871544.784507669
870699.5013214344
870699.5013214344
870699.5013214344
870699.5013214344
870699.5013214344
870699.5013214344
870699.5013214344
870699.5013214344
870699.5013214344
870699.5013214344
870699.5013214344
870647.7218845333
870647.7218845333
870647.7218845333
870647.7218845333
870647.7218845333
870647.7218845333
870647.7218845333
870647.7218845333
870647.7218845333
870647.7218845333
870647.7218845333
870647.7218845333
870647.7218845333
870647.7218845333
870647.7218845333
870647.7218845333
870647.7218845333
870647.7218845333
870647.7218845333
870647.7218845333
870647.7218845333
870647.7218845333
870647.7218845333
870290.6097389399
870290.6097389399
870290.6097389399
870290.6097389399
870290.6097389399
870290.6097389399
870290.6097389399
870290.6097389399
870290.6097389399
870290.6097389399
870290.6097389399
870290.6097389399
870290.6097389399
870290.6097389399
870201.4862028318
870159.9829614591
870159.9829614591
870159.9829614591
870159.9829614591
870159.9829614591
870159.9829614591
870159.9829614591
870159.9829614591
870029.0459892272
869924.8403718378
869924.8403718378
869924.8403718378
869924.8403718378
869924.8403718378
869924.8403718378
869924.8403718378
869924.8403718378
869902.3076688701
869902.3076688701
869902.3076688701
869805.7400888429
869805.7400888429
869805.7400888429
869805.7400888429
869805.7400888429
869805.7400888429
869805.7400888429
869805.7400888429
869460.2792686804
869460.2792686804
869460.2792686804
869460.2792686804
869460.2792686804
869460.2792686804
869460.2792686804
869460.2792686804
869460.2792686804
869460.2792686804
869460.2792686804
869460.2792686804
869460.2792686804
869460.2792686804
869314.0590392568
869314.0590392568
869314.0590392568
869314.0590392568
869314.0590392568
869208.7408435785
869208.7408435785
869208.7408435785
869208.7408435785
869208.7408435785
869208.7408435785
869208.7408435785
869208.7408435785
869208.7408435785
869208.7408435785
868313.8015169161
868313.8015169161
868313.8015169161
868313.8015169161
868313.8015169161
868313.8015169161
868313.8015169161
868313.8015169161
868313.8015169161
868196.1060114253
868196.1060114253
868196.1060114253
868196.1060114253
868196.1060114253
868196.1060114253
868196.1060114253
868196.1060114253
868196.1060114253
868196.1060114253
868196.1060114253
868196.1060114253
868196.1060114253
868196.1060114253
868196.1060114253
868196.1060114253
867488.7008124136
867488.7008124136
866615.667159506
865916.4311754117
865856.4942081866
865856.4942081866
865856.4942081866
865382.0071875227
865382.0071875227
865382.0071875227
865382.0071875227
865382.0071875227
864754.4605699484
864754.4605699484
864754.4605699484
864754.4605699484
864754.4605699484
864754.4605699484
864754.4605699484
864754.4605699484
864754.4605699484
864754.4605699484
864754.4605699484
864754.4605699484
864754.4605699484
864478.133255898
864478.133255898
864478.133255898
864478.133255898
864478.133255898
864478.133255898
864478.133255898
864478.133255898
864478.133255898
864478.133255898
864478.133255898
864478.133255898
864478.133255898
864478.133255898
864398.9594906559
864384.1506513439
864321.8446585867
864321.8446585867
863809.0455090869
863809.0455090869
863809.0455090869
863809.0455090869
863809.0455090869
863809.0455090869
863711.5219010441
863711.5219010441
863711.5219010441
863711.5219010441
863025.0904711522
863025.0904711522
863025.0904711522
863025.0904711522
863025.0904711522
863025.0904711522
863025.0904711522
863025.0904711522
863025.0904711522
863025.0904711522
863025.0904711522
863025.0904711522
863025.0904711522
863025.0904711522
862930.1386303541
862930.1386303541
862930.1386303541
862930.1386303541
862930.1386303541
862930.1386303541
862930.1386303541
862930.1386303541
862930.1386303541
862930.1386303541
862930.1386303541
862930.1386303541
862930.1386303541
862930.1386303541
862917.6375974531
862917.6375974531
862917.6375974531
862917.6375974531
862917.6375974531
862863.0376966958
862863.0376966958
862863.0376966958
862551.1734338463
862551.1734338463
862551.1734338463
862551.1734338463
862551.1734338463
862551.1734338463
862551.1734338463
862551.1734338463
862551.1734338463
862551.1734338463
862551.1734338463
862551.1734338463
862490.472562709
862490.472562709
862490.472562709
862490.472562709
862490.472562709
862490.472562709
862490.472562709
862490.472562709
862490.472562709
862472.9048677529
862243.5959573742
862243.5959573742
862243.5959573742
862243.5959573742
862243.5959573742
862243.5959573742
862243.5959573742
862243.5959573742
862243.5959573742
862072.3640471254
862072.3640471254
862072.3640471254
862072.3640471254
862072.3640471254
862072.3640471254
862072.3640471254
861694.6129302466
861694.6129302466
861694.6129302466
861694.6129302466
861694.6129302466
861694.6129302466
861694.6129302466
861694.6129302466
861694.6129302466
861694.6129302466
861529.0832262425
861529.0832262425
861529.0832262425
861529.0832262425
861529.0832262425
861529.0832262425
861529.0832262425
861529.0832262425
861529.0832262425
861529.0832262425
861186.4001396134
861186.4001396134
860974.0407383621
860974.0407383621
860974.0407383621
860974.0407383621
860974.0407383621
860563.1806410234
860279.5721399786
860279.5721399786
860279.5721399786
860279.5721399786
860180.5915903919
860178.1907495977
860178.1907495977
860178.1907495977
860178.1907495977
860178.1907495977
860178.1907495977
860178.1907495977
860178.1907495977
860178.1907495977
860178.1907495977
860178.1907495977
859977.7718867557
859977.7718867557
859977.7718867557
859884.7400400518
859884.7400400518
859884.7400400518
859884.7400400518
859884.7400400518
859884.7400400518
859490.8750909925
859490.8750909925
859490.8750909925
859490.8750909925
859490.8750909925
859490.8750909925
859490.8750909925
859490.8750909925
859490.8750909925
859490.8750909925
859490.8750909925
859490.8750909925
859490.8750909925
859490.8750909925
859490.8750909925
859490.8750909925
859490.8750909925
859490.8750909925
859490.8750909925
859490.8750909925
859490.8750909925
859490.8750909925
859490.8750909925
859490.8750909925
859163.4024961613
859163.4024961613
859163.4024961613
859163.4024961613
859163.4024961613
859163.4024961613
859163.4024961613
859075.8775619044
859075.8775619044
859075.8775619044
859075.8775619044
859075.8775619044
859075.8775619044
859075.8775619044
859075.8775619044
859075.8775619044
859075.8775619044
859075.8775619044
859075.8775619044
859075.8775619044
859075.8775619044
859075.8775619044
859075.8775619044
859075.8775619044
859075.8775619044
859075.8775619044
859075.8775619044
859075.8775619044
859075.8775619044
858326.6745186072
857892.0593314618
857892.0593314618
857892.0593314618
857892.0593314618
857892.0593314618
857892.0593314618
857892.0593314618
857892.0593314618
857892.0593314618
857892.0593314618
857892.0593314618
857892.0593314618
857892.0593314618
857892.0593314618
857892.0593314618
857892.0593314618
857892.0593314618
857892.0593314618
857892.0593314618
857892.0593314618
857892.0593314618
857892.0593314618
857862.9019338595
857862.9019338595
857862.9019338595
857862.9019338595
857862.9019338595
856972.8140817308
856972.8140817308
856972.8140817308
856972.8140817308
856972.8140817308
856972.8140817308
856972.8140817308
856972.8140817308
856972.8140817308
856972.8140817308
856890.4446509099
856890.4446509099
856890.4446509099
856890.4446509099
856890.4446509099
856890.4446509099
856680.8706319842
856680.8706319842
856680.8706319842
856680.8706319842
856680.8706319842
856680.8706319842
856680.8706319842
856680.8706319842
856671.0352462773
856671.0352462773
856671.0352462773
856671.0352462773
856671.0352462773
856671.0352462773
856671.0352462773
856671.0352462773
856671.0352462773
856671.0352462773
856671.0352462773
856671.0352462773
856671.0352462773
856671.0352462773
856671.0352462773
856671.0352462773
856671.0352462773
856671.0352462773
856671.0352462773
856671.0352462773
856671.0352462773
856671.0352462773
856671.0352462773
856304.858585248
856304.858585248
856304.858585248
856304.858585248
856304.858585248
856304.858585248
856304.858585248
856146.9742103395
856146.9742103395
856146.9742103395
855902.9732951624
855902.9732951624
855902.9732951624
855902.9732951624
855902.9732951624
855902.9732951624
855902.9732951624
855902.9732951624
855902.9732951624
855844.5300641905
855844.5300641905
855844.5300641905
855844.5300641905
855844.5300641905
855844.5300641905
855844.5300641905
855524.0950087938
855524.0950087938
855524.0950087938
855524.0950087938
855237.2860398049
855237.2860398049
855031.2878393033
855031.2878393033
854905.8223980682
854905.8223980682
854905.8223980682
854905.8223980682
854905.8223980682
854905.8223980682
854641.34539866
854641.34539866
854641.34539866
854641.34539866
854641.34539866
853925.9440650372
853332.4478167887
853332.4478167887
853332.4478167887
853332.4478167887
853267.2258408472
853267.2258408472
853267.2258408472
853267.2258408472
853267.2258408472
853250.0675889116
853250.0675889116
853250.0675889116
853250.0675889116
853250.0675889116
853250.0675889116
853250.0675889116
853250.0675889116
853250.0675889116
853250.0675889116
853250.0675889116
852714.1935882719
852714.1935882719
852714.1935882719
852714.1935882719
852714.1935882719
852605.6551117157
852605.6551117157
852605.6551117157
852552.045666689
852231.3574442195
852210.363023632
852210.363023632
852210.363023632
852210.363023632
852210.363023632
852210.363023632
852210.363023632
852210.363023632
852210.363023632
852125.8238461616
852125.8238461616
852125.8238461616
852125.8238461616
852125.8238461616
852125.8238461616
852125.8238461616
852125.8238461616
852125.8238461616
851941.3032732384
851941.3032732384
851941.3032732384
851941.3032732384
851941.3032732384
851941.3032732384
851941.3032732384
851941.3032732384
851941.3032732384
851684.7379313131
851684.7379313131
851684.7379313131
851684.7379313131
851684.7379313131
851684.7379313131
851266.38667408
851266.38667408
850799.139215172
850799.139215172
849789.5664140241
849789.5664140241
849789.5664140241
849789.5664140241
849789.5664140241
849789.5664140241
849789.5664140241
849789.5664140241
849789.5664140241
849789.5664140241
849789.5664140241
849789.5664140241
849789.5664140241
849789.5664140241
849789.5664140241
849789.5664140241
849789.5664140241
849789.5664140241
849789.5664140241
849789.5664140241
849378.0968476039
849378.0968476039
849378.0968476039
849378.0968476039
849378.0968476039
849378.0968476039
849378.0968476039
849378.0968476039
848809.5512114165
848809.5512114165
848809.5512114165
848809.5512114165
848809.5512114165
848809.5512114165
848809.5512114165
848809.5512114165
848371.2269463872
848371.2269463872
848371.2269463872
848168.7689915029
848168.7689915029
848168.7689915029
848168.7689915029
848168.7689915029
848168.7689915029
848168.7689915029
848168.7689915029
848168.7689915029
848168.7689915029
848168.7689915029
848168.7689915029
848168.7689915029
848168.7689915029
848168.7689915029
848168.7689915029
848168.7689915029
847756.9950516284
847756.9950516284
847756.9950516284
847738.0954593299
847738.0954593299
847738.0954593299
847738.0954593299
847323.5203027006
847323.5203027006
847323.5203027006
847323.5203027006
847323.5203027006
847323.5203027006
847129.5263159067
847129.5263159067
847091.2149909458
847091.2149909458
847091.2149909458
847091.2149909458
847091.2149909458
847091.2149909458
847091.2149909458
847091.2149909458
847091.2149909458
847091.2149909458
847091.2149909458
847091.2149909458
847091.2149909458
847091.2149909458
847091.2149909458
847091.2149909458
847091.2149909458
847091.2149909458
846565.6320759167
846565.6320759167
846565.6320759167
846565.6320759167
846565.6320759167
846565.6320759167
846565.6320759167
846159.903686868
846159.903686868
846159.903686868
846159.903686868
846159.903686868
846159.903686868
846159.903686868
846159.903686868
846159.903686868
846159.903686868
846159.903686868
846159.903686868
845285.3778700109
845285.3778700109
845285.3778700109
845285.3778700109
845224.3313691453
845224.3313691453
845224.3313691453
845224.3313691453
845224.3313691453
845153.1695696106
845153.1695696106
845153.1695696106
845153.1695696106
845153.1695696106
845145.3445866443
845145.3445866443
845145.3445866443
845145.3445866443
845145.3445866443
845145.3445866443
845145.3445866443
845145.3445866443
845145.3445866443
845145.3445866443
845145.3445866443
845145.3445866443
845145.3445866443
845145.3445866443
845145.3445866443
845145.3445866443
845145.3445866443
845145.3445866443
845145.3445866443
845145.3445866443
845145.3445866443
845145.3445866443
845145.3445866443
844995.1887139184
844995.1887139184
844995.1887139184
844995.1887139184
844995.1887139184
844995.1887139184
844995.1887139184
844995.1887139184
844995.1887139184
844995.1887139184
844995.1887139184
844995.1887139184
844995.1887139184
844995.1887139184
844995.1887139184
844995.1887139184
844995.1887139184
844995.1887139184
844995.1887139184
844995.1887139184
844995.1887139184
844995.1887139184
844995.1887139184
844995.1887139184
844995.1887139184
844995.1887139184
844995.1887139184
844995.1887139184
844995.1887139184
844995.1887139184
844995.1887139184
844995.1887139184
844995.1887139184
844995.1887139184
844995.1887139184
844995.1887139184
844995.1887139184
844995.1887139184
844995.1887139184
844995.1887139184
844995.1887139184
844995.1887139184
844995.1887139184
844995.1887139184
844995.1887139184
844995.1887139184
844995.1887139184
844995.1887139184
844995.1887139184
844995.1887139184
844995.1887139184
