13285.978289952613
13213.353825407748
13146.263026419863
13082.119733669257
13029.813953326435
12973.578810932271
12924.524322848893
12872.889070063757
12831.304451484051
12782.33402102932
12743.911349349666
12715.525559942724
12670.881970000108
12630.846472821435
12591.184667557085
12566.774899164024
12531.869804436814
12507.26647579728
12479.396507436571
12457.19261243329
12431.07533544316
12401.450509150218
12386.86034333226
12372.83176540651
12358.71055678456
12342.240893601072
12319.56380219252
12313.679358593014
12303.078609187425
12297.460817591616
12289.087448709988
12273.356543837095
12273.61030172331
12255.773310713721
12246.791193551531
12228.506706268283
12230.364253689495
12210.144529066889
12210.08014479485
12196.004604613692
12191.770493215558
12188.420849643953
12175.809474059228
12166.72306486289
12156.871398898104
12160.675471206348
12153.17156791052
12140.707776297062
12140.149824818418
12136.122500488631
12137.486500732633
12129.51399388115
12123.699718549087
12127.527167498742
12129.125859811125
12121.378605983378
12123.075143134833
12122.685648488787
12117.25096322007
12114.535092265547
12110.962709794818
12117.308222056068
12112.72798614178
12113.956450812255
12117.068311361234
12123.160206816818
12114.669453542425
12112.510126832098
12117.38714704501
12111.58356208242
12109.439840754054
12111.553062592076
12106.285205612496
12123.781691891134
12103.898927739814
12112.102008310381
12116.764528706586
12108.713444883866
12107.776732654052
12101.294905153543
12094.876138047955
12101.902844623615
12103.134528454735
12097.26625712165
12087.948464715337
12083.89066818733
12073.57864086104
12068.60174619487
12070.898577314754
12066.136676487466
12065.87995714938
12075.971698319328
12073.575492671316
12072.835854097255
12076.64077200575
12070.944394839147
12073.647898217043
12070.155345101906
12080.392487948324
12084.599327717013
12079.347830182178
12074.26667345273
12073.001515636275
12071.440762592334
12073.256979028214
12078.357349493308
12077.675993936842
12066.874036953803
12070.24979646108
12082.322954562645
12080.623603466927
12079.640853559382
12088.4153482998
12084.424798968477
12082.521395218544
12081.42283512465
12076.827075552688
12091.886719689492
12093.650432200073
12094.210387063955
12092.791102297051
12096.578962438023
12090.442598638667
12085.87061289743
12086.761603147303
12083.674741208817
12072.912985480818
12078.664444333917
12078.12960130176
12078.272675224514
12080.306168708936
12090.507726500427
12094.976836687081
12088.077696647157
12078.575379116146
12083.19329240995
12084.098631704226
12082.739715724623
12084.508603190072
12070.081415616443
12092.56311072232
12094.786016432949
12095.595384422057
12082.93362662325
12083.476614972384
12084.82679977702
12084.64155558202
12075.248076480646
12074.375802251507
12068.56230285911
12071.899189380583
12072.860148681864
12066.48145014512
12068.72614027512
12062.774733429214
12066.624100413665
12073.895654040849
12067.872017900541
12080.781784440202
12073.179068984275
12083.414164692565
12077.636457280385
12062.797502951005
12063.363042617211
12056.353768959802
12052.224571456438
12045.353394442976
12059.61044401699
12058.50067244766
12070.208323083447
12070.262829909763
12071.847969554583
12076.887183726158
12074.873187012083
12068.350674627738
12072.121987543012
12071.523915167607
12071.926839572347
12067.861045191792
12067.314361240042
12069.723790105898
12068.517915038332
12085.58907167632
12074.036730804013
12074.21961622942
12071.223763772537
12061.232617925289
12059.072018666548
12053.715163769442
12058.167955444736
12074.53940253966
12071.566159363407
12076.422482198497
12085.484592556857
12080.991473074952
12084.519660822594
12081.150001614786
12090.436106199471
12091.23169406932
12096.310991899863
12104.523439417519
12111.251972230879
12109.994906781505
12105.382056272058
12093.94466541355
12090.915466597766
12096.6884585474
12110.157247905865
12113.527888439894
12130.46903495249
12125.753150588424
12127.211235924777
12119.613706313168
12123.459736545794
12122.387132138743
12112.464348712994
12107.471636296032
12108.933786975836
12110.850970389401
12104.98568142789
12105.754055251015
12108.02099470049
12104.393666875825
12101.427185977624
12107.083466894412
12094.528505155433
12091.931233131534
12089.326195976973
12087.625371201495
12081.165092107361
12067.73061843175
12072.615206287537
12073.055838078653
12069.707857880996
12076.771266097428
12075.80453012144
12080.33069667277
12082.984509419737
12092.66746421398
12090.57863058681
12088.89730442283
12091.162846262865
12087.36706820013
12087.48570450946
12092.426405595459
12095.323782347481
12103.252727935982
12099.784893313668
12095.184239545637
12090.035749701441
12093.454584654482
12097.60116879487
12098.735849552082
12101.367074806745
12108.101089058942
12113.940161784229
12114.35345662216
12125.166741402745
12119.299922241364
12112.57321395025
12116.090582180723
12120.656141208234
12125.781960725062
12118.31767194922
12113.11069794044
12102.71907639254
12115.413267548854
12119.880663640282
12112.750108387247
12112.748557972081
12110.43795762429
12104.30042008015
12090.12878014905
12089.117946081955
12098.248391844138
12094.911703841539
12084.06044211557
12082.410760160481
12076.41752412543
12085.563172098544
12089.613336058736
12084.444679281793
12075.097285080788
12089.445457836784
12080.47262500827
12088.101792596846
12088.11637282516
12105.682498739738
12107.033391383795
12120.10447824707
12118.723812876873
12114.172048462915
12109.211136060861
12105.17146719428
12091.372999956537
12091.1750950134
12079.707683883553
12076.586108386378
12082.982189036386
12083.63056992113
12081.929344149827
12076.016091300786
12071.66753006534
12058.657294545683
12056.30385453179
12058.107176992613
12061.54487012596
12054.832215781244
12052.988882165158
12060.554794608022
12065.640514742701
12060.701957379846
12070.215231945464
12077.992019109213
12095.131583674724
12099.40317534447
12104.784110416935
12096.443397663772
12090.208535309392
12080.214927623925
12073.432019038457
12087.155393175786
12085.859457436904
12100.609896104153
12101.697441208862
12098.049090615383
12097.244534185647
12098.761202737904
12088.493555828129
12083.165240137252
12069.365923376656
12080.066276502464
12074.867711070363
12071.64946296009
12082.535257578023
12074.705179226066
12078.398120119346
12073.371809222936
12070.474646707913
12081.167547940186
12076.862537572088
12073.376640557108
12061.171351960216
12062.971119409967
12067.955164496636
12077.047026190043
12070.552811709433
12062.122508085717
12064.902355534901
12072.360168204883
12077.646468997511
12081.6040686209
12078.314692627366
12077.611295942384
12069.720949468385
12065.098279634243
12056.905650156299
12052.740829383114
12042.570613761118
12052.222688405496
12055.794033718521
12068.943352908731
12067.77157542529
12072.185839572736
12078.662731637505
12093.987028549647
12094.498295868563
12094.490848464233
12092.192527088124
12105.52475327675
12112.772851136586
12103.940100210195
12102.152453354835
12109.135937616837
12105.144789606713
12094.916445628709
12096.225631432239
12071.18908331987
12068.73185129177
12085.941679759955
12087.276540731287
12078.151147541634
12081.371805080209
12081.29460619413
12079.528895423413
12077.19561720798
12074.779559400013
12075.101496136736
12072.623926543354
12061.172702318545
12058.101814577618
12066.629761979497
12079.940907160473
12085.982008938487
12088.297500201435
12098.237010158646
12098.058422856175
12087.348870949045
12084.587820322064
12078.801860467272
12075.571488970218
12076.474945518043
12088.212762631523
12084.044509889178
12088.357483882362
12093.706167966739
12089.326490450356
12098.978190308208
12096.460636689964
12102.788513695512
12090.949450478001
12080.340073519936
12082.394032081089
12087.764867888858
12086.53829493578
12077.606701992427
12073.56576546734
12078.099883811057
12079.793238926468
12091.076804455937
12085.224581593135
12081.889981582033
12073.735022411329
12081.218868887678
12083.890948012875
12079.897265172129
12084.439789810294
12091.46004300196
12092.538715702409
12086.719785663796
12086.840528563187
12092.401405360584
12086.656700074256
12087.335376091973
12077.200559960422
12075.62750049002
12071.61388149556
12063.082555231054
12057.156376770216
12045.508848094758
12043.453382427957
12045.535760858118
12043.240643613368
12048.040467768966
12042.796861587693
12067.687801095628
12073.363967002038
12069.653387320515
12085.394900359495
12089.410102092135
12085.441446714718
12083.10368724906
12090.648623128634
12085.679778723013
12083.044971133131
12082.572679296207
12083.275022764832
12091.489731344194
12085.109767351776
12094.74833317619
12097.717137969266
12100.197532764623
12099.903958443214
12088.226708163536
12093.507635038037
12090.810655051526
12106.264745763829
12113.353475502387
12114.008046751
12122.225324474573
12118.866154690946
12130.460930698337
12134.44697868449
12126.08223786368
12119.760126132427
12117.95431378356
12106.506513986318
12101.71533059462
12113.452486504273
12111.463868410128
12123.197448123854
12130.007742342743
12132.461844775971
12131.313830916595
12135.623650205793
12112.734128875976
12112.419646668903
12103.171769173117
12092.459142057134
12100.86999985847
12104.154130289082
12117.252785149587
12116.36497671685
12111.461173055755
12116.623387861204
12118.745694214555
12120.955480699486
12119.790448724736
12112.003206803647
12115.940230509763
12120.061933570141
12115.701674579954
12101.686908609245
12090.509208683074
12066.952921583466
12072.60914928615
12081.198407902684
12070.525745672428
12067.769113907312
12070.69394303568
12075.005868374225
12077.078155624691
12075.140325883596
12067.719280000865
12072.82689561767
12075.516566913455
12080.453599448128
12066.637604840644
12051.621349480027
12059.758341846144
12063.990174465509
12057.111175544967
12050.632388254908
12057.651274688822
12050.824021509285
12037.809418946255
12035.566048395562
12030.877781627009
12029.407708899804
12040.810318773825
12034.744373070498
12038.988874029661
12038.785093860066
12034.414551210331
12035.353607260806
12043.796314398718
12049.518937320287
12061.182368219092
12054.420808700721
12051.702577504719
12050.781455005039
12064.92735511461
12063.54344637911
12056.311110688108
12067.699253321152
12077.166524663302
12091.591863559073
12082.089454249388
12093.778200782432
12097.613149053228
12085.682426100338
12091.607298673936
12091.8019517773
12097.481279679181
12082.662372868519
12086.64402541913
12094.755706880458
12096.2529526066
12089.311138419505
12087.959787009793
12090.665151317206
12084.83942342643
12082.845233353126
12093.363655339497
12101.038681302849
12101.507561910144
12099.18027639864
12091.833637104812
12104.546107172544
12102.998638888297
12089.06341636455
12077.308154522061
12085.561924021811
12092.243960174634
12094.185274998395
12109.692265493235
12096.902615519442
12102.867977972477
12107.755061169326
12096.873636857028
12111.632408742247
12111.012469371886
12103.435481438612
12105.860290589391
12111.18446290863
12103.668167826469
12107.20486519865
12095.103921372502
12091.331904091552
12092.380607819254
12081.375878763654
12080.439717349785
12081.745504870163
12091.380465418097
12089.541934023648
12073.189146974582
12074.781936832627
12070.994878038799
12079.019050055911
12081.31682954638
12086.771733820122
12082.963337195815
12073.544797123925
12067.245305424936
12067.191113132943
12069.344082851836
12085.345760010412
12088.834029807385
12083.527700415154
12077.233453765122
12089.809168164997
12090.313269789001
12095.12300314269
12106.734023896617
12097.859746366255
12094.812086203126
12101.164672181756
12110.546431049894
12109.266418444453
12105.79267413602
12099.36976215131
12099.480090520768
12106.36471207578
12108.483052158532
12102.917544455411
12107.923443926524
12112.345869239267
12104.216416243013
12090.976110460855
12089.970736048635
12093.025250783223
12088.162886458735
12100.700761737604
12116.149318948144
12121.003567391414
12111.148176329238
12106.87385482244
12100.456936215822
12096.15668792624
12098.2087305327
12091.846096909481
12098.831277431294
12087.49651376244
12093.128800955237
12089.93546422368
12085.918368104121
12078.776598674986
12075.625415230552
12081.363890457815
12091.463756475932
12097.178708296706
12089.81750777447
12090.91982930588
12106.506262467487
12088.342558775887
12082.220851289474
12087.53521711585
12088.486882067664
12086.524296591162
12078.18875085092
12083.931650931294
12085.719661895004
12085.68959163479
12078.075022166733
12080.960261105653
12082.962115130718
12075.041199243939
12076.903503889062
12073.514196014476
12080.995541646244
12075.590850104805
12072.075661524419
12080.93242306223
12082.78679278044
12094.434439836365
12098.739564246545
12098.255362635358
12107.38034216837
12107.570148212584
12106.07403633106
12106.411307921551
12103.779025900352
12116.160064110863
12117.953884076342
12118.250235966356
12121.906714109564
12126.806530578086
12127.995444351864
12132.137645540954
12134.90195464022
12136.72066603723
12128.852413605537
12125.526422183564
12132.259771709912
12129.949908062004
12121.796323273715
12119.379353393862
12102.73433642457
12110.627248519706
12098.095244272256
12095.41885425199
12093.649235918256
12093.615746892343
12098.249041660434
12103.081903808674
12098.836525802635
12106.67691450044
12106.191172124461
12111.112261650233
12113.776771681103
12117.810770133674
12121.515660709854
12121.267295340136
12126.161577007615
12136.799911625312
12131.741179259887
12122.488538786867
12121.998704404603
12121.508195421997
12106.277447007968
12111.371639542553
12115.524636950357
12102.217331878795
12088.840670770569
12081.02938552572
12078.184063377845
12082.020755464393
12098.817586402765
12096.682875336905
12091.233015830947
12090.047367467509
12088.682739668877
12087.38538407116
12080.138025736313
12074.581738811183
12081.78683458132
12078.112747539391
12084.660859709365
12098.060961513196
12088.55860257192
12078.459062173491
12080.05393357567
12085.608095059888
12088.985652365096
12082.245045713116
12080.525024579514
12075.914029174488
12080.769601325299
12072.218643985896
12070.121011447987
12075.097633512596
12078.522007280675
12071.584964996484
12070.779738289117
12071.10850094778
12065.493507395258
12074.38975807672
12081.099088648702
12087.739096832433
12093.490679379185
12091.31603522677
12084.727055745687
12086.156957164721
12081.708137296104
12077.066805318054
12078.98914890408
12080.986900486047
12082.341334213805
12094.507248384869
12104.401300869175
12094.439291018833
12095.830523118102
12097.620037207778
12100.468362898297
12090.579128139176
12093.437385493005
12088.766769439257
12093.559775687656
12090.785454484345
12102.148383327032
12088.101100880502
12078.89271912114
12081.809761168272
12083.244920549092
12080.252207717054
12088.938200998624
12096.009132149218
12097.568892134686
12084.3435249459
12093.117827590355
12105.394969011913
12108.303066021723
12114.843142705871
12122.848886900638
12126.550004513765
12129.513087214247
12126.549286713931
12117.570397590058
12111.03289084027
12103.180690791349
12112.119066975216
12110.551653316164
12104.382839562153
12099.904876416405
12097.58455269985
12099.300670619483
12096.986474599038
12103.978474393563
12091.236196021824
12085.819996147398
12086.253062816695
12090.678736625461
12077.065572295602
12063.963040458855
12052.194958543085
12052.958847182388
12058.944713329574
12064.172227754523
12064.623286689786
12066.80965838149
12062.85296120949
12061.41214706171
12048.14111315069
12054.659456198515
12051.731353605273
12063.087172387955
12063.248475661356
12062.081327879834
12060.192529175054
12062.157627991777
12069.520515889195
12074.072252577946
12075.837290797845
12080.887400246771
12094.24952804788
12105.422385764305
12114.526093240114
12119.572644772375
12122.301029482138
12120.197468251878
12120.32346713978
12133.94186796102
12134.876727026633
12130.931326363827
12132.106752259413
12120.876687678598
12134.490218644809
12146.56983608545
12151.948025878768
12147.353327781544
12145.64270021172
12135.407673828158
12134.469428225962
12143.280593211406
12123.187024312594
12115.73605717232
12110.746137311458
12102.213914354554
12115.20828978779
12102.517483087417
12103.590460269217
12104.297737835248
12098.722959731367
12103.613391695806
12108.810984380534
12092.419362281704
12092.203059120297
12107.406948687832
12107.947081399536
12119.155858267248
12130.225650024982
12128.462324260414
12128.776625717946
12137.208585567265
12141.283058198303
12136.40046406968
12135.473991008785
12129.963514781542
12127.274005543342
12129.646074934622
12120.93439110158
12121.27602596553
12126.429011870952
12122.317175689557
12119.755629884432
12113.41037010232
12121.85218772185
12124.989446084619
12125.292063292949
12127.094255683576
12126.977745179638
12118.866649874144
12126.18198267078
12131.081030348909
12143.918467890675
12142.998785680871
12140.616514451709
12155.433843654915
12151.972759003766
12149.861906640517
12154.541714201077
12145.91727215365
12140.33702571151
12140.407262157563
12136.56558041614
12140.776136234817
12132.08813202676
12114.789183028535
12106.775286451351
12100.937329678156
12108.244421999803
12117.236850836656
12109.312850651198
12105.862105013275
12106.803279627846
12111.224467559761
12114.041245106302
12107.0061980241
12099.414819289315
12104.843292234193
12111.151767515697
12105.046415362773
12107.563760357385
12110.464016277547
12107.749285961489
12105.867567523324
12093.21825314674
12089.147369600572
12096.421471000409
12090.190979325867
12089.058957280411
12085.4332095416
12081.10309844216
12079.741369182477
12087.169759606555
12092.193702938244
12095.36334242966
12091.51347601155
12099.628062415006
12095.004804246368
12107.092945372708
12111.448990027333
12113.912386325852
12111.20799322077
12105.008439614861
12104.833036656473
12110.730468432104
12107.221466469688
12108.63798556977
12104.66869478605
12098.348450897898
12096.278455393182
12096.165923199967
12100.42357111758
12091.088861083925
12088.810956827165
12089.04950040786
12084.059925377755
12080.467452955274
12086.581523526766
12084.170596324926
12078.364678399554
12083.53981661917
12073.69869739196
12069.618129398557
12085.361911592585
12074.42331660157
12090.991366478094
12090.545809930529
12086.885035745256
12086.213237062515
12077.864883669328
12090.692336659642
12084.322630992394
12089.120760922022
12092.643908161273
12089.874881513537
12089.883368430737
12094.232594054007
12098.272783652468
12090.098857727648
12093.48319576397
12091.243724778502
12089.561886610512
12081.878527601817
12078.756869186678
12086.872745370361
12097.469994596775
12110.944097372245
12113.109524465614
12101.541781133064
12105.349439950256
12101.503747996863
12100.51637800643
12095.169520169304
12085.240108875169
12076.499993129417
12076.636204381686
12078.938776084506
12091.981673493938
12095.731173433787
12096.94284812553
12104.116599891648
12123.945419846035
12118.191125574602
12124.018155195448
12112.786957612228
12104.422276505817
12097.545145037093
12100.228180318103
12094.988983927647
12098.720837385865
12100.658125092332
12100.103717660877
12092.20096912013
12076.618814236073
12073.398486417853
12075.50764813298
12083.223200314518
12093.622706070433
12102.90139403694
12103.419728925775
12089.108203814296
12082.417268430523
12078.703978563266
12083.80988862331
12094.644360145101
12082.191661296756
12077.037291461374
12068.395214110045
12072.110136770272
12057.812617606545
12063.606112983776
12077.316149751132
12075.079360841062
12080.205205978453
12079.916168006082
12082.558946034813
12077.53926353171
12074.256809222372
12072.304369330304
12074.78506647037
12074.212897955866
12073.180458720475
12070.259420690243
12067.10394713685
12058.721320160834
12048.064125653415
12045.64787010909
12061.272477832577
12059.534616045636
12062.308746288452
12064.401912986355
12060.020866247707
12061.393016025348
12066.419344559456
12068.730120151846
12076.414088472313
12084.545847829346
12092.891423974133
12097.280089112282
12094.214779503454
12090.753299822909
12093.550643249144
12087.374739586468
12100.775193986836
12107.144057096875
12110.577119426907
12121.83377565611
12133.862554287662
12132.167238059837
12142.760575902306
12147.17556130801
12134.749514311756
12130.65435655337
12129.160372561259
12123.375316150803
12141.645815882386
12128.691776245585
12118.065940240114
12122.577145570951
12112.580901317355
12121.153065581324
12114.342222931335
12117.551966646619
12095.078529340957
12095.531662096068
12100.093903722143
12090.892683319506
12092.100294602427
12085.8690067506
12084.353278092207
12089.346899568478
12096.887458490297
12090.327420100737
12093.229341580362
12096.726964133195
12098.989943759268
12104.122278890838
12100.621411043528
12094.85705066055
12102.49525626213
12108.687394915964
12115.729105002105
12120.36805432789
12108.205292770102
12107.88110179498
12107.313733078236
12111.83490808747
12117.991987554395
12112.109727689938
12112.799897893989
12115.148584373399
12120.775780052598
12119.210260289601
12123.539706029758
12127.986371743127
12134.412642568972
12134.319258817335
12136.76706976049
12138.452237797359
12137.457093362751
12140.394241385931
12132.187342540816
12129.112304092501
12126.255344551118
12129.043394105433
12124.75955412383
12118.66962647245
12112.190817513614
12116.217459551728
12115.983125847799
12105.710959960723
12107.347898398624
12098.879763712823
12100.48780878967
12101.174333860079
12104.808833338899
12104.359827042312
12106.22466605495
12106.082832527218
12099.331064422262
12108.317099403139
12102.615093142293
12104.824893041903
12098.116234334006
12104.288468292456
12106.84853420876
12097.93514183382
12098.477471447204
12100.683808485888
12099.50266593842
12087.902859398891
12089.66073444187
12089.195128576317
12087.689378707033
12080.813339423657
12085.73851100688
12090.017408093423
12090.023963061662
12092.629325947311
12097.664795025048
12089.948486027322
12088.557938039401
12080.14134577236
12077.724102882137
12082.105887658505
12089.594243501142
12095.459533714058
12099.72390372979
12099.317285218054
12084.843145453164
12070.79364582433
12060.547980385878
12059.09408843816
12073.139891064095
12078.919448200257
12068.760486234372
12083.076295315703
12085.937368972638
12103.474016929888
12119.927649181516
12111.910280397602
12114.137273435881
12120.98762792598
12115.655477125747
12122.929403187669
12116.778258695344
12106.018536476196
12112.681625997731
12115.261803956086
12118.285156778766
12111.195747028625
12116.33623671401
12093.034832130765
12085.939722233199
12082.309642633769
12100.928196875673
12104.618744696056
12106.263832222929
12111.570977520863
12115.925180085553
12115.308007856565
12116.080349105865
12123.14291859321
12108.449010431868
12100.426882651362
12080.988958511356
12082.79318293521
12085.247281097118
12081.287007704028
12080.64414439323
12090.524029679895
12088.818308437527
12088.049803626382
12076.997480464464
12091.04480161069
12092.874004785825
12102.464563507578
12106.649106519038
12111.946776138891
12108.645618719343
12113.472761346002
12105.786509549656
12111.043907835377
12112.300273495204
12110.963242192896
12112.49073148447
12103.889734965927
12110.717867247193
12104.533372641476
12103.078982095165
12094.605998892554
12091.128239354211
12089.355685147555
12096.585318724527
12104.199263100516
12103.200482612674
12102.493098466992
12105.53896338329
12091.187201563265
12089.288633743767
12086.94164283838
12087.937365315254
12084.481174457422
12073.577434051402
12074.443091841371
12087.38558672978
12091.276352820936
12094.354987642137
12110.959857105143
12108.189094634365
12107.567110982804
12113.872200681079
12108.598973827948
12103.913429972123
12090.158773857549
12093.04321529564
12094.494117241778
12088.109655379936
12085.034753340467
12087.021116730077
12087.408533222222
12099.757331835626
12096.358832978043
12098.271205281011
12098.219391905815
12103.104695865768
12097.313050406621
12093.480980938886
12097.326470059394
12109.3570150301
12111.366302458508
12103.459270506359
12102.843896947033
12101.697731551829
12095.953790058444
12095.401766873732
12092.998496562552
12082.155874207712
12079.477641076513
12086.10587214808
12093.749260869872
12090.935146335434
12093.951541963284
12094.096062183831
12093.034313157437
12084.909623947731
12085.961950696672
12095.951049264524
12095.061833731028
12088.868328609173
12089.532893723806
12083.29667538052
12096.688690898858
12097.304987719594
12101.778313438594
12101.259818829567
12106.371869807053
12106.258864166291
12107.576238699572
12102.324595201222
12102.977668269377
12101.17656232986
12095.831012368219
12077.873721226126
12060.532118936677
12062.017476837795
12049.148314427817
12053.41602450948
12054.898194606973
12066.392749561019
12071.149466893961
12073.735563236713
12077.344291495914
12067.577301311863
12070.100868968295
12075.466243880433
12088.463077738903
12082.038059122226
12079.087931386824
12078.409769757745
12085.686528359283
12092.077762532117
12095.741375219495
12093.085558045243
12102.827922359853
12114.175768176872
12105.58358089019
12098.945568705887
12103.395947764302
12100.978784465016
12107.07292761663
12099.236970485086
12107.391004633577
12102.994376811028
12109.20814045726
12117.101020275652
12108.682183491026
12103.34043053223
12094.429973325869
12083.091969699184
12079.06793815667
12074.162608920979
12078.056897143342
12085.772728458158
12080.984715365163
12072.973174110246
12075.6945576435
12079.874671521615
12089.897620740921
12081.402789116393
12089.468443212947
12101.037353053644
12106.992455061298
12100.03108715089
12105.09424322764
12112.203998725448
12117.26042360453
12113.656634385687
12122.081496606814
12115.295605597963
12119.319013097542
12115.475329566485
12117.08220281772
12125.093159680007
12131.224340890916
12136.35250365476
12132.028599762487
12127.483139356564
12122.461619829479
12119.456687711187
12122.822114943736
12113.611995474566
12122.78711286134
12129.158591348774
12129.353792064256
12135.061727924312
12132.340313469263
12126.524544025395
12118.615483028729
12116.614209538318
12114.87454967116
12107.131711549006
12099.698642176694
12104.485035230256
12101.63803116127
12103.308356895115
12110.991288188505
12109.934920294507
12112.934768560139
12108.781548794857
12095.303222169689
12086.909993067233
12081.596138198096
12067.845958893502
12073.259310859306
12077.153062382122
12063.184696067981
12067.516263013735
12075.654618706103
12081.296301442584
12077.634130854753
12088.740130493356
12087.253047957865
12090.209553623576
12101.411312852644
12105.595054972067
12103.03181536213
12090.788676167747
12091.04434423615
12089.169119374503
12085.404179900132
12084.573044048364
12090.0175344714
12099.59393426127
12102.755749568627
12100.692759368401
12109.296114252316
12114.96496947568
12109.294034409046
12106.990043829217
12101.52429553009
12104.018521462103
12102.101540854237
12104.532337917615
12097.524437934624
12095.15700433661
12111.68484465378
12111.121127038175
12118.890220036674
12126.646899266565
12129.377193740289
12123.438588953299
12130.677289200094
12116.460654813312
12119.401993661144
12124.457454228286
12110.802602216696
12117.909803622926
12111.606558123687
12113.491881969938
12114.613878081956
12117.599609940218
12115.280467073331
12112.898542334144
12106.5407511736
12103.733956942837
12100.646360164716
12098.592165532606
12093.352168051832
12077.854155211342
12073.651035326446
12075.818382432439
12075.931282481111
12065.704005454154
12062.925634601437
12073.791033564667
12064.151606787822
12072.642103312774
12069.491801642478
12073.37607819008
12068.575933283628
12069.131359043615
12062.83086554922
12063.17696997819
12059.226652895166
12056.410055536267
12069.30932374392
12068.237010194229
12076.280136453606
12085.061814722965
12081.20555708652
12074.778123517903
12067.76604405254
12075.202204218409
12083.806063676471
12079.2510873225
12070.202499161196
12056.208158060672
12063.997789558067
12069.90185383997
12074.437919520442
12067.472762763377
12074.130843358915
12068.29625562334
12074.928878705214
12080.336073795923
12073.44912650052
12067.759261899928
12075.769414369859
12088.220296773537
12097.069837019546
12099.715326964184
12091.625118690923
12079.496035973072
12074.26178929874
12076.01211907927
12077.979058352124
12083.987404936237
12078.384154290332
12084.658750619026
12070.945602372709
12076.470553561621
12074.635412869582
12083.972527362077
12087.653549116607
12100.377971889535
12084.55997617758
12074.583207563759
12086.758718043591
12094.306145531624
12102.151560584682
12092.309610411012
12085.999119477732
12093.353559216555
12087.387367044157
12111.972677145779
12111.795203344089
12107.554368100566
12109.956241838823
12110.69222889838
12114.862596775032
12108.141496806771
12116.234999138538
12114.593333892914
12103.79365726796
12082.707399452836
12077.845156262058
12076.913713871656
12084.852302588733
12093.755291197122
12091.2885897848
12091.589929067395
12093.025550051054
12083.871627873936
12080.157971043905
12083.10919035719
12090.582143495689
12086.883808242505
12080.824444735114
12077.16645371147
12079.15009611542
12082.397256145247
12081.952900019849
12099.683836188662
12082.45671534544
12088.47157766244
12091.27318718961
12100.32791568233
12107.080748461807
12109.335685826609
12107.678030573257
12103.720515262155
12103.166936174988
12100.894256382893
12094.603982947256
12101.21435208513
12110.381134352701
12108.80217126546
12108.268753913431
12109.215415043538
12105.464615362293
12111.735974347876
12112.711567882268
12109.156909873996
12106.164727709958
12111.375656107324
12113.05439365282
12119.07370464046
12114.458553442866
12116.306165416863
12123.14595151698
12125.531999730494
12125.136871617362
12130.373567769522
12118.220160691279
12122.323532637
12112.247408365289
12109.486655438086
12110.068291505031
12107.93882191518
12111.147043996323
12109.343907395056
12110.36974774559
12117.606236171887
12114.599518119463
12118.220120636575
12106.619108130886
12102.414025342781
12112.50484183957
12112.447834083656
12104.590003114918
12103.444791199874
12105.64554308653
12107.135831409949
12103.202868813694
12112.818940051457
12109.548853045508
12116.453245105244
12109.861555349245
12110.182116331778
12101.924651311523
12096.329844965516
12091.549994625106
12097.467829470812
12091.02326800394
12094.427874536892
12087.9130470594
12087.108188049053
12084.270589499112
12090.735089989976
12094.245982589899
12085.823638334536
12086.732348093374
12079.84920258079
12071.373643770263
12074.111812759897
12061.169121337836
12060.616684377135
12057.717714163817
12058.789589611784
12051.15288694148
12072.84986639176
12078.628307888408
12077.330859519387
12086.936853396197
12092.698656608702
12099.570695262246
12097.184342360977
12090.013232505167
12102.888599046008
12102.349447311668
12090.356124682008
12082.266032961727
12087.860568125496
12090.918749813163
12105.166102931356
12114.157505737763
12109.987948099924
12108.05539946126
12106.717154082453
12111.198582168334
12112.763115069538
12104.73277758528
12105.834738865027
12114.06455535054
12110.654113959432
12115.858205847966
12103.248350424754
12095.49840088415
12089.195861029466
12095.981620161712
12101.273660800465
12098.554300383608
12091.401614532258
12089.501471631986
12092.444217143035
12091.648128146733
12086.810927013894
12087.470556366594
12085.317410847405
12090.395480990628
12093.844846086195
12083.745134164135
12090.55529941191
12081.247824207843
12081.250814748615
12080.447260633404
12076.879338332123
12074.191710483468
12077.370875898243
12081.59054069377
12081.233127711715
12088.400872342947
12078.740112652242
12070.77047419779
12068.791010734729
12068.245391377144
12056.88760621315
12057.273943985141
12067.073177745937
12059.971502109958
12074.651259075075
12083.661591316726
12085.552302978165
12088.755967401417
12106.358707423642
12095.969931854259
12095.591576231633
12092.956145192962
12097.82140406994
12085.518664929003
12081.196688665419
12072.289960358608
12080.464127187772
12066.794127330304
12071.006546494023
12072.049161335104
12078.056057970141
12080.75510528812
12077.965463157
12088.6649187426
12088.365127342695
12084.990590253066
12068.645146656221
12061.272110790447
12062.278559217084
12073.865177206997
12073.934512956068
12085.871127965103
12097.545393246826
12087.609212063862
12092.708310107728
12102.703331761686
12099.677394592429
12101.785658942763
12107.193420236823
12106.201970087863
12105.75680363076
12107.982278270882
12109.900373584933
12105.992814584662
12101.409190905912
12100.81927897905
12099.408866898295
12102.054948079533
12115.528537615866
12116.55089665357
12119.371134958272
12116.012340884921
12109.545663181658
12097.03235258157
12098.978979434549
12100.274161203804
12102.023770001402
12102.549446839555
12095.51210641204
12104.345802898797
12114.18832340702
12108.682099978687
12098.453956350946
12102.755605110266
12112.20535831735
12113.723074158614
12108.52032643641
12111.03725347449
12110.644567109024
12123.57562722762
12120.179470403607
12120.31017091545
12120.189336597941
12117.073939187772
12117.074413749866
12116.824520889182
12102.429259041583
12105.239449585666
12107.14935225119
12105.260536308897
12096.863274954958
12108.173694195084
12102.067327583143
12115.10248802259
12110.770285012952
12108.925378299835
12104.63174110596
12109.979805594005
12105.866890317277
12108.517914874621
12095.469341662283
12115.738937627611
12117.605854493915
12124.297387857538
12112.907612294248
12111.115524127694
12115.086761398274
12114.515250600465
12110.697074647307
12117.472375834823
12123.064122920485
12122.046611489517
12129.315682745302
12126.029461293725
12117.990367455695
12108.900882819038
12099.1543787325
12101.398054189769
12096.121039759484
12099.548710246596
12097.076513742746
12089.346896156248
12092.25766344235
12095.254582267195
12109.454213468693
12113.361376540532
12104.335115065225
12098.600218304797
12101.695409982583
12107.375597698503
12103.853713105516
12104.413122358359
12101.89743410183
12097.882546051045
12101.289913282071
12095.157760650245
12092.890091782181
12087.682808264348
12076.916801070487
12075.145813167363
12084.728613673786
12084.911423064772
12071.08705747251
12081.282471977189
12085.680592523817
12095.134885884167
12078.862629447489
12081.259922485315
12081.830189316426
12082.07026872963
12092.107317234888
12090.352256827135
12088.088602715678
12096.579279040436
12104.003148218206
12109.17091623094
12108.012334593415
12096.436048915639
12102.183760177964
12093.347624308688
12095.763098243922
12092.365761168538
12085.471565334294
12082.993629466162
12090.705047184256
12096.423879150967
12095.18868545584
12095.473439210498
12095.34307487571
12092.914147693915
12098.851551571854
12095.302168831115
12100.995262540899
12104.041188224906
12104.141277989023
12102.362729489641
12104.935734525025
12101.57939031459
12097.898143237
12090.657813014885
12095.119032704546
12098.497984584888
12106.816168954678
12108.930928709811
12106.016634168183
12102.567622317583
12098.972028131018
12092.487891925695
12098.742100582389
12102.467238710007
12104.037167781778
12099.315487292475
12106.24118118745
12110.508055076498
12106.849786810755
12088.292917664901
12082.834660018369
12099.3694492364
12092.616050689545
12092.943820239281
12095.875868199671
12093.910070821788
12084.93297296143
12075.631695270498
12082.812899580964
12089.549401477048
12084.642321244879
12086.268905385676
12081.936643965193
12080.846930477084
12074.813903562885
12077.675789523666
12065.932608081112
12062.795755215324
12060.591237589822
12060.185185169918
12068.81035580868
12067.80426180831
12080.758861549293
12086.306752760971
12078.427276281609
12084.485460568269
12092.99596517634
12110.1513257726
12104.719621622928
12119.34579764235
12110.761196865438
12109.342588171596
12101.066729180675
12098.649526130317
12092.536800481003
12072.485375784516
12079.679423624431
12079.214918308515
12074.616536895974
12069.259755834144
12073.196592849701
12075.327848876841
12076.004391977527
12065.472214025584
12069.375817112348
12067.134532477801
12085.094473043086
12085.677497045215
12083.433170356946
12080.49996095544
12081.970164832415
12078.612853120818
12085.757873105895
12089.173335520547
12101.263076841231
12102.546984469802
12107.040790899659
12105.540953482898
12105.49310032076
12093.790854876981
12088.409918513466
12087.009306917898
12089.973178475127
12080.717531692775
12084.499322560649
12091.31823505653
12084.820017538379
12085.613708173314
12090.710086346715
12093.723153869274
12100.64499174793
12098.207749918925
12096.30107857448
12091.76671555466
12089.662953805335
12081.266229032208
12084.146280633044
12077.816375024137
12069.37253848205
12082.985093043339
12069.775512993056
12078.703592284197
12081.564853478778
12087.419276733148
12091.969051187316
12081.47305090148
12083.14327765246
12082.207059620303
12086.139977511375
12071.814679251074
12067.838113197466
12073.18212821654
12074.209329971904
12090.997079012728
12086.033417131071
12091.254561775553
12089.765622619398
12090.287776906087
12099.626126821458
12100.710536210516
12107.783686999803
12112.81678985383
12117.991273287653
12113.311978827871
12109.497382265934
12108.957043661405
12124.768462900705
12124.138848775136
12123.988504421884
12134.588957456035
12129.53734575168
12134.429447516846
12135.064111739692
12140.059289702767
12139.227317643996
12136.961246650531
12142.305897495175
12144.110110812308
12140.679914866658
12135.24678875188
12135.949149419679
12133.22505390345
12144.932432048523
12134.845552077075
12141.635669347907
12142.4751646541
12136.732729335497
12131.657246890914
12125.964772412317
12114.045915567895
12121.525416062763
12119.683657496085
12118.621684876598
12120.663524113683
12121.96982062243
12115.547181376063
12113.020977323264
12114.674473265455
12117.225415390149
12117.526543958835
12110.201106947738
12093.038098942168
12087.014336794651
12087.129639977484
12085.301591273543
12085.936147736074
12087.662205321221
12082.383197971198
12086.36258082958
12065.934299454648
12072.140029335778
12066.68515957431
12071.374131900056
12075.971998750092
12073.91745309296
12067.022548826786
12067.861615415035
12063.837391688226
12070.412692863156
12069.123418810772
12074.888704224282
12078.084583773187
12079.71131351812
12071.202647026123
12072.360333777491
12075.321651938137
12077.00829801715
12069.363265954758
12076.383963748318
12087.533585599926
12086.879952264851
12102.638980164877
12104.006068673341
12101.399455934035
12095.30505192268
12102.540131452588
12095.258589611261
12096.508330469645
12097.276130627433
12100.205759172586
12096.923375780507
12106.70101239644
12102.063512768918
12105.886825231675
12105.556966212922
12099.620701914595
12101.293037849422
12103.190666247367
12096.604694376865
12095.297206950436
12093.452079266623
12099.672260428202
12094.430612602178
12083.49991410847
12070.557497843365
12065.870256953986
12071.80033469919
12061.402836362486
12052.923088848456
12065.216989967972
12075.47618948109
12082.681497655967
12088.437798913874
12085.515288547023
12088.744570234772
12096.017095358919
12097.997210623074
12096.879980530959
12093.768959606885
12101.82242029057
12102.861667473779
12112.446891020843
12105.038221119903
12117.386667516235
12121.352455586588
12111.17803721161
12117.263924682982
12111.323459413163
12090.529377427607
12089.428293863917
12092.753511915314
12097.557449877697
12109.701426346732
12103.545102010099
12116.079400790684
12116.60543277588
12112.297885346374
12104.325594001253
12088.562898087579
12086.41294964972
12082.558601579793
12082.65590054645
12074.796136192032
12084.924856739894
12094.858780241957
12101.79891100961
12094.06518876383
12085.896216383187
12091.144862804984
12084.19714205978
12085.750535808827
12077.06425786217
12074.751825385541
12069.523943335713
12082.020327859052
12085.789402445338
12086.141391151765
12083.6176998581
12091.837668300512
12090.919645868871
12093.545869150112
12096.450541914342
12091.11213159714
12101.21107311118
12101.406431262456
12103.227999881503
12094.860125787287
12097.465463255581
12095.403769809418
12098.24804712935
12102.963179488255
12100.504028905583
12096.825414075565
12104.745354752922
12099.732272942922
12106.690582876576
12109.006283129787
12101.358114698669
12098.00360843079
12110.182098092664
12114.194480444698
12122.464393451715
12115.600295844277
12118.50548325992
12128.748175824141
12118.687402112202
12126.35738096506
12130.491229336152
12125.659323910042
12123.12459747947
12126.42985267456
12112.118260101932
12118.126154663398
12120.994182438793
12118.304185355137
12124.128144921997
12121.021747230428
12118.868003641912
12112.209615404132
12106.458995116107
12100.380068170016
12103.761594484087
12103.550950153443
12102.255812968113
12083.746856493945
12079.622076466901
12073.662941655406
12079.044900300478
12085.852792874695
12079.99482521705
12072.55538372685
12079.403213115305
12080.774651176976
12084.608760068193
12091.75651564691
12094.072707122796
12099.838826676621
12094.926890786908
12096.178330619477
12099.661637330306
12099.630966378812
12105.438010232163
12105.598800070085
12122.881471834255
12121.069264591746
12124.13886716475
12111.93177358228
12114.076816830211
12109.389264545633
12113.277955458067
12104.763033358293
12106.352760749724
12107.261007435696
12102.980955219784
12119.101815975388
12112.274547711466
12116.394479401388
12116.933603160556
12127.622526086692
12117.99721517396
12110.694333674812
12108.732452894437
12101.835344132498
12103.66776829543
12114.760338620199
12100.00119597041
12105.391015946447
12097.605519707537
12101.998661531801
12093.200592897036
12105.834726582494
12093.656702061056
12088.711448420549
12081.118576446184
12077.645874093774
12085.70716789074
12086.647942457188
12081.833323494504
12090.583006625691
12105.006935137795
12102.45841831535
12116.0238666541
12111.175085039024
12099.412056445055
12095.422417332467
12096.71010343175
12097.976094247631
12097.390330121185
12093.480659711988
12096.394395351866
12112.570068762947
12111.687847519417
12119.71434630081
12120.224176351016
12106.218758957184
12107.86097818941
12116.393065914535
12112.758565986987
12124.197510427017
12122.694520326308
12118.325021494029
12111.176384493963
12118.050232719714
12123.885075049813
12106.857457216658
12106.505551700968
12097.136170333146
12096.885643959433
12099.592099099333
12087.240197169755
12097.918389768463
12093.255773406145
12090.437069762273
12087.711827573274
12079.452980233385
12070.583193884715
12075.674699166639
12076.317143704067
12078.441445795843
12082.792109314227
12085.488560946544
12082.55924535205
12091.7565953365
12098.38478465188
12094.503046566333
12092.166985032125
12098.444699999798
12102.090307597116
12100.12885894866
12094.737675624903
12093.762903505967
12090.685386780659
12093.569458782262
12093.97442636051
12105.344611233511
12095.685296632335
12100.80221580289
12097.05552403324
12097.4036512262
12081.60166862945
12088.41354370327
12084.85507653898
12095.10597385951
12092.368319642144
12090.140907185878
12099.812723850348
12101.807559169389
12108.763235609607
12099.001053625607
12108.403781326728
12113.838203769254
12102.405390655216
12109.993385884522
12123.696906160985
12125.761974557448
12130.032624215059
12132.786396586012
12133.43213451513
12132.048280979205
12148.151657331839
12144.337060154776
12141.01045978236
12139.765561779319
12132.062162541839
12135.820694880775
12137.795226527815
12134.643558784443
12133.896901525737
12132.855207623192
12127.514759371626
12122.836479275675
12132.991544331166
12130.537209746817
12138.05596031935
12122.484997673422
12124.941875457756
12133.998776953758
12123.608147359302
12119.453045057777
12121.03008408995
12116.647295611047
12108.659358051122
12110.118262548163
12110.462042022576
12118.877359106846
12119.723913603584
12117.859391455822
12115.49584095092
12129.147111608543
12129.032441909392
12118.901570812499
12117.465551766978
12105.257361916956
12098.75910782886
12103.988709090438
12095.326705913121
12095.476913091987
12109.457805848097
12119.825221869512
12113.623183844476
12120.612815558045
12116.987922510067
12113.627734101101
12112.955800987067
12107.131186231476
12102.907503405759
12105.546827396838
12107.87501713349
12108.177638175679
12114.468454660051
12116.820176728816
12110.392007762912
12105.01867545976
12094.191764281477
12094.385088950768
12104.30850906766
12098.137214983311
12094.361778465242
12079.554360768756
12082.481134850852
12087.011954976166
12101.487279751167
12096.015469401224
12087.724729239679
12103.764373913347
12092.753456386816
12090.451058681128
12084.955519278063
12079.619159839278
12076.962637690121
12088.580966994388
12079.048015575194
12084.751773559847
12084.061743751769
12088.860315123515
12089.202860818576
12090.47918700882
12080.396167086114
12079.753698047834
12084.445656896472
12080.311450941412
12084.828384423183
12093.723391097468
12091.716423039677
12092.745120045616
12094.850897436292
12086.44032001244
12085.190398084516
12076.34524001278
12083.1335247954
12089.229061617647
12094.850489826847
12085.354447965241
12098.167207044879
12089.340359379814
12093.989046450679
12095.841923226235
12082.475617324812
12089.416831516215
12090.511082641722
12103.350318659683
12097.561329659384
12101.872209232739
12101.449104252606
12106.906281774895
12105.962465354252
12101.525394191238
12100.51209710364
12101.65697645621
12107.384886324588
12107.783690562579
12090.509207883673
12102.262978401628
12109.881938837556
12120.666463445934
12117.782178182246
12115.665700560168
12119.792868006502
12110.939531413604
12126.20508041745
12117.494457504543
12113.206894895828
12108.7870064059
12108.553857340234
12110.744763295883
12118.17911011244
12110.252669939066
12118.330583901949
12116.336389892476
12123.108255745821
12121.097705412623
12124.076463690939
12112.588890592777
12115.186278895351
12107.217065849725
12096.593886766157
12103.73752067969
12101.07532043658
12101.848954959041
12094.890806017094
12086.583989884031
12089.878173319888
12096.844638517423
12086.924138438877
12077.508649012289
12065.914803730626
12069.377364813896
12059.996432270218
12059.986013200705
12057.066130243815
12048.849894740955
12055.019938884203
12050.200734668499
12044.516201008419
12051.096209019146
12048.548410251708
12059.25064135907
12072.466409207944
12064.365035496103
12062.658410530736
12064.154281332834
12052.51198071455
12059.726536858314
12063.614645606382
12075.14794012103
12081.51791477369
12073.125434166468
12077.78449943538
12078.348113401105
12075.638624586834
12085.13642465687
12098.798208939626
12094.703856800095
12099.800318955264
12108.946226609607
12098.428406812296
12088.000450036834
12086.641069555593
12085.024582009453
12089.626477304882
12083.773088728762
12097.297550358206
12093.844170683005
12089.600017478033
12097.125683713357
12091.913545393283
12083.042041421195
12078.013359460952
12075.873364642892
12081.845514906516
12072.791695023969
12081.912824320714
12087.084839269035
12078.789025502554
12080.587913823732
12090.078526115183
12081.861268796638
12091.31504681576
12099.980133379053
12106.686571930943
12108.25147965876
12103.490057946115
12107.489127163655
12114.349416408235
12104.425418686173
12106.127231591097
12098.023143096561
12103.769720268712
12113.727694330099
12109.723932887344
12107.218032577333
12113.602847354465
12113.663681931394
12125.56083774477
12120.049207176078
12119.226468061846
12122.836491413276
12118.559940484673
12123.390235512055
12126.603256861308
12129.021052942955
12124.385656473663
12119.978313426298
12114.593340301573
12118.110811238912
12119.52213162672
12118.306093134444
12123.690451694194
12118.496499213194
12122.98408283788
12126.800077683773
12123.71099596722
12120.1930803327
12119.105612823912
12120.290085128681
12118.281819026182
12115.198432958121
12105.861447690397
12116.398786422635
12120.280002674179
12114.586761728318
12118.271292910507
12109.560923019042
12116.67594398003
12120.398576685659
12129.957346505602
12119.670399689574
12124.229940679135
12107.90072032676
12102.871523960861
12104.759347900035
12108.952387843918
12120.872002503249
12125.89225538924
12124.471375584857
12128.803635450964
12124.33736981011
12123.818905441807
12123.736918506514
12131.32161113789
12129.467673357947
12142.052911742161
12137.4352361649
12131.501988949924
12125.673859278111
12116.211538988711
12120.734364728696
12118.975795011984
12124.137874005364
12123.17741783051
12110.066921165731
12112.29765697334
12121.285643938907
12115.85785342116
12111.08420195105
12109.523857555167
12098.077619734866
12107.339040073235
12103.294029060244
12095.058665774197
12093.748151271164
12090.855904935217
12094.308802677082
12097.724826457648
12100.001752343805
12099.777971607422
12091.917005504953
12086.545285555734
12090.046804978812
12091.441438266214
12078.731230491601
12077.09599230274
12078.395785036075
12082.11391760449
12092.54012258524
12097.101393352998
12101.826427136393
12102.750763216998
12101.912708117423
12110.520708685386
12105.132562726467
12089.423244194528
12107.893391190797
12109.135640167102
12100.16452721166
12106.623114763688
12097.212673642687
12087.022631424064
12096.534907634843
12109.724306397879
12106.069085250776
12100.871929875
12106.585768111465
12106.832849297582
12108.942877872581
12108.000731876677
12093.744991231626
12098.04388057325
12093.87247507478
12099.190242425782
12102.860982505557
12103.934926678241
12106.386442014675
12098.444007690383
12085.841446792072
12095.708116826409
12082.629381701921
12084.623410332737
12091.903716553687
12100.875655142845
12096.986569058321
12097.63713541596
12094.30351592313
12091.833943482594
12100.723676296471
12104.89376418702
12109.852359034147
12097.683760667747
12110.732192926036
12105.030624424828
12111.388199720297
12107.008478898857
12115.538130558893
12106.244477620708
12111.566700179486
12115.383558152735
12110.337256094994
12101.102940636189
12098.952200044587
12094.362293963859
12098.673368447724
12100.410527255885
12091.637582484978
12088.463932934479
12091.710221657144
12097.955723270057
12093.090470725158
12088.918217027356
12094.805027584189
12091.242639053187
12094.69257794329
12092.743261061667
12092.81617064778
12089.064149384292
12091.557785044577
12092.991295512242
12108.85081852073
12101.435067832881
12116.277458107066
12107.839848632637
12106.101129513148
12113.679388027656
12099.018164001734
12112.192628824268
12116.95245667273
12109.929555018567
12125.537962502975
12125.941824176742
12125.884934945683
12124.3615274139
12115.109292582756
12121.964686727151
12126.025895354313
12120.54822671043
12127.010705254688
12107.447287109902
12102.939425499477
12102.738918657664
12107.433302533907
12125.512459262442
12124.11217491352
12107.985990040463
12094.173055375339
12085.31006131593
12079.515660603007
12073.578356433416
12084.50645984585
12088.30263082857
12091.362361247808
12086.001429929278
12069.852499828903
12070.904274758035
12072.26833983536
12066.779045144629
12064.6889781824
12072.687856326353
12085.338553158332
12086.82684325245
12082.9007800857
12092.382292998322
12093.949707815242
12089.124707962641
12086.285129946536
12100.075858772903
12104.957790738206
12109.449839620185
12105.1492584822
12102.675049281828
12107.318292816173
12106.918636533599
12105.638149733219
12107.750552221609
12113.436637762676
12107.871905689655
12114.16585764516
12120.208397788898
12111.762637676198
12107.179036562668
12129.54041177058
12126.711766233966
12135.611832514853
12136.149207208202
12134.492263243657
12128.290989220495
12126.022854196328
12131.033280823782
12144.415008127893
12137.567477549248
12142.380244591985
12132.462496191525
12132.109701688798
12125.057403288702
12125.329445456371
12110.951579959028
12108.727604946173
12113.924618254274
12113.022019403623
12116.978043878556
12125.02527590719
12117.927208594698
12118.110384048934
12115.763176354121
12119.240002161736
12114.76384895554
12116.709041814349
12103.577939350937
12100.761696857444
12101.842332740034
12103.934251000097
12106.377497584845
12121.84162259923
12121.354744455643
12107.022607158218
12108.635196092513
12113.291027267609
12112.460216892585
12105.018195752835
12104.645327147924
12103.601247716446
12100.95605863726
12110.642444483386
12118.761964302023
12110.87396294944
12117.951927111424
12108.750828412773
12110.193357237595
12114.489588004848
12117.83776415046
12110.362902243214
12108.464661161814
12113.003657369387
12102.809520420653
12101.70442141628
12106.76599750853
12106.392538603046
12096.090209184775
12088.14375450392
12082.199113749075
12064.529286430188
12049.565179731067
12050.658945350691
12049.839187434613
12045.655440412645
12049.531520936353
12048.5001394976
12052.431043472332
12067.584952433961
12073.288474634686
12083.339362135983
12083.617085907917
12085.914791948555
12086.623138136776
12082.968929176504
12086.251129778348
12080.826385776745
12073.880464697628
12068.696725061052
12071.954627141406
12064.587791652282
12076.462369811437
12081.746479135512
12087.362217685484
12083.581598214903
12079.838246201962
12078.299659531578
12082.04014435597
12096.117315544288
12086.346013974213
12082.142201370505
12081.494046696676
12079.051740434295
12077.550783666966
12079.189764713901
12077.618767725293
12075.257106782446
12076.686089841216
12072.684497005563
12070.787116318392
12074.414054039356
12075.472364340225
12072.477116294356
12077.175650171655
12071.458399562705
12068.074683988503
12082.622330095774
12077.380049147989
12078.153584489402
12084.156369082259
12085.410516484728
12082.21845393481
12092.161712033823
12075.225837154972
12087.626461114553
12083.922621464952
12069.70001157686
12067.617824319097
12059.766252488094
12053.081846011266
12049.672861317134
12056.992592863873
12065.444441502874
12070.373190795508
12062.875487202622
12053.629391164077
12056.858384674306
12060.903426195182
12057.978325415503
12056.060436220305
12070.092564436849
12077.6773097427
12083.91199707688
12086.022345610829
12095.22612021179
12093.369375298378
12086.00736072992
12088.686883066473
12084.071137708124
12084.808127429596
12075.051861955473
12081.062024869583
12083.345096183899
12085.182245421845
12087.79753310463
12083.06162634918
12077.361622662665
12077.037136081464
12083.316867643494
12080.655512754747
12084.072503786538
12082.933830988117
12093.24217238391
12093.130220227347
12088.60140804683
12094.0657606513
12092.560730062527
12095.168770489245
12088.281650905263
12077.531638563158
12080.988408313762
12078.888589349519
12065.457732551538
12060.32859591709
12060.615234119377
12061.254455681552
12057.757106108773
12058.05928957893
12063.003592342557
12064.816632676837
12072.761525570808
12071.516589946852
12054.19409835568
12057.78010661823
12060.05316275391
12063.315507366426
12073.663290092656
12076.719806769777
12076.40428627337
12085.158358391578
12085.858754335068
12086.92682688582
12099.783838276555
12104.67053354359
12100.164907763763
12097.260855583714
12097.859113338714
12089.021866761843
12089.886129346483
12098.27918777562
12089.983051600926
12089.562180468723
12096.493856340128
12094.579853972256
12093.411577803598
12095.204314527931
12093.794359128828
12103.085009231845
12093.867380158264
12081.099936406705
12079.27448255873
12075.794592576056
12076.811767435387
12079.337921093955
12087.000120084856
12094.618781920268
12102.030157699362
12096.392890400108
12112.04022377349
12120.822830948498
12109.677466680518
12109.923026724922
12129.57663911455
12145.083082832054
12138.822406747462
12150.554735696212
12141.912751938356
12144.118851942541
12136.248578483519
12133.949006493753
12129.202791350092
12123.881579698758
12117.033048611687
12125.926611256813
12131.457951030096
12125.920275120176
12113.194702449284
12112.986779393053
12111.101276592697
12116.830538202663
12116.843979971829
12118.570614367556
12114.984005277867
12100.650542382968
12102.103769319281
12097.349025068384
12102.66419655417
12106.370815162245
12105.469378101014
12107.104512019429
12111.310170344745
12107.842735794695
12111.131846605665
12104.191573925596
12109.862278883662
12113.636958074518
12113.223085735593
12097.446710248627
12110.772223844437
12116.538230594379
12113.888932724054
12116.489983748817
12131.721566897933
12137.759826728983
12146.945511669062
12154.73375714142
12161.79111332274
12148.82774515705
12154.287511579445
12148.377151930514
12144.10411888207
12147.265522343609
12147.969749560561
12149.078889789396
12150.67055436349
12144.621195031963
12141.46743532732
12146.506427411401
12152.184855287614
12143.208545700381
12131.380515703098
12130.165094570293
12127.620341440286
12114.369276175654
12118.824059216175
12112.44538225701
12114.754995626066
