13298.059417553706
13221.105621925864
13149.608363300797
13071.569748174525
13002.200161137722
12929.733430170585
12882.892290041695
12838.110791753585
12798.74440720208
12750.467474663626
12713.650588343815
12671.521850820864
12631.25276312467
12620.35552801807
12580.986533023375
12549.659302302298
12523.959683275823
12506.474627721278
12471.401201043884
12445.840686410465
12412.825843314766
12388.300211880662
12365.351251676295
12351.993431941912
12324.014372883095
12301.223043584398
12287.720420095015
12261.491795263712
12254.08074777089
12242.836564897281
12239.52840912653
12224.839470220779
12216.156376662646
12202.598081114027
12186.011536766127
12159.23705389951
12142.752744895897
12134.364939999745
12122.463305692794
12106.317074729108
12102.614529428913
12098.88020964554
12101.612017296771
12090.70227538649
12091.662436718354
12078.051531019979
12077.39422640999
12068.905860871637
12072.085398377516
12076.410797640097
12061.762934360871
12064.991981032847
12074.95580653899
12063.194825118442
12049.757819273053
12042.043675940251
12051.816624517356
12056.448649260004
12051.444668765726
12050.518933392015
12045.465544024937
12039.996298461883
12032.616708105843
12038.42362291777
12041.48961011651
12038.79292955327
12037.473008967057
12020.698889444906
12023.571888388451
12023.562411588593
12022.561025136978
12015.129205812478
12011.689314028232
12005.893459820916
12010.82286054875
12011.349228379393
12007.609341636535
11996.662816982414
11992.706928972257
11986.11302439684
11982.14808834123
11985.893334640465
11988.236315171773
11991.545682595593
11994.366427057577
11998.359682039696
11980.148328622876
11980.960190389469
11987.287385628228
11985.79892418099
11975.24616109295
11977.050369363707
11983.956941802853
11969.946619816088
11984.621875200952
11987.622709157646
11981.630796919215
11986.947541370428
11992.017558403752
11974.44465811865
11973.395570058372
11980.29974470735
11981.638420242925
11968.624211917171
11967.199925692701
11963.075871409234
11958.491125193905
11968.303030480816
11961.289894372323
11959.022832209717
11950.098068368423
11949.437216982284
11952.814274422282
11967.998619107866
11960.919029880934
11958.946099099128
11947.473104261286
11946.160468451648
11941.780588421114
11941.354160384166
11941.915398266643
11941.957536492337
11948.655195158166
11944.759438572923
11936.498443404354
11947.43529237344
11942.528610703595
11946.239907572293
11950.618552083484
11947.674476631677
11955.111536502514
11941.322778201058
11954.58932058964
11958.38021524657
11951.403699623907
11952.774981528366
11954.132733669187
11950.151481544992
11944.29623252925
11938.899340551747
11939.716597237513
11943.901625975184
11950.700456858036
11945.986613255645
11945.56366015808
11957.070121939882
11964.399445118397
11960.761290844493
11973.00761231405
11970.454290241027
11975.823665642127
11971.554137347155
11972.004685826705
11974.578339885755
11970.558234870156
11966.407201387708
11965.797609144101
11958.09058419988
11949.095408901216
11960.662059092863
11968.611201277337
11963.419380303087
11950.618815807495
11946.909884722714
11948.084602269199
11942.184968942518
11948.136843519405
11946.878545986916
11937.52354812792
11938.022340597494
11927.75929717001
11925.559483379428
11930.582275273013
11940.347763205727
11939.39674520789
11933.124047707235
11932.00243727952
11940.48452819385
11946.615391049025
11950.471210898208
11951.929186239038
11950.478777615168
11961.6339072156
11957.536718966694
11954.904043562641
11957.795997755446
11964.976332739661
11970.141704104095
11961.17103017381
11960.656811725687
11969.994747649043
11969.396463958508
11970.960475652795
11965.978327405639
11960.4508254722
11959.878324649319
11971.321534794903
11972.041865972464
11977.79326013866
11968.911689365767
11961.54621383475
11970.923529388056
11966.159420429622
11976.140676474031
11967.680383839612
11978.184049258627
11978.627616602165
11980.304132066154
11984.1501271636
11986.871997440665
11986.308514483819
11992.127742802313
11994.87258819784
11995.9201438156
11998.918758496631
11996.059304205985
11995.35730573176
11991.41293897997
11978.791889441878
11982.02321191636
11979.99097248085
11978.120212638372
11974.406595347722
11979.743546842934
11975.528943257284
11974.003340798745
11971.57648839001
11977.747861121738
11976.403648394366
11979.474753784205
11977.659230215762
11984.516746073688
11984.16899041832
11966.31939511161
11960.641680984358
11961.144731469261
11959.121908920019
11961.938030884976
11956.495307480636
11962.798992983939
11963.573359978482
11970.0926627109
11971.814065582123
11978.007912720383
11989.954420056703
11989.648709611027
11992.774165770697
11996.780796432333
11997.51247577776
11997.148245744018
11987.673556463664
11992.807346623158
11982.214550715944
11982.469865158651
11977.386749253885
11974.101112871183
11975.140271660364
11976.46472306893
11970.501937553672
11970.775388313206
11980.251690724963
11986.63178811924
11988.541265713957
11993.031080132245
11993.630069958494
11993.29929884224
11987.533288710376
11986.958863420474
11988.08792773114
11995.961708023282
11996.744269368475
11992.65690379095
11996.082481158468
11987.943335322292
11982.091188282962
11973.70520556001
11979.954836116136
11999.60804948298
11994.903758797329
11994.072990395587
11986.784833182875
11974.570670605775
11980.766496980636
11980.936178448155
11988.152593648196
11982.482564754777
11986.79512869121
11991.217633662398
11982.328295913576
11984.994899017236
11978.369341495167
11984.898326445684
11981.061460057465
11989.491344876948
11998.59567100629
11991.532225227766
11982.683347772287
11985.929904100878
11985.243605087588
11987.730699152846
11990.965437468192
11984.17104086369
11973.476909361743
11969.71794244916
11981.266444653944
11975.957918217859
11968.740588695813
11962.95900299183
11973.375602200405
11973.09491578467
11971.233466045465
11972.884229998273
11964.089028721024
11958.128484018609
11958.990374745417
11969.91484264727
11968.366628151072
11963.776597081567
11966.789151010444
11975.290227903475
11976.209873041313
11973.155628857305
11976.483962860222
11977.246005084946
11962.39711147099
11961.635650320874
11964.37267797116
11963.397736105206
11961.15790910766
11961.573640842342
11952.463517395572
11956.072525852956
11974.166487207094
11965.01138217788
11968.583500576944
11964.319089764493
11964.277372535636
11971.190883583018
11968.250747665255
11973.570519667339
11971.563587191287
11973.532442495078
11968.478250324817
11974.950640213603
11974.527638974629
11971.183483015251
11978.391866598373
11969.507785631124
11971.959559504092
11985.903550679082
11979.288329905226
11979.163506941066
11987.824468126713
11996.26476186544
11994.86609128186
11997.47489076613
11996.914438220027
11985.417723436096
11974.068744089254
11967.453911437013
11971.630597956871
11978.820744356595
11974.575645909657
11983.75858768111
11986.147978378718
11988.452248590027
11987.227573366137
11985.46710261664
11985.738390425271
11973.108584637288
11969.848428076293
11974.041985058968
11965.112473575033
11967.977340792488
11975.094505541658
11976.027050880879
11976.732041740246
11968.577386200039
11973.544070545715
11973.880097415637
11977.958888136445
11972.080804540312
11960.618070386803
11968.948336590838
11966.613809213075
11970.299165085376
11964.91796878492
11966.631143829338
11949.601340062269
11942.73353594715
11942.189360701515
11946.742863422489
11936.330951632364
11944.736971751192
11953.138978506891
11948.116430247603
11952.320995968868
11948.715518532208
11951.091803891897
11955.81539115765
11947.463823979937
11945.170466365349
11947.22914467382
11948.160709307655
11941.617814923873
11948.501663663379
11948.49290566129
11937.562418875797
11927.921154393043
11938.94521813903
11932.871564266627
11926.495567023618
11929.76937269188
11929.559078681472
11935.614512540571
11941.264999057978
11940.379154259324
11937.51076445567
11925.585911849452
11931.280923742692
11936.221572532277
11942.444124589107
11948.491637832156
11937.946704963117
11932.790573113081
11943.480835693219
11935.775970211183
11940.19141392998
11947.732232480721
11949.08100863058
11933.684004048071
11935.453918471852
11940.503171162241
11942.592417190343
11940.72929530063
11945.328994091507
11950.744242525678
11942.944129325073
11944.634233842527
11950.387383812644
11941.214131482026
11956.55437701144
11955.108935138744
11964.833518940093
11965.541935313166
11968.015181890187
11965.256268671703
11964.233905055924
11958.678607123175
11958.922769833165
11963.91623508746
11964.196738094548
11960.492497331326
11961.2899426779
11966.07135018092
11973.630481535292
11976.407482978497
11958.337108015987
11945.584169738066
11961.096338506115
11957.30538030611
11960.07105545677
11952.817254996773
11957.744505700279
11953.181497938855
11952.875155368394
11960.170281884975
11963.68270190404
11965.790876791072
11969.351811347069
11956.675681928227
11956.612749489861
11955.430870031687
11961.761360219822
11949.518508411336
11956.686916744715
11963.791049174693
11963.247535954237
11955.492294959371
11955.396802447325
11961.985424308996
11956.812236093345
11942.791965068755
11939.158635503729
11935.688655874155
11926.477248108044
11931.275536045938
11928.75934837071
11937.587059252162
11935.158010247975
11933.30216843712
11934.170833627142
11929.446648632791
11940.391866971371
11941.038444544829
11934.746275930427
11926.185691387269
11928.189031565173
11917.765944747283
11924.867474363491
11925.559582711008
11932.254180738288
11932.255031931003
11927.017496219838
11918.759927725096
11920.625179529265
11926.97494172664
11931.809049457925
11937.09270492285
11938.548222390815
11926.021247757795
11927.005460222892
11931.577754190144
11927.48394010307
11939.274394395294
11945.78593330227
11938.358910942756
11941.365311047031
11944.951600174085
11941.56273802729
11946.1638525806
11933.383104978684
11928.713614236269
11933.17103780042
11926.054850786486
11930.762735597278
11932.130587235171
11947.057923877732
11948.746777341006
11933.913622941836
11921.837052267312
11941.378929060442
11937.067307393392
11944.921851438694
11952.393171113472
11933.750337388172
11945.957320368625
11948.330657156333
11952.579051025994
11951.704410939215
11951.30622023132
11953.827643681532
11957.24523693267
11955.091114389566
11953.362160718621
11955.741635325405
11946.500503260504
11937.770686641354
11944.917023549326
11949.064227643143
11959.502354139753
11947.160290934908
11930.110082412171
11923.7522143599
11920.426200474292
11917.53500689609
11920.059625708811
11918.262597007211
11922.664782301614
11917.45347572463
11913.232800280448
11904.402508000545
11908.751488387099
11909.518732255321
11905.542911705223
11915.3824996045
11914.482991953624
11903.794071646384
11900.934681715744
11891.93986253452
11883.705347654193
11889.446281364668
11880.323271430629
11884.098336206667
11886.908692125642
11885.021222480798
11880.520214724416
11888.85639450837
11874.467183381908
11874.820636215336
11874.708512493544
11879.49962223605
11877.02536610212
11881.557369199401
11882.763927453314
11883.515638516124
11889.419599477256
11898.76681163783
11906.6798816069
11916.538937759731
11913.994031410914
11916.777933661966
11908.980473098407
11908.937196025996
11908.689363141502
11916.02668209086
11917.063336875508
11918.986944076387
11928.400735570433
11929.716408511544
11921.476900577734
11920.906358374217
11924.486644171913
11921.50037122361
11914.091350718278
11912.408200318641
11919.22997951067
11905.496741986819
11901.513651132724
11909.64069849933
11908.808929683339
11900.228896257333
11891.379878701266
11891.51965105167
11895.494433466109
11903.257339473366
11895.660054384916
11902.384524602961
11893.756337596711
11902.358751917833
11901.114897475647
11885.339123903535
11892.645627984526
11886.23157947253
11887.740723080744
11895.384255081446
11897.562070914668
11901.325414727282
11894.68051062178
11888.247350201684
11895.659969441756
11910.1066358829
11900.911523035811
11901.331960911619
11904.274877038328
11898.43928604178
11887.147840975653
11890.852148101483
11898.28223371553
11895.319866198734
11899.00897511187
11890.771894484105
11903.6108158049
11895.226269875206
11908.538089384934
11909.582734012904
11899.880332179906
11901.992294186186
11900.361489135348
11888.957830607338
11890.77492607655
11898.571061448698
11905.244015080603
11921.188607075494
11925.902735376
11929.843016343355
11919.980542228877
11924.324199578245
11916.889374157145
11920.856175690697
11904.417603412843
11908.358680518044
11901.089291143544
11895.275819040118
11893.01253758679
11899.960025464308
11909.408053503103
11902.802713084518
11906.63736296706
11895.581287876099
11888.90070591918
11897.388498630058
11901.807713674823
11909.28048136225
11901.739041358866
11898.163472353484
11894.60461345919
11900.200522633882
11895.716354457625
11901.061602896592
11909.881247119023
11893.571346647823
11894.110267980985
11884.071235453808
11891.452816520363
11890.110504704056
11892.240131850589
11894.749470627265
11886.954626032293
11886.060158019485
11899.397631809341
11892.036106319792
11907.684105468521
11900.398603855978
11902.112840252317
11891.51034356654
11893.191909508356
11885.267528724118
11898.799650667808
11888.601165880089
11901.05550475902
11915.597725316584
11911.758234032917
11915.818877974601
11896.868871030798
11901.454581826776
11895.384365956903
11904.5803970747
11896.324713507289
11903.11230720537
11906.009486435118
11898.394218967675
11904.32046134086
11907.82874472673
11906.76814522842
11899.770870685745
11895.031826624865
11902.356329020142
11896.752916777128
11890.851211150195
11885.225449733127
11883.627243621364
11890.327776805942
11885.186825860688
11885.597752116795
11875.22936423222
11866.02788312141
11861.025655838097
11861.867096210866
11870.299152818518
11873.638565705805
11879.995516639876
11875.169961607768
11883.698500500408
11896.883511742195
11896.222340086122
11893.08770494696
11890.352172537428
11894.639457808918
11896.82782105873
11888.112921431455
11883.592125076448
11880.49767255206
11892.780765618683
11896.079723341954
11898.269561778488
11904.786236237309
11899.392036756486
11897.739799075236
11895.395212800679
11902.683721988109
11889.44455976857
11882.711903216179
11881.38890697645
11884.658108941581
11893.913495225295
11898.070111917172
11896.26659496045
11891.83247394938
11887.620585018314
11889.836980766157
11893.676676050029
11897.48527704639
11894.720727784319
11914.587371315816
11917.467563163515
11924.688726541932
11920.928998869716
11930.895961053844
11934.827489207433
11927.221385618435
11920.559285993731
11912.12748154722
11921.873109402606
11923.066599862042
11918.03685125507
11905.65152800565
11901.709757123303
11894.543995993554
11899.50634901803
11887.064727225834
11881.496810364735
11879.863843914893
11885.423436144085
11892.187909873435
11896.00766944145
11908.18185181144
11896.669256200223
11897.874425868904
11897.137579549793
11906.07311389106
11904.126596844562
11906.32725614882
11916.784508198036
11911.741313545997
11901.7777905987
11910.941777263753
11900.698106769747
11899.47458566755
11902.23621343779
11901.311452595877
11890.788173280655
11887.344520430543
11877.589523470222
11875.316511931884
11866.285358361345
11865.89516891897
11876.288704550338
11860.268361282127
11862.3395784225
11874.779926087607
11883.856124243172
11882.523287195101
11880.259481994142
11882.15845262344
11887.582462633363
11889.151731258222
11889.151960930585
11881.665375223656
11870.324374116688
11868.11461802481
11866.108601109461
11875.016927963141
11871.364360762116
11867.583128623522
11867.916416564794
11866.44802765275
11878.831633752616
11877.679238937235
11879.701079592742
11881.815991827976
11879.202007211874
11881.563100667943
11889.483073568714
11886.991311328133
11892.988578546452
11890.038507578234
11905.602901847897
11900.206020490667
11902.56516934757
11904.21438719752
11917.88324049062
11900.241382943388
11903.08679688249
11907.22435762807
11905.014796320633
11909.781699727027
11918.740126099217
11928.461784136824
11921.721575030657
11914.965427915828
11921.11307568162
11918.88414859489
11909.812742222173
11901.295320187446
11901.406324676907
11911.504136990035
11912.454600745183
11912.399555005053
11905.018935341404
11894.565463398958
11900.30108339605
11886.158835981274
11881.292690896535
11882.893552395122
11891.339428584428
11902.112986156819
11901.852692279168
11894.737128518773
11904.237223530676
11894.493171778498
11893.193170427137
11894.9187792975
11889.213170771185
11879.305633297834
11885.081775151079
11886.716489646646
11886.361150023848
11882.36913870935
11890.40029019551
11894.266121477176
11885.35079509289
11885.104481733524
11876.331040240853
11878.191638148754
11870.861257791075
11878.751898025243
11886.650644930703
11885.164234997748
11886.967967124305
11895.428472342901
11904.352880710092
11899.285582640867
11908.398525137047
11904.681992812393
11903.630353548839
11893.19436618322
11893.079579835046
11891.558926994043
11884.39575626195
11897.19994847304
11891.822507468183
11895.284726078156
11894.835631244696
11882.380788386481
11898.208096066719
11894.071853508529
11894.675200141639
11892.751926918287
11889.739762058842
11887.941698464667
11886.099311099813
11893.3025462814
11893.42742471808
11888.887547568984
11890.309627246741
11893.398232825057
11892.382432563969
11901.331280287199
11894.37283708249
11896.438831092306
11892.125917063913
11902.73317486166
11903.218184139641
11909.526044620516
11905.265940951376
11897.509605616271
11893.303439714115
11899.074195233028
11891.912061063722
11897.98575600902
11901.151954739802
11909.186374836352
11916.655590876248
11927.177393710364
11922.399842362393
11918.398484868285
11919.427811323643
11920.574632912783
11915.880672469088
11923.204868709196
11931.676064384328
11931.08198643912
11932.193488804121
11917.613964044067
11935.41129221319
11931.249594621378
11928.379489678255
11937.956620080273
11935.64590476113
11919.356189096143
11922.262765667074
11911.554624834023
11912.263162938396
11910.246745779521
11903.630453243324
11908.771669542573
11906.634177886539
11895.165841035016
11903.415251193559
11918.967735707109
11913.866124871467
11921.736474511714
11921.936956030047
11913.712975377966
11898.83177604899
11897.543133578341
11892.428412097663
11894.73522113403
11894.808039707277
11897.77816766129
11904.914716325253
11911.599428062118
11908.816778331784
11909.0051968142
11911.022878602915
11912.425762932471
11915.864053793232
11910.632969328897
11913.172123243807
11917.793034763974
11912.576278021003
11915.949946915342
11930.786393193845
11920.035773713116
11911.724967534914
11928.329995801396
11916.020236278138
11904.872567957274
11896.42688690496
11897.204883026669
11893.135310634507
11894.30974231036
11893.689697846217
11894.654979752562
11897.946957212542
11895.789269257255
11902.147661588802
11904.501048651628
11900.947317828766
11891.75155714977
11900.711697784505
11905.179587508766
11903.838257964793
11893.833974389017
11916.79824308139
11913.459493846643
11911.458106541766
11918.765351018246
11922.695724709663
11917.68584772106
11914.066726181307
11910.085842776001
11906.726953747137
11912.675682748679
11911.315558478065
11909.311770612803
11916.884537699036
11919.0442519054
11912.481135350856
11921.517791160328
11920.505485022382
11912.515240336696
11909.236884886035
11905.900065622194
11906.050879450293
11912.983960722062
11917.3233492273
11920.637097904657
11916.387222967478
11913.155283030277
11911.877756945076
11925.478784632496
11924.433253338288
11935.655884942898
11938.142560965138
11931.993186215132
11928.535355041331
11923.77184179942
11910.482549569246
11911.555378136443
11917.393971267644
11901.066608844634
11903.488193150635
11905.15053210941
11921.18335481555
11930.229061194026
11934.601466343907
11939.195249197466
11944.927998008825
11943.118974645837
11952.893294430492
11945.729740881328
11938.787685790849
11937.811681871375
11946.450341264079
11948.909008851202
11946.709003944672
11953.748267779762
11955.47563987203
11958.287850649882
11947.14280781849
11948.96617053097
11955.864337450566
11958.006180263816
11973.70539891956
11967.502500016903
11963.577126623539
11936.90920741485
11937.915149120308
11925.435313876926
11924.603729505958
11924.239184797745
11914.232902775595
11914.335735158274
11910.311622376634
11906.352418775736
11899.976192533391
11888.538113450071
11881.292549766466
11877.537600040401
11886.496657068546
11880.65399681934
11888.69389928857
11881.819997978897
11880.91181679577
11871.468101653558
11869.762767303375
11885.404432475958
11889.296275589339
11895.494676933746
11908.07305731983
11913.076566381224
11900.031771069152
11909.046576746558
11907.347644104844
11911.203478656911
11913.971870073246
11910.319866734204
11915.395774068493
11919.411092641883
11910.567573648452
11903.304751079584
11907.128837445336
11904.58819524696
11903.357562506948
11902.637777844602
11892.064496623767
11870.154467282224
11864.274402914141
11869.191576876186
11858.469765625474
11863.844842636832
11865.19083205074
11861.542757978774
11851.493198896453
11849.601074163525
11849.146556321295
11843.070717987215
11843.19010488546
11843.344504332515
11846.7789114296
11850.857727695244
11846.526473289818
11856.33605198808
11851.25953772337
11853.194088231428
11848.717963674297
11847.775142007704
11847.4115674217
11847.696221067688
11854.883027078824
11853.272879004238
11853.800787713404
11853.18880887653
11848.599610895948
11847.388168149893
11844.134398361255
11852.614476885838
11860.632440349731
11840.440689593848
11842.396331913598
11843.163021542934
11848.21162321322
11850.411429724914
11856.513025846063
11847.239122925776
11846.310526486359
11846.021043187799
11851.735965760923
11861.817308769938
11859.685679895703
11880.856763398322
11880.571188915517
11874.169245088444
11877.965465716847
11874.146731190696
11878.5129450143
11878.067956417486
11874.902529324037
11875.840091186845
11864.712558025261
11872.47445106515
11873.550101003988
11892.522277305561
11893.470858529017
11884.70291556817
11894.194581239666
11888.430103732637
11888.96957476281
11892.792695407305
11889.323864803991
11888.60078126421
11874.42718649005
11875.59267987958
11868.590490002563
11860.029027688699
11856.41314274543
11847.902672322387
11856.52885169175
11842.73355676045
11842.918323489626
11847.893600537383
11834.984128435093
11828.486130389512
11813.435300727355
11816.368165904107
11834.601477339855
11840.929575111484
11837.1609716538
11836.498431039665
11833.889984522179
11842.26660772071
11842.417157821681
11829.730082423242
11830.530109805313
11827.06519737833
11828.312049394533
11820.336234442773
11811.332057146174
11804.91897766614
11811.465491077524
11802.42183407367
11803.175520364064
11808.357582516217
11805.332348275222
11809.776558483194
11811.116889853476
11814.613076545505
11808.836387399888
11825.783119899834
11828.348477534702
11821.34403427207
11828.977875461824
11844.216628232618
11835.783306045689
11843.51823573907
11844.356073716925
11846.731363383056
11840.663805715534
11843.173049177632
11850.584712221596
11838.861524087435
11841.14473951724
11840.608677050684
11853.499490759074
11845.959820945976
11843.661470956737
11849.638279663668
11844.114225243884
11845.800702752784
11846.87611698315
11848.142181399126
11850.343878891788
11850.97995648269
11856.691060877454
11849.155113378845
11840.539953686824
11829.866851322839
11834.524170524513
11824.758742814163
11819.576648568645
11812.74347318094
11810.99091010907
11810.847132294166
11807.277520145737
11804.418047470013
11807.940419161481
11802.659494435266
11808.358419937236
11817.41708541655
11819.83136853736
11810.581245645648
11811.785679302086
11818.098165114785
11824.68418491604
11832.264637307082
11821.699381131719
11818.75851286719
11824.476401148153
11826.992555080968
11822.960120072248
11827.624025829358
11828.643243740058
11826.309059537098
11819.621012751515
11812.913710405464
11801.26250928013
11806.596503033894
11803.238240229162
11818.981944294497
11814.08619592253
11812.720227598671
11816.89276786579
11817.166345109796
11825.158552144088
11828.53151472187
11824.427387696844
11819.443903256299
11816.121588289123
11826.793565317996
11823.921631837355
11829.88505189579
11832.832174489087
11840.802061783656
11853.840680070774
11866.627053963512
11860.074116780283
11850.98451657496
11855.09251587493
11862.323511746728
11856.748261297726
11864.875476868305
11862.77540035575
11860.92833772943
11866.519356115943
11870.20346923819
11873.682463797013
11867.457474903202
11859.456815117333
11844.89734424877
11846.170171208614
11837.844572651513
11845.039191452874
11842.924072503363
11846.434157310845
11856.513243603102
11857.576144104483
11861.061040535196
11848.76038812123
11858.822958254254
11864.23634494906
11869.851115784399
11872.050730185878
11883.922133434484
11879.440238973517
11870.51519263858
11880.777245567686
11885.128776762835
11888.217926711503
11884.590500789323
11881.714588676536
11884.860951270424
11895.474480297184
11884.245160536742
11885.126467117427
11894.698537757617
11873.282885536373
11872.473243977092
11873.711325612658
11875.312180054614
11874.741284610525
11855.025904254107
11851.717060477175
11850.677449883882
11843.881020558525
11847.17988145317
11846.409268208059
11846.346390744284
11850.688070823137
11855.54437215752
11858.251858713313
11848.623765061862
11845.100689838135
11846.519214749129
11849.03889901115
11856.45068156991
11862.728956219278
11859.197997505882
11846.244676017051
11843.895546486494
11841.900577247228
11845.227414487135
11836.54638804612
11832.019599425163
11827.027344535467
11826.6866663746
11819.671201371151
11818.341961545473
11809.025543108615
11806.510146329154
11808.119597181212
11816.002219793785
11806.258000686927
11806.446766132678
11805.095262651688
11798.333379114196
11788.560933970763
11799.135690309235
11798.449490073363
11805.80424356044
11818.566768966943
11811.324521542123
11815.157344694593
11816.724036104708
11819.98937927415
11811.432737101666
11816.65112500382
11824.19301188873
11814.255462796245
11803.43785433187
11805.27249494788
11797.790394075391
11794.711850774303
11776.477012796711
11779.335231291234
11780.176773807456
11784.62080353601
11784.520801293624
11783.306815835973
11796.151999356145
11802.275886228808
11803.45399086003
11795.724985275943
11789.188593621206
11787.621327589288
11792.567339931493
11803.402633408019
11803.733394816321
11811.531629200601
11803.18614712184
11803.193807656851
11792.81975044791
11790.785472603682
11787.474227315195
11792.884086167312
11792.719255941694
11793.060162699392
11794.867516955279
11785.896258950646
11801.604420262856
11797.783146664326
11802.129418979774
11812.520060736577
11813.21968280485
11827.226690990898
11828.969467865263
11834.101679006944
11835.22770209714
11840.657294238768
11840.80804994769
11839.415177717583
11834.844532834926
11838.481556564679
11833.6525972458
11830.370526815857
11836.903783489572
11827.34307612967
11819.950891315782
11825.364686657886
11829.443910947775
11825.071281520417
11823.713174930157
11820.425918932811
11823.267807177903
11815.801587301585
11818.009888981695
11821.744708712806
11811.27754677422
11812.946046874129
11807.07867900439
11806.478662422516
11805.561254001339
11816.73852749509
11804.899818441385
11796.035982569729
11802.116928180336
11789.873491468
11797.510303891144
11796.539751716584
11783.862986632921
11779.53153218099
11775.308470916025
11779.549821290006
11782.168722089584
11783.314430345417
11783.108769832654
11786.55585916183
11780.481310126423
11789.819737557316
11791.614312029962
11792.8200777647
11791.158878227725
11799.04116962329
11800.000857520974
11804.25813296035
11810.535425332791
11816.799692972108
11821.105229816658
11811.385681524125
11818.028438439273
11816.56033300179
11810.2773492867
11820.53123082537
11805.340379453522
11800.278543060882
11795.366102548523
11805.31433797676
11815.24338367182
11808.510946955772
11803.495249434929
11808.950660690061
11807.234094922305
11804.89283236624
11812.355349068994
11812.178170308232
11804.013414637438
11812.38337898732
11812.331927438892
11808.669829848826
11798.069140237647
11797.71593940693
11781.930891757249
11783.381847663033
11770.12867638157
11770.327867152344
11777.459125479325
11777.987892153586
11794.878962965771
11791.22319608072
11772.811476216712
11763.205484633527
11763.554251334202
11767.386227563278
11767.688742517168
11767.429793212945
11766.247582978052
11764.569968299398
11760.386231090293
11745.077687696517
11737.189398771157
11734.447266848412
11737.160061633642
11739.981786350003
11742.649964198423
11746.360770516869
11746.392970670797
11753.248375096335
11757.728271506165
11771.91806177782
11772.867297227322
11766.503911067895
11761.708564259105
11770.01818435273
11770.507017431166
11785.617494709888
11795.640635434507
11801.435639561561
11800.338115120692
11805.539418703407
11814.647899069801
11822.551061185011
11822.972219827312
11822.25449039592
11819.670840299354
11811.796079619455
11818.277681679243
11803.395756031874
11825.217968463843
11819.680589725098
11820.947422075129
11807.557300194348
11808.331600899757
11815.333137986494
11813.381750932349
11804.794720718643
11802.501002991896
11793.61821883905
11793.381059662323
11797.682435920939
11794.2808955371
11790.406160195518
11779.093083741387
11787.06174002744
11788.472644888712
11787.901275704413
11775.60124341189
11775.184436055017
11778.802858155814
11781.144973882541
11782.632214989175
11784.998344490425
11783.57335504294
11790.837154756513
11788.353018448386
11789.611818264111
11800.414492194146
11799.017516174596
11798.837283212728
11804.71933889186
11805.95066710717
11812.788334272882
11806.926006305846
11806.389861562657
11800.032691367025
11793.479975025126
11802.407817597767
11809.3997701485
11811.62158405986
11815.778557479356
11815.72965871749
11811.912617310893
11803.21374711678
11800.532125393816
11803.444667817925
11791.26141711425
11808.623500644004
11813.96159151819
11814.854792936083
11818.41028994297
11816.165054345169
11809.104592642296
11806.166079775889
11797.507941850228
11813.191414006535
11803.765850252192
11800.071941282153
11787.97637208097
11794.003257839286
11795.000244579202
11790.339495705111
11790.913753944673
11788.354028201768
11791.643935426575
11803.433662988627
11796.256477753719
11787.742466336946
11784.957889429978
11773.89172164879
11763.942851342419
11781.930421874506
11769.871526254361
11769.777250927713
11766.829040691931
11766.873579086427
11773.595509529885
11762.686683584541
11759.777626278152
11769.093556083351
11764.81474792044
11754.130852894446
11746.020286999865
11747.788398383153
11756.61979254822
11752.556721245386
11747.808216815863
11738.825957693183
11743.158970783159
11762.161376534968
11757.59474489289
11757.151246869267
11766.677069256251
11767.644920759129
11766.077618162333
11769.615624124737
11767.900002872604
11768.535333598973
11759.587465885379
11758.5486771977
11759.354629836585
11751.025268279966
11757.750719626809
11751.558666515506
11765.310850186834
11765.19265975233
11764.80173237512
11752.970231387179
11752.077297660995
11753.663890857297
11742.583389560084
11741.076117783716
11752.494293836768
11743.215124652432
11751.081310197316
11748.042280691621
11752.0526952217
11732.911014642948
11732.245078479536
11729.741780188411
11740.408538722148
11745.830488751002
11747.014053971305
11738.865785180875
11751.55932733948
11749.024476145747
11749.373832920393
11749.631826996396
11742.482816787699
11749.441633966038
11736.267316163392
11756.428659556746
11760.53862309493
11760.504515716719
11749.806679868754
11756.776434876643
11749.639847333585
11746.247778354267
11750.790284051403
11751.998227726523
11749.46780218972
11747.4367653548
11749.349782449357
11756.415785899026
11753.35319495521
11742.061165381456
11751.055496748777
11756.421235439246
11761.990638022791
11759.165523668948
11745.449579620536
11750.759862180235
11768.232541479614
11762.841098421282
11758.894487205998
11755.31890001422
11738.992973411609
11720.192832086374
11723.791322347319
11728.786879241656
11728.482878377716
11729.52125834819
11728.980720996533
11727.387641361645
11723.15482625316
11726.598998512236
11721.585096276976
11713.415284059949
11718.990745762083
11709.227761587823
11710.410472299103
11707.639624155416
11714.453283104544
11700.992239901792
11696.26175664402
11690.211147629263
11686.48284879024
11682.875041367512
11690.802773361553
11695.871479029323
11696.387658690408
11709.196870162896
11707.914155464829
11716.477494669145
11716.343244463436
11715.928277927967
11713.173876687491
11708.721670165589
11708.851341331047
11725.094762544057
11724.89647571931
11728.222814300836
11728.05289279053
11728.291384721386
11721.380436319541
11721.287679611269
11729.54062265268
11738.35302876692
11735.72853735115
11735.368248726601
11724.694508487868
11731.826360079032
11727.354502000313
11721.118149390897
11719.425032419143
11720.696782495537
11730.509132570838
11726.068415672382
11750.161837809857
11743.084037628007
11743.007712327984
11738.834288479182
11737.966120396854
11740.704088379816
11742.71758478122
11744.834114648913
11749.901534468176
11736.94369156719
11737.287365306136
11745.133647047107
11746.37863300143
11746.359202057014
11749.747651393103
11737.544019758483
11751.919184198628
11745.172397667648
11744.022119513833
11742.281396906052
11738.68199462832
11737.570212993722
11740.818392533736
11737.47356555532
11723.05069916328
11729.217619503888
11733.854179462978
11733.075382556837
11725.763496931906
11719.051745751267
11713.35333326962
11694.5413472683
11698.356306520505
11702.630735764804
11699.429864226844
11689.002380584956
11695.745474597072
11690.341046895406
11688.499894246926
11697.029265658231
11697.727573932641
11696.810715543412
11706.397547496383
11698.775237258067
11693.684123324156
11693.754299102231
11687.567594123804
11689.299862075455
11679.877929488586
11676.18921537876
11677.233541227652
11679.152298175015
11668.580564706244
11676.823090755639
11679.212583294495
11659.651099615729
11671.976645870262
11658.056074833417
11657.318742822088
11663.757334952927
11666.934163847
11658.445377699441
11656.361495570967
11652.310896708621
11651.147336440998
11655.322816846785
11645.69269886352
11630.078869938134
11644.394183002461
11650.645642691803
11648.303943735042
11666.799867592445
11674.417394430504
11674.654737273317
11685.383806273321
11678.756684589745
11678.011065767061
11674.4165569488
11676.51136999622
11674.357344725378
11673.698290292778
11660.852579860311
11672.390857292652
11668.4822676736
11657.922031088543
11652.19499050999
11650.179861440389
11636.616067823259
11638.769729828438
11639.658005788277
11632.18832638055
11636.645008208163
11633.039491115316
11644.333631806268
11618.241538940234
11631.515384329336
11628.551473173819
11621.370012966876
11622.8663744393
11617.434908380335
11638.78775109708
11639.634352850342
11639.110314199172
11630.63204081967
11629.376206390321
11625.962203083262
11630.50679662368
11628.513760670718
11637.553208823916
11635.091881370183
11628.660275746917
11625.401581480099
11630.27039617589
11645.405692697172
11637.166567421045
11638.635655209344
11630.466515252818
11619.150755280625
11619.530509418488
11624.227302986528
11608.381622182038
11605.712785899395
11594.504095831478
11586.469012323243
11573.00027196774
11579.989991754344
11584.090501065926
11574.342252732044
11573.265313516109
11560.543553406962
11563.214054701297
11562.737100381568
11564.41983264719
11574.961878867607
11564.859717260475
11576.364424154941
11567.683932755059
11571.338681381305
11569.468625309783
11576.824960550752
11570.883300391804
11563.49470710586
11574.369189164818
11579.382330461503
11574.647260161719
11572.358211140388
11576.457876893386
11576.725740921716
11586.016136492814
11589.377603046854
11583.171678091825
11580.898254368058
11584.967729933105
11583.222159556795
11585.111062836211
11571.15868474661
11575.343683522598
11574.407773320925
11579.152682706628
11584.593810953262
11594.57763591233
11594.884638433443
11593.784084678446
11588.591939790975
11581.348330251589
11585.919691439036
11591.156731380192
11592.385484251678
11598.488658052549
11585.01706612878
11585.719678835
11584.156977273113
11587.011272258835
11596.19885050354
11594.721227699847
11594.123487362167
11590.334431499772
11590.936553509908
11578.011630896957
11583.95424788694
11569.479624854639
11587.020204328195
11578.31730287983
11582.971275953194
11568.497125099888
11557.143526118834
11567.161098010674
11567.160475707806
11557.058422631024
11550.198898005288
11546.56982027397
11558.23391929631
11555.559401111721
11550.784981059956
11554.569671336294
11555.621600198816
11556.239523308284
11554.249973437567
11554.26405485818
11557.41510204777
11548.656752577213
11565.594061602724
11554.10458555073
11554.409986473114
11549.997871038768
11539.974592689758
11532.739567963508
11521.335479680503
11525.607086792088
11533.03849868464
11537.568002710557
11523.498881663658
11505.894235268957
11511.350995590432
11502.698041864842
11496.306443212674
11479.991899302187
11490.708763637893
11485.534480462193
11491.540898476385
11477.95967371585
11482.342806389614
11462.35985066467
11455.33138011342
11452.236523794305
11447.345480965261
11440.185683526346
11457.206571841218
11440.422969516578
11434.0965348026
11423.978154388871
11431.95504229006
11449.233089537445
11446.024358244627
11440.40041838206
11436.505994602547
11443.019694563582
11449.466430680484
11449.63809860759
11453.291616663853
11461.038164078367
11454.317151148876
11459.584999720835
11451.481727958611
11443.168879947025
11446.122652617316
11439.080820740546
11460.910584176805
11456.808168630138
11461.917442234157
11461.775247870028
11455.48064567716
11451.091819499423
11442.76907493491
11448.982932560128
11448.272110225318
11430.777575611215
11432.35220117895
11434.52258868117
11433.666013904935
11428.913218758646
11425.926054770365
11412.504044347352
11409.891668606762
11398.882000188762
11390.385918082879
11393.095606867473
11401.096824142289
11396.245863287899
11400.68199277536
11388.775981956134
11399.364818103939
11407.435976520495
11407.684102963573
11405.676258701267
11389.368706543533
11377.14588581105
11369.688573535868
11370.732974177285
11364.605304167973
11357.880804935481
11354.063796916018
11347.162993076425
11350.255260906044
11343.09176557662
11336.430461530095
11329.729559888146
11326.280745295364
11329.709022543444
11326.194093085138
11321.293583752064
11321.65962209484
11314.216413024275
11308.726607550394
11306.430855513141
11292.957221941762
11292.82256827311
11290.27213729488
11292.069180867471
11280.76206055533
11284.47141006816
11273.236729903698
11263.455015764981
11243.632898176504
11244.131458931472
11242.784408975574
11251.099006224282
11244.429635423525
11240.986048373048
11229.20183003068
11219.840693688984
11221.124968542666
11220.55061146604
11214.146931774496
11209.237946388312
11205.934356192114
11203.481726676115
11208.98144024215
11207.561270115586
11191.263926663343
11189.210020948842
11179.979438212527
11165.57068195148
11169.10175142507
11168.624605476041
11172.951615122114
11168.254554546666
11169.049457925994
11163.178960245124
11140.57583671125
11147.303542281163
11137.319956395153
11133.85855092193
11126.036647798208
11117.64899453261
11114.257915831968
11119.210154461922
11119.191067534299
11102.752388191377
11113.077128229328
11108.967009930766
11104.134864031941
11104.082030698077
11107.105573211533
11104.70842554868
11082.073990392022
11075.425358711516
11072.693836289302
11071.58823154489
11076.035379790474
11067.590862664425
11068.336102252539
11061.17563788894
11071.379682918592
11042.772880994778
11043.340502941017
11055.162523823717
11060.12323952599
11050.211788731303
11042.672376436658
11036.439964773996
11024.45155546635
11010.579688675769
11005.55472597033
11007.53921962463
11012.371729188355
11002.86821678916
10994.158885704628
10995.145369166748
10974.665863398443
10953.583758367131
10942.559225035397
10943.512932448812
10934.471349207412
10907.905723938027
10897.889108327345
10886.28841161928
10876.486924164683
10875.226713218271
10856.803068240213
10847.592873217944
10827.034497352088
10832.983675736694
10831.334623984194
10823.63752757735
10816.59635839641
10794.573908724065
10785.63121929067
10770.979408959538
10770.89709703152
10769.797348635293
10759.805551848001
10752.128796820682
10740.103006661753
10733.732964010927
10722.867781211964
10728.404072305832
10733.211480270227
10736.177751477906
10716.242132018031
10708.912852638334
10700.52207289575
10676.78217318105
10661.540914256355
10649.021598044066
10636.87094239621
10639.905242660321
10636.659496901311
10629.000027641408
10616.772942498132
10615.251993050657
10601.570946446624
10598.361057299036
10599.767236694825
10592.154086602171
10593.239162584312
10585.679799499565
10574.337645658186
10565.948567300773
10565.13022767488
10552.584893734296
10541.28190364969
10524.983219353417
10516.729964513477
10509.679433357684
10491.769558861371
10478.474305600485
10477.325217384045
10463.329866386048
10452.958016288358
10457.598596012911
10468.04046031673
10461.89147763235
10462.353014871442
10450.082169135701
10430.526262539519
10418.077816071385
10412.163819757057
10409.337804340372
10414.433874466882
10403.687573508127
10405.653318769342
10394.52623058725
10394.176858951758
10404.648288146342
10395.181430434313
10396.165916066122
10402.120925309835
10398.820813153552
10388.706997481879
10379.827380055363
10371.914634325454
10354.525455955038
10347.804878453779
10334.155123332426
10332.415511508985
10322.054001781606
10310.986210449095
10297.033951602902
10282.576515363506
10258.728279605208
10240.146724582684
10226.952132250066
10220.794488862522
10222.857004614609
10207.879169318929
10188.440355185954
10164.647413505412
10164.673493537777
10154.351398121667
10151.326670451524
10149.220632812172
10163.876830325891
10174.45307053725
10178.370908534207
10183.243858505037
10168.529620478232
10163.90986111954
10148.857105687264
10140.920636611594
10133.206011891496
10135.959506787809
10120.850446219893
10115.064135885565
10101.469340136959
10107.520750879428
10104.470195616117
10116.009670215533
10103.69740689417
10071.707986921567
10051.032369650493
10040.089276357967
10044.496638337803
10041.060146713084
10041.764170535149
10046.771350843632
10043.5493940329
10025.11615653017
10010.318922079266
9987.920054110178
9981.010885937229
9978.551979797707
9972.00649117363
9960.464538457505
9939.301247263258
9932.436749026532
9933.376114652681
9901.982314367278
9895.450070864797
9865.801911765564
9850.706267970965
9833.042461590356
9827.575069915121
9803.933476558828
9785.331619423645
9766.460734073567
9759.278054669423
9739.234570703884
9729.855293286997
9729.104019236498
9728.735387968165
9740.528105590522
9745.031388983874
9739.984839546973
9716.23891989328
9698.00554124583
9696.086673947284
9676.487226839487
9658.535409497752
9650.196760888331
9639.560596176349
9611.016688154363
9599.186391339801
9586.130364446673
9577.30192638044
9570.877597511426
9577.71662981771
9575.571294216586
9556.780758770848
9535.696553185013
9516.597040833123
9492.845266606628
9473.84684697376
9462.051933882776
9473.463926156452
9453.18698311899
9446.69314565006
9422.543842993095
9414.488258370027
9418.313329916897
9399.705347958257
9393.895623044684
9385.226992007061
9367.193455181286
9353.370359103195
9346.718302242945
9326.92613317105
9308.210837937306
9311.988290775349
9297.228816498126
9273.673637164535
9277.561594840303
9259.668745024923
9248.674943028243
9245.64337322115
9245.215700612891
9239.143916194858
9205.432942263033
9209.636444888389
9196.202733762282
9208.023524793573
9192.140617951443
9183.48364108057
9162.159415224462
9143.59816275157
9129.002538474397
9128.471389062524
9139.447028232447
9136.066116328868
9150.591032912307
9137.505206570842
9116.195950220947
9103.875102164817
9084.906883503496
9066.97743797635
9074.54476306966
9077.834602174811
9061.501667763347
9059.804743766235
9043.403237041588
9039.804693897742
9007.803543807751
8990.34082227176
8977.640833066174
8978.561312139323
8977.447662706143
8956.344907250215
8959.190416739886
8950.910428677185
8954.316420014651
8955.383658341958
8945.447559410413
8913.770940294326
8895.607132483608
8887.73084733224
8890.076600876211
8879.02083275935
8875.645682283877
8871.188158038909
8857.020404102528
8848.719386133338
8852.947253961784
8841.035279822074
8820.760942580288
8806.82361768359
8809.761574000342
8794.779665877346
8796.17728841868
8795.247214600062
8787.822736487484
8782.518151067774
8759.577363770793
8744.803128793106
8750.01601204129
8728.615392577727
8711.33063247356
8700.9130776774
8690.832884654295
8666.18844384408
8655.942316405086
8646.530414247001
8637.160361543873
8619.475758638459
8627.636334566589
8624.528827208826
8605.745885134405
8586.593779449773
8580.937699851573
8553.701715326773
8517.944028926411
8503.478763613813
8503.615131665763
8494.83500855351
8476.96901042278
8474.069147835595
8459.895710586243
8440.26989473095
8430.857612821112
8408.006850199887
8381.48656323689
8360.792357749626
8362.972402339226
8345.819000115163
8340.292637634946
8338.405001519812
8334.021340693866
8332.438812438602
8303.156344794274
8302.625289399975
8289.940177576767
8257.376467740205
8241.7450830166
8232.004172678226
8207.838187835536
8212.175643888428
8201.01176479139
8180.285255853951
8164.9002650703105
8154.906891116381
8140.532041086477
8138.98668624614
8143.153784518585
8138.213043894813
8122.330788985921
8105.188322053809
8088.988567802946
8069.793907109457
8078.63253472921
8066.104187678879
8056.17636255491
8036.14002582168
8023.623198229598
7996.7406216461095
7992.463539906726
7980.764554253245
7961.95816863137
7938.691971676639
7920.696134285492
7911.508956144524
7900.337215891821
7896.209757731025
7897.238097543067
7891.799072285647
7865.561833953297
7861.672862713682
7840.309527070171
7825.425527257039
7821.785098961098
7818.175510558273
7802.729091412659
7786.047721659688
7745.070013161607
7717.162784869874
7703.081297525826
7691.335435771383
7666.118072253998
7663.268976858057
7651.985822976421
7654.818814620197
7638.998620135649
7642.5303229877445
7624.531486443576
7612.101591049688
7591.013307752357
7585.828024174288
7590.760032137188
7569.7722327995325
7549.0380940169725
7541.0712787421135
7512.957258047138
7490.479436213451
7489.2465751181235
7480.672040480394
7480.21161046039
7476.730238763366
7481.129798142054
7481.395720797098
7476.396045093048
7469.613014187941
7469.033005412355
7467.729263457943
7451.436448644101
7425.269455259712
7425.23730700029
7426.733464179435
7424.8824173350795
7425.8902053444435
7408.365784809817
7400.855071613276
7390.012685551583
7378.557084997669
7376.309388443418
7365.397842757493
7354.1377750270585
7336.625361603639
7343.81085059993
7321.0594196272505
7316.004365587904
7302.658331758242
7287.762901032538
7278.133185366123
7272.036272286846
7276.031598391921
7254.617087037792
7253.582584933609
7218.337374938417
7212.104803644401
7188.151410020232
7165.26827814692
7154.646698068014
7150.607377542017
7157.177690912818
7148.2274035635
7124.12067809451
7121.336282399443
7124.08325126561
7097.727895557218
7110.1713472632255
7093.69324968235
7062.2352724212105
7060.424337305543
7050.997872137875
7037.204777543205
7031.45617209454
7019.083453798838
7010.26608150344
6995.4885051521505
6986.2681111427955
6974.096263709982
6957.646818450068
6951.927355087166
6918.5805246559
6911.582100697155
6896.236362952672
6886.102770873761
6858.4059077008915
6865.163316047596
6873.449029274763
6867.682261405242
6860.898035189502
6856.278591032333
6848.0563319418525
6830.06556957686
6820.036320776328
6799.317493542188
6772.449163814141
6772.103235501705
6767.142381371474
6750.886261772994
6737.023103745799
6729.01739073432
6716.153983575673
6712.008726688338
6707.2805155983915
6685.463251058583
6680.936812857459
6681.279685946463
6661.856512453617
6648.880385487833
6625.043376816076
6625.717151561674
6614.022352082398
6601.0202047394
6604.770008117346
6607.916457924129
6601.752111135055
6592.922016543573
6573.004559427971
6556.254364339265
6548.875697025447
6528.961841145296
6531.557413405554
6526.233898881043
6525.0509838478165
6520.701899806116
6529.3051827068175
6537.0488113630445
6521.293808119866
6497.373519952796
6492.6737078843225
6478.395020811429
6477.197192865189
6474.500531433087
6457.652449429673
6468.057986900967
6453.675485242479
6458.812564173006
6439.7235542291255
6439.997755576466
6451.572120501934
6440.567189504548
6431.837801818225
6396.993515809218
6411.83408398476
6405.562267684811
6384.853550694822
6380.456401940499
6380.236042754575
6364.209715761861
6365.968590577518
6362.3629134311805
6338.318760060383
6327.246170360263
6324.711890205873
6319.608523181681
6287.914314920446
6282.884266337933
6281.7280741042
6265.640742025754
6251.6440504372
6233.330908718412
6212.020209725403
6204.110315632097
6207.485445441548
6214.3809580528805
6210.9172573211235
6193.26181990847
6200.928501973971
6182.148578992667
6162.433429279966
6144.579358370217
6150.013863674298
6147.166789227379
6137.699997634263
6154.349975161127
6149.763453954977
6153.681980160569
6144.764367856509
6165.485941480643
6168.554728658715
6150.805880641712
6168.474585636215
6160.87583294654
6148.418122712699
6146.378422597898
6133.994336878137
6122.29707507383
6120.302038748303
6124.658249850654
6128.052482628683
6105.727774122715
6095.86904735414
6102.009499283083
6119.622266021117
6117.635855793842
6111.754820502751
6114.539482723852
6120.461569435076
6131.650844744645
6115.163936068919
6117.446332942702
6122.336569815622
6123.197932748549
6131.579449062347
6114.423007883017
6097.438454703133
6074.34326647155
6082.374827059865
6069.939463774379
6045.612225834824
6049.506457233934
6045.158853083055
6014.139039169281
6019.654364696123
6015.756251786464
6004.124013932373
5992.169039775101
5969.182017936117
5982.858666164922
5973.540274392297
5965.292129317161
5949.596357739217
5950.127644523695
5943.878954050524
5926.201352892753
5920.014718736707
5933.438138996868
5914.215969314009
5917.520315487487
5912.03337830943
5901.607780551729
5893.364333883242
5879.4067059551935
5869.861152504443
5880.349586719131
5894.806698970985
5902.815848567588
5895.374450565556
5879.446743551565
5868.992263892139
5855.418426157339
5873.545745416375
5882.967265809628
5878.6937769979595
5864.345849905237
5859.539559140508
5858.785553592349
5849.729653975834
5849.002161813334
5823.242903615173
5823.046003620149
5808.44360746241
5803.353251241766
5807.092682948878
5803.401970794613
5789.084117087356
5811.34541619841
5811.538265120364
5774.845617844887
5757.918940131984
5769.2959859450375
5779.297100252366
5786.6623113816695
5799.924520308038
5796.204874381621
5794.439380473688
5785.298245368316
5775.742581741954
5757.346215751393
5737.772908127763
5737.455035384575
5745.602519390321
5751.687661923255
5766.587967198528
5769.80786445683
5776.481714908186
5759.293016254986
5743.691929436781
5720.521348693099
5722.770488572438
5723.519947464377
5722.07942651602
5720.244961514931
5708.855410916181
5699.579841006374
5691.783900020942
5684.44989832643
5674.604662503067
5667.730747155001
5670.1604387694415
5654.037839679309
5626.783838741201
5616.929852424197
5606.54127532193
5604.749462843381
5589.217888778812
5587.9247000344785
5583.353239364935
5595.149928527175
5596.231772641225
5590.368967995237
5579.101981412511
5567.38286926965
5570.401212223922
5560.479692548915
5558.795871359749
5562.8462738649805
5565.226306259179
5567.330780765498
5573.918867802597
5563.380549121193
5562.237137405371
5560.704962013397
5560.00228449421
5553.066801538591
5547.075518639202
5522.154974581315
5515.670432598648
5510.571490998682
5507.93775539319
5504.989915447004
5513.025257679613
5484.52133545258
5483.737109979801
5487.673246733724
5497.649371919147
5487.469750929749
5474.545961339417
5468.484337712776
5466.872416762394
5466.15662865804
5459.680035707459
5439.140701750126
5437.6103073082795
5425.683480552037
5414.4915190798365
5423.89769804129
5428.640630125074
5436.809989843393
5451.887670826725
5429.588625907624
5417.601604287196
5409.66532900049
5421.044335605697
5421.873341116609
5419.120961528084
5425.220715100964
5419.357407322506
5412.1052939264555
5409.992952758413
5416.647585477244
5425.2698600356725
5408.450416029342
5420.1748776587065
5415.822400097124
5419.407943474778
5422.172485254289
5420.946885153278
5424.226916362937
5425.579966484038
5415.960710133114
5404.903808812144
5406.734856254068
5406.435175288963
5390.798439882715
5390.305804739627
5389.933019075119
5388.680490809817
5385.445372632019
5384.150061812846
5381.020671903554
5387.885525572317
5380.432217322848
5377.94344453303
5371.060692642167
5370.860226979976
5386.368097871012
5376.593166802419
5380.287752802108
5373.957926080976
5392.145016852587
5393.789781521713
5382.543567545981
5357.981815258473
5373.064269148261
5357.070234838868
5349.865865428868
5345.733033610073
5361.860341321651
5363.284443055645
5366.461047929977
5362.817784697898
5347.466288847813
5327.735477500633
5324.856418992647
5332.621409446784
5332.31944076061
5345.75886338927
5354.172341468111
5360.6346815493025
5370.124980223827
5363.439871975049
5358.3243846885125
5367.697509446931
5362.179721865821
5367.228121159242
5378.0800928692015
5367.387296138307
5353.577230228951
5362.518392279466
5367.404684344097
5361.323115390417
5360.061427760941
5362.5462074848365
5360.082361695853
5355.06050810779
5348.588141100916
5340.388262654088
5343.360004420102
5351.835443994607
5371.968728053167
5372.824904941335
5372.281068714656
5371.486552147409
5357.201214348281
5346.625999685142
5351.3006584967125
5338.9278857210065
5359.879882864445
5369.071479413373
5375.77754374815
5371.4681616025855
5381.300397006203
5368.9178946741085
5356.6231760875235
5360.682898697713
5354.824954738717
5350.9907321800065
5340.309595359931
5345.481769147127
5351.6570008511335
5353.0850086811915
5352.979812863572
5352.980325522966
5340.496344431661
5349.096591777157
5341.989114298636
5339.831129086012
5335.403997694657
5332.9907068117045
5316.567321323451
5297.733756023861
5303.875078584164
5281.858951777193
5286.711724217978
5291.675001868929
5295.122446794785
5308.489696975276
5319.348173143544
5315.114524262004
5311.184388359296
5304.800874137043
5300.991080953616
5298.641712227582
5307.722237719434
5315.921274149272
5304.399408699821
5292.347522430244
5288.555556441769
5284.226893059831
5305.797920264145
5288.305146464738
5283.408191346838
5275.497469051456
5271.170652816252
5261.090573493798
5256.1865126762705
5263.939203777427
5271.03779708447
5267.244166360413
5256.643944306208
5274.257695878559
5273.261790260818
5284.0148511954485
5281.265962035145
5291.426899779239
5267.4473293235915
5269.4100187440745
5247.951545916916
5239.454633478648
5243.965102108643
5228.463228748946
5224.611341293564
5214.810276818917
5191.812100078756
5185.647503118953
5201.044437417733
5191.799827373683
5204.210331179834
5196.688665004796
5186.9799587798225
5192.377766726624
5200.95391302972
5220.193159108071
5238.771452567643
5231.218099175949
5239.294703272802
5243.143910248926
5246.644620905147
5235.1652505442835
5241.703376126784
5243.224907789575
5229.913665960659
5230.872829794285
5233.062599226676
5227.84748093809
5201.109401928293
5198.348372811221
5171.212095023918
5165.455711229183
5176.314733378
5170.780528922997
5183.354357614973
5173.0435614063435
5166.85501626994
5160.0894938272295
5167.1235842335445
5167.9198860235065
5172.488823803336
5161.69718813784
5167.104978473102
5165.914561521416
5162.664583049733
5170.508422643794
5178.870245403147
5182.295627343254
5188.91324137137
5203.571218238138
5186.155399512667
5169.515441260553
5152.311063960311
5141.523892126708
5146.277238573688
5142.739381321709
5137.579251947409
5153.377334561308
5157.547346471102
5149.298273009475
5129.4937593175255
5123.367383081015
5108.484714984291
5110.463773924148
5112.803264175067
5108.5697122607235
5103.9195589656665
5117.017917331319
5099.499511955176
5091.828953421313
5084.157879729325
5093.817064587974
5068.302674854767
5066.764422926985
5071.939254731059
5058.814236504494
5068.336748930486
5037.457479013361
5028.92301788617
5043.296838340604
5027.610086600809
5041.53897761973
5032.945977041546
5034.391059232794
5025.231140043695
5031.254301625968
5029.505629159541
5027.687810035162
5021.366679952451
5019.663129874098
5032.089920454433
5040.309971561395
5041.55230676194
5039.5730292605085
5054.126223113495
5057.790160010725
5054.639228464341
5045.030700441672
5036.83935038715
5046.32592441199
5061.241906791502
5059.571986321083
5064.420633929345
5059.939184958441
5051.557183349885
5045.814397574315
5048.147595809651
5035.969226478656
5053.719562583685
5033.194352866696
5031.888151718344
5021.329859061794
5026.52775331359
5025.444870779027
5020.741475522109
5022.436916325628
5042.67738618071
5040.033210532814
5067.649804891949
5052.4117905360845
5058.4202480416625
5064.442036188948
5062.420014622861
5075.932747762181
5066.207371349843
5085.175174436428
5076.825011567746
5081.626475543579
5085.265642611153
5073.387001650902
5067.20272959395
5069.622050049849
5069.133233302773
5045.292451756027
5028.596861222614
5011.813880126154
5012.770750988728
5023.130494334178
5018.203431524398
5033.988265732718
5029.272306304005
5018.953293180234
4998.308404002117
4989.000344844718
5000.47273939912
4999.317485900374
4996.285863498135
5009.597282881019
5007.131598328207
5011.514199244428
5018.425176343231
5010.438756294333
5007.3711911756
4997.8367747511675
4996.03495300426
4998.770026060811
4979.812383308099
4982.887380655786
4983.732509098367
4983.515544491399
4993.005888466636
4981.51891499401
4986.20648976122
4983.430673387198
4961.922673844726
4940.933704988473
4947.146048960691
4943.513677895029
4932.0589277321305
4936.7144373723495
4930.130071625093
4924.3328765248025
4963.975293336132
4951.737340616053
4954.687687285996
4954.659040164992
4952.909264584686
4949.817438559355
4954.309058483225
4945.19434330986
4949.282476476155
4946.1291703050065
4945.341277132472
4930.196793525885
4917.963682068473
4916.6083975115025
4916.408668838384
4906.578901284594
4902.1220754173255
4905.868369388358
4901.085663622984
4894.711861738086
4890.230154762319
4874.128137468604
4870.278246181001
4849.660198731424
4849.062925535636
4828.999673467079
4826.059616379045
4835.336942852443
4817.477067055433
4808.990213138588
4800.46338105005
4796.117084975935
4804.185112093066
4818.462173981194
4803.947260302886
4780.534888783004
4789.870497812975
4788.335854793351
4792.92429612653
4798.137802051193
4813.7655914449815
4829.447900630528
4837.2035023483895
4822.277691925253
4839.323601284836
4819.478180085474
4814.65728032021
4833.631073134451
4830.8817901703
4809.7343391202285
4806.979618940286
4796.517763021303
4793.224145011949
4775.9524634458
4782.61219297611
4763.910577524384
4756.6754269358225
4755.50209936485
4768.505901374694
4762.802500624511
4742.579201029523
4747.443791430649
4756.9543650342985
4758.459251966682
4762.362524014301
4769.362259923848
4782.693334471338
4794.14924161701
4792.191171258257
4801.726516645711
4802.023104215159
4806.347521064653
4819.437724038497
4813.319909522714
4828.061947010637
4831.020782969805
4841.243492046531
4832.803066475926
4832.351263038576
4834.11270957375
4811.522440288267
4798.815618816514
4800.238781005835
4789.40377185044
4792.377607402865
4796.401518965927
4793.483407049969
4792.961402931018
4790.865408151259
4784.444326938342
4763.592000342516
4765.078929638783
4764.550748981377
4748.420638551268
4730.07048864673
4738.4976136926525
4733.81558805432
4740.030334864195
4740.725982326721
4744.674660112816
4734.188904000701
4738.138003697872
4751.284362466311
4743.89946870848
4754.277352324426
4750.959240640237
4750.70497365753
4756.168594167797
4762.388376609855
4747.419510911364
4732.22125833654
4744.659063935465
4728.109839851095
4724.064916305975
4717.268809325591
4720.294656724314
4728.410985498123
4725.389852834437
4720.0408149425275
4718.917987593984
4716.831745354865
4711.9942444702865
4716.4508226046055
4686.277772119437
4698.970729052211
4699.411887449496
4710.141737285844
4702.68788136122
4699.243518797088
4700.85974631348
4704.572374799093
4722.077161173387
4716.383424144332
4730.1060550433085
4718.285324240722
4721.351460173857
4716.477290069467
4704.776089261244
4703.864616060073
4710.095775733299
4706.236929654644
4707.766274176333
4714.666476594012
4709.401673834207
4687.82168477346
4673.046043991712
4649.6129676019555
4647.035582059848
4627.832336162307
4606.170262574425
4592.051090971128
4591.239539248894
4608.708039719238
4624.18580317253
4619.7647166199895
4621.041636972061
4625.730625555156
4618.804626216384
4649.608146424291
4651.992369260581
4635.299214017023
4623.776622113393
4621.162797039162
4637.841667054425
4638.793953951106
4628.01833989347
4657.624365054171
4676.375175248029
4659.382238245944
4664.30741503206
4664.454301161392
4680.792069943638
4698.289656186065
4694.032956244486
4708.707142759829
4701.967564370636
4710.358398776712
4710.346291147634
4720.601112041482
4720.994508920952
4723.081098959941
4729.656234502851
4733.40858345404
4734.384675939382
4738.43976397573
4741.2152252369515
4750.454371070595
4748.638746253376
4751.202204925119
4760.03056184531
4770.87751713972
4765.2856089478255
4734.557326987486
4746.281467109241
4749.682276720907
4751.683649526789
4727.685777680126
4743.277714956772
4751.01524232794
4757.786210074508
4778.644896390781
4804.23680050443
4804.65301649235
4809.121237980356
4796.198747864176
4793.157298087022
4790.684539636752
4806.178475007488
4806.270033715317
4809.29509301607
4804.123891547648
4804.233969207761
4796.618487757761
4782.593264208327
4782.919071362976
4762.785505312169
4756.162099520899
4765.670013726339
4767.195311653284
4773.741680115383
4787.38579277552
4767.341139788303
4765.067916421314
4768.671309409287
4775.997981491669
4772.145693406475
4770.938332649062
4764.046843139044
4789.734504969741
4791.521471186651
4780.241239179206
4774.33867546928
4778.564149948428
4798.480823108595
4794.153891844948
4792.435928053148
4788.659885487117
4765.294604708988
4757.550230507939
4752.5725998081325
4747.121847620946
4740.422830847476
4754.102517192278
4754.703912901892
4764.206139815629
4760.339141333752
4772.452650133417
4771.8101116742655
4760.954517239339
4771.579385992102
4734.0738316973675
4752.063890406025
4752.122406149304
4731.998421840466
4721.862994289286
4720.577103997745
4726.992345416259
4727.278155173889
4723.754677427427
4708.499402808022
4707.286222188857
4700.065917669128
4692.291296194844
4693.7247572057295
4690.689878594263
4684.804672813565
4686.13163764542
4692.429656606586
4696.3855574216905
4690.245072858044
4699.180618780987
4711.585792556153
4726.0793810381365
4728.555882833234
4731.130804060078
4724.268950439517
4722.395206728172
4715.3496135496025
4714.551919152744
4728.533306447066
4741.073165859882
4741.25612490532
4747.285662565545
4728.187229045672
4711.386797691587
4722.690591143097
4708.77510649971
4700.624675904492
4683.410365096974
4693.29962926464
4718.458153521758
4720.931598308781
4730.183675258819
4725.884801279217
4722.001130139683
4730.572224970741
4747.3955021973225
4745.24984340253
4743.615651157898
4738.338674613555
4737.550504790232
4735.447005989772
4730.278817010338
4729.536073659933
4735.661622692173
4740.89439911461
4743.324212700644
4747.385079998828
4759.803439703928
4769.876280491722
4766.412337092615
4764.455263637288
4751.363092418064
4726.444861183295
4710.8663863221345
4688.229543659563
4690.783891850006
4689.272522832818
4699.083992806549
4707.145669539521
4706.533001333208
4715.1198857048275
4717.262279674587
4710.183050041351
4705.832229126407
4701.891111178276
4707.376599762332
4697.292874712139
4695.995213419776
4712.325830897389
4718.066750605565
4720.734812111799
4734.794717875046
4729.472727164701
4725.3883266497105
4732.932348796875
4717.9183478187915
4703.170184933109
4699.857534459174
4685.175955890882
4678.888212873913
4676.876554049309
4685.897426216462
4681.706237647244
4695.752674990705
4694.114040066428
4702.039878965601
4693.553057349904
4699.845844146197
4703.868185420619
4701.7006532747455
4703.471064221018
4705.168767004993
4704.175584102604
4704.6636995993085
4709.508012334247
4701.800621540575
4713.272444311044
4708.186678413753
4698.204914218271
4706.783610361716
4707.726311190019
4704.686773504879
4703.794019630912
4708.711972355405
4702.58094999391
4699.124452420511
4697.503028034481
4694.151797264416
4683.7339131532635
4682.000399876966
4677.029381635343
4703.09610345026
4701.836037897032
4674.131642273025
4671.606979039919
4654.961617219526
4660.50122128932
4663.746633721323
4677.463940982219
4690.776930751954
4695.2653570439725
4692.570255947588
4718.743505867908
4724.383357885092
4731.085577279723
4711.822874442792
4716.099415927324
4740.398378651197
4745.966057817827
4773.406067382019
4755.992998696902
4762.161730084785
4756.269113385781
4758.428313085142
4748.806104679064
4735.331214373586
4729.962292672768
4743.524736706544
4743.747983161279
4765.268362129549
4767.847044681207
4754.261983211764
4764.608528570276
4768.232408318239
4763.944461171364
4757.686857758048
4767.0985203758955
4767.084570148826
4775.629191796088
4788.4519032380795
4782.9965676441525
4782.459302350378
4775.7173286761135
4765.0909829016155
4766.536560259829
4761.493693715229
4751.808225957151
4745.034897221378
4736.911236474925
4743.742897257558
4704.087321787866
4727.043583354735
4726.174700795957
4730.323667838611
4730.506516429963
4734.098410149864
4760.306899476944
4748.410123868332
4749.436497184588
4755.144209860809
4758.446809457419
4768.329293618479
4770.228890663673
4763.58821317494
4757.462048810139
4750.155219174062
4749.717381635552
4720.100728046321
4727.475187031036
4728.838546322177
4731.0279391508275
4726.382835148657
4724.659282029634
4737.018856242836
4730.030579304618
4723.884746534299
4718.532659977557
4725.246373616768
4727.301526841794
4743.639290804417
4737.695326359772
4750.648691640846
4753.825881556642
4762.210202813796
4772.670434108434
4778.405327644359
4772.522206675639
4783.77785140933
4779.681457538156
4787.640854434498
4789.310299208541
4783.924685331591
4788.102819844914
4777.242578859092
4787.13700282583
4780.926844916437
4785.686917010542
4771.426109651047
4757.884588830753
4761.524524920428
4747.219745468339
4727.041279956597
4721.9282028868165
4718.314839766182
4714.502436340374
4710.9018742091885
4717.3755151429
4706.928084013474
4682.457593642155
4671.875297511146
4669.798187891515
4680.301434632098
4679.48948162739
4679.635293897298
4681.98946869512
4683.761908295355
4682.798397347875
4677.485439018159
4666.069237791176
4682.07485678072
4684.251420643841
4682.49828620822
4685.841346580279
4679.789532331607
4686.888767679359
4689.904785698028
4693.936438018522
4701.791501047988
4689.669540722392
4688.836644393744
4691.348342516552
4714.168439227986
4720.315218673174
4715.632134895802
4716.113892618159
4715.66788547848
4717.845355991976
4713.476693549643
4726.207279191029
4724.856531456015
4720.2857540406
4723.5223376081285
4725.860167894609
4736.157297897691
4747.738391268935
4765.92605408839
4767.260618092414
4758.100100623402
4754.736789861984
4772.620635555379
4759.511834738867
4756.36066797745
4752.870509700966
4769.365782016598
4775.203185991864
4780.229122528262
4763.859807431646
4765.605824693409
4772.34336726931
4774.6057480076815
4776.781445833518
4787.1748983951275
4785.402013294208
4780.239704074223
4786.5529368687985
4792.635010387886
4784.433620929742
4772.233864094431
4766.603462230764
4774.816594861737
4774.377135541712
4776.211221013597
4767.934540602154
4770.438868385672
4781.463923592371
4776.162787157058
4786.504922762073
4776.216975591524
4785.33277570075
4789.668675932304
4783.98829819646
4799.477667461446
4796.527605629179
4781.707118286575
4793.925544431375
4784.639001221045
4774.0603681282455
4768.013225260802
4759.632788028927
4767.036764064382
4772.456623667762
4778.12032992094
4788.432417869028
4803.247584393256
4795.894157622244
4791.977948683351
4784.223669543755
4771.716053957354
4782.4217736146475
4785.276293339333
4772.224700259314
4781.779327831711
4786.872670896802
4791.030354088489
4812.371032016978
4791.109367008339
4802.524444314695
4800.813066063667
4803.214636678543
4799.970948264335
4782.028270803514
4784.058190639074
4780.788700131837
4799.928189052893
4767.2707810417905
4754.10201447703
4764.139416442798
4763.546873859253
4794.086781540022
4787.496588446886
4824.801124110423
4836.297568119998
4833.229778111465
4814.255948182319
4798.061746801268
4802.782222167638
4797.099599947151
4805.544943349205
4810.34425940119
4799.863877266756
4797.260880099765
4796.078043791558
4798.298909958101
4806.632764080259
4807.013813066263
4816.157566926626
4823.649386145136
4839.346776081293
4841.548789553943
4861.688762883269
4868.038245211306
4865.930727969938
4844.136946600411
4854.351482742386
4838.656003780742
4840.047313691331
4853.598808018569
4851.166600892725
4853.266158018621
4857.911582620469
4866.870978352103
4866.212465198565
4869.142570677439
4871.354631661558
4858.291328877334
4848.874269189215
4840.960905712678
4845.423043590601
4855.361559999357
4856.569773605909
4846.702339951506
4869.457580326715
4867.480266014818
4855.682808413533
4857.568284270537
4848.287845690626
4826.862313577956
4815.310029314269
4796.513648894414
4792.011345023331
4790.410073031795
4797.414456868255
4777.309108868867
4763.939144098051
4776.003915593748
4766.347937240203
4779.032462899974
4757.917381653534
4764.058404156296
4749.050235363165
4757.423609092517
4750.007067347886
4752.584522850275
4746.920562935224
4753.744790590855
4739.6380543081295
4719.137777390349
4719.172230062016
4698.88385470084
4694.882288270041
4686.260100144998
4700.118159514529
4706.827446385451
4713.760651508162
4717.880433645374
4722.879819312826
4718.695415305099
4712.979662564704
4699.613428805124
4699.8031096041805
4696.10612449021
4708.126507437428
4712.053481028399
4702.197632730615
4697.475573502833
4697.099587581796
4696.430276938204
4720.430925782894
4733.100388674688
4725.6812409315235
4735.975591931905
4749.189612021123
4747.618009452266
4741.264423880772
4764.687372260644
4772.789444212278
4773.615664159437
4782.976954462765
4795.5102038037985
4795.942313996407
4806.26005323351
4816.874705393609
4818.623194240163
4826.06283791601
4810.018942082141
4812.929630492548
4818.430926509239
4829.05138448272
4812.225765748974
4814.5974160197675
4824.7391517730985
4832.347843558529
4837.741988787046
4831.829366220034
4834.587564065931
4826.966574083932
4820.617453227158
4821.09868317584
4835.150322653199
4840.9965758147155
4820.431192928909
4816.600667004374
4830.542345989081
4817.30689576347
4823.539699887478
4821.402469595427
4819.373503999414
4810.025169510038
4812.668352651215
4812.003436110674
4823.834935993684
4799.2850147528325
4800.82277830441
4805.853457830773
4798.707406764175
4802.461988087611
4811.763552201883
4815.242490519285
4820.343343882723
4832.00159991643
4822.559011671937
4811.867741168997
4798.823457972643
4795.498452971986
4813.385635391679
4812.961543408606
4815.745776135918
4836.670375645657
4822.753051441543
4823.934251663918
4819.00068608394
4828.926926964266
4820.822783309443
4817.827959255398
4835.607572194141
4839.895449292108
4850.168556042354
4844.163136192414
4852.364621467536
4851.851644676699
4847.925524073252
4861.650093921671
4860.156502435984
4886.543135374106
4876.633840797731
4874.261212822862
4858.179704411666
4860.526486257882
4847.057430588163
4847.864630267837
4852.72987277117
4869.715172165033
4872.003782669097
4855.396653768292
4853.5541764770915
4870.751855814728
4867.822511738872
4874.7897196097
4873.071562063529
4882.1698623942375
4886.438420595263
4881.110093018964
4867.029265918576
4871.4044900965255
4861.095490818056
4874.753864856661
4867.261371208099
4857.8653828157885
4856.681047833359
4859.087151874969
4842.04003532845
4833.469282969172
4824.669395842522
4830.102634092467
4825.799499880179
4815.968327512308
4809.79654043588
4830.875201870942
4846.486760783804
4822.143304074636
4837.854077829964
4845.94127360868
4836.067866594758
4836.63230144897
4831.312021995574
4825.1343666863595
4822.613650496303
4828.241139121155
4819.697783873796
4828.285711943151
4819.8677850981785
4817.714373938441
4801.7416465290025
4814.801433158619
4816.906955162081
4803.669895357569
4798.537962158671
4799.953304336834
4799.033886944444
4815.815083033467
4825.245929927596
4831.961333551766
4842.656135232534
4836.125404782773
4823.654172911148
4821.365591907992
4815.916095763007
4798.662300307788
4788.2706133273205
4806.894254352392
4808.952008615196
4806.603923597407
4831.279124908147
4829.6181048440485
4836.7871907409535
4815.133710764294
4804.114309931348
4809.527288777125
4819.350649282681
4823.417435976091
4814.557382954277
4824.625409560157
4825.8159026683115
4836.405940001622
4851.642378600148
4850.182140845062
4837.638571230107
4838.145782635513
4839.620211011455
4831.502465821153
4832.280857906392
4825.1612583002025
4832.481943595874
4843.614878347995
4827.445850075157
4817.825625275078
4820.42615791671
4823.937550595135
4830.94663740034
4829.312786033463
4829.0684871450085
4820.669307411557
4800.107134902267
4796.108915392169
4800.8496915098585
4792.517201137127
4801.43342785616
4803.5123299028955
4806.894304194333
4792.7737054457875
4800.860098985596
4805.1178116122455
4806.579259848095
4816.579267660093
4837.772485588925
4825.586263963991
4800.452092822981
4789.55951198021
4784.795954594456
4783.20120970909
4784.163157052602
4795.682581092407
4802.057430911865
4809.212552269485
4820.4330192216785
4811.65193212276
4830.808641393569
4808.899262596855
4797.75807318736
4791.364112431649
4788.963478827416
4783.242772389029
4777.473258904503
4782.836822557764
4781.945383619235
4780.851680937941
4765.743376609704
4765.523718289851
4766.981786058986
4776.986581416537
4769.316966060231
4758.6651981684445
4749.010625385059
4743.058226197706
4756.859587141793
4753.624070416645
4747.0635461380225
4743.292601148966
4725.755248614831
4728.165179258991
4722.730554567395
4719.453521548514
4727.184428169713
4729.907924734204
4748.496556804857
4740.69326106765
4766.931462058221
4765.541843883746
4761.018288681405
4755.751196075398
4753.829015263841
4762.755468221168
4769.553291255433
4760.493656867064
4752.825680824353
4752.991852063295
4760.299105989341
4759.98759848635
4761.538752927798
4768.890981517736
4760.825036134509
4760.48401882781
4777.466210884121
4767.388432639631
4762.783333786671
4770.393924742895
4764.229268686475
4741.591835284617
4741.163243073301
4728.127403988098
4733.62018529962
4735.370749419549
4719.700048569963
4715.428136668818
4724.191377688769
4731.040534480538
4750.5213357136945
4745.114116590261
4753.79070827382
4751.660818206442
4751.448537487732
4732.202445711679
4739.467650789986
4722.7557646894475
4723.460292781283
4722.579431671134
4718.657930884547
4705.241079016448
4718.48217121083
4707.262352190148
4723.328633538504
4734.117766314101
4744.103381097346
4728.8305942809975
4729.6112378628395
4730.819424138015
4739.073483905666
4748.3322766998845
4736.880460467904
4733.134545470529
4743.579606392232
4742.796927699533
4754.158653457418
4748.373482061096
4739.52353473595
4731.487731628514
4719.1787533926845
4730.284263768732
4740.198609786195
4737.187857723355
4732.9459911049835
4745.114390360088
4768.268620440123
4752.9401028615985
4759.845328045099
4753.949633449924
4746.592330614651
4768.435375569155
4769.795940119355
4757.51934071751
4765.3528581413375
4776.161153256891
4768.9205521530375
4793.989954764098
4776.12677402926
4769.655185751433
4789.718070830793
4797.701780262258
4798.854486723678
4801.64410000494
4800.319596610054
4795.78021989527
4792.92465172863
4804.60882957286
4787.192808610631
4790.638307417359
4797.118460808666
4807.244113307479
4805.5084672290905
4804.611370481063
4805.774654179356
4814.017860212822
4810.640934986781
4815.108939541811
4827.051427181334
4830.136249618274
4844.550340186068
4834.967465004898
4823.112488009512
4810.938330168023
4810.364965698043
4818.644005363845
4827.131541534884
4840.3343187805485
4828.164074283228
4826.037865440756
4830.941541428335
4836.727642302006
4851.748615250853
4863.321538979222
4858.065431207501
4852.115922780387
4873.167114549482
4875.39048032304
4867.199974895679
4866.913141867712
4890.549056232376
4882.366535149189
4881.924216243307
4869.8122511802185
4877.124733131794
4883.04602849525
4885.863083790779
4887.247669774093
4888.6097933284045
4875.032409135938
4869.676978713167
4874.428869593438
4874.505098876682
4860.6401627873365
4857.9293985686445
4843.174227680104
4845.041368689696
4856.884467216076
4865.610702644141
4879.989708486601
4892.27417105267
4888.483376553731
4895.257177262461
4903.524977887722
4898.3792477474235
4923.97638816054
4936.152470486379
4932.914417137378
4926.130287581461
4936.449101293412
4946.551518628685
4941.15446107033
4922.710015905493
4917.442305382568
4916.4306188706305
4911.823080557076
4920.716938760276
4900.623899347478
4882.7747466116225
4892.065174095071
4889.221316949443
4890.892997308151
4895.727841303802
4909.400616203868
4887.772777031639
4913.701311030538
4918.450644979939
4904.44049649635
4931.898591916412
4936.8658196817005
4948.732810908488
4949.905870395637
4961.068607910535
4937.837993267409
4936.6261906579275
4934.06156200354
4935.899347865693
4958.055042784727
4971.231480810324
4961.628961849997
4960.801028127817
4963.691855101902
4963.161967353504
4958.883206708413
4961.931609699681
4955.959110895134
4973.831421282368
