13246.620277202861
13160.868459806965
13103.098926537314
13046.076223740165
12987.255620348593
12936.521704660809
12891.392706145198
12844.543606085252
12789.399103086134
12738.76944638582
12703.647419809331
12661.101224424203
12638.66639319425
12611.396363552478
12575.39506968456
12548.480440347634
12523.284343102427
12498.102502945381
12475.075197631058
12449.95296426868
12434.78878523053
12412.54090576234
12390.928066437384
12377.498936218264
12360.011011381132
12334.48484901421
12314.892399833723
12296.961928628432
12287.02119460475
12259.955649516305
12261.88804060772
12243.63316857928
12239.51198313496
12230.705571786108
12220.504343009405
12199.330052621866
12184.904191616904
12161.501463409706
12162.278923234453
12151.070194724387
12144.429581225719
12149.177215334235
12135.48179974343
12127.771688181576
12117.323417821257
12103.875152312863
12103.196499542584
12096.131979623591
12088.661388458495
12069.213926261746
12070.567573786364
12052.323964649382
12066.477004980616
12070.49153532823
12078.667826406432
12071.06412770879
12074.621743139625
12073.245283740236
12072.825170763008
12080.019976548589
12079.603544077772
12077.257288976441
12075.401145844977
12089.083758520705
12080.062197793697
12085.152808710103
12087.726156500205
12074.841747849918
12072.723953106506
12058.890464675918
12047.831222488707
12053.3669541858
12054.294581220463
12051.81210473732
12060.434187932558
12057.985053897753
12054.829139512147
12057.450313958214
12059.212562952553
12054.582258784925
12049.522667665718
12045.021712530386
12040.079711561091
12032.910451750427
12020.612525418204
12023.04603426474
12028.697132298144
12027.402430023772
12023.068244101118
12024.801158264436
12012.061052245564
12007.413526262622
12013.048660212356
12022.715579235082
12020.11377673889
12009.24517708732
12001.206683866081
12001.828719167195
12001.094715177907
12002.487937539387
12010.137857465616
12003.620813606576
12011.264871246014
12015.437886744534
12015.077819625221
12008.265548384428
12011.021212731379
11997.611833884992
12000.848141526978
12002.86762486886
11996.588460888022
12000.25281785172
11995.35055755479
11997.568471233273
12021.283832966561
12013.959360985415
12013.48167774023
12006.253519090744
11992.687763847523
11991.638503485503
12000.279257002558
12002.25112965169
12003.416474190548
12007.03095899964
11999.5338093836
12005.952481147837
11995.350874690088
12007.107659691363
12010.535160118568
12010.208904510753
12013.594040289496
12006.944633145502
12009.986166789442
12009.968894584037
12007.148084867858
12008.453293436207
11998.809131295937
12002.13835291561
12008.290311632418
12007.913749629119
12009.534109364706
12015.266440053772
12021.03805670847
12021.469169326587
12020.079784124038
12019.927646555587
12017.507259342201
12006.108943994575
12002.628898727438
11995.953215046386
12002.470838001227
12003.40012219984
12011.288212780008
12017.384039539182
12014.287259307515
12019.299732792373
12026.107151389624
12028.246085925311
12029.222154112611
12030.385667517094
12030.440381416382
12027.839531533005
12026.437500550215
12022.96709566768
12022.208456619936
12022.45203155265
12011.661256736763
12015.111453844118
12019.684490330721
12015.946450642161
12023.57293403192
12031.628682764105
12038.744927848024
12042.046915988525
12050.957534586267
12047.75689189074
12048.228421063819
12044.939395144687
12038.294877532418
12037.925006368001
12025.959267904727
12024.446434773126
12023.12440896023
12033.95215862892
12018.928684742774
12021.357158040202
12011.218778933246
12012.98548804925
12009.28752656685
12015.448503036368
12017.847979471935
12028.701660193172
12018.69030729445
12021.759489269776
12020.540870117225
12024.035408636522
12019.08871688705
12023.340993772763
12030.79792042348
12028.586179978303
12016.48270680937
12018.266165277768
12020.068347031302
12031.479359527975
12023.35531842184
12027.763398449686
12035.651726933213
12033.686802432925
12026.787901765034
12028.920888043414
12031.6546154076
12047.23129089558
12050.266104859042
12056.253642212374
12041.589056169245
12041.973023512743
12056.499567258146
12035.678837745607
12043.835903693636
12036.839952821996
12036.364761435327
12045.05913259214
12052.95728140024
12049.498485433534
12055.146109579311
12051.585966135819
12042.105250967717
12043.668241941275
12050.691752493869
12049.597294148894
12055.682213536438
12063.93156765665
12075.033413736684
12073.778098604682
12061.793694352044
12046.300298901826
12040.130410415157
12038.348901549834
12052.832625059324
12051.045767612399
12058.991945609367
12057.30234417534
12062.53077812853
12056.914008324546
12047.756576404649
12046.831061665793
12045.580780341486
12043.96123127612
12037.595319192438
12036.358966237613
12032.325751010801
12036.923378017027
12027.822729862914
12032.556807798728
12022.95856096497
12024.971979521371
12035.194371238624
12033.596877530636
12034.767842141395
12032.105234987024
12040.076629570944
12035.832122325774
12036.267623010714
12034.8264947504
12043.280785628664
12030.746499424873
12026.404976439611
12035.099342864083
12022.373131040435
12017.095089566916
12024.434215661066
12026.557065009325
12020.461137845306
12017.58803284979
12005.72980625762
12014.057204028612
11997.995050269556
11992.408392637673
11990.595040775557
11988.384643664045
11984.968786270338
11987.78769556628
11982.956744305111
11985.250148440751
12008.806776734042
12005.935101644682
12013.960698295323
12015.12186067643
12011.224829733217
12011.16345072541
12010.05439980159
12016.035051004717
12024.623018617649
12020.025015948055
12015.11900501612
12017.074840232086
12014.444473161995
11998.723405286972
12008.46010860895
12010.654381874887
12007.437409288406
12000.995657192107
12008.533815848306
12015.854610623164
12014.487099144853
11997.022626770828
11997.13856687476
11987.53076106909
11992.172046140136
12001.251473966859
12008.960385032247
12001.05160024557
12008.232222608654
12012.02601080173
12000.91757703638
11996.926975343194
11990.484859347283
11989.863706940681
11995.189173448776
12004.970237110014
12017.433487119772
11998.453288447476
11995.444208195011
11999.769180151969
11999.553081317094
11992.509239475346
11982.895527738177
11979.718216560475
11973.949723418125
11970.109873972917
11969.450351100495
11971.00537109896
11973.454194044625
11966.010174566534
11978.06927022848
11980.086508291713
11995.13663849005
11995.26075450752
11998.066965714106
12001.244943995473
11998.394381994043
11998.609907025917
11988.633120141665
11990.02001396228
11987.298651046229
11990.58196743689
11996.585068808392
11991.3487569766
11985.18442883132
11990.266894456478
11978.590580862925
11977.0515317612
11975.714059370432
11979.382308670563
11975.103292443862
11970.410903767497
11976.919884437348
11990.005829781398
11990.98335747805
11996.130793525666
11992.580138481739
11993.67617214009
11981.543064869988
11990.023838598714
11997.517567221554
11997.07648177729
11994.46896871776
11990.619175334574
11995.496772450437
11993.898397289575
12001.43916600656
12001.9173073557
11981.82297237114
11988.779555630405
11990.963157777318
11995.545840241251
11993.297033270037
11989.45410043703
11996.243219826632
12003.00890126724
12002.421782051615
11996.110995821224
11997.027657611492
12001.94764711026
12010.54824768955
12013.85835303974
12022.335582366471
12021.472206824605
12022.352946782506
12016.216919110779
12017.876550610014
12025.421124784187
12026.154303677537
12028.019953676034
12028.103481743543
12028.663918979046
12029.440837811797
12027.35789142708
12011.62483265993
12017.667700146823
12017.91655645948
12013.419732601284
12026.596602741914
12015.322777226163
12008.759373756968
12009.341808534435
12008.547510769926
12012.202451737718
12005.606207099556
12008.973849586317
12015.14130067775
12012.173103994213
12009.955094894518
12005.575675708591
11998.539970455324
11996.070105536353
11995.839792729726
12002.725876402597
12003.161900920055
12004.2749903707
12006.776761539895
12005.056334986268
12013.109305336426
11999.737130840986
12001.638036544997
12011.533763316434
12017.254170267253
12020.450430995688
12026.455181033418
12029.030375405993
12031.49681228423
12031.127207743848
12037.141113732734
12026.127531151691
12031.619078098709
12031.634357090177
12027.75358690582
12029.914192016255
12032.628865142511
12022.34617165036
12028.204456116242
12022.359909605017
12026.70389628553
12034.449999348766
12035.158393929421
12029.282189987263
12030.565899027568
12029.03580839924
12026.928164626957
12024.780955801889
12019.072558636697
12009.031805271577
12002.85400260977
12003.655356397925
12003.432383982488
12018.20727263151
12002.232968572156
12008.394241416645
12013.27426634792
12025.289133721231
12023.375785523447
12024.814816074033
12027.034675268122
12022.261553782218
12007.938443202545
12010.447141895776
11998.252508990186
12001.75339135599
11995.287145205548
12008.655848456197
12004.718537125049
12008.59206724427
12006.399002778404
12017.533800325866
12016.612897903167
12022.71088848681
12009.131728433236
12019.447011136213
12017.389085017534
12011.292169603834
12007.80699244357
12004.080065498862
12001.510474778446
12005.320292725364
12016.674984365256
12010.903654530028
12008.33473777939
12013.5959362307
12019.09442387
12028.601820507953
12022.907337841756
12028.628343189035
12017.61372786079
12010.992942544006
12010.563455674222
12006.11077900252
12001.671787155126
12015.309581474492
12014.075976249778
12013.850689895748
12017.074520337612
12018.493817468148
12012.427861137057
12013.689317486767
12008.263719030158
12010.741943509747
12022.244011274912
12024.359885953334
12025.753861799523
12012.091135170089
12019.544728798304
12017.568490837708
12026.721657274034
12033.5237563494
12029.762548351191
12024.742698549166
12022.836208380388
12020.348340325916
12021.719258247573
12029.725060322613
12032.44716913698
12049.136075125334
12047.436994226124
12046.406811660412
12038.870633467635
12046.785051228402
12043.956142141258
12034.246653504226
12033.795232250784
12026.606005744095
12015.894481223571
12009.051665010968
12006.329068880845
12012.12869248556
12013.266105401039
12013.036206017945
12009.524657545426
12002.343614328924
12000.819742838925
11998.829411333529
12003.56369767731
11999.90308158697
12010.656604768905
12010.739542759591
12010.983779152233
12012.433214344728
12028.299549799267
12035.953390732422
12042.05156045342
12030.06780884193
12015.303735082569
12020.136566474812
12018.89183837283
12020.198455413341
12010.98250723572
12017.935767365998
12019.95934655175
12022.744887449997
12021.068769129457
12018.906461648767
12015.444238567161
12021.218917613722
12031.840292113138
12028.209627167089
12026.065940059998
12018.494624149545
12021.040610356653
12012.890518964856
12015.726231995413
12012.229574672318
12008.177825382772
12006.221789563191
12006.982501972641
12007.900984416154
12006.308080256036
11999.429852169971
11993.593406592736
11986.549289126851
11986.552502284081
11994.308489077412
11997.562184344577
11996.489411677601
11986.758178375063
11981.185887744514
11993.002123947088
11991.820880051144
11994.097664143752
11993.906379229356
11991.208525801798
11988.430319198404
11982.89232294272
11986.867674373225
11981.531006192708
11989.528960011816
11987.498791760521
11978.68520977965
11984.114431263608
11991.850849326267
11998.675746986726
11993.130600728451
11988.457563213185
11980.390406334533
11986.536479363152
11987.282486060143
11996.617765601372
12004.095988028555
12002.090145191258
12007.941110042382
12001.250080971755
12001.91091634033
12011.859950810835
12003.626080516431
11991.81518813871
11985.625772264737
11978.00774209218
11988.300448196114
11997.59231694531
12002.710152821823
12004.283892338299
12007.105887715526
12002.226170065234
11994.78943954519
11993.759533458198
12005.316039094254
12002.532347927438
12014.092723435086
12006.237053073684
11992.469672593164
11987.366753193051
11993.053769446587
11987.464706579274
11989.47271192553
11981.485841565347
11984.239010355814
11983.208611397986
11977.709772505055
11976.965473980468
11982.09317316963
11982.62773154012
11988.534637667282
11992.128214506996
12003.779423989283
12008.708932739339
12009.647512520967
12010.160073991636
12001.448734570726
11995.496285629497
11987.880110449965
11989.36163186082
11980.981062413768
11993.522224530472
11990.388807120846
11988.61800264652
11991.131920707276
11997.853616387514
11995.044690224586
11984.055483142232
11975.120102763543
11964.69814340959
11972.660973689564
11976.2245788357
11981.12101150666
11982.795239531792
11987.346910432629
11983.056501145038
11978.486892370867
11981.974962413526
11986.551959175673
11988.102484167875
11989.664211080668
11983.725373957957
11995.226962956727
11986.379271110407
11998.533185300024
11998.40786191108
11998.130085402601
11990.423477441145
11994.52759493856
12002.635806895481
12000.864100440687
11993.489815176099
12001.84464478058
11996.049677047165
11986.371131771199
11993.98046967185
11984.711011636864
11980.408348122575
11987.61852989221
11965.621134446139
11965.437618377762
11969.848699246022
11969.633062004224
11971.75240788081
11976.875367353008
11966.493588794143
11969.982109139903
11962.140911076713
11961.167862484468
11971.54429341716
11971.564047004886
11967.544743307066
11977.395418442433
11978.601637532334
11981.297468309152
11971.117901623616
11987.106184696824
12000.877206246141
11989.441904089068
11986.194945563067
11979.831348437649
11984.528089734633
11989.513332403305
11995.290169834934
11988.66982489411
11982.656369102839
11985.793512559765
11985.491505596798
11982.696346225908
11985.663474031397
11984.97212085417
11979.608793560545
11982.17111660917
11979.060316203468
11970.044287943081
11965.77655144707
11967.544585091877
11958.523463795005
11944.363260684973
11956.988698254252
11961.838205012798
11958.983413878537
11967.05404855267
11972.874118412212
11962.881077524902
11959.575084847289
11968.608128333715
11960.301766445336
11968.733044176675
11979.193092742556
11984.520791338022
11985.464396220947
11980.184050465925
11984.615179973069
11985.924043251352
11978.097785303897
11980.232119015503
11978.83121972639
11986.497353812187
11989.141398869528
11988.47425290013
11991.033413277177
11998.972112571377
12005.219985253318
12008.876895495507
12009.496741097319
12011.36628435462
12009.863374521126
12019.350092109384
12025.667105858169
12026.005991786802
12019.358492163079
12015.273548976289
12018.326044548536
12015.504576021105
12012.048761552858
12018.5206959727
12011.387767258617
12006.23297932509
12008.05332582983
12006.022334913408
12004.25666972191
12004.892037392441
12005.015976263134
12011.793161523801
12000.67445611041
12009.673489549325
12006.62691274246
12005.574030953978
12012.793742188409
12010.72391725126
12009.171598606954
12011.223628638878
12008.869663563015
12009.632873342453
11995.87585325754
11998.292591865309
12001.250172154214
11998.793509599478
12008.834280213523
12013.285909934604
12013.409482795108
12010.213022688027
12003.906756681265
12006.217525074188
12003.980886653633
12008.627176723567
12008.418088679775
12012.338688066302
12006.29476960137
12006.074159117143
12007.238320073335
12005.987277729746
11997.204596877054
11994.013792000134
11998.015444840701
12000.715764890638
11988.97192763133
11992.556744356518
11980.538805684402
11987.44286468776
11977.669448060275
11983.365483373978
11986.56629445131
11986.10784993763
11990.14015935651
11990.791651173222
11991.559826570463
11988.25381002514
11990.994283928343
11996.246995041549
11998.028230817228
12015.040722877238
12005.21506123095
12014.889461248233
12017.629761314398
12018.798075144723
12013.02327707935
12010.749975324245
12007.21548913627
12007.212327678837
12007.23881732291
12016.890642690636
12009.778631115281
12009.729622962303
12012.623064515952
12013.233966723967
12014.867754187344
12023.011257172602
12015.843232965632
12029.634224077276
12023.786498053449
12025.188591944016
12015.714962620606
12013.355598154116
12013.50164413023
12015.648518722832
12015.080503119523
12014.9462488229
12010.942479095027
12004.684773999481
12006.969407874612
12013.610461266086
12002.087316495054
12002.133908583108
12010.606872505428
12010.397817015357
12005.156892687659
12003.750671180624
12002.251257400108
11998.231219323858
11996.358081058212
11998.72828879891
12002.068132162116
12002.53951713989
12001.156405333804
12003.614118622958
12016.086349763216
12021.22588416198
12024.72541826626
12013.773485413862
12014.237153091679
12014.327531084584
12022.63722711978
12016.394236103428
12017.116798040472
12016.456150205335
12016.753603979694
12022.759702726456
12016.85038130024
12019.697483530408
12018.487430817542
12008.983990860432
12000.298114185505
12001.241019447845
12003.840025296924
12015.335252405475
12017.084627039712
12017.586557977298
12009.290329803116
12013.06026796922
12019.640732099986
12023.986143871469
12018.565080472265
12013.499717566188
12013.379862467158
12006.269238133547
12003.255266068736
12006.936168488222
12008.477301357369
12017.492094847645
12008.485241800227
12014.857688375187
12018.241793192668
12022.87169958094
12020.070174660852
12018.46744905433
12011.145112508508
12006.64912597584
11995.466054701868
12006.883365038031
12009.250379852283
12005.029424843286
12003.232737398419
11996.30892962759
11993.006920084532
12002.89433307285
12004.220140204645
11994.217254640873
11984.524384824032
11984.606212894694
11993.340079264512
11988.823767834225
11981.25272676886
11984.936996105658
11985.463711236016
11986.530601043238
11984.510770700217
11981.74693831371
11984.523205454643
11974.820771552586
11990.038278973712
11985.674225936029
11990.53281780102
12000.293304172697
12000.729656875654
12013.08202378669
12019.261897046792
12022.420654375564
12021.454236789403
12026.07852393009
12032.140973272228
12041.625758144442
12032.97144855708
12035.952367340322
12025.220768689642
12018.845514330957
12022.715414678034
12032.576674943854
12037.347688292484
12031.937743582399
12025.245761776501
12025.06471992915
12029.258852170897
12033.149261882614
12029.707126184154
12030.149128819807
12036.42689043926
12045.651043053344
12040.353683787594
12031.047748687914
12032.106258531909
12036.264363645307
12037.021177471872
12031.293489688938
12026.751466184382
12032.387699232615
12035.895520666778
12054.07451010191
12053.152278830245
12056.090652106563
12066.377871793145
12072.646784784245
12057.63599011535
12047.773644550183
12033.458452522325
12034.860188280309
12043.435140617315
12051.132568703399
12048.542130791837
12044.81809142788
12043.316568723472
12051.048885777138
12052.39329581368
12052.145764377796
12045.948288570602
12045.495015175073
12050.804094117437
12062.477571432228
12048.541179585696
12039.677025989127
12028.921581806419
12031.756521527286
12032.7547842946
12029.978979653435
12023.353635478517
12030.065969743668
12037.002324628304
12040.174846932998
12032.35295534153
12023.281377662053
12023.911609447694
12008.546681470474
12007.216227313173
12007.491927580984
12014.86646596574
12027.560296850093
12027.902252417196
12024.777578712201
12028.756735042733
12030.946070250244
12026.965283100806
12030.5523673964
12023.695892785834
12015.26159913444
12009.20213121895
12000.477981262764
12014.264561317725
12017.867756759499
12022.190969963507
12020.975622946346
12012.012922710092
12007.178583030949
12008.82057546625
12006.33718618012
12008.371753062047
12003.057482226526
12010.383311778189
12025.054331811545
12020.611581352792
12030.505352346197
12031.955651600667
12025.163539433743
12024.392192006399
12044.357121449706
12046.154638980406
12049.264694143558
12046.065333206752
12035.892288582223
12035.681766519443
12040.867281980192
12035.569783883995
12039.019869217787
12028.159565570602
12030.853898315792
12041.809157599317
12041.427080549644
12036.512395942998
12036.053419877313
12037.588989259566
12017.466653511201
12018.19281660033
12017.420519170646
12019.81121868303
12023.51661537904
12015.200190812642
12005.57325687043
12017.82898707774
12013.301396768036
12031.468404706255
12025.35374049655
12018.751067110592
12030.602696187332
12012.508835422559
12009.499733016695
12011.392803557103
12011.471179252421
12012.930692803659
12013.79893196699
12006.244471320337
12003.450032103825
12002.502208556903
11999.8392096269
12006.05665287106
12016.911161076408
12022.066859517821
12021.549019426298
12011.204089493305
12002.343158808955
12010.078978146086
12009.797430062383
12003.212880389525
11994.531379992
11992.18590937279
11993.858245373212
12003.332334852115
11997.334889326485
12002.752834531064
11997.671571881925
11999.179855770906
12009.39669628846
12000.38771555906
11995.82022621974
11994.902103045912
11996.965633569507
11998.199113348644
12001.124578580047
12003.906686174934
12011.839461480666
12015.761644416749
12010.360475235415
12008.55627511135
12011.391003935803
12010.435990041095
12010.309972572893
12009.33843957992
12001.054309251243
11997.063370021955
11998.46666659179
12004.386476522734
12003.698826104497
11992.923740308119
12008.207936871584
12007.270329358244
11999.033857581704
11993.165422899108
11993.627348129685
12000.915984414529
12003.496369198725
12004.247737861428
12002.913665369048
12009.608991328118
12007.239022401005
12004.879358343254
12006.038554762508
12010.588048167734
12007.935343392855
12007.232290961405
11994.982058368769
11998.698782019948
11999.689373394569
11994.590002198323
11999.173425814688
11999.01732727075
12006.18392160038
12006.139133946977
12006.747641270425
12013.127901753865
12008.877345624063
12012.769494492564
12016.925764125033
12020.576953274936
12016.088908915546
12006.89750092381
12014.231594701763
12018.077352072083
12017.20574704768
12017.046652506117
12014.459792495638
12014.999578373743
12018.201226067122
12012.73530538374
11999.229458846306
12005.061375450017
12016.27425734912
12014.995098142746
12006.137462145358
11997.910165355526
12002.255885880702
12003.65865329249
12012.89715784703
12017.919832848673
12009.458393494995
12015.201426777525
12009.491803818964
12012.208613125986
12019.24635473391
12026.92057634132
12026.092919811184
12030.946498512087
12031.517336391038
12026.000904992437
12011.871972170413
12002.897245421505
12005.481967218928
12011.762389579002
11996.183893215291
11999.858449362353
12009.46999489566
12002.034063178824
11994.094284277966
11987.630270960166
11983.153588410705
11979.121909356756
11975.936300699283
11982.459627730172
11981.907697811479
11994.889738205842
12008.575468338442
11995.594860471003
12009.310323735965
12000.274049714919
11997.245751985018
12005.763700028216
12004.72161469993
12001.439741871687
11995.506783574641
11984.870914883684
11984.386321257029
11988.892020339048
11989.625082414992
11998.200358272683
12001.542400684153
11984.514705920577
11996.210680876062
12001.163956909822
11992.125134043972
11998.406663649588
12001.08875204609
11996.186597085214
11993.204645705515
11993.87925129322
11994.342029598698
11982.711060808479
11983.382054504607
11984.044989399757
11984.30157263728
12005.876065060918
12016.01080272155
12028.157660716355
12024.188471078165
12020.330022906031
12025.514388290772
12018.794479045433
12011.597667444872
12014.44006852277
12015.969646632067
12020.822380034657
12012.69212263092
12013.372337511848
12008.52412231017
12002.089739995881
11994.252908036897
11997.310270561089
11993.848686470417
11998.228635571288
12005.509648417654
12007.475953547046
12008.8502584923
12005.499416820452
12003.593586298959
12007.763433208322
11997.446888089438
12002.26272449618
12007.210486867334
12006.65216256677
12013.394991596935
12002.844452133293
12002.870080241666
12011.73852911804
12012.436292031565
12008.367973853075
12008.283996517117
12005.900611781624
12013.15588515862
12003.044884491486
12000.316815497852
11988.91762448835
11981.590573684114
12002.945723398432
11996.954424533269
12005.765194537136
11999.432398018016
12006.634280736831
12000.650924338752
12006.220018660908
12001.86086992916
12008.805925691602
11997.39546342467
12003.303917000514
11994.122702904215
11999.62098043595
12002.387965265723
11995.234729648462
11999.716956909724
12001.77078808517
12012.033226748566
12001.389065985386
12001.439218797663
11999.83791503431
12001.74797298124
12006.302221264814
12021.912551425106
12008.802780816579
12012.791976477041
12020.181587033214
12019.018993693808
12019.153281429044
12016.765994367455
12012.987595838542
12028.503823011672
12018.85543815139
12029.930851199053
12022.007727102726
12027.603563022596
12020.868442068331
12018.906914905496
12007.64751426007
12002.941298739916
11994.138212310161
11996.799190215706
12000.897204050085
12005.063126985837
12003.866110914805
11997.729820103426
11999.884910633347
11996.136353578684
11997.781590519935
11990.548599189693
12002.26181393464
12005.765044346244
12009.747172419939
12004.97400342007
11998.355952313348
12009.760571526633
12008.131850168558
12005.202024297225
12012.174328071353
12008.665491022934
12006.980024772203
12013.297868487874
12016.966122475951
12014.218300136692
12023.217807444023
12013.93796204259
12017.749748205657
12009.526680709705
11995.528972215485
12008.707515213418
12011.497672919832
12010.711021281804
12025.081625079172
12013.308122478546
12011.975871718867
12007.836135021344
12006.488022739963
12006.98156176434
12001.194708890227
11992.822705317383
11995.172125447107
11993.919776456434
12000.217777985317
12002.668114181328
11995.79769898572
11996.106594954905
11984.37477224575
11985.491330976058
11988.805729341191
12001.65595177478
12000.99859389969
12007.863021925576
11998.009158605504
12002.574881434946
12000.420890575058
11998.996864731107
11995.69165638622
11989.03884771428
11987.493108634177
11975.728784343648
11973.811110009397
11957.66525842325
11960.399355533707
11967.831724751919
11977.536130879897
11989.243745366175
11985.836406689355
11998.973230978241
11998.35059756432
11991.798017300938
11988.478238334654
11992.331375498692
11994.838491559372
11988.826919560932
11989.669949761204
11979.060886170751
11981.46989449947
11966.584895754731
11969.877424123386
11975.164442289359
11980.47384603523
11986.64509408302
12000.275308588267
12003.668425509524
12016.002256323198
12007.653123630113
12005.720357889166
12005.969561469385
12005.065847137375
12010.426309506014
12009.620030974584
12006.360514913995
12002.022456686513
12016.030248678167
12020.032681159188
12020.499083549052
12022.496677432788
12019.850009912041
12019.608445621647
12029.386874133676
12030.90592658717
12035.290677045727
12041.857157252118
12038.24727961687
12037.989870947651
12039.150426087617
12032.842831578948
12029.68044393164
12034.789627061746
12034.804647508838
12038.1044300543
12049.911227290655
12053.808854159388
12052.154192581222
12046.189646305173
12036.861855344454
12042.194795741008
12039.34803537666
12035.415317674477
12025.372882163516
12015.846705000367
12019.410363944942
12020.547273261776
12026.924808921209
12023.362208906925
12027.619145350443
12031.492737581902
12039.199351883355
12048.4047241935
12042.26973775911
12044.452553956937
12043.076892673764
12040.185906852028
12039.85562832279
12030.79731250134
12030.573521697268
12028.739090770474
12024.83197279933
12025.999779373464
12024.5215711911
12023.153847553327
12033.055113469167
12019.144475498502
12002.683073824648
12002.740486208797
12004.748893619335
11999.579672502823
11997.162132234262
11989.851951245873
11976.220393935038
11991.05372957269
11986.760317482771
11990.48599953139
11999.71908108225
11999.950781126252
12005.018464743194
12000.746719509301
12005.116926842731
12011.380621000419
12030.380722572558
12017.9077205982
12013.600845542493
12025.02416553504
12019.453926003938
12019.807434630886
12023.715054317498
12021.702640912172
12015.8272754099
12020.48245724914
12018.636101141126
12009.485230980968
12010.027927476134
12005.390009207187
12004.16391821654
12004.585027652833
12019.359519003894
12022.381281869657
12015.721370162111
12010.830275882801
12021.519147610445
12035.08615623825
12043.27517295875
12046.318486507798
12044.135472488675
12038.617912161473
12037.264334595493
12039.705389663672
12045.365502684657
12045.05105276827
12030.575394978496
12026.843422526534
12026.243897007156
12019.860023491496
12020.144388286924
12022.873534783907
12017.080750135488
12017.918400218532
12009.81074180267
12001.562099803392
12017.044038962114
12014.490422699186
12007.451085591118
12001.154972829678
12005.850421685518
12009.157603843267
12012.479874357972
12020.584303545962
12027.612038828134
12026.352447724634
12018.082415233004
12029.288221608498
12036.53646136594
12045.877541617892
12049.610311557331
12055.645619609046
12068.24449830663
12062.393765329849
12051.79118739381
12055.866694087235
12052.0413751218
12054.428412384692
12055.674616545304
12042.160387049727
12047.833752008493
12046.273785106996
12040.13932914045
12028.873756783065
12031.81142557357
12024.40055016434
12012.501073080879
12005.047944781363
12013.135370742015
12015.470907252338
12013.993542864522
12017.103690594104
12019.209834392313
12031.002169003457
12029.963826991025
12027.837972006713
12037.55215215542
12020.353433145625
12010.414250080014
11999.602001122023
12005.809900708282
12009.926590350478
12016.055260694447
12013.103378866233
12018.616142834866
12020.491160022266
12014.530586056424
12020.265760217299
12023.391338812926
12027.254011542607
12032.130482114972
12031.366497557296
12043.386668595216
12041.61436222667
12052.07957266284
12059.491749507408
12069.348308793506
12054.767106203166
12058.283044436193
12052.304106312196
12045.117985956558
12045.907790938623
12049.763798884642
12058.679922711633
12063.148713849343
12047.986815788017
12053.148834471243
12052.152113154483
12044.611381519968
12048.032566537873
12050.6605814299
12062.177423381432
12071.152507579563
12080.151291892631
12078.059920201267
12084.090488041804
12082.599646707875
12082.678543709142
12076.72249416782
12077.583103250872
12074.339947855482
12063.901148070388
12060.355579371793
12063.538495045736
12059.816316190758
12048.34766490167
12039.570427877512
12038.107607234957
12038.432580819253
12031.610890713484
12022.693468371031
12026.616318461049
12028.535908619566
12030.331016643324
12031.137263444914
12030.427628309968
12029.939365445849
12032.05297483836
12028.356981148565
12013.305921571799
11996.77426108305
12010.868846458301
12007.63515883937
12006.698778345819
12003.45528614912
12007.486614248499
12011.661698794145
12012.724752409425
12015.527210240336
12011.911696566956
12021.622825839026
12023.514578235696
12039.343744415375
12032.05709318735
12039.596819370161
12047.534506473005
12061.6744321615
12059.41615398542
12051.88077170421
12041.423090871813
12043.344187627736
12051.365459668821
12057.119441116523
12051.638421313357
12057.387687493627
12059.624344497004
12045.142714386833
12048.770314591404
12057.488652560292
12057.115420272803
12051.753594765136
12044.150926961753
12036.856920808325
12037.191952820427
12033.063951878623
12040.457902922448
12037.09120225273
12035.249180846584
12025.494768417599
12021.977530020955
12026.461361921876
12030.337071788417
12035.790589917251
12030.313706997884
12021.267559848286
12020.061366202119
12014.481012460434
12025.265335898377
12023.204159036326
12023.188451652557
12017.9670812891
12011.884961655764
11998.801601515552
11996.438585845344
11995.394524138275
12004.202760436987
12003.616619140012
12011.793689396114
12020.933588627144
12030.500949803149
12028.32453179335
12020.451620782958
12022.183240689788
12019.628947213409
12031.64196774759
12029.201459255539
12039.141480614508
12035.870189202691
12033.357745184969
12026.302613688778
12032.576069410978
12028.341964997697
12028.7622326557
12045.940746864984
12039.44420871196
12041.391333009282
12022.241628050955
12029.26417736203
12026.640506801134
12021.485810983173
12024.695248108013
12034.287035178386
12047.512402139488
12048.03194810405
12043.766460365354
12045.499345200788
12050.473902007652
12041.25257390094
12044.354286350846
12035.613217304975
12034.572059143737
12034.512275708565
12026.908572928513
12025.245560551875
12020.881711507202
12027.5545893919
12040.67186467033
12038.213228805344
12039.589321538926
12032.000744211047
12028.014435837866
12017.024238772014
12026.300879028022
12032.208267598782
12028.665859768504
12018.468991089754
12024.271281365345
12009.312679229199
12016.380317466015
12011.35208137469
12012.257551787647
12018.567944481088
12010.60322191183
12000.484633055934
11999.938160998267
11995.594950740975
12011.089867097888
12014.169514306494
12028.349499528116
12033.35783497513
12023.903455111675
12019.402388901177
12016.95739749182
12027.103296711546
12034.74153988031
12025.239586028296
12007.001745905432
12001.793559025242
12000.339060312304
11996.522806162251
11997.40974499671
11992.507049254087
11985.764348589317
11990.111226886984
12001.465676053402
12001.85548121411
12004.981608292412
12019.084158184072
12018.25286540796
12016.454298756662
12010.165630079706
12020.112969128106
12018.101244368347
12018.72866549263
12016.012984151697
12016.522732071564
12009.459954023803
12010.553343568485
12023.034752065363
12014.684190032074
12012.677297524704
12001.70042296753
11994.127850289446
12005.488228816219
12017.349297594874
12029.069001564334
12007.696269000735
12012.699729569236
12012.199659637377
12017.246842760014
12011.78303832611
12004.761015257827
12009.955242669144
12018.277513392153
12013.035939698902
12008.017476598096
12005.11479393259
12004.791363887562
12010.415915915597
12012.79755818386
12006.855275506132
11995.871052231098
12000.902350170032
11999.670349153388
12003.70525213654
11989.016427105398
11987.404797340383
11984.29004629558
11998.856474620694
11999.143317529724
11996.8961192149
12000.561278403948
12009.463716902064
12005.840853775031
12006.098205541752
12005.032942743232
11995.583777834321
11993.626617865964
11991.965206901394
11991.861074412249
11983.571455890422
11977.847353266325
11968.580043840597
11972.416720029092
11967.590290505685
11959.1528844075
11958.860360117258
11956.882542127196
11952.122681591576
11959.479284872843
11955.296424218519
11962.791654711844
11960.179119001987
11953.428555467743
11945.360745730351
11948.746574499268
11962.222597474627
11968.0678985462
11965.15300159417
11966.398923714507
11961.361251460929
11987.267846647772
11998.932546566735
11987.0938577452
11989.53209015914
11978.43556568903
11977.263690577987
11972.4366159328
11980.330516911537
11990.453236345395
11992.307268765973
11993.40305425794
11998.859435793074
11992.214129003303
11991.368708708178
11988.522647311253
11991.251142379737
11999.283005844612
11997.591198311991
11991.093767986444
11994.601950456658
11983.90087877702
11993.38122262373
11986.503399459985
11979.34457684535
11980.762429730768
11991.915017570627
11992.083983926303
11996.648178708718
12004.455701856888
11999.03662322338
11997.322221731109
11995.116537359876
11983.39603860742
11981.250242016004
11988.692181337246
11987.009830107254
11990.694837771971
11994.080499454363
11998.46600953189
11986.980606653466
11987.04421634602
11993.728889486403
11995.26122308429
11997.321299854797
11994.955653947636
11998.59357193247
12004.922541130374
11995.587972381429
11989.542105540648
12002.128123386408
12011.128011128603
12013.948462449538
12020.841856434348
12023.953350340606
12029.11234712652
12033.601246932692
12035.532653245951
12031.268320601595
12015.161010958327
12018.513485329784
12023.818003190183
12014.880041764149
12014.185898658583
12007.472268757558
12004.302385475572
12003.89261320332
12012.222557359019
12012.941418940416
12021.610030352444
12020.518399410743
12023.095083748243
12035.619916809737
12028.014136067923
12032.8695780264
12024.184580856197
12030.649820681925
12024.431320459471
12009.631909287255
12007.38999736591
12003.03139732752
12006.290026396779
12001.741926739192
12002.172499895498
11996.665339757406
11992.214966588668
11980.109628544309
11982.485365455288
11974.90924519302
11973.763206554122
11971.562957379123
11980.435407790941
11994.843645909923
12004.991247833477
11989.121668754338
12010.404800623599
11989.70430166665
11989.029113136192
11990.279605709686
11981.220336187092
11994.12223773705
11994.68140829046
12005.767978760598
11998.682422161562
12015.012284647273
12022.482477885504
12015.849014607284
12010.186724942927
12002.763923301449
11994.647175973249
11995.683284902774
12004.94395402042
12011.815816027214
12004.84116244419
12005.777395809433
12000.747340969843
11988.319206650971
11985.874231803218
11978.457434081056
11971.26080640473
11980.598031674508
11978.011562249954
11988.54168756969
11997.442001278443
11992.320273549874
11991.468876078674
11999.13630231746
12007.269288722266
12011.460903542116
12018.34593135914
12025.934331679251
12016.200625727499
12014.06765439003
12014.54332911074
12009.615920420129
12009.444156994623
12014.483172304368
12010.040785367826
12005.668803675344
12013.398824914937
12022.674463552525
12037.450236307792
12042.999768630441
12033.56893902798
12037.202606233759
12025.263055287545
12018.535653607385
12032.289329125726
12039.944119981525
12027.9778037186
12036.327299540504
12044.377317416325
12043.593961762683
12049.759069793137
12055.042744305982
12050.901362712699
12059.589600055971
12065.748663702863
12044.0944681874
12028.411063148724
12021.551744460972
12007.709924494005
12013.528180444393
12005.17145722203
12005.958585982458
12006.407789244362
11997.015413893536
12004.506399004937
12009.466695490792
11998.866459286335
12001.99817490322
12006.390544425542
12001.35180765513
12001.504947523135
12012.029069437005
12019.204926632221
12014.785937004293
12007.72894327939
12004.201085493722
12001.31876832082
12004.406503304692
11999.659409173491
12004.23760217159
12004.650865345604
12011.057872108537
12016.578001994476
12016.414360165138
12011.676281217507
12018.175035809956
12013.918713928506
12015.04399999486
12018.305883774225
12019.221362580587
12017.236256798158
12005.35276720802
12004.378196708443
11995.273644256351
11988.128366243807
11996.938030407482
11995.653806343516
12007.673786678795
12009.034768791975
12006.159035271296
12013.36318566667
12016.68347535248
12007.365681308816
12010.729437466796
12011.437278951713
12004.14143089203
11998.467694822375
12011.004179583779
12011.34557702678
12013.556645722314
12022.186844047608
12013.202166173873
12010.920067051631
12016.566574945864
12017.004417821267
12018.041260946022
12016.634400383507
12007.366557662905
12001.077507506325
12007.131187084546
12003.35834403809
11993.862330862308
11981.71128051795
11983.446845799732
11995.810898386178
11998.92432410933
11990.017383215702
11980.997465423528
11985.370089635606
11986.71522998767
11987.830350367258
11986.48289154547
11984.249988520123
11981.616047118714
11976.54704142624
11978.589645322832
11979.2323155152
11987.315239738024
11978.614912346184
11974.009176505246
11975.838212408096
11985.607540613428
11984.57827661884
11984.754333908324
11982.08469101517
11988.43745510848
11989.921499885673
11994.037515107773
11981.618426262105
11982.434044503469
11995.503090282273
11997.412934614
12000.017095635867
11998.4164334964
12006.516389682167
12014.26767239732
12016.785483322623
12016.509710224844
12007.700196944494
12006.27546720547
12000.340322729695
11998.402841903582
12008.080472080846
12015.89779557687
12018.397654489298
12007.79152253561
12015.320971174391
12005.926094553084
11999.104481055152
11992.284183981375
11997.778110569714
12002.270569683862
12013.13743557976
12001.565964813548
12006.234886716287
12003.4513146246
11993.860662363504
11983.49849758704
11983.71774989291
11983.775294942538
11984.402139490046
11984.48730620297
11987.258896307443
11992.817152953681
11989.563298445213
11986.970634909982
11991.104511099387
11992.74329966089
11995.088487570833
11997.339397981968
12002.055423565063
11998.801231153517
11998.012479905115
12005.71111151887
12014.10655863372
12013.05080031879
12006.683012606265
12002.300354561465
12001.618449451118
11994.735402097776
11999.92553421494
11997.676386595615
11996.15119223552
11988.60797438251
11988.288437934138
11991.139013103322
11984.07294132396
11992.097101764519
11999.242062437408
11994.811163850118
12000.615511423402
12000.774065091518
12003.375592077115
11986.434627364612
11988.477431477859
11991.996402340237
11996.778659552681
11987.429996413244
11980.772123208144
11984.071853769052
11989.236157391582
11979.158166314175
11972.604474130429
11970.296147558223
11970.205264725919
11981.819918536032
11980.633553221829
11975.120015888795
11969.942221109372
11963.989955199415
11958.218884207148
11963.72580850455
11980.028798605177
11984.94031173188
11992.061027123247
12001.646534829988
11993.863403706457
11989.20854550039
11980.981346408314
11988.584210754998
12006.702270222311
12002.53014783534
11996.376982986661
12002.618090357631
11997.032925023694
11995.365605323672
11993.060240926678
11997.577339991742
11995.952931749662
11997.513201384507
11979.985996819414
11983.413654437289
11983.907471201726
11981.418215074777
11988.569697271716
11989.911258733468
11994.58688044072
12009.894023640452
12008.503418176355
12007.685407238689
12005.42453280236
11999.786224007345
12005.379005660436
11996.024834698808
11995.741937722983
11989.568904776139
11998.270156872575
11991.231095430177
11998.680488150323
11997.752228789817
11984.99846654247
11972.592911458241
11972.856284800073
11976.234385020623
11982.173715074423
11974.278156427124
11973.487933968008
11971.58410858607
11980.344856251366
11991.785663166163
11988.747536359988
11997.584256085
12006.597758280877
12002.494486138661
12002.914190432593
11995.605897825291
11998.631900411754
11994.208780804323
11992.335213581468
12001.657581916785
12001.121553127152
11995.074822240746
11978.398390351873
11973.811510394815
11976.593716529655
11974.887161250555
11986.567048469278
11993.84455742819
11989.510291523555
11992.139314319662
11992.416148194625
11999.547371996672
11995.266853206642
12005.80701447491
12000.049189896527
11995.417992436698
12013.184069848518
12010.816438388258
12010.715330783263
12028.275599797664
12020.849535931351
12024.358573587455
12015.968106272323
12006.327572771324
11996.367498930706
11994.748962845286
11997.573079621212
11986.555542925911
12000.383993715575
11999.619020788195
11993.926103693666
11994.93325639876
12000.382673122462
12002.173928257693
12015.530965366943
12020.870392978846
12016.804968619064
12004.510416322453
12000.819463272423
12009.645529761408
12021.250703247766
12018.769190387604
12011.919854684169
12010.463861955233
12021.26646531163
12020.18385292523
12018.141469450595
12027.618831864173
12035.73958955437
12031.363927851908
12042.423313727424
12048.593046667454
12047.53807944863
12034.68499193883
12016.45061576202
12018.059513947373
12014.675543071637
12022.15642289976
12028.793038319749
12020.643370569678
12031.718200376872
12037.544857242556
12054.078439283168
12053.851868247384
12058.575247802535
12053.689704271981
12043.410862232256
12040.632485312042
12046.057989961959
12050.551096326191
12042.197745702724
12040.087184629994
12036.59400779005
12032.613801555228
12039.367738244368
12047.317033938098
12035.269457946113
12025.32774375048
12018.324464051013
12028.770730179718
12022.612315472534
12023.658021441348
12032.732480660035
12042.440952570327
12041.86662170036
12047.221358597362
12045.949760044941
12043.90309234078
12038.84082391518
12035.677090986766
12028.918435079166
12037.65578110867
12032.100491441233
12017.266011269254
12017.52231140805
12027.770528728724
12020.820788429575
12016.850699058801
12014.244293766234
12011.306381979444
12012.554763803022
12013.453797269252
12014.5434423293
12022.928115421364
12010.53999039637
12010.534287732502
12022.610218803486
12028.763888368445
12019.145095797623
12028.159758285252
12022.982415730745
12026.072697665755
12034.30129332227
12033.996888057303
12022.325582867343
12021.827750162865
12017.85952334884
12005.892794792228
12001.77207370085
12003.093711749803
11992.86530396792
11995.382627210562
11996.540541559267
12002.650404314438
11991.849169808547
11987.614344777307
11997.85708759266
11994.955608052553
11997.390403288975
12000.762531019001
11994.792226919579
11999.025570732869
11986.779261774496
11977.60403943943
11985.524057275925
11979.028408175875
11977.525501012675
11976.31227014037
11979.723611282505
11978.872996712846
11981.332535115078
11987.494814567573
11985.56742168883
11997.816163238347
11998.419906865249
11993.372114677555
12003.453849657893
12010.394494403077
12005.272417138645
12014.480013473483
12006.249359349498
12001.055551362882
12006.967418226614
12008.151828386006
11998.293681069774
11999.85656185752
11992.07130753438
11983.182494969229
11982.747233979668
11984.41127725135
11992.581252239259
11989.507717090322
11978.100034864383
11987.736004616927
11987.484266941648
11990.871986167222
11996.584683722906
12014.369088778283
12010.453006930755
12000.485985920315
12011.07538123826
12013.454508805647
12012.457357867532
12010.047157581928
12009.188445142481
12014.157780705023
12001.37669523215
11992.880088480157
11994.393935762215
11993.915430798603
11992.693821241824
11988.251969144956
12000.522256789536
11996.182660207724
11992.142854888469
11997.007907435218
11994.355211324744
11990.51962706006
11996.793139304045
12002.32304466403
12011.950383128784
12017.43235960865
12009.14562707741
12008.276390724626
12019.964960342635
12018.077005922078
12017.528040087795
12010.786155946034
12012.939168410148
12012.399439741323
12013.06996386065
12013.761044793104
12009.716618095183
12017.196821218145
12016.882873550887
12018.151565315999
12027.312242361088
12021.365382736178
12024.133863265359
12021.669535937841
12009.17935235809
12017.183806284207
12011.834733557816
12025.802944322882
12018.61433764809
12028.473363903844
12028.200866741798
12024.610004278515
12023.723813323533
12031.673520593922
12022.827533015152
12029.327074153422
12028.240690997709
12019.914861635312
12024.127079759248
12026.608849537619
12028.352544634432
12030.139765339882
12031.716164016892
12032.030802743702
12033.066012311298
12029.633265472921
12024.055792824358
12030.71094285652
12027.60619904911
12015.058168093405
11999.878011441248
12005.783482829664
12012.882326070343
12012.253433410038
12010.300012779517
12009.76604718237
12002.499358317758
12002.177985964543
12007.661547887219
12001.247595669161
12010.237248135723
12013.992387821138
12008.27706327457
12021.449124386303
12014.803866658956
12020.928725615073
12018.680277655494
12017.659421318886
12018.755719123572
12015.3503157077
12007.784908239526
12014.41878553788
12019.446806959979
12023.969899736148
12028.102632876995
12028.083609051604
12033.054371395996
12039.082992504147
12033.247785141386
12031.247762786286
12023.434083899461
12021.270857982458
12017.794982397692
12005.367575750966
11992.83650139199
12009.18955633448
12010.547139831913
12006.014725390667
12001.743599910042
12006.971735777155
12011.318202245751
12009.902615808365
12020.695724524825
12026.912940817332
12026.621866618541
12027.565868495996
12022.702870681029
12034.445099543504
12038.375615113498
12038.98218876813
12041.319214187679
12043.506241857118
12031.001697643962
12034.822161711427
12043.694585668092
12045.75558541988
12051.652533581448
12048.721731358863
12041.097883643357
12033.001583827667
12028.1974438514
12022.129998343076
12024.619190107673
12025.679755710853
12026.583661999623
12035.673770076155
12028.133278564263
12022.362430198624
12024.816621669841
12017.63864325255
12025.44854836406
12025.789083926988
12030.441776164753
12018.543994925021
12021.240654612218
12020.074915125711
12028.413780593746
12020.633434810672
12024.478857874456
12028.189866150395
12031.215728128136
12038.864416138127
12041.347544717344
12055.927927233028
12051.525901923242
12042.505744089694
12040.959469491718
12041.94714905368
12046.652107828506
12040.560462498763
12039.510073884416
12042.040561190373
12041.926474848115
12036.478805617164
12029.726414805353
12032.196711416866
12023.776567812936
12025.827996813267
12020.188189965611
12021.430900358653
12019.736437872132
12023.027824326724
12016.079623425005
12007.888992919825
12005.05736884323
12006.101011704934
12006.789671433555
12011.538024956248
12014.177768552829
12004.454943573
11997.957315634047
11989.165455408918
11997.045820749845
11995.922525638947
12003.995043458217
12008.013117197774
12012.880910699634
12011.562168099435
12007.51464487891
12017.318617401206
12021.479714104917
12023.132409516635
12016.887251718446
12020.427403052941
12018.011462998526
12013.99473724741
12021.270918956441
12007.740372638986
12021.197134758811
12022.052621479084
12023.923547255521
12015.03140792079
12022.207769511966
12018.32484099278
12005.648207597256
12003.976796134768
12005.674277175494
12003.302442653261
12004.661479640814
12019.097167418218
12006.203842496278
11997.001406292577
11989.521740150702
11990.13714612693
11982.141296304282
11978.296967066457
11988.398883653608
11985.493075007587
11988.148175979453
11989.47514000141
11993.958302673067
11995.215464137105
11986.296396044723
11984.128792721687
11975.252437463583
11973.087643401268
11972.741917751566
11986.471487604169
11984.790114552517
11984.814510775848
11977.265890460152
11978.64007577565
11980.11819943375
11980.179983382834
11990.440433026866
11976.770082658884
11978.280230040571
11965.167222074222
11976.414318143554
11983.973362794444
11982.711272497765
11970.841563421685
11961.968207315975
11963.964765044135
11965.718415106821
11973.142424603644
11979.746777187593
11971.331579949374
11982.199192735072
11984.244469102712
11986.424300766628
11977.29870908698
11968.04716002339
11974.200276082318
11972.009630932836
11968.47572097294
11973.57635520674
11988.37797839239
11988.716064037491
11981.897437694379
11982.342028874727
11992.550397549225
11996.72683551602
12001.741664506662
11999.632890416437
11983.91642711368
11986.932456256134
11985.99048578374
11986.200346798098
11989.720892202184
11991.079303909592
12000.019830363715
12002.676431074968
11992.31351195525
11988.588355575797
11993.5016661807
11992.336665310044
11994.636190582685
11995.401529677005
11988.334086195428
11996.909582385575
11996.835434119452
11997.149939273306
11997.618197294041
11998.497055122494
12004.253752733019
12003.551483734005
12012.753044374565
12005.4271581914
12013.175263389272
12012.965213259296
12006.387662063067
11998.325813971633
11984.849334517434
11987.249151853972
11987.201675084958
11983.068754516484
11970.69835658482
11972.86248988038
11978.194026323139
11968.475642668676
11969.830745868323
11960.812397431724
11968.008528275595
11962.273322419194
11975.159983578214
11987.183379354112
11993.927280251686
12006.813062200938
12010.24170178428
12006.958895636377
12002.796792733263
12009.484097838222
12002.835595474302
12006.604705831263
12014.469422675553
12012.198625316503
12010.033904063017
12020.823208490194
12017.81986588448
12033.421726339679
12029.932335554384
12022.967693419825
12014.970373224904
12019.101370841108
12013.087318314549
12008.223502537872
11995.194807426304
11994.564047937562
11997.343385693748
11989.284538356686
12004.511825888017
12001.04496148885
12000.339783232434
11998.38875211661
12001.332085311336
12005.46945632641
12002.564686600683
11996.956524411453
11989.845941246795
11981.071315268537
11992.093122508148
11992.45454410907
11990.923147537647
11999.328159449971
11999.983286217284
12009.73727232452
12011.677751269692
12015.855523923301
12016.795097190552
12028.313625514118
12032.369623823048
12020.301107790048
12011.898856777218
12013.722934719714
12023.484070479764
12032.104673299922
12023.163080790306
12022.446401304518
12014.432678655527
12014.423362468768
12021.52121312761
12027.267623467638
12019.762303895492
12011.817079806338
12008.390065163063
12001.746158725096
11988.676697372961
11983.475751327558
11982.906418224255
11990.20174203713
11985.719831427981
11996.903241446405
11995.684674761105
11996.207560695564
11993.225613509834
11990.170538462982
11989.311197298088
11994.318002934626
11988.612008304357
11981.693545507984
11980.593544504116
11978.226632167101
11979.491759180291
11967.823413233938
11976.781962379251
11973.047135070712
11976.528175557192
11971.650970936927
11976.338268147509
11977.198673632085
11974.519455817173
11966.755646893454
11977.499360388905
11974.590442419318
11971.894461477266
11971.067123966557
11983.561512218323
11990.004045409583
11992.736948978458
11990.003995599765
11983.850458284513
11993.300397731342
11998.72976179778
12007.869221954381
11998.117673025878
12009.67967339516
12001.619730278777
12001.861771535569
11989.424119824427
11980.746761792132
11985.084788345925
11985.259274956108
11994.93349693933
11992.537545755953
11994.172120149044
12001.208589462327
12003.86517586023
11991.78407872254
11995.181103833309
11994.346677119955
11988.50536215119
11979.289984004
11974.486635335043
11970.760329255378
11970.288263810533
11982.907445478679
11981.003397528533
11981.44562977698
11984.683396567034
11991.921714677102
11984.521423740105
11997.78890579149
11996.750711111323
11987.128738724856
11982.489102640071
11978.78013829419
11973.327683054515
11976.780145097318
11964.475172101935
11955.131184347718
11972.166541326715
11978.303127277592
11979.618398409133
11973.12481552062
11976.564110436191
11976.524732707749
11971.818346595852
11967.721453391692
11975.392069679425
11975.132005191717
11978.205741436535
11979.014745016024
11977.511984248531
11981.173266044127
11978.53257194145
11977.328402962434
11983.793525847777
11982.119068925447
11976.08357495964
11975.279011486446
11968.352471013222
11987.267160874911
11983.789149686563
11988.837713332112
11987.847166896932
12002.175073531569
11993.929040072377
11988.654321381531
11981.150856434566
11992.411408052712
11988.601847247388
11986.797306914428
11987.465566050952
11993.576574843319
11986.263332194427
11979.68491567286
11976.117410500874
11969.995553963163
11961.049137827247
11958.414567565782
11962.314500961154
11952.327293541057
11962.66534848779
11970.41387929154
11966.762587664865
11975.533572240438
11982.441676440409
11983.694222254446
11975.066923204191
11974.421684726658
11975.815887859484
11976.908208972112
11969.905750284357
11981.264437728685
11979.461942303535
11982.54164046652
11982.785746531627
11975.013207914664
11974.477590361355
11977.828339026959
11974.38774014557
11982.197648264279
11990.644940718132
11980.871332003997
11980.55049496038
11981.70896140637
11982.005445734809
11974.29932001681
11983.89022861676
11989.357386326354
11998.428481722614
11997.2935495934
11996.49987831433
11996.684040185519
11993.01637507953
11991.760329666302
11986.627120541001
11982.333948574727
11981.316705794383
11993.679563471022
11986.01882882783
11998.468061682339
12009.555062443274
12014.856872802098
12017.851007220117
12022.213137853665
12022.460742261332
12031.452243906555
12019.618993354588
12014.903169166899
12013.136152947924
12009.325435724424
12004.648687617117
12012.449259540588
12010.860882866462
12016.327035737402
12010.55905572745
12001.323755204301
12000.560615333905
12006.51147822871
12006.18196615723
12006.652449155075
12003.744682436332
12010.989704930627
11997.321751721505
12006.13975393308
12004.099549122504
11991.99995813454
11984.979635315665
11974.750795021324
11966.830632178016
11967.459123997083
11963.30015411754
11971.978733324406
11959.089516734744
11960.419988713526
11965.943076446842
11966.875612984777
11963.48954424416
11964.962333622694
11967.184493711
11977.773591953059
11991.32715133206
11980.637782309139
11987.07737221316
11981.407947922175
11985.907553518602
11993.080143870036
11983.557084692071
11979.719585074547
11973.679013635505
11973.046926799869
11958.831923272634
11955.555871927438
11950.598449237601
11951.54075441496
11950.962404596772
11966.69562841124
11967.62510066207
11970.327740850043
11987.091586190987
12001.295135962944
12002.667009498728
12012.520939510434
12018.141168066733
12023.63057565449
12028.483210361848
12023.544282089635
12015.139533514219
12010.347796848488
12011.186669227689
12013.660482769008
11998.213770901442
11994.107449622017
11990.525711648621
11992.442761784068
11999.097701491926
12008.445393540758
12003.350394378182
11998.498309194147
11998.343041515229
12002.064885924938
12004.898503731374
12011.496307296666
12014.480403452462
12015.519129279648
12012.289469332292
12000.8202892706
11996.895380708356
11996.527370432286
12001.15860513203
12015.31038538216
12016.174180603633
12012.662771177698
12007.236997149561
12013.16408410616
12012.726077557538
12007.516065322006
12023.725636520252
12020.629144445342
12020.125860491902
12014.553245143263
12003.915136699121
11994.703188907839
11982.541759925007
11979.67248852393
11986.512583284755
11999.933813356014
12000.475106920787
