13236.29188624506
13127.60494952646
13040.296418295617
12945.929715551729
12861.448382606777
12778.6593244443
12711.619577144127
12638.898408325545
12574.200396129814
12511.73287794971
12449.541549917323
12401.82036408233
12345.200322476141
12301.853014921635
12246.129859755623
12196.796260608167
12146.312772424135
12105.537003419375
12070.820234560691
12039.549494126384
11994.549274577039
11953.669146672788
11924.929731875363
11891.93074849756
11865.877437749747
11838.385391705735
11811.062966747388
11779.570200776421
11760.848990399696
11743.359412448604
11716.606661245405
11687.763873915139
11667.37507305363
11651.92354314823
11638.29858393706
11628.765216511962
11612.27272472076
11597.541220864463
11573.705631275452
11564.155151386676
11541.560584373728
11531.253794632992
11525.095947201138
11518.008009386971
11500.183187487912
11488.464889592728
11475.95883778467
11459.23351011991
11451.525631208004
11443.982537675816
11439.471190891009
11430.041808770187
11425.770137445332
11414.914524222557
11405.481358616951
11396.032210800533
11379.149264853717
11378.869099596937
11384.101795890478
11376.891394805254
11373.185647651993
11368.58441739361
11363.794137602214
11359.268915720313
11353.946143975114
11342.570645986169
11328.760346773426
11317.193903942536
11319.062185297073
11319.687484845374
11313.553075313721
11304.554888031744
11297.637324335268
11291.397140864628
11289.077719911242
11290.915809254902
11285.522989563691
11283.849655456575
11273.198531925864
11267.167423749543
11260.13777439165
11255.40266751805
11248.70213949856
11241.238414217887
11240.697744929841
11239.943621133569
11242.772596789648
11236.028255922462
11230.849436640241
11237.74122530295
11238.925943979973
11240.626353757849
11237.975097597471
11232.651849519327
11223.499162050037
11222.28082743583
11218.971389623644
11222.73321895102
11223.353173636475
11227.407078961343
11225.73656047728
11219.701847628472
11219.241077416387
11211.391990633432
11212.692822088413
11203.221343132049
11196.604967792962
11192.971548126608
11195.628673343663
11194.27927386857
11191.505070427389
11201.430472813921
11199.373295931255
11201.636552906553
11198.692588883161
11189.889840990392
11191.171990386187
11190.598897880087
11191.526148728191
11181.925946389618
11186.827866968568
11179.351719373655
11176.729763711595
11175.371618545112
11171.140848880312
11175.029284819018
11175.248174147277
11168.572270814087
11159.777942886154
11152.003594759757
11146.849840236617
11143.839340144195
11142.898996046359
11135.126855676304
11135.241772182362
11144.225831014537
11142.294316345233
11143.584769945943
11135.18248924848
11132.32280186346
11131.64194756906
11131.261737243332
11126.194584572071
11127.267855310496
11123.192228986472
11118.77856269263
11108.453453949118
11106.698379877584
11107.186508802435
11111.699325092179
11106.112809508582
11103.588322925636
11103.420755184636
11099.095348768542
11098.713559831398
11099.14409254353
11090.060522211215
11084.170519948988
11084.903734853087
11085.436276662647
11079.688706750305
11082.378453130874
11075.643626024812
11069.832881319233
11073.432237032323
11071.560532099107
11076.34088652474
11073.28872765688
11066.403383321613
11061.305471786502
11058.64022777486
11060.957096715574
11061.269417289133
11049.149005871783
11042.525273300898
11041.732069796573
11043.805881597254
11034.797246602328
11035.19107152805
11038.331406035857
11046.826211978634
11041.749523990904
11042.33004785098
11038.317857193271
11028.429952251387
11024.096100861057
11020.061533561231
11015.675373082253
11009.651557732024
11004.818349168863
11005.324073122332
11004.436408750802
10997.049753009676
10988.105157289134
10980.369525948827
10978.280729955834
10970.812928787893
10970.918168865168
10965.515853820947
10964.791264147203
10967.61218365348
10963.470927154638
10962.597076568383
10957.675829389444
10949.774030559493
10947.763755617761
10945.397574325241
10946.269749848574
10943.801390728193
10936.14062715017
10938.17952247772
10932.684120015709
10924.898922850087
10909.8100848621
10890.748208789682
10880.3220304498
10880.676971388672
10879.002528645655
10863.436108090908
10849.63193691628
10834.75532616783
10826.625614329821
10819.693628879886
10810.285616275285
10793.738367906108
10787.155250317315
10780.373937066208
10761.57316001132
10749.276555213542
10739.798787850701
10726.77946954273
10705.619494599046
10699.58150831522
10679.825027999083
10668.797930271816
10657.56650868282
10645.051053540716
10639.224500616609
10617.505718501176
10604.368570186569
10591.014171722987
10565.379028051382
10547.95797075528
10531.564862015042
10517.316897926617
10497.51051924454
10468.791140581501
10437.109227771296
10417.302097970594
10388.349949036494
10362.254095542463
10343.4369057277
10312.667748113032
10292.084416224861
10265.483176076357
10249.980644761668
10227.008064973761
10207.18217415264
10173.752780215322
10146.087022464002
10114.63817690466
10073.43104728072
10043.517382123406
10021.900494014359
9994.68700473765
9970.399145967373
9947.402212007813
9911.51525656007
9886.894880352915
9850.77378161127
9821.562679941904
9785.22865719569
9757.933844058984
9735.905315376402
9705.667924270525
9669.255629659554
9627.726200766552
9589.13210829108
9559.02736298808
9509.672154539616
9472.425629302714
9419.296924349677
9367.905905590871
9320.565384307847
9277.69095775413
9227.38894226882
9187.716149511694
9137.586075647148
9092.739669170911
9042.666907483239
8988.360467217812
8953.310808392653
8903.07666125587
8851.558340585612
8806.387015641925
8756.410567195304
8698.395432964502
8657.384285662563
8607.074455696738
8560.960712930138
8506.00996496167
8442.51513075276
8392.140604815257
8336.653098942901
8273.681202290027
8220.26839033255
8160.318005315383
8108.443765888776
8048.563283830227
7993.125972929876
7932.28690051575
7869.2260612716345
7825.0941552958975
7780.626519993288
7719.697347240301
7657.135934063659
7602.321328676484
7546.743228986387
7472.297186606959
7410.06246183849
7350.316423801131
7298.559782996983
7237.142715485796
7190.918308952996
7132.6983082274355
7065.37723818735
6993.6705839620545
6933.914124732018
6863.861308733867
6790.841129296745
6728.915192349667
6671.819257622055
6615.400145087777
6554.737902826549
6487.586466409077
6426.249662251117
6362.124553184271
6305.641306033986
6248.209695279929
6183.556086095496
6106.559979182096
6057.321140864496
6002.978533271831
5957.845361489886
5901.168806007419
5841.691714487846
5801.0224226221
5746.431525607932
5699.598856335044
5631.360713596549
5574.424231328276
5526.145549623146
5490.79676552814
5436.738286065534
5383.811759303104
5328.425721207116
5281.359846080799
5220.859371167779
5170.952747568893
5119.636538681005
5061.042462274336
5003.603200214109
4955.891206364938
4907.210551194148
4856.196839125833
4794.704519459567
4728.977401876512
4681.274295430049
4626.308132659566
4578.40874818307
4522.467480079878
4479.755246255454
4422.22225499867
4374.205878026023
4319.557449698458
4280.747292940423
4230.805059081904
4172.947994786631
4130.749135357913
4069.1934003079614
4030.3595079555603
3982.5280851906805
3930.03893385096
3877.0744527097486
3825.9108063921262
3777.0514892820524
3721.94755574169
3671.0521952005247
3627.771873252197
3581.121158102285
3536.0373425679445
3498.5744156960955
3457.0756475223006
3414.4420934385516
3372.774349304944
3339.1104624497657
3302.1532541200854
3277.109827166508
3229.0112077813774
3184.8160513220605
3149.8035315699653
3117.26755499082
3079.5130827683665
3050.493548821849
3020.831273657655
2978.9665346056713
2934.5368720139204
2902.79677492039
2859.592972116344
2817.7048051350193
2779.7660904323993
2743.009274733754
2717.445439010741
2683.908534658776
2650.176244368587
2617.521856490119
2581.0179446078023
2546.5063780175456
2514.066693285872
2480.4746325197657
2451.7933745556893
2421.4570536003757
2383.652250400587
2358.850704443468
2311.892013866029
2284.99108152006
2258.4108513653337
2235.8690474914683
2212.103987574756
2182.584463681638
2153.5888582509797
2120.413316332185
2105.0760540725996
2078.632791489537
2062.4734664406205
2043.6212754565797
2019.3523386368383
1991.6295758920041
1973.3125105341542
1950.7665306065055
1914.646570483359
1879.7730492726866
1854.545503441705
1830.0177413395272
1805.9678345956659
1790.122493402256
1765.2321716979698
1740.9701469251472
1720.864155415055
1703.2217401774724
1691.1091423906457
1666.4209751190087
1648.9369233105126
1630.4135662024382
1604.7326452437765
1578.7678169947471
1559.3540437334314
1547.498400772863
1531.4064118225224
1517.0605099237532
1501.501894929008
1472.9084986184891
1456.9504108375595
1431.9832431009745
1418.067932151892
1403.8622274096729
1380.7810260322428
1366.3468435721973
1352.535497945703
1332.4557383009387
1320.520438116101
1305.622490924301
1292.4337935852593
1267.4499008519026
1245.328662921689
1229.2295924455943
1217.4249535235565
1199.3651807824285
1192.7834544450798
1182.258784893115
1171.625893433837
1155.0784576236954
1136.7427738015633
1126.1585655092645
1113.1150644318745
1099.2605026360031
1094.8514929489083
1082.508635042716
1066.9266929797298
1053.2488273876634
1045.6756968820202
1033.3918930399916
1022.030641135223
1001.7524430320293
992.3234626544871
980.2005540111037
968.8355552908959
948.4769013929201
933.5255171034438
924.2011063447208
923.0265856425965
907.672421587087
903.555408414326
893.0598424958379
890.5886747281274
881.2910622285365
872.5877095699545
862.3488232110681
853.7645351647774
845.4817574905005
839.0384057139373
831.6316564544413
819.8625887789265
815.9868463751098
810.9066641516713
800.2848270089987
795.3188189000352
786.1434598695377
777.2412095985087
765.7720514479836
756.81862545986
751.93364896625
744.0159527959288
738.4729754496353
736.1098953289054
732.0855015422205
733.080079889374
732.0685276237792
722.945141276862
714.7850516828319
706.7063560742902
703.4833491321191
696.1589872817719
689.7585963261963
689.7634861725774
685.1875756710302
681.4736680918996
673.2111064370745
663.9104749910057
654.2014424540598
650.8364178289438
640.0790433983445
639.7968081830109
639.4054385529987
626.7663138704073
618.9379662554371
607.4302189850649
599.6483744111961
586.6646385291531
578.1130183564557
569.827909666692
564.9783615842182
563.6353226266971
560.245284599948
552.1368198306376
553.0578067752997
545.9377229009965
542.3224765304585
543.5416131948111
541.7987626678926
529.8105066067897
528.5427672745311
522.4443587978722
510.71719146937426
503.72395064831255
501.5715685087964
495.7028495116937
487.80950900552136
481.78058111364373
478.152482296788
474.6127926423423
469.88254614688174
466.4974695735747
466.40907528698034
465.4378620692926
459.50731684805714
459.5421691415893
454.77626540116563
451.1043710759869
448.8793080928102
451.2003216626852
453.2104897590282
448.5889676601047
445.3356754199667
438.16633419757454
429.9860874474159
424.03719454000776
420.35906682290795
415.26133692717315
415.3707873936845
416.3444136845067
409.29790693987763
401.0823534329099
398.7041524545732
395.1151498164195
395.01896057178044
393.6164853072507
388.83687683650896
390.0098572070932
382.83603869629343
383.994869715891
379.3560146351317
377.0219418967345
373.4331649519252
367.47065460214407
362.61352116329414
357.3271377453471
356.31814464834054
356.1604354286961
351.4132363164973
349.1423525180184
343.0541612638862
341.58589327585094
335.77899964024584
327.3729985914161
322.5733820867062
316.75318467673014
319.075342904873
323.6680376392598
321.6622646983476
319.18454525190475
314.2783136768691
305.8005149483158
305.8451394936724
303.244035503315
298.65049016908154
296.4317463674487
290.50674719604234
288.0642532039081
292.8260314336036
286.7001615941513
283.1694335891918
283.58211996786986
283.59495328398276
281.3359269002548
275.41365220479827
277.7990449793591
279.3080076683705
280.50260266796647
282.9030893967354
278.27413859998194
277.19026688602145
278.41948765931664
280.8542283151286
280.6666792744418
274.7486545161607
272.38250121934783
267.50234307481907
268.76512263645736
267.604401183905
263.65548964599805
263.60821731121484
258.7783333048752
256.33580803731877
252.76738506064842
251.5579247721845
245.47153660069736
244.43054094804583
239.6324525240007
240.75944595899185
238.46452019698307
235.99108625569465
233.60854793142073
235.90401497952547
234.74453182855584
228.78846598834454
226.3946638260733
216.57128880614465
215.34525969235943
216.53540400600042
210.47184624939092
207.98815686777584
201.97641914511757
201.90328001704793
200.67199792773522
201.84151358394388
198.22722922944655
192.22715288701067
187.48590981433608
183.85303190768644
185.1739919457596
186.16740305195032
188.57158214122273
183.70004437659662
178.86954721165583
178.84288249416704
178.85562479213758
179.99150597513614
177.57756949034828
178.79712164547624
177.59410957940926
181.2302838511265
178.80609663872778
181.22391201132612
181.24938855730426
183.55093694406872
184.78182319478327
187.15738800065327
182.32873504139718
182.32896334172267
181.1622209858886
181.16146557190854
178.74470769596581
179.94893193137915
180.9666429044998
179.73882853336775
182.26829777779142
183.44681475473496
184.61102051739394
182.36089810811512
184.79392639196936
187.22173036664003
188.3530708527378
189.65836862778954
192.334630460212
193.4977041966249
197.1229499560952
197.0282821554313
196.76879240414468
193.18328746293437
192.00490188687206
193.2241843523173
196.5819081053616
198.99587868136928
196.60000851323156
195.24727795481886
196.55975931727622
198.88250774851832
200.129333312051
195.24220508875834
193.82054157709075
192.59170195749385
202.10243918132522
204.52093302862662
207.10703067703975
206.89795763112278
205.88487362309317
202.24792690831165
201.8968093481078
200.68012785910338
201.94463458458966
199.58867274785632
195.81650642283887
195.92109680311867
195.93622663631396
197.15414930434298
202.240315227731
203.44617141555736
208.31768853548073
211.94378918668102
202.25687041662957
198.6667621124174
196.31645098917036
193.93536612304666
193.93933539009453
189.0581725754605
185.82447750873047
184.6392194257213
187.04778056705493
186.9935276072887
190.66271448647774
187.02244520038894
188.2638399775332
187.01418970670017
188.23501708606204
184.59134849052964
187.03621758050951
185.92306979759397
179.93090668754948
177.52465409502562
175.22494400559714
175.22177878463302
175.2178737082311
178.92852863561313
169.3548231575715
163.30450281211222
162.10758348091144
160.95347573537794
160.92230529118794
159.70333824722536
162.15596370641404
164.60180603536787
162.08951609857934
169.4047760207852
170.58908155881142
168.22099854458008
171.897661225123
169.5052140656582
169.51085020606462
171.9261732642865
171.92163093515774
171.9198626834723
179.21952532026728
177.91558479753635
177.9407480416889
177.94742562715282
180.29750447116425
176.71229701817816
174.31380003659666
174.32652136396163
170.65533434955066
170.6251614093905
168.12507932652233
165.99390785990636
167.20240371994117
159.8885952799717
158.63807297080385
157.418748984257
157.39352812020002
158.63916319426224
159.88617663866648
162.30545540360356
162.2939088957721
161.07338663006163
158.59429589145924
161.00957416082971
164.70210729586006
165.87611499708592
160.97793125645103
160.97989338425367
159.75287165884265
158.56529953035204
156.1594460931897
158.60147082388647
165.92400292928602
163.41869249398735
159.76705027869878
159.75528674288856
161.0552078349968
164.72670110148164
168.41650013970042
170.89746128340454
172.0664856300005
167.1999095159902
168.39632451070784
168.4243087505609
168.4269210657552
167.24654790587593
168.47593108135666
168.45431422561413
169.6652129265251
170.87547990796423
173.2688563957359
174.46561308212517
174.41993477814881
176.82719124994804
180.40332728196807
177.96898732190644
174.39494949606689
178.9957476864171
175.29478295912185
172.87116133226908
174.1231045451912
175.32098740160131
175.37300212694538
175.2801146386564
175.02024749662655
178.626566557873
176.2464940506281
176.2231657591263
179.97999180952348
178.88883436988903
180.13069616035415
182.58870463342618
183.78464330214962
184.84963408998362
182.46763497355704
180.05941538253097
178.85485890871385
178.77537414548095
179.98890718243825
175.11870151039773
172.4640567998066
173.68668364886622
174.93301433831255
177.3472337429941
178.27976168786094
177.06061826411099
178.2067604229864
174.5773804959407
175.76214477045824
176.94897121285527
180.7521235166509
180.80589986562944
178.3278123915993
175.89110357373943
178.33594529310884
174.68319394872384
175.8464388262159
178.28897722321395
178.30637883456725
177.18641687167963
179.78657918696763
178.67249654515
176.22786726164273
176.22610197634305
175.02081926605047
175.01724679749609
176.0849220551513
176.04641199273334
176.00674937179238
179.63905226087053
180.9356442845211
184.52148157582513
185.78954832849973
186.9303840916621
190.56246409616656
192.857564505719
195.25449957137957
196.4495370972635
194.1691407494083
194.09658878945828
195.27146191409295
194.18984240697205
191.86109149533814
189.5354824455335
191.96038447883194
191.9468996293892
191.95276169336648
188.300649601312
188.41741729320427
187.22878269338517
189.62835057934552
188.36801024946365
188.40172840024712
189.51021033445969
193.09467365846697
199.2060799930898
196.74222145800832
193.10057215988257
195.4338000033673
196.410747742146
195.13481224984216
191.59547164967063
195.23762866307942
193.9815504551573
190.35395140536886
190.37293104579282
191.56048807351362
191.57777634475684
189.19260971727158
188.01020820710946
187.97716556260468
185.56788142524218
186.79275677239664
185.62724985115725
185.814943921045
185.62928022731137
188.06399868543969
188.07425068257913
189.1116099657944
188.91176303827996
187.7056563249746
191.2149987274449
187.59026718689427
187.54622152367335
191.17099229572963
191.17120232472627
188.77907417308035
188.88591431757277
191.2878031060039
191.3791336742255
191.47739890684937
191.51008236862464
190.29244541889824
190.29306688217645
190.2779650280698
189.3418270219561
190.8804200202791
190.87480294503885
190.84817564520225
186.05308495813176
187.27067964857855
188.48594770087334
190.94139741067787
187.32351161334753
189.93854751629408
189.94172263822065
187.54584266362093
187.20987118565145
188.44067449983788
188.43640939427047
182.3559790385022
183.5546189205865
179.89372874393013
178.67810096763253
178.61429746891767
178.5698707602573
177.3656323422867
179.88525968487988
180.9755038650041
178.57094813583572
181.0640247957351
181.07673717792085
185.92903187748158
185.90644888425123
185.0355931902919
182.634743252651
177.83415669752625
178.8306291673252
181.25978659654976
176.45682876491065
172.78363237320593
175.19156566687593
178.7755321556061
178.64452234895197
173.7793565653081
176.15999455026113
174.94457186170388
176.1418994285611
174.94592398319642
173.71830557141692
170.33463521417042
166.65763203785622
167.88571123029033
171.5015965679036
170.25218432265441
173.90687354893055
172.69123493796633
175.11400140608663
182.34510746997861
183.51062636394565
181.21348673695996
180.02205612233016
182.44258710043283
182.4665153949115
184.85226733296315
186.05294537544
184.83153297415427
186.12134759973418
183.7063526731755
181.24349194247844
177.57733135187044
179.8694601829254
179.86713765529572
180.89856836371075
178.47677433284025
178.5313093238923
177.29384968826042
174.89142993660073
173.70357646353105
178.53565888225134
177.37833944585108
176.1547756955517
173.7360865373125
174.9553421961296
176.16535541748428
177.38514202304577
172.5772851074084
170.10943161365168
174.9719204178124
176.16306030288987
176.1814359139869
179.81901360236577
176.12266617228266
176.10224534175933
177.29218445520192
176.08532547664214
176.22067050165452
177.42086969494397
178.66609460016775
176.07876033797066
174.882905393383
174.86590984375619
178.47115409911228
179.8141361508931
178.5994669464673
177.37365571465324
176.05283864255807
173.6844440470647
174.7542289950912
177.05811260594604
175.84338297393026
178.20956610651467
179.5520220411204
178.4347111749018
178.4160217861129
182.01399745541116
179.61147769668597
176.08377399824062
176.06533034746286
174.8844945335705
177.48206851029434
176.22772865375512
173.6606035230385
169.9913814292808
171.18828418286932
169.9797701943727
167.6326748626168
168.80906205786826
167.63227325789234
170.07220465170417
172.48399958301167
170.26623265178824
169.13728699182548
166.73506577494152
165.50982860039912
159.38355836385543
158.253916447805
158.258265193407
160.68357956107243
158.26431423503527
160.68701547171972
160.9367050669677
162.16513585243678
165.80026884984153
164.61788140054688
168.2657549787842
169.48002006399267
173.1857874421401
175.62506033100178
181.67863440143424
181.66155503287416
180.4978798160283
181.74031951393744
182.97219268320802
186.59116132035967
185.4293703755167
186.72584443765788
186.69972726353149
186.67023458000102
184.2576538842634
185.45516696264139
187.64074649226623
186.41795873534397
186.32708021543465
192.4987014827296
190.066315296644
187.78626780579296
180.4951263050778
182.89261721505235
184.1315904779014
180.50458215664224
180.1673742103275
178.96670459558632
177.77781476238567
177.75781276550748
176.5442527786401
170.51586166203958
166.82237956892078
164.32827877838784
169.19395393242337
169.11272931745017
170.25732405340761
175.11767073303045
176.3421316057857
179.89474567893208
181.12351959779522
180.0069626080077
177.6872383314464
173.89106025687346
177.45813433982198
176.25419656167307
176.23601660359486
175.04023809178977
175.04161303396208
176.22696679549307
174.36563427649736
173.18446862168946
173.15791737028277
169.54406795976882
169.53002530408986
169.5051630856689
169.32983194784018
166.91512226759863
164.47573580975916
164.4483714689823
162.99299670390428
163.03302747220297
165.48638813585887
167.87812431536742
170.35827827754682
167.9218823612074
168.03668126153332
171.77656550393115
169.57659534519144
169.5132629828371
170.76545348791598
169.55868887887596
169.52266956186565
169.46565942124298
169.48508224038022
167.03908521659693
166.99866395809028
168.29494045281
167.0978442263147
169.56279176889097
175.53917250638366
173.15747409427908
176.73249358950093
175.51672717980395
172.85475916546818
171.6397141024469
170.47244974558
169.27064219697678
172.87544380593124
171.63861110709797
172.7295860481443
169.1047503179738
170.27467441998306
167.87718233538567
166.65838612848012
166.63816828152255
165.41468763562438
164.25107998863422
164.21427803393385
167.8838153537318
171.53316244642394
175.08081913133043
176.32095737210685
173.96429014530608
175.1684035522567
178.794868871625
176.43392647269957
175.27057524579362
174.07292074869906
174.0828552516257
172.91199973849004
169.2660464735733
163.17871698260922
160.7463815614417
163.163983082402
163.21653452733912
162.0011018576057
165.52776889573818
161.9326906583795
163.15014845353713
160.73345163150321
164.22814161904705
165.64792658998996
168.06755571317666
169.21934434045858
168.00044572484208
170.47449091561697
172.86059413140902
171.6381405534577
170.41062176002544
170.23670467557693
169.02729929241002
171.47561447536165
171.39822589990803
172.5463875332191
171.4450517529335
172.61011158871244
170.20783814978776
175.0658974651639
171.20929304198464
168.85729136437652
168.8329055413842
167.61158837858625
167.5912980969109
168.8639021752235
166.42177903302922
165.0221720501325
167.33712012878885
164.8907318535026
169.7330441362791
175.52580001725983
176.9639895379426
176.95888408180866
175.81236603516606
174.57472775917273
175.79805914550005
172.24376412066272
171.14336209439364
168.79807840578434
171.45451698025647
170.34462447278923
171.56961339126826
170.35843441053885
169.13607579248878
171.55649465951814
170.31242443698403
168.0083222456458
171.66022946847414
171.6618530423425
177.72873899961564
177.69726643489716
176.47541742325615
177.70477484734207
178.91858009986362
176.43677677465828
175.32558322784024
174.11342521307472
176.52001136928058
176.4914035089
176.47073143759656
180.07219422455142
180.08988799450586
180.1005677449612
178.89759648310755
177.70665859324092
176.4818928256296
178.9483082275217
182.503278609125
181.27583295345815
183.66524172092232
186.1452230223121
188.5784735414016
190.93133881186586
193.39887416920772
192.1752094743869
189.70187630830256
188.4878257423469
188.4407475617556
192.11683620675416
190.8824084561244
189.67150708900976
188.44186487852824
180.02351177752183
177.61882767382056
177.61250541077467
178.7988793218216
176.3556764167971
176.34578368959228
173.94304268154022
171.46352967417658
169.22974182884218
170.4440570749509
170.34386288982193
175.18588126473662
173.9710078954305
177.6000685952805
181.22110770614776
181.22844191140817
179.97247752825686
175.1256481011137
178.74930517370558
176.3615491128407
181.27227536066306
181.2643191727884
181.22763855351025
182.39479011755085
182.42318933509927
188.456837070149
189.6469632040409
189.6974706616442
188.43653488601132
184.89595224949255
184.9231345367642
188.58074957851758
188.58830079200447
187.30076713276716
190.94507053169903
189.62783487036975
192.05208512723897
194.41997597551463
193.21871764466044
193.24493971509702
194.43457038167935
193.287394113902
194.48331148174412
197.88643751355715
199.11087416214028
202.73644562141124
203.90612861944783
205.27631371917784
208.97869495868616
212.69325250328887
213.80307666853687
207.7242806671715
210.1732894221201
207.71078298224987
204.24606645101562
206.66771152914214
207.85842764682343
207.82664269375186
209.00456734474997
205.50052579174013
205.48934051950323
199.68335435477854
196.11458311141016
194.9233415540436
191.25866299298553
191.2749919709692
192.5306036997053
192.5319964906937
192.48216165785348
192.51457481636183
195.00329801778128
193.557168434579
188.74403386731944
189.6500813353344
186.03253094817026
187.24251361267284
188.46276849123205
186.26112397139303
187.56087635447176
184.01090863269332
182.81657337828253
182.76798615705655
182.76333117890783
182.63713845700343
182.60952726893885
183.8369159216118
182.6509138120761
186.29857629739877
186.2979399912855
188.71778029915913
191.17838842569205
188.72169306867642
187.5181130972893
186.29825790070885
185.18129773188554
187.5475887527786
187.54059944434732
186.2569421481782
185.05818945616937
181.44335576297414
184.99376935640407
187.75463165205997
186.4969311409297
185.30795571416905
184.11410968552894
183.01016457102773
181.79538120889669
177.6308161760926
174.08679619515578
172.83503814829464
174.01472577793436
177.64872537270116
178.85859722763638
174.0006701742548
174.0440844367423
174.0552459389799
172.8103677461015
171.66523391812666
171.65630340888683
176.53424658447102
176.50184451866755
177.6622934605538
180.02820745645192
182.39415066467456
187.224738441402
188.42195945089554
184.78561404542717
181.11583884848898
183.4320782767344
183.38609771468265
183.56378841642226
187.21452265944833
184.7655916588226
185.91066027895315
182.27283524441873
177.41958383575638
177.43815451887795
183.22530699364802
184.4718805641939
180.81220685812636
179.62900838744946
175.97955038888162
175.94482090329473
179.5114824090516
178.31004319478936
174.67830089140597
175.8925780958838
173.48823906235197
177.12378822964212
175.9405688765383
178.37395123103317
177.16305308688297
176.17653796872804
178.62183631855328
181.0398386728991
183.42124183556348
182.20742968593277
182.23273495986075
181.02386701443652
182.2503609097127
177.4476487358648
177.46297313000534
176.31742108889242
172.655048624945
173.82259747873167
177.4659677767868
177.5301623634935
175.1298811589017
171.49081724711905
170.25657628932225
169.0439328299718
175.10050271971625
175.09941712725356
173.66321234294819
168.8191078104419
168.81247871953167
168.86028626933654
170.08300515983208
173.73486303242584
167.65938407015017
164.19967975506887
167.855557008353
167.86760185662922
166.60979020305092
160.63141461627163
159.43484768372258
161.7275368681883
167.78482325306902
169.00284858463277
171.36521372983012
170.16312894703435
168.90317183341074
169.90122246395106
169.93537044099554
171.14286668314327
172.36410259311475
167.5137927830528
169.93450579039134
165.0666943024911
161.50210409423934
165.04188947108867
165.0115054222907
164.92141176221566
167.366744677368
168.61294655934495
171.22458250071793
168.80360168259966
168.84136997613015
165.1617352575745
163.9500334375142
161.50006245612997
160.42533458864494
159.19272651169865
165.21579726608496
166.4676573398918
167.70533026240267
167.7110804329974
165.28713053058163
165.30414059525518
160.40938480750327
159.19893558146364
162.86411652465995
162.65375254066132
166.3388794437404
166.4231049341077
163.9616875426623
159.08619837689957
157.84850410884633
159.08611236585193
160.29465706378807
160.26409103957621
160.32420643082443
160.3297518368416
159.1050039270688
159.18159508383286
162.82529154718102
159.1825333981655
160.26108737685698
160.27064115582763
161.485021515169
161.5194521383218
163.85918258031052
163.8881588015151
163.9611536796034
166.4403388711537
170.11101949912717
166.46966218961333
170.1138794823013
170.14289055087218
170.19275006061577
167.54353341462826
167.74261355805098
166.49114312048158
169.02022215629657
171.4426096437724
171.42852354827255
171.43650427350707
170.2491343675585
172.89328183683097
170.37099353497877
169.1314857906339
171.4955231286226
166.64847297569497
169.11809963534873
174.01269789617982
173.94853567920023
176.35160441670882
176.34430409003397
172.69779004787864
171.68313294639086
169.14569691321142
169.1246562217022
166.69862255647664
163.09814622003952
164.21805181426416
160.55424329136653
161.78258790104096
164.21361973695383
170.4109957224127
171.63161038857348
171.5844944235179
171.6201756987743
172.76490453524588
175.16747971225922
175.19573925411623
172.65555843396405
173.91951860545612
171.5479731073302
167.91697963699536
170.42479714836574
172.79614311040544
169.13121673004474
171.59439356118725
171.61174174537203
170.38699777547578
169.19592065788234
170.4087382500853
172.91504183668258
176.55021856024626
177.75877426872364
181.42122400644678
183.79895195560874
183.81167700748978
180.41528752284808
181.6267628759765
179.23670791408148
179.2677953833716
176.76866014149604
175.60699305137277
179.19270848539935
176.82359166812472
180.38126995736047
179.16355435230867
180.50943475020586
179.30842524155446
178.04252299100418
176.83278783061735
175.59086813691306
175.62258685518162
174.38918119579844
175.60365446246988
170.76308211713393
171.99472782457576
170.7744949519232
173.1991699301061
171.91157912894477
167.1009781527332
170.81071033757166
169.3630939253
166.91179997152415
166.6787383515221
170.2672621639556
171.48402046509273
170.25881725191852
171.49314014337762
172.65630814399228
177.49613813580555
176.29550623925198
172.66347696669627
172.47072365586072
170.05640990551746
172.4869789191782
168.83433175044044
167.59216483027836
166.38087829552194
166.70415576532812
165.52644624686397
165.37350650482347
165.37717329557708
164.60028694553617
163.1631895967973
165.32631732103357
167.7866689384613
170.16863303262568
170.2758582506679
170.38581698072906
167.99794041979857
174.27269990348228
176.73434915262624
182.4607327906934
178.69637260861586
178.37060035480516
174.4962687767723
175.71048653235226
177.0686131567559
180.6706295098087
180.75918776684432
177.20059644154605
173.75823332041142
172.5164157228042
173.718394941525
172.52042647037467
173.6175470632357
173.6336014703115
172.43115430754176
172.41771849915716
174.74561670574542
174.73836153119333
171.05935783206905
169.86022661984038
173.4216077910558
174.66499088856224
174.69734810452832
177.05865863227535
179.47121069812533
178.302922100064
178.23020151367308
179.40121129914007
181.87397225249785
185.58994933224133
185.63009850052953
186.99259881899758
188.0985829513309
188.11128501267876
186.90864019491613
185.5883580415183
183.10109705875735
181.86930399582258
179.45392131235593
174.81226803114123
176.049130489452
173.70500876681822
172.49522347321587
173.66092217156626
172.45873966088556
172.2409925455749
175.93174012845176
169.91425081000477
169.94741184222764
168.8313001789047
160.57525964150392
160.53754327478157
160.57068612772622
161.88223269272515
160.74831931743233
161.84331518113777
164.20288272970663
170.27521850084526
171.4834502952214
170.29178631773425
170.27769811787059
170.3002141006088
169.10587246283387
170.33330795030375
169.1039829837806
171.51156280005281
172.7280660039566
173.93925743856101
177.59674729470316
174.00643387941167
175.23583478301018
177.67430071163443
177.65137517732094
181.18064501591
177.57737239401595
175.18225730064427
172.65840772706136
169.04248278392018
169.07890103548726
167.85153123636601
166.5584536408336
167.77944200487053
166.5904093339153
167.78304933124292
170.21338303967434
167.80068023712911
165.3761587805276
167.89125560380845
167.91450145961727
167.90913832499723
164.30446742021306
172.92992443801572
171.69122894062036
170.48252937357438
175.29367645956177
175.28997580453927
176.39981043607165
182.53100620233718
183.7333763921556
187.26932603842226
189.71552823579424
188.49081369879423
189.69400152440477
187.34303844716914
190.9673863396324
189.68606616977686
191.01603004931746
186.15155466355236
186.17084651997385
191.0330083709666
193.44305286675964
192.2354388922602
190.99251692484037
187.25428069643408
183.65727259359093
183.65662190605633
183.65661609343312
183.65242288005072
182.5111029972425
183.73448721006753
182.5559931685765
180.21248720323257
182.65751506909368
181.43462116176357
177.86553940642864
175.44644498005044
174.21284129543167
174.10396727954554
175.31654992717176
174.07446042440137
172.96346176868488
172.97712589005175
173.026200917005
177.93360491643728
175.52565167579002
180.34564465027103
176.72798973269607
178.0039073542773
181.58103077772927
179.25750332836463
175.6644969406522
176.81878233583922
175.59915549795323
173.22381025737116
175.60139320191792
174.38553684847767
175.55714008172964
177.99837614594176
179.21629902832674
180.42781142227045
179.19947403181703
177.98575357064448
171.9315469637592
171.95467769460583
169.50979072297645
173.1698078935311
177.98195696603744
177.9779261448181
177.97324745233996
176.6630774753085
184.05345459440326
182.84701588317623
185.18341722074393
186.37130074693812
184.93171463366855
186.23010436513752
192.34390479499524
196.1063817018728
189.9481891274462
191.16222878253296
193.58934866071667
193.52006295207855
191.05910257392046
193.45638617955564
192.56226935415384
192.55393966201433
192.5466891551188
197.30656110875816
194.88769512339866
197.21819934152353
198.37749556337081
198.4007588118917
194.7713902736741
193.77033249205843
192.5494584316645
190.09542173255065
190.07856315215537
188.86357835194644
194.7517444593784
195.94555852286072
195.8302869215541
194.61568557578667
192.18806591904723
190.9865021052608
191.96384234244468
188.35154705179121
189.55541186465842
191.99237445429404
189.4537835514547
185.8610848895175
188.2837820169509
185.8687243315003
181.0389995971461
178.63153996971062
181.04876400878453
182.26332728604234
187.116602020601
184.7036708404957
181.06844830337548
184.67767385354728
183.4643993488732
183.4557297762207
184.6753672338925
184.67343000386506
183.45554285086297
179.81752913257313
182.22171215738075
184.51641256086913
185.72755444456095
185.7571791454489
189.39387955012856
191.92027804256963
190.71834715697943
194.34527772356478
192.11218734879287
189.70314276397858
192.11134970232757
193.4579023605586
191.0407572823025
192.24711641910312
195.61638424818022
195.65462083008015
198.06011646424176
195.66600392927518
194.44084435187776
195.77129283008804
199.1750642196223
196.76871607615396
195.78770117659093
193.3698228169602
195.7304975574723
194.49599876397417
196.84883258759032
202.94001715592373
202.89591980563944
204.10946834745556
201.63326596291535
199.2428306273516
204.05626896283925
204.10852942927235
202.79655534494438
200.3131551813209
197.92923096466487
201.4858733545579
200.2437350462364
202.73707966579303
208.80706816278064
206.6081810650855
205.38712588935073
204.16963527176674
205.3646140797485
207.6407398070341
211.22473074346132
206.3203990865574
207.30492041027046
207.30226360509192
209.68395005407487
206.08503128805563
207.50656453702157
205.0827014391378
202.649883725164
203.88779829882753
206.28587756915456
205.33085679016207
205.58740169580753
210.37866059302195
205.5333386043573
204.2912770073277
200.70063011909812
200.64426206022318
200.65995505942823
197.05494899263556
192.2254494797688
190.98801960486745
193.36552224599637
192.08261100038703
189.70732875749388
187.28624184539407
184.94298100930314
183.7178449986477
182.500149994685
178.86545272688795
180.06144596175923
178.84971642119856
176.42969678473736
177.6503567230127
180.08181157365527
180.10597422449615
180.10629655220447
180.13327291083817
183.7321705449047
180.11580421377613
177.5661864144073
177.54938212138433
180.0153947594289
181.16686874463136
179.91276005074863
183.55894931087903
183.57138674325083
186.07107564935126
182.40302224885482
182.4074956465641
184.82549892903603
183.62902689654464
181.33493821893606
181.33202895199605
180.1112663695054
180.08830424120245
176.44622459303585
172.80854527971735
174.00775494582885
172.85843569277907
171.64002234735767
174.1072327779991
174.05427797286154
175.2480596206424
176.41174478451023
178.8657251121609
183.59005614987092
184.93435228903968
186.11783816063434
182.38326893923795
181.1441056444851
179.93983594933957
181.1866180520792
178.77243508934382
176.3618904472462
176.31357906522987
176.32105795074955
173.88270621560113
173.90188687200356
175.12183190641525
170.27771061993002
172.6997468279853
177.58420242886615
178.77625215887684
180.04837106144862
178.7962979449557
181.20352396510773
183.78488606187702
181.37143005166104
181.3670823217903
182.59197672036947
186.19029689201602
186.23133513398471
187.45810715176202
186.24606132471257
186.102887794435
189.73192181660323
193.39172722197318
194.62039303062272
198.24426595912433
199.22712009996033
200.42863661442078
208.82722531316222
210.1476417134628
207.69495223827082
205.23805510323848
208.87999916251283
206.46980423470313
202.7981252589175
203.9748254985455
202.45220244604428
205.89435885788748
204.72740013150147
202.4523660218853
202.41206484135148
202.39281469775088
203.6608860236994
203.7294750752444
203.6603030969985
203.66939023890217
198.79987942447184
198.73941706151487
197.7662223638662
196.26870962717663
196.26451775448584
198.80555579019847
196.3957455561409
201.25923475832855
195.21386527846113
191.5810895740739
192.77202535005
192.68930637855624
187.8537455410492
187.90988539496527
189.2439334953524
191.66951314153116
194.11502575567738
192.9987012661216
190.59826999549756
195.48528949944705
193.04518774010845
193.02005999186878
190.50908328585462
185.62353191511966
185.62234241590448
183.19191393706114
184.4406106946323
183.21949193543742
183.10600155598593
183.35750626425454
183.35400649538528
184.76050909488822
185.75646473895472
185.52372178717923
187.8639198482402
183.1609747469152
183.15727715635867
185.5592820896494
186.79093595899434
190.35816408921818
187.93881442139207
187.95613324797938
188.9645479844718
190.13097973986396
186.49600699666868
186.68597932427593
183.04854100167057
175.68485553239702
181.80097961316852
182.8860535671575
181.67566270529062
180.51542266659402
176.8711528836638
176.87208365486885
173.2298012110631
172.9920060111089
174.22247243425778
175.45289594046915
177.87774145056267
176.66838522007203
177.88142436951836
176.68402852086052
174.48163176871623
174.45591747530653
174.51142174476286
173.21857901293484
175.6288189465061
175.52615257345116
178.07646815156116
173.26757491728785
173.265266504964
172.04399344099824
174.55854558912768
177.09884402816547
174.76839251652444
171.31693838403385
173.75506154744238
176.14390573262165
177.42234384189965
178.51064302949118
180.9405068166139
183.35288941703047
182.0610019964775
184.45687308859675
185.69808445422584
189.2429283536581
194.07199102780388
191.64714878404112
190.43916002906826
194.02318127950338
193.04523369029158
193.0699024754257
188.21264067028494
188.34284053160826
187.1174810066663
188.26649534351094
189.48071177425803
190.70120153657933
193.11651852501672
187.0905388200314
184.64678730979108
183.39436056457805
180.99073255144867
178.69970356648432
177.47519182689888
178.72737864607248
181.15915787578285
182.26201774394153
181.0222902068681
178.80814954506138
180.0734980225403
178.81838833103382
181.28643637932777
182.4942345794576
184.91503634449253
188.66151335004693
193.48407317007616
191.06799965711394
189.91085363660204
188.71761536356058
188.7444239978131
186.34248393421203
191.15114953498622
192.31955402193444
194.73215753715272
191.0350709183475
192.19838768617836
189.76443334665663
189.81961526645014
191.04042198700998
189.88548907337793
189.8487437325396
187.59686122779883
185.15190775284606
186.22298842723592
185.0448967587407
181.45455631377587
183.9209355571553
181.53915894633792
177.90074550669118
180.29022755410645
179.0587156430176
179.07409185842317
179.0901000518934
182.69627874906686
179.0335642315499
179.0024814586365
178.95008728166732
178.92298946717926
179.063771292615
177.87327920411775
176.6416483007084
178.99446764775757
178.98874435122158
177.7525545917278
171.68788897031678
169.21116878573403
170.43762921989088
168.00625715461564
169.1963181542247
167.9887225713357
163.11933846675424
167.98670542625268
172.82312698505473
171.63275845641763
172.881157864904
171.5315766003774
172.8545394828369
175.292819057666
176.50953044752941
180.14347307770447
183.75191214692381
184.9517768828974
184.93765269564182
183.74700034008862
181.33332315255655
182.511311651914
184.92975932591332
183.71678971867073
182.48112038319204
182.48217463055144
184.75509927363944
185.95751023956046
192.01642461256432
187.05344376456878
187.06294318532792
183.48481874562182
184.66257405892304
184.65264855813606
185.83297188855457
183.40418893063418
180.9765589624607
179.79103332757737
177.33214787408758
171.29112054672981
172.5044001094102
171.32382159240086
170.1029706855873
174.94450155745506
174.83825785148696
173.57802862151794
172.32045093312203
177.22650552390928
177.17803913402082
179.61966930546853
177.25682271711884
175.0275476351884
176.25231292548526
178.57266734826896
177.4183719763917
176.25596300522582
177.41265686211258
178.63761531111322
181.11264539723788
177.5170165379268
178.6738525653755
178.59672583362328
179.91500363274233
178.6605577001892
179.8704236678177
181.0867801178423
175.05258084399492
176.35729031158087
178.74953308691565
176.30481029912377
172.58552128409957
173.77993906640842
174.98777043664052
172.54750559185732
171.22953999979472
172.43991942313693
172.70255968121427
169.09411762037672
170.3249345117346
172.75654617457906
176.52284416062997
177.75686442262844
177.7368055643709
173.98784011786177
177.57509256481674
177.59430896865163
178.8352399950382
181.26652695805728
183.4624324078611
182.28432103238083
183.47747987395337
179.8181220004788
179.78505468128964
179.80287137542143
181.02313516966942
176.15832763603316
173.72861717969823
167.7174557779203
170.05202661173223
166.4422667914967
171.2637702997149
172.3949361275387
169.9326917762213
172.45228627554445
170.12086454065684
173.8019256810049
171.57222931779683
171.55643854862103
169.13119347671977
170.3301241668371
171.48452121392728
170.24301470970929
172.6843111016791
175.12482709495015
171.49427759052656
172.47603952252058
171.29339839572782
166.31349133612466
167.4543512909544
166.23733624390232
166.3174081072451
166.28351663290968
165.0828695809017
168.8112724050293
173.57217993864225
172.3510444055454
169.9428992395552
171.04741597653722
170.91978216174158
172.15565213754843
168.4661579838634
170.88374798678478
172.37049279172797
172.36850236460828
167.5229060199565
168.73672985062905
170.09088042862288
166.53768127889157
171.34068332865468
171.35153240103276
172.80387779801333
175.2123331128723
180.4947846934878
178.04393158720939
176.96146003047755
174.52364343127672
175.75072868700312
176.9417095084488
174.41916698101025
176.8603786178337
178.0413265393774
176.85508347897456
175.72261464012146
175.66232668944457
172.01050636372187
170.8179259949149
168.39338022857007
165.73035125259045
165.6346237535601
166.87467680108108
165.66022258458693
168.05851121266616
168.0159728962055
169.25411434734073
166.814909563261
169.30007990620305
166.9124614450286
169.3783820996595
170.7290455322208
174.33841305826985
174.39116210256384
174.36482658281716
177.99665488287542
178.0063980331691
181.75291242694897
182.94420880222998
183.8433630115171
181.38019972945415
178.95700541999003
176.63704776814086
181.18900708198674
180.06958344692504
177.45111930677925
171.4028583304235
168.96695928618564
169.0931077131849
167.81847559055427
172.68328230901804
176.33943848243825
176.3519350088635
173.86872345403884
175.015917361243
175.015917361243
173.7896748640561
173.9943429344982
172.92461015182215
172.78269657072357
171.5106168898952
172.71980646951965
173.9552079800075
171.55178061006046
169.03219370688993
167.76501217925863
166.55461580307156
165.32375065140468
168.97789517713915
170.02547908992182
173.71477944629225
176.15590939543097
176.3020078767331
177.49359087925725
179.9280204786732
178.72874552760186
177.37287423053186
174.94289795243873
182.1328953374306
176.13935623529562
179.7382630652196
178.5641713897037
179.84038612920145
182.26361222852154
184.61200122959696
185.95404815174956
187.26807428457047
183.5113931203474
189.60553020303195
188.39312712982527
188.37821498446516
187.17985094946928
189.55399394499727
189.55399394499727
187.1716553238415
187.1579366497115
183.54025659498257
187.22114380490223
185.98710746346433
189.56962638840406
187.1519763441308
190.47382535681533
188.2881383749028
189.46254013836233
187.0563267660864
183.38725822306367
180.94707599580647
183.39241940857573
180.9105420514744
179.7344793719604
181.03060407793197
179.83122218662456
183.4592033644933
184.71116771313717
182.12463582023048
184.58834343979615
181.21705799194893
180.01788061222925
180.00031856310272
176.31189881561517
178.69131075130878
172.50963070761742
170.0950279042866
170.3593182617219
170.27293547653
172.72724663120027
170.37219664190866
170.62231097898479
173.05813448860673
174.37924807833923
181.73653268125037
181.77645869831906
182.95177774229813
182.96503866988243
178.16393972087025
175.57644966220084
179.25447192900242
179.3305107746291
179.28134436551812
175.6569815257377
174.42234507625963
174.34567518220038
174.28496958085248
175.56333153418194
179.06409902741038
181.48498574461718
178.07850264591943
182.9530116560188
184.2106997189585
188.99687775946887
190.25143840433233
191.4495008471958
193.76559595829315
192.35938932099748
191.15320727441184
191.0571468115905
190.87076328194564
192.06917124265954
192.2896498042993
198.32661566477321
198.2751318455385
200.6341744158085
197.05903849795877
195.85201688329585
198.29012413481726
199.4847281710429
205.49980526914226
205.509918469525
203.08085413545194
200.71179547443037
198.26838395409214
193.45322929617367
194.69151991301817
192.23534999688357
188.7204409346674
187.1105363394133
189.53803560336735
190.72832886156658
186.95955277747922
189.3723865256473
186.9347747765682
191.7817022217312
194.14410992323042
197.78781864682452
200.2595790111551
196.62389645913413
197.8101244287492
200.23001445604646
206.3021442852408
206.3262450223296
208.7454519146625
208.7735618268183
209.96422784855218
211.15164391760203
215.9964245173336
217.22094108796082
213.5730785365133
216.0374926117865
214.82187690230063
213.6340626810724
213.69683611834222
213.64298603249898
213.5575195733205
212.58977005755872
212.60575819993312
213.6595336322451
206.426000342612
205.20212951697295
207.6159709023588
211.2505300354529
207.36873596797375
210.96135804628003
214.58961526647107
215.70100802233787
211.86866757383814
210.75623776061516
214.39003765296945
210.83107260881553
210.83257931660876
209.78733889540445
207.35071840574614
206.36574576964006
208.9832501244354
207.7544945818715
206.5640541675509
208.98603350374594
210.17387911229125
214.6811921775403
212.21691477446225
210.99338768420427
213.39634591083646
214.68986049769157
213.47439715174235
212.05055338910506
215.6467209965818
214.71317836025594
215.91183552153808
215.9518860879683
211.1425899289751
213.58714770282668
217.33205600468034
210.07764100773528
210.04936233662434
206.51040841139047
208.92423254664797
210.07260136551804
206.46484080896383
210.04265101705295
208.84844864010483
205.23771116041357
203.99508559756822
202.83555718048493
202.8384946313728
196.65424314843807
197.62178497797396
199.94258019470632
198.9858854933289
201.45974164597993
205.10749275895108
197.93215919325323
198.9791789503344
198.97585310292357
200.21720107189304
203.91040596402115
203.84813143983507
205.042544870296
205.0319075192524
204.05052306553716
202.8515679325899
204.04374004755857
206.4374937438104
203.03173449989993
204.21765414178105
200.72807868714406
198.29258752119648
197.09726118598422
197.1310785022382
199.5639032825752
197.19639147700127
194.7699663988958
201.92346777803374
205.50867158894474
206.7610479977427
205.67836587923435
205.70003310039527
199.70135015937035
199.6460361748227
199.6632509694404
199.84573351532129
201.03232883448027
201.0093957197069
202.20930639337325
199.73304403552098
198.5412519592668
197.36242180216766
198.56315802478832
200.96702945607868
202.12192858315876
202.0895424813702
208.11146246634232
208.21086338062426
208.31513784991762
209.51385073559473
208.30073032902317
213.16989760940808
217.97421815990822
220.29794064486794
217.84356454038254
214.19450363287262
217.82128293122793
216.62296763653106
215.38964076689268
214.17515748831545
210.5602863885048
206.91980943490685
209.30804240621254
208.04185206165374
210.51698334043795
212.92355564169418
206.8674369311889
209.27293940707136
210.48426729452171
206.87024303725048
202.0159999600369
200.8058431264894
196.0428238907427
197.25861355348508
198.4897169569652
197.2457390775297
193.617875723076
196.08861910485325
202.1723288490927
205.66150300659606
210.49328851006567
209.2979315299383
208.09766595768986
211.7427129907233
211.82167456598535
210.73117841346826
209.54373480627618
204.65744692792418
202.2837220579142
202.31186945546258
205.91580942742488
204.6370613389675
200.96719860296236
203.35705682518795
202.02015625493493
201.88420852351524
203.1308574807642
201.9191718133527
201.8971988801399
205.53186888947806
207.7799825016662
205.37688923642597
206.5599148608141
202.97641921421996
202.97165655869082
202.97403020906435
205.31321260295996
207.68550613826716
206.46339209174795
206.41912523989316
205.20709447620047
202.808180623996
208.80741689817035
205.19118638225126
208.8794099784394
205.2151908690806
206.37515949077334
206.38703190408432
207.57005648464852
205.30786447938394
206.49760056988305
205.22931570767963
204.04444031672034
202.81988974850407
200.4507101664977
200.4748996930166
202.9517926406511
201.60593897088893
201.58736239208162
201.6130988726831
202.84348084859784
208.87470526989517
205.1307484652528
207.54341029117825
207.53710016097352
208.70718070285167
211.0160627221539
209.7941984626423
207.42026906953913
207.38166042889878
209.7240125348927
208.55620124240767
207.34225051862654
208.5568867152791
208.5793478397432
200.08857971893002
198.83084801950844
198.5989291005148
201.04260547313484
202.32455935225877
202.4455055305645
200.0223331022592
202.41093496974634
201.1298219360187
199.9012836824374
199.049113800297
204.17899026032114
207.8084157351192
205.31070638836476
212.52792370738786
208.9014934050448
206.6105951050202
208.7701020440099
206.25956323705975
202.72572473631791
202.71326215396738
199.1785438908618
199.21288127693964
197.99876325257213
202.79762877268155
205.26371426350892
200.42171437730372
199.20972137767527
201.5764425013488
204.05129693468612
206.3750081228619
207.61556370626658
205.2043637268863
206.38872535252395
204.02831524357734
199.21024070192266
196.87040318602817
195.67385423065747
192.01869197654258
190.80364970772166
190.68835338652104
187.09796107863355
189.55796989891428
187.10192824707582
190.79239728486692
192.0936499803061
192.09939569651038
192.02761908142207
192.03862298234776
190.74759760825972
187.19267221164927
187.20002960077522
192.01691857921418
192.21035410263264
195.87189086691325
195.8706055046105
202.14611668956377
200.96887555553525
199.7538173101671
203.4041496959748
200.98363168437703
202.18708786229297
201.03248454666996
198.63080742479474
196.23797200628454
193.7913084556942
197.48538860640838
198.64771284593598
199.87768454221225
202.35383558150141
199.97106013442902
202.33630741492016
205.96582045052511
205.95223821287095
207.15848753198736
203.58739497403258
206.20265814591392
207.34425822515482
212.13138115742132
212.20605319130976
208.57450250807784
208.59671644496632
206.24706262010807
209.830289816445
212.24819580336606
212.01913717354222
209.73542661838655
208.51314398745484
208.56853839300362
212.10685105316446
207.2342476975474
207.2340752306121
202.27440599657922
204.70606771502486
205.8911702793009
204.66302957212125
202.24680782592344
199.79201539342182
202.21782507869403
204.42813159421706
200.88196149824594
200.86617933223005
206.84991182806527
209.28037636837794
213.96735844117953
212.75192863522676
209.13832104329754
210.37343644855383
207.86818289238676
210.32651213634938
210.3068443264958
211.60799593264633
211.61454729928428
215.3927022241792
216.58269478604709
216.7583204798354
214.41006473741766
214.3913558769524
216.71045927480412
214.3118436580732
216.7347246506393
217.9315043947692
221.5606737832419
222.78143166254875
222.7839561943224
223.78156261305065
221.6898821384741
220.43119901671514
218.0582360875622
214.41672108961097
215.68312094922635
210.77266965651742
207.0843528856263
205.82056357602104
200.96525274154342
202.2023686361548
202.26512855946496
198.59391722383543
199.7416609378855
199.40905863882725
196.9876455208331
194.50541603489765
195.86900580230486
198.30322748459372
195.86811721920103
194.65802322325072
194.407232740284
190.94976806530195
194.58671492625973
199.42622720870878
198.21981118802046
200.70946341760498
203.14723612530463
203.11552465893598
201.92574064440214
200.68562902027
199.47064137853602
201.87240354735428
201.8788790782664
200.67597972451665
199.46930963001495
200.62073659871407
204.2453674143887
204.24140690543146
205.50371867849648
209.13975275151665
206.74211657100773
211.54463422948334
215.19181677062303
211.52129410625292
209.09048738420282
210.25854147710518
211.48365791486106
213.92021764013236
219.93845340431443
219.92304518163402
216.3468170417553
218.7676549786987
221.12777414568646
223.535812939469
221.14727319965402
221.17261156156985
219.9576767416093
216.36530528035092
213.91767543526487
222.3583685406406
222.3259767074843
219.9211105017299
213.8822110580701
212.6724701415954
207.797533245237
207.80282121092566
204.14540210532158
204.08367550821055
202.90239458406683
206.45422073104947
206.56158670750574
208.9886755944397
207.78159417336315
210.4564015955592
201.90745118831933
203.1313130727347
199.74246672171262
200.90241343460633
203.26415119017815
196.04016621616768
193.63995908304088
193.87423366925609
191.44162388838873
191.1169588594626
191.1921985951864
194.88293680123076
197.28908947371008
200.93561853199782
198.4880587982429
200.92339117893783
195.98388585079232
193.5585277365272
194.8267648242211
190.8472623644721
192.09047403203147
194.4876389929496
198.24647610847808
194.6162406366131
194.63562632761574
196.9602807841962
198.12645189273093
195.71705636559537
193.3354326054643
195.69344795901839
198.10777852620058
197.95602439001757
201.5129080089375
205.13243278785563
207.6118489688035
207.63383557507902
209.94039071519245
207.76190562822688
206.67456372376859
206.65589961016872
200.55719220990852
199.33394614576747
198.12818621397628
202.93974987594197
205.34483271089886
205.38290354050713
201.774054981909
199.10479459555413
193.1586091078208
190.86640879295828
188.42052368731464
188.43270800007076
193.26755236091802
188.42494673022668
193.27349093169062
193.283394298259
193.2870160164529
197.84397205914718
197.83086007430626
