13296.299999054128
13231.487062807195
13156.531491721615
13098.440929638717
13039.303556394563
12979.746017818237
12921.674288607512
12862.113605844876
12805.179236323242
12760.15720156374
12714.62853264979
12678.3473018042
12658.441138196042
12629.748890203236
12580.193326655044
12551.6493242275
12510.174380001716
12490.8802151896
12459.099349088237
12434.192395573049
12404.685818507227
12383.671080470085
12358.901497712704
12346.263936550124
12331.52769096187
12310.330414594253
12297.904180087064
12285.081072911202
12263.386310998678
12250.335312193463
12248.02468416147
12228.718271756741
12223.164494696375
12215.654648860069
12205.043806547503
12181.655994978915
12179.89408254555
12164.366396479327
12164.189647430012
12158.104018899994
12163.270111099453
12151.14486195891
12140.635842200361
12130.830270605524
12120.807963683596
12112.121311382674
12111.675123704808
12113.880182288105
12112.777669624207
12091.137177650742
12089.70567115816
12088.225273184555
12078.672990975881
12078.139706016073
12071.029292728466
12067.645438335694
12058.53475559271
12059.199170160173
12056.57214292945
12046.943309949114
12040.95238420406
12044.328488377896
12037.639331580485
12033.16574550634
12036.413222429706
12037.95586777166
12028.259009240104
12020.235205222933
12024.288912570457
12025.779220236635
12043.188860673381
12041.800128237315
12046.96133245845
12052.64325779524
12051.236022531622
12049.536096811313
12048.206274161173
12054.448159526273
12045.86542687688
12056.934635075635
12066.161596106114
12064.162226414039
12053.44387973097
12048.84284325135
12041.868385235211
12035.820584340929
12032.003073238222
12028.210167164081
12020.313536658352
12022.0984807698
12028.671910334866
12018.625004087575
12010.329692262676
12001.47825236124
12008.283697771876
12016.625363640052
12013.192474281273
12019.44584161515
12027.75974131926
12018.122982236726
12016.169531309894
12012.121499272038
12023.158606868457
12031.267341760356
12039.779353202715
12026.116153740924
12025.44575094903
12022.892258683061
12027.276873956987
12019.963750969551
12018.52172830917
12026.697062732841
12014.64352415139
12020.675239789744
12032.883194831718
12036.270822839311
12033.188099302628
12032.53767907935
12024.275478691354
12021.182682359642
12028.915641515829
12024.482740333668
12034.029637487823
12030.21510360924
12031.396908529612
12023.35068434367
12026.22933064389
12015.773285158295
12004.21292380286
11998.666873872418
11989.811314624178
11988.253844947398
11992.567983715773
11993.450844472
11994.074031381395
11994.58360216287
11988.153595328524
12003.49819178971
12020.142234616993
12010.324781993404
12014.789757154722
12008.139455073615
12007.445938263943
12006.783051212273
11999.885578599715
12001.771780493935
11998.346892620677
12002.319381328867
12011.117713000518
12018.427428752795
12025.88845179873
12028.12029895856
12021.343752411343
12008.912355996063
12008.29906844621
12013.148748159052
12023.790067951777
12029.319289047284
12021.365272880696
12024.677878278588
12023.397506354788
12016.117947474417
12001.539907001561
11997.88819210645
11994.955035267067
11998.887190679667
11997.072437167182
12000.18602383862
11999.220746024204
12007.287153584544
11992.926680806806
11991.203267059122
11997.56170464687
12001.142825455638
12000.441862342048
12004.314212307107
12000.490008610566
12000.93891702778
12011.340559273707
12010.444893968575
12014.726301799976
12009.443853108976
12010.582291205697
12000.32518674856
11999.776478985814
11992.285274744558
11996.964294524612
11987.034873900773
12003.393961917773
12011.025541233257
12012.145653565944
12025.278665503905
12036.702552046472
12042.557478225786
12047.435468660366
12042.85257154109
12051.758772517242
12050.428497604793
12048.807208412398
12044.892508537701
12041.529915172665
12037.652686381236
12032.37705984346
12032.11940148341
12032.456556974745
12032.812193598069
12038.791403285877
12035.66286252688
12025.329778999338
12029.37413396036
12029.093046476353
12034.811484095582
12029.030946102965
12029.777100455474
12028.948597865941
12025.955350372344
12025.178389095136
12026.354963240432
12023.02769870581
12023.753233715219
12018.171230263799
12023.17338531831
12008.31478713722
12008.976726127457
12014.92639773256
12019.946415066963
12037.28434484499
12032.337188117766
12031.192191360393
12038.624817950578
12037.647109497884
12028.330656835002
12032.939052292428
12040.319400614564
12031.578197003098
12039.373835431232
12035.512277461094
12043.999143307234
12038.669638815678
12047.905371647817
12044.314060556319
12041.753019731308
12050.144773110387
12046.786871032915
12042.614349847201
12054.033208612953
12047.769566856718
12050.969181351482
12050.235107983193
12065.106072905899
12061.783010228337
12067.301783306924
12060.007350946737
12056.800117123033
12054.379466146966
12057.271383986365
12062.259212834133
12051.984326330941
12047.539164493566
12044.45486085819
12047.987799196071
12044.22414144188
12041.20911255823
12045.187593075174
12029.633585285344
12030.503330357815
12029.088233877068
12027.41764841902
12029.38806623368
12041.359829868969
12027.42112943095
12031.855298613244
12031.893355817676
12035.54867631004
12030.495909293686
12038.337268115563
12029.87354741064
12024.999924605923
12024.912483374163
12025.414145019433
12041.442117610823
12051.185483470203
12048.78973964791
12043.732268113668
12039.509449031662
12037.028857407899
12032.801516647844
12023.172041883416
12023.044843255506
12020.34899574957
12022.073096713873
12027.615449521269
12029.838478653382
12021.319042468485
12027.802990868227
12035.302197743225
12044.5393289807
12046.143117386859
12046.225231591634
12037.879634409306
12045.387157175977
12051.325635528077
12038.321287943745
12047.662378101968
12047.93551227404
12049.612697097105
12047.672156047576
12038.9707269096
12037.501299216561
12042.304421907567
12045.2791807133
12051.042160184463
12052.944684385242
12044.833140661322
12040.599222916138
12047.453168554139
12040.9404543635
12044.665823942352
12044.57575046747
12050.204092107258
12052.557319510981
12054.111092313029
12053.26957192443
12051.06183932142
12049.398270209287
12045.324444010166
12052.657957573581
12052.508559643155
12054.66066823925
12054.773176974395
12056.588498125231
12053.339876995331
12050.555021782555
12040.38492750706
12033.566990460253
12033.267569556305
12037.470170071301
12050.353014662296
12053.070725454425
12052.383329743496
12043.868418529233
12051.24178671728
12044.322144070115
12039.785648393978
12041.981001775051
12048.212662894963
12056.272532979307
12049.884948237785
12046.406146910518
12048.983850168273
12057.989131829137
12074.335975508482
12065.631443187729
12059.973219673495
12050.5976205872
12051.532094273662
12055.688564087093
12060.488273134799
12059.788496021
12063.260203806462
12075.366098882252
12067.445433624129
12062.30592196035
12057.890485699081
12054.275433298257
12041.774767423922
12037.002118503427
12025.02458472706
12023.415622914066
12029.726212881564
12017.445075758797
12021.7640097828
12029.358140632394
12028.871974312271
12027.346876635089
12028.943564146166
12037.687102704453
12042.860032776069
12048.841497854048
12055.212250178887
12047.925612367791
12042.220680996656
12044.838115380051
12033.827587107438
12024.83332346894
12027.634939250278
12025.804946612694
12019.173542202974
12021.913592511639
12015.518986766096
12017.859858811096
12022.241389449668
12021.91663798655
12039.4267496437
12040.597284656742
12039.267131250377
12032.81734419298
12043.436458159522
12029.14211154245
12028.516824710312
12039.859647271802
12027.164699626923
12031.116375584219
12031.91779280299
12034.431660399185
12030.089097601527
12022.805702594684
12021.714977296799
12021.31876515954
12029.188945352265
12026.921815356149
12022.82802829262
12022.237474368398
12020.391405225899
12022.27271348564
12022.30602786538
12020.52877575756
12011.946160951255
12007.702055624966
11995.489889174405
11983.120010388226
11975.130304083199
11976.761169791254
11976.447987463973
11980.581840240367
11978.341547625276
11981.877549002402
11972.155918929784
11987.833893560812
12000.106869497497
12010.222038367707
12012.158239020646
12011.912285048711
12015.756730973451
12008.871557669401
12008.365598568154
11991.62566334859
11993.970758492342
11990.570537380829
12000.25948676762
12012.414283442537
12000.05855250618
12001.939479994224
12006.345700583786
12005.096666307134
12007.958011625899
12017.200661296976
12017.510083935946
12023.977249075258
12012.737693361298
12008.949891917702
12000.506371335385
12008.138627653461
12005.299392284734
12001.24554503069
11995.272969401824
11997.602616511303
11988.289004463277
11988.72551982461
11983.993766841242
11988.801778695735
11988.43165336512
11987.75178577469
11978.532513290304
11977.00907162862
11985.781656206847
11983.655607918945
11980.669288838682
11985.367345102171
11984.366742740825
11984.679404540282
11979.752469566502
11985.471660064099
12000.233231241888
12009.405393205832
12011.459141318675
12010.144868663077
12029.315736261105
12023.778699780029
12020.202861189162
12015.288743703113
12019.234697183518
12024.164930920018
12015.631395402335
12011.419251561398
12010.136807357532
12011.57074681347
12019.0131708047
12017.789280046214
12004.7653076232
12018.408639039731
12017.943201988186
12023.78907549709
12021.647546020286
12024.518510918382
12014.835765901858
12002.446662414866
12007.347653968673
12016.08790138381
12013.417461325662
12013.633775823195
12005.563263843702
12005.60057350276
12013.010242890998
12009.41485157809
12002.720748362206
12012.248627199726
12014.492955498454
12005.988601702626
12014.729722877972
12018.556532782479
12012.526599582488
12021.438068622265
12020.188635616585
12020.57391154538
12005.574960148799
12008.183674906591
12009.643928003947
12016.216727580271
12012.635966770564
12015.24486912605
12019.330311638234
12016.800363480486
12021.323728926387
12011.02574846037
12009.47160600005
12018.957012383564
12017.129034055964
12025.90436169082
12009.509495591483
12001.446718258698
11987.249693103115
11995.944787599818
11993.341557549735
12000.41317223219
11998.842361276133
12000.352704554774
12008.248325383729
12010.800162800371
12014.172204576513
12025.697995871906
12020.299789072356
12016.465696622472
12023.731130027145
12013.392100870215
12019.122106711888
12020.216947038138
12023.75573191677
12020.239405041168
12008.650160961959
12009.320126343206
12008.564000273542
12023.371825981252
12025.57383671499
12039.132789616287
12037.513471214963
12040.259758203189
12046.034495313255
12048.852924048982
12045.091107836464
12044.766018866896
12042.931119808649
12042.512141808196
12032.61838560794
12026.133930672466
12024.06922818641
12025.07735868457
12025.26617291649
12018.976658556243
12030.65727984269
12031.436535425099
12038.490760834335
12050.476244365345
12044.924437227957
12053.04216824612
12050.259875109088
12049.334686196784
12052.062582100716
12053.011100697786
12057.918285121857
12069.39894102079
12064.484063637181
12054.260615438303
12036.585594806082
12021.843197990274
12011.483925580485
12015.60852996338
12025.199872130692
12035.162338061291
12032.171610599791
12023.165888294501
12007.795235135216
12016.463438383711
12007.389202882312
11989.715901665124
11998.08680511053
11987.650456217563
11977.260338121992
11964.32205656494
11954.36075976387
11958.772943780548
11964.94066909868
11953.344189270778
11954.016891172148
11960.02123814409
11957.299959095395
11966.281109057638
11961.085813245892
11958.351030560412
11971.589149966083
11985.869811241562
11985.671689686145
11982.193187063669
11981.185326055527
11989.211209740493
11978.9276330635
11979.247503863178
11987.829079519901
11978.933630026433
11975.466004517259
11976.77443685503
11987.057213689055
11991.119460334503
11994.596593536757
11985.047630857072
11981.884179843782
11978.043581093438
11982.06249040976
11974.722207438987
11996.493385819718
11992.938958847815
12003.830737835304
12005.032347405628
11993.511758336379
11984.45591173329
11981.587045204426
11986.856571925495
11999.73827583191
11999.74062428703
11999.496724368742
11994.0801722238
11992.355816067218
11991.135024987427
11997.41657171192
11978.054393976388
11982.328277010998
11984.839765394567
11977.783744816323
11976.253352816208
11969.909281278247
11976.628386849756
11977.670537458882
11978.902610620362
11976.106629689992
11981.461268437326
11987.300733582644
11981.601896158736
11988.11394658577
11983.996629755999
11987.859288047006
11994.10128088799
11990.157359656252
12000.559768112656
12002.67747045093
12004.171566328201
12008.083780648765
12005.159204120846
12010.652488309477
12007.255986018501
12005.643046610272
12007.448173321442
12010.874188120226
12010.158492099565
12017.75649268726
12016.759249752551
12011.21289422925
12010.072258880531
11987.235422414433
11989.572522663731
11995.870067584254
12000.5886360589
12004.988856951364
12001.279301668623
12008.724740576985
11998.474096934206
11990.357503927738
11985.106506863312
11979.787471890033
11983.425574176286
11978.413324255434
11978.32194583749
11976.893558800835
11976.585596002084
11974.718584188664
11986.218591864905
11985.558029828066
11992.252776349656
11985.191732288935
11977.894133033427
11969.733955998843
11963.835184734558
11959.19503705659
11956.578735486668
11946.383363086517
11945.39603251676
11940.324694964984
11945.444461269788
11946.712726912523
11956.871925911166
11966.429369917194
11967.344215678564
11984.668661977059
11990.176740433433
11990.811550684404
11996.485420979467
11998.723818719518
11998.773586817391
11998.899408962407
11996.160695742095
11996.509267637473
12002.764473218118
12001.411571819124
12002.564460536409
12006.394397056476
11998.984689178993
11993.822753664812
11984.052819950819
12006.370945820276
12001.93166842265
11996.865947898317
11987.69821315241
11981.707213542402
11977.702041725202
11977.042575667936
11981.347576604458
11989.16542953394
12006.935443047027
12012.305156487946
12001.77607492852
12010.30546928581
11999.312019155841
11991.615576699827
11996.643101765365
12001.381570319734
11991.944241084075
11991.058659893322
11997.667010823947
11997.867876111477
11994.456020439116
11998.526950674073
12012.298626865086
12017.777317109478
12008.990111726962
12015.622570108535
12012.763400490465
12009.21416237676
12013.528136357894
12013.444924945794
12011.155419346082
12007.710561932183
11998.50007126639
12000.967791461047
12002.832431073708
11989.298481694323
11986.895160743938
11978.40994502965
11976.481032176678
11972.680830056654
11969.604025838607
11966.497763311523
11969.738345129466
11977.093648430804
11984.742758634333
11987.694965791721
11991.462348889087
11986.468229513684
11999.410049096412
12001.840913315851
11996.031365648145
11996.109308095063
11993.07792405385
11995.075426016228
11978.855735115116
11986.461284042578
11989.34561616251
12000.78399326473
12007.28481001288
12004.615355531405
11993.232522650578
11992.668553040696
11992.856169062801
11987.220701708702
11988.846581477319
11992.512022959578
11992.494083647409
11998.371071647298
11990.306635033045
11982.865132047536
11979.897628654366
11955.884895576059
11963.559264013775
11970.228099018266
11960.719703974382
11969.70697364366
11970.274787722687
11964.224828020535
11973.073304314861
11974.21259804646
11971.791019498509
11977.584963144887
11976.89783325355
11985.383220138034
11984.427182887488
11992.976582297482
11996.17076589043
11984.339394613768
11981.184478322824
11977.660780314258
11968.114700938186
11974.065985918722
11977.899634330908
11972.153188470704
11967.803176664542
11956.220426646876
11965.298356618823
11972.063517529723
11961.436849218504
11961.184389154807
11958.785721232833
11969.567119019914
11970.023643130753
11975.637425210844
11984.9569922892
11987.0954388463
11981.507477227375
11967.327179534102
11972.21461487961
11968.58791108021
11955.289838853776
11973.069767234441
11980.785934534137
11977.322103106431
11959.43125105144
11956.505789555998
11959.690891273684
11961.889151123458
11960.623181902816
11955.451946065681
11957.483868510633
11958.43958275718
11954.057973575076
11964.639680450677
11976.432292639878
11987.846816441936
11981.358537145745
11985.337691487208
11990.418398401596
11990.620444840213
11993.45746003216
11994.618190290606
11997.2250727592
11996.948459538737
11997.219950947876
12000.701983179213
12004.910056290857
12000.0285006826
12007.944561075394
12007.073108957735
11995.071465922465
11992.366413518175
11991.270351469331
11998.145703810766
11999.821099063967
12009.889028207303
12009.596441456564
12011.408107059207
12021.981546736884
12008.642527960685
12010.561830319017
12006.832612715625
12015.421202435171
12017.181575950646
12017.949284610002
12008.258447870692
12006.899516028627
12007.226940845372
12004.782343524286
12012.11777481415
12008.380894854854
12011.576543431502
12018.128015044997
12007.435763446232
12007.172440157668
11998.830209890597
12007.558912712411
12009.533433216653
12026.393618046688
12016.143766711371
12013.171935876017
12018.945283878671
12017.290400507176
12027.27026322986
12024.497875996485
12040.164125529536
12059.218809703807
12053.858251998923
12046.476032887735
12049.696516087948
12055.618019718515
12060.103676435243
12051.978970141656
12044.329434368658
12042.192148206712
12039.595537189969
12029.957128339742
12035.411546026211
12032.775854817848
12018.601239303447
12019.98519122376
12015.116899227862
12013.161667119672
12005.264592183747
12004.493639993743
12001.576847082697
11988.935373677454
11987.606384717365
11982.286019926018
11967.832516766252
11977.25566622325
11973.736241047893
11977.836401954995
11975.087270038568
11982.53761426442
11980.851918751585
11973.898189362872
11970.598988238737
11972.781980223746
11979.957396306843
11976.955764774233
11971.757046965387
11976.77522815773
11980.320156481142
11983.568860251948
11972.910496671539
11971.661745461395
11973.842831951866
11977.366580252306
11966.746535854247
11960.017309350313
11955.480172376389
11973.310611726662
11968.428693122034
11973.604469767111
11972.874377590326
11975.712695993407
11985.754063706603
11985.259128449256
11986.246307075739
11993.15285428205
11996.936564838474
12004.732826491821
12010.719673635982
12012.12767547984
12020.64782082093
12014.81079628312
12002.377775822926
12008.15503439707
12019.497881058469
12006.667609220323
12014.197779523784
12008.806555012863
12014.929770399523
12014.563985612
12005.706049379714
12008.483973783079
12006.259348094009
12001.17337652571
12009.519018602334
12001.717506929901
11998.710488483961
11981.42924957514
11985.707236820734
11982.590137491316
11995.664359043825
11992.118821070902
12007.739395354109
12009.748869784204
12002.385347978503
12006.701705951036
11999.689965370642
11998.424971521075
11997.398861239317
11999.60933423195
11993.722799502651
11989.540908400653
11992.295182808983
11987.74445111947
11985.773515886161
11998.451028651267
11995.26712505925
12008.487279063354
12008.772274940551
12012.950206893518
12017.961755190629
12020.793192431325
12017.875361731098
12025.112107939116
12025.41329295538
12030.181192742864
12030.085206392996
12034.16520476602
12031.496899339192
12022.91636477769
12020.081417346548
12018.048264007515
12019.42489218686
12012.598963732145
12011.051090129029
12003.21820346536
11998.60348657149
11993.119359336848
11994.13359157508
11995.070017324131
11994.702309839438
12003.404984490331
12005.98294771628
12006.39575511445
11999.618499091479
11994.543901546655
11994.626554353083
11997.17219844922
12002.575166597535
12002.356128245221
12004.032329917636
11994.29160930465
12003.555857541043
11979.389307403766
11966.522440204588
11960.431237807992
11974.101064213794
11969.332611558923
11962.605634706411
11966.484185405043
11968.078716363889
11968.16397114631
11960.328576311298
11967.209800722754
11962.13582652942
11961.80053552235
11958.05568301606
11963.360878781637
11962.68053937937
11970.84450117491
11973.534156991358
11979.823491222178
11988.586633799154
11991.724090500102
11987.396660346734
11984.808020797143
11982.419863832143
11994.306918318722
12001.827435738978
11989.647865113146
11993.365979649687
11986.617079263193
11996.169834799808
12000.952748861884
12000.241232310058
12002.045472629725
12007.518809825397
12002.035803807772
12001.741498498839
11997.806800462056
11978.817415798645
11977.304197724274
11989.349612740883
11988.681827391545
11993.715183060107
11994.06436217002
11994.599571648161
11996.186631607012
11998.351560133788
12003.15366345971
12013.464572479423
12009.488017326561
12018.566021283885
12014.760341968635
12011.239043503581
12013.454309647015
12015.62528361414
12020.748459836293
12018.717525556294
12016.796312955925
12019.156206005639
12029.76796591395
12024.046982610133
12030.85221614504
12014.439071343531
12009.043293302017
12006.203256333598
12004.176990666692
12007.398472499684
12000.650935618442
12006.18656277495
12003.232670036443
11996.232502999093
11991.88915508931
11980.970967102785
11974.88760074702
11957.125670086987
11969.395772261487
11970.90260417129
11972.29337260054
11966.461071419173
11962.332009948303
11959.305991035468
11960.088804166377
11962.282001398446
11970.175904056394
11976.542921087894
11985.514637815577
11975.674358580469
11976.094143820304
11982.362006606938
11990.412897639078
11993.868787721813
11982.026621528508
11971.674706898253
11974.590769244729
11977.664392023704
11981.921750275287
11986.974338336819
11983.83912270017
11978.516792474067
11983.31688006395
11986.420617933474
11975.897404722546
11972.129734490236
11972.669832479616
11961.585857729908
11955.745152908294
11951.340331494892
11946.3638472663
11935.136337118849
11942.259846316576
11951.330907291913
11947.607205587294
11948.276309566238
11947.761689479928
11953.386612408049
11947.052866428436
11942.405738623736
11946.321532284077
11946.705070386077
11935.172338641
11932.456894165933
11934.055890880203
11944.980962342297
11945.567062163813
11950.156135168472
11938.39320433159
11948.275777753097
11947.882145628122
11950.401558501566
11956.127957625265
11956.969127699129
11953.527182845764
11952.470677380172
11961.016795556105
11960.672281524257
11972.613268266501
11990.593975346354
11987.974174072246
11997.31049767676
12006.032079117682
12002.620270948835
11997.320119858658
11991.219104419686
11993.863235558794
12006.9029363706
12010.659937707549
12003.31319360419
11993.455206345112
11999.592691648919
12002.62659735962
11994.274818297677
12003.518935984648
11996.083219803862
11994.72719013737
11988.524802425163
11987.158990988695
11990.692300040999
11989.984567191921
11992.13183031672
11996.792399605445
11989.04719877241
11994.295435674252
11987.442528628677
11998.208989697847
12002.072413733396
12000.781651775334
12004.546199543262
12002.253014582635
12019.895011868315
12037.75316552533
12023.783330991944
12025.422679179776
12031.849737911309
12019.32909349528
12027.655110195634
12036.14638368292
12034.437873829433
12023.766512064783
12020.287668967414
12016.103100935881
12025.819143491923
12026.723494362828
12027.988908127372
12030.25370546099
12034.22753059779
12035.722925398455
12038.969225077664
12033.073146425384
12027.349055747858
12027.998063032019
12027.172920194731
12022.765722382277
12027.870609480808
12023.427256373396
12029.460698286035
12028.050907476267
12024.851068394953
12024.98970160764
12024.284971057079
12019.387458609543
12016.639513329485
12021.478420925505
12023.16442156244
12018.695682034046
12021.231831094534
12021.991271684528
12014.277433844203
12015.684931391872
12024.711437864875
12033.432727786363
12036.257949112283
12036.984029281535
12031.343789297443
12021.885030237498
12022.856837058735
12018.580058738822
12021.057193828437
12007.083622343984
12007.122780377622
12011.090789200927
12004.301469585229
11996.450633873232
11994.896761948352
12002.230393511114
12008.17473051155
12005.10834173817
12009.369461323373
11999.182802774327
12014.470927136512
12016.654193294788
12014.36700987066
12011.317377955867
12006.764545773402
12010.888463317475
12013.386236292403
12002.864214732319
11998.252021192311
11990.758012427825
11986.405776574065
11984.78439243433
11981.75803293486
11988.341176681553
11995.266874066021
11996.031898989157
11973.472502940047
11960.297253455274
11959.105552655015
11950.862261348117
11956.393940029939
11953.691865062134
11940.929928271778
11942.307881670193
11956.62050278968
11961.44807995954
11963.89424424445
11971.452107512432
11975.877109029912
11979.806543154475
11975.485336945128
11970.992428007281
11979.18872400017
11981.14355270774
11979.491011298633
11988.28074008042
11984.542809211738
11983.134298693498
11989.787589618565
11992.507575936415
11993.565202685255
11990.666679627426
12008.402814872745
12001.119752894709
12015.540238198635
12022.163400510519
12025.67030302242
12014.156325015807
12011.572658707064
12008.191485441157
12004.071637525296
12005.58428255998
12007.43880781058
12019.575058545593
12015.909248425998
12010.159761730236
12026.898864792134
12037.158683176061
12046.577050791342
12044.925307076272
12045.273862576774
12037.652717304405
12049.775403776543
12041.821746421982
12048.342428367918
12055.578447539174
12064.720253492349
12046.285530352434
12051.839394629293
12049.376586001099
12040.321923008774
12035.832503179481
12041.1997747077
12042.424875070143
12041.050615137923
12046.181376051194
12060.5598657597
12059.48232139105
12054.680175577063
12040.7714940587
12037.289775521269
12032.512963283983
12032.310012079106
12051.412532055321
12051.493514503298
12045.451863566701
12039.791154312941
12036.958743254741
12043.906489279845
12041.709198843393
12033.159291269272
12045.46672724458
12044.381005708172
12036.610236646942
12029.306369427806
12019.208605951428
12012.066163104593
11997.528892031543
11995.883591922677
11994.045247981587
11992.02159569854
12002.397095478133
11999.102491735963
11992.966371619597
11986.118632555601
11990.871562083164
11996.294705468988
11993.401586370901
12000.619201418787
11983.48853147863
11975.720044147098
11972.17677299341
11973.106002588545
11973.359454809706
11970.89343918594
11984.719661213723
11992.819690969598
12006.079181326495
12011.146556115287
12013.088944307428
12016.035210397993
12009.338734187268
12017.400587368684
12021.812042409812
12020.072250382196
12016.722666562328
12013.601009718275
12018.017455740624
12015.14839693989
12008.960684264272
12014.597374816525
12019.282651273283
12016.261130663295
12014.819740493362
12021.084274737505
12017.333882798153
12008.593500002651
12007.245109458203
12011.311354887297
12029.530122261285
12028.533129901705
12022.702261363973
12020.789925539815
12025.1365491887
12023.858127692733
12027.04894826164
12037.793089578456
12039.029939755515
12028.259571356786
12033.362776957183
12027.536571271765
12023.917926460486
12017.39778044516
12013.380531995259
12019.309776287668
12014.737770278218
12020.68865859402
12017.05284163915
12020.629923101635
12017.12111234327
12028.020779283217
12031.5177375954
12034.706897566342
12029.274531608313
12029.622767869176
12040.858107835958
12038.478520359928
12051.982801363733
12058.074202883106
12050.623172327665
12047.498065894204
12039.947615128252
12030.970126889672
12027.85297135829
12024.859818777764
12009.245948676991
12013.485535201373
12010.971597770858
12017.839813660677
12013.501221808265
12009.626938466714
11998.16491993888
12008.578870357078
12012.762130286745
12022.25392647268
12019.575686491731
12019.776582178058
12018.763871613435
12017.44960820213
12012.700224862427
12012.55041301966
12001.32498437731
12003.145002251964
11990.619042953505
11991.715735484606
11996.69603540377
11997.782815291836
11991.448322463955
11989.132780933764
11993.278979616387
11978.41594012062
11991.12355866035
11996.326521556475
11998.672031344508
12005.818326089424
11995.517375371186
12001.377975847285
12002.614330218594
11995.790914811405
12003.139973613152
12005.444843660443
11995.556282309957
12004.528548750077
12000.211587519292
12002.728859681069
12005.523719060404
11992.262508661184
12001.838284622801
12003.578699525613
11997.408509451958
11996.424242852903
11989.58579110777
11984.869890757105
11998.876735292128
11998.539600498516
12005.64824652273
11996.682769242889
11998.632306778647
11996.102936172269
11992.497360555328
11987.027882294591
11985.785149909469
11989.385649786347
11990.044458664224
11991.375299048319
11989.59058981745
11994.050940885412
11981.666606456285
11979.68521394824
11982.002115147301
11994.806426191939
12000.918879586481
12005.433618105082
12012.160013171077
11997.217116598
12000.575577252048
11994.137728842677
11977.92318452992
11981.069325023704
11980.668307764954
11980.38004381606
11985.298270873493
11989.399249591446
11987.988168077125
11985.649950105224
11982.932689164461
11985.845726005902
11986.410003018947
11986.398980919055
11987.601242371777
11991.110069711314
11992.590412712547
12001.187714677053
12002.458058623379
12007.526927655332
12005.528856531946
12011.574776833462
12006.593633812212
12007.582007818037
12012.473121837802
12003.203491671346
11997.989422224193
12002.24292231887
12011.654431670762
12033.486355673645
12024.991643719011
12037.085715254074
12023.648829191581
12015.901014660107
12014.178733812467
12010.619432274534
12006.282440059735
12009.388748555753
12001.980752710968
12002.225070257151
11991.553314184312
11986.02072731592
12001.98163358747
12017.939440768687
12016.58647395044
12026.246783190647
12024.223832166754
12019.848347796862
12012.209234537055
12004.66128836884
12006.77012228049
12006.6220154228
11997.06994565751
11992.135544374181
11992.492403943592
11988.916976411432
11995.51888057151
12001.473097176131
12003.359700100233
12009.3658465837
12005.96527837507
12002.862941763626
12007.616356069495
12016.689912467431
12018.785245866753
12030.776274625452
12025.20669204091
12030.031452294941
12021.069704226818
12032.071785356153
12036.88511803947
12037.004632466907
12026.25077370628
12026.846534257178
12037.307931387202
12034.351129954652
12038.134908658987
12037.201579368428
12036.39541490229
12036.83416995981
12040.282112799821
12046.398261767512
12054.766924639458
12065.16034015529
12072.208170913727
12071.871019067232
12060.704621997484
12055.150437358841
12048.453470751127
12054.979483288238
12065.645125951742
12076.229254170525
12070.2298428213
12065.046783232938
12060.994923776656
12061.118614942417
12055.14285436293
12057.052026265479
12053.591913751648
12047.93332751629
12053.42724298294
12053.77888852506
12053.553292935876
12045.280651384473
12052.584434875767
12056.57190417813
12056.371675417402
12061.918252504589
12053.525456787564
12048.241095827532
12036.912911719104
12038.954401994797
12043.817470012702
12034.359398989996
12031.36240604626
12030.445322260464
12024.432314672336
12025.375097367578
12028.641523332528
12030.60521430436
12027.118600013924
12018.090214809028
12020.150910553351
12028.986699611418
12024.2774746621
12043.558742680889
12044.499869588642
12047.893999414686
12045.048704766989
12044.710352789456
12040.845970773253
12045.390947740267
12040.022043333938
12038.71610793897
12034.697452895205
12039.658450842662
12037.781555217429
12036.886239489279
12022.328084404617
12017.42786211264
12004.155768368664
12000.67786128644
12000.518964774068
12004.708962460398
12002.847439565443
12010.699646342193
12009.598313140612
12016.732546920886
12003.797338227341
12000.38881927841
11999.288512231806
11993.97222157685
11992.781412696353
11991.662007270952
11987.464882947937
11995.647192008533
11997.566197215272
11998.984718270027
11996.191848027354
12001.569715608359
12006.356607312426
12004.746079311075
12008.942266098093
12013.081345935876
12015.617828109484
12031.368961047769
12038.918908619406
12040.58974897633
12032.136375203809
12031.00361985589
12031.587854095105
12023.497050758842
12019.694596293222
12019.50979320965
12020.926778845855
12022.329431980479
12020.897955003737
12023.486803964728
12019.000569724318
12015.867198179241
12013.404486094778
12003.651330047134
12013.362499212577
12016.30086085053
12010.231278999878
12016.855827557109
12011.496079926581
12020.299803132526
12029.980224442505
12023.554638602605
12015.878401115411
12027.660890380961
12025.469278900206
12027.093905662385
12019.997217851926
12028.133549925027
12021.78442187676
12024.455439963573
12026.79412402623
12028.945172886484
12030.017073281531
12032.42781948073
12046.829468143103
12048.758586866237
12044.412708767633
12049.84088258746
12051.790980380563
12054.777929615018
12053.487975200725
12053.047296138164
12049.31431351048
12049.861675652282
12051.349526564783
12044.598351896253
12036.61422350679
12032.093793014905
12029.688911101039
12021.282563951969
12032.172713586027
12023.3622742265
12025.946620959414
12027.358300431391
12018.035368591287
12016.788722509518
12034.694558866537
12040.748916956709
12051.640761234663
12067.892223821926
12058.022300568015
12061.154646621304
12072.420393396249
12065.621650220528
12066.883191693836
12055.828807548101
12047.788646658319
12039.0847488512
12029.72578427893
12032.087861445627
12032.499900465054
12033.7618450964
12027.936302402404
12015.30070010691
12020.381309084587
12022.363361328422
12023.702190177655
12038.208224875634
12039.919180486817
12029.935092041906
12015.450458477942
12020.289201384687
12018.432937706526
12025.919816427682
12028.717640735995
12047.466102877692
12051.250315412635
12045.160215381533
12040.312876757778
12031.07621207762
12035.951195891614
12038.38515262265
12037.770378021183
12031.741931988183
12047.727768060953
12044.746570711493
12046.810635673563
12046.571979659082
12045.241770959281
12050.298648767564
12048.871168006353
12040.697434993766
12046.278287220155
12047.813485954886
12045.383527343145
12036.179893747933
12038.5983382493
12048.117778831898
12047.479232993326
12035.840052056985
12049.959699120034
12056.660652587992
12060.379239157992
12050.277052402198
12046.933311518753
12056.420731259095
12058.824919347993
12061.707062394478
12050.795506723483
12045.790810064336
12055.00353271077
12067.376670956139
12066.679991649891
12051.999666275235
12060.593463728259
12067.516808591472
12067.47029826414
12055.95979442918
12051.886874859116
12040.694047266981
12046.731044294345
12038.624234760298
12031.529271258389
12024.5475935828
12003.958266139118
11997.766407738152
12007.50816157842
12006.122605993605
12001.157171535564
11998.609296905084
11988.75920433995
11983.861294407066
11980.878928822749
11986.153977709953
11990.383734240175
11982.440441286515
11991.443554848647
11987.125035513236
11995.128480395317
11992.491288860838
11999.844955807424
12008.809508808823
12014.192421351825
12011.462337737892
12019.203207412571
12012.455273189407
12018.087910254366
12022.548832414644
12022.550936149644
12034.989786238193
12039.383731959593
12027.252751032825
12025.271220116836
12018.231772858067
12010.033686877048
11997.464121125224
11997.188897231461
11984.852924105493
11996.394638347701
11998.339401262998
11990.234609992865
11978.181379599311
11982.231251876441
11975.628389480284
11972.982690433058
11960.399894276423
11967.260317441214
11979.85950148083
11978.846207674174
11985.943692673696
11985.629506935422
11993.8967713717
12000.556562205547
12001.507118445377
11990.547985856647
11991.425505733929
11994.133886119518
11990.127969277413
11985.620761081782
11979.137208467688
11987.970139377316
11990.321493029172
11985.835684335005
11987.641952861493
11999.122721766107
11998.897375361834
11995.317798292124
11998.503331444437
12002.267131528173
12009.418774531143
12005.222151214428
12015.108563888629
12015.809514924491
12032.027354135747
12050.753558658715
12053.35858189227
12048.532759882099
12046.778421723753
12047.296976931577
12046.068303533692
12047.157894931916
12052.795980306128
12051.790962608755
12051.458942253892
12055.097660253514
12056.260439661632
12045.95106556701
12045.22162627206
12039.775989488842
12034.55406031722
12046.823569615597
12044.438507016217
12034.520313510584
12037.946722802368
12041.94096643275
12034.647195499527
12031.240485351125
12033.685160141737
12027.304731012242
12031.731146827711
12024.229231031506
12021.844222466643
12022.682365848423
12013.322204139064
12008.786517493903
12005.894735229534
12012.700257404955
12003.526672224616
12006.154046717527
12019.883655061725
12014.123869725068
12019.47661220518
12020.817463524352
12022.502448418647
12014.036034318415
12003.298339377368
12003.46961700208
11997.10267939138
12008.257092638087
11998.534042034105
12005.288289828597
12016.002596434668
12013.730267812152
12020.091134690383
12012.857477655501
12016.986408934921
12014.114069055711
12023.101320789832
12026.38893014887
12029.272777738788
12028.291744549155
12024.118262535329
12008.585456368266
12007.088762038484
11999.9872127684
11995.041523100224
11996.844983751718
12005.36069298918
12009.429847251002
12004.08438502847
12005.57267627402
12000.488596408552
11995.353281501171
11985.289351937936
11987.755758941366
11988.632567122317
11996.196307547492
12000.882111047413
12005.69558534593
12017.193892524181
12021.607770601844
12017.842282483074
12021.736217637808
12020.179415219183
12023.615169964494
12025.948058479033
12023.342886166698
12015.796079908732
12019.442783772905
12025.682213857366
12021.951805191595
12012.752296275485
12026.303884826117
12024.89544581795
12032.590460115298
12035.876213909043
12036.736437154068
12033.452929695428
12023.798155648727
12021.46820230873
12023.967780692612
12025.295382725679
12020.297235773322
12026.220517620153
12027.016116404759
12026.87123642175
12033.509065345574
12035.94782354568
12032.906202247093
12041.482879062465
12042.721933241097
12038.26616897546
12038.512066333238
12044.077353802382
12041.610676625964
12032.474692574731
12049.874121369321
12058.020755515907
12056.514347386137
12056.596873314116
12041.914205398385
12042.797745883185
12035.031316501894
12035.269627384932
12032.750198955007
12031.3538341466
12028.509642363751
12042.694657992655
12023.170537620592
12023.555764420864
12023.346762434401
12021.419103333168
12020.83311939064
12026.152819827641
12025.336507414491
12021.835654265386
12012.507794718258
12025.46060583591
12028.778772814318
12021.943679630163
12025.541072510703
12030.289122172699
12023.62642898701
12025.599080474323
12027.214411027902
12025.267366969862
12021.946928243215
12019.585575215913
12016.934635584556
12005.3109982119
12006.071734415136
12002.630753149842
12004.429920493363
12000.496061732942
12005.880078981205
12001.950752489713
11999.15712208585
12003.615285056918
12018.161541364438
12007.12336399466
11994.430176300279
11997.077344432084
11991.375681410434
12003.516585256773
12016.373647025604
12011.23127370561
12002.862083559237
11998.861658438114
12003.823846402749
12012.28603492419
12006.683682215516
11995.069482777872
11986.939546999489
11991.532798111402
11988.809171988121
11996.44952199652
11996.2952400037
12001.311069685125
12005.11960111285
11998.728015307948
12001.639890786308
12008.395190820363
12008.895637456097
12010.69366290884
12006.889008064978
12009.392904645141
12012.074450592787
12021.703061852932
12019.765599416289
12026.872259962021
12020.217368170932
12018.789576765475
12024.582676157099
12032.507442656017
12028.078043060417
12031.302729813558
12032.415735507253
12030.29111829093
12027.706673499064
12034.821049816888
12039.949424995446
12029.687295401998
12028.36887373016
12017.630702985485
12025.381078531254
12034.434326975905
12033.218001616066
12037.618770274203
12018.633496624147
12023.558742753914
12019.521641600873
12025.398594215752
12014.419874467176
12008.95925057217
12007.454681243238
12003.08883227373
11993.618450735603
11988.236301699579
11982.683223691187
11978.857072582377
11976.631297654028
11984.687404402608
11991.845156249432
11987.161365614887
11981.928198829124
11990.212430791531
11992.803057192403
11981.775667423095
11978.704268170557
11984.714607815247
11986.220738829847
11992.500313081597
11998.105664075809
11994.805140436027
11987.73867114557
11979.64251242837
11980.9641179941
11988.562529013438
12000.29759605881
11999.56192190052
11998.986388114907
11994.708815056621
12007.909515403378
12009.34533603485
12018.261068768952
12024.228518760825
12031.783579010737
12028.203910344917
12026.110516222652
12030.554135256614
12037.486954558803
12047.301828606658
12043.10551756607
12053.786773297004
12055.290064951456
12053.87733827806
12044.35292866671
12044.196818652854
12036.413155314956
12036.287410379893
12039.544064631791
12039.521701243073
12036.835866079538
12033.5699749866
12036.311775324464
12027.484307897648
12022.532348192617
12015.218419811907
12013.416670138427
12018.662607832233
12025.525691892486
12047.283096100793
12044.505720581521
12045.865378871149
12040.288112660417
12039.863772759916
12022.300454711782
12025.274428137727
12030.431263981209
12032.966284979448
12044.068100784581
12043.76313455767
12045.980969367307
12040.542183096972
12025.458079754218
12025.08558075002
12031.83881960002
12026.48246898727
12020.23878904591
12013.261464454346
12023.073319671907
12023.433795555258
12034.699923764507
12030.374666623924
12033.889889769545
12025.961619315225
12025.156302681427
12014.560131551198
12022.907415872949
12020.585284837123
12008.907709203468
12019.764583518405
12019.166599360937
12024.07678662878
12011.94510243506
12012.206959684208
12006.819493735646
11999.461169607639
12015.54146435718
12015.783701396087
12003.56582925373
12014.736160592603
12007.320907230225
12017.163119778772
12012.241634780774
12004.750106446734
12009.741267947098
12017.925578388365
12021.615713567095
12009.89090706158
12024.392523221512
12026.658111127846
12022.293720863447
12014.315624443238
