13288.937891964886
13178.932455264767
13102.058069622995
13006.754486804546
12934.668513121418
12874.835159641716
12789.973986192708
12728.128205459298
12659.177088723623
12593.246428140392
12537.517401532808
12494.824455033307
12448.932622952152
12411.643415427392
12353.554296162538
12313.135972726493
12285.611474638343
12238.45323266329
12197.553022099633
12146.46196405949
12110.5834714081
12087.755629250576
12054.251935440934
12023.00942145614
11995.55804383802
11974.792424978721
11956.170781183628
11940.60013540018
11918.320164707238
11900.48505818269
11876.96008593008
11864.647731010404
11850.170930494729
11834.017834289481
11822.796552940104
11797.623360742527
11783.412219759437
11761.894559474886
11746.252416030384
11733.060549441718
11727.558535612643
11723.525749193155
11715.30041557393
11693.124087935656
11689.373206392396
11674.494006295117
11670.20481394814
11656.508540784347
11652.163603516357
11640.899696493569
11638.07287666222
11625.548117735503
11617.093310470174
11615.75699903102
11602.82946869838
11591.970452016238
11586.081685435875
11581.704179609456
11576.589586243783
11582.639799888206
11583.561341636958
11576.113378931852
11574.033551520632
11568.296486866417
11562.35526587924
11555.84622018577
11556.443082269287
11541.663056707506
11531.613885804181
11526.381616390001
11523.886770994595
11515.272265833552
11517.590549561222
11510.372915309632
11511.07997262005
11504.017775025774
11497.53024845104
11494.721957184607
11491.82701357553
11490.20865275689
11494.771499010054
11483.796404513861
11479.727800219225
11477.349075461305
11474.382127370958
11475.586156479527
11476.095690925802
11463.81591626398
11466.831589554584
11463.600432633071
11466.77743380746
11474.397043976975
11469.848529919731
11478.241112342459
11473.331789527436
11468.851229352364
11473.40754080072
11470.379029844775
11472.75912240729
11478.54256594433
11472.371409344012
11474.070153308272
11475.431810914724
11467.37629189201
11467.22888910304
11461.674004384842
11455.756382342375
11457.643235348136
11452.845722793883
11448.66090375309
11442.058005429877
11443.636658819167
11441.85467669464
11444.281288739166
11440.378851787322
11436.375322959702
11430.357441243465
11424.759027512651
11428.62767460713
11428.687695251174
11423.32363091739
11421.252776066809
11423.915803891343
11423.319895682565
11424.6080821516
11419.037467286314
11432.01239850047
11439.13313762896
11442.805466786915
11441.720516048348
11436.097446042011
11431.3011133822
11436.898672951873
11435.748536053987
11427.834652432599
11428.474643547017
11443.787111541795
11447.69103549
11445.524103844284
11440.400973986554
11443.233266329273
11443.468633258672
11450.358101645521
11453.865585520038
11463.241005947048
11456.403967818556
11449.483673238705
11453.864630833836
11440.68751675884
11435.194233519973
11432.659749681996
11428.549405955524
11421.724747750395
11432.926541802372
11434.34195709986
11432.745663145095
11431.494248402658
11428.88174679148
11431.553940229707
11427.633830290382
11419.263008835138
11418.022796138857
11413.175280134208
11410.876355119064
11407.783879996365
11409.297994204546
11407.167822695817
11412.8348404789
11416.58434856489
11418.498659691253
11420.161770486226
11416.848092469441
11422.716915703862
11424.720108499418
11435.397460699907
11444.258296027348
11444.73249684661
11446.641436689371
11440.58397128982
11443.834520683642
11452.453410504939
11455.762339021338
11452.316845899648
11450.012442587818
11447.905403543764
11437.320079731999
11437.745971546787
11434.222001904713
11424.531477307528
11422.002628781018
11421.527796517965
11421.116340017496
11420.529655828077
11420.378665192125
11410.374775716
11417.860487965349
11419.275131359454
11423.064420001156
11426.082805277063
11425.320655580119
11424.207440388658
11426.77722563398
11413.897828739053
11408.090365200871
11407.723050460454
11422.87210697644
11434.119326682108
11430.87388965854
11432.402917975469
11435.708645497267
11441.187240042367
11450.63033585
11451.720609161534
11450.91843596772
11447.882692610556
11449.927197644605
11444.925626290784
11450.017856208815
11453.73200499267
11457.125614563194
11453.44079166057
11444.363508558117
11449.381555061093
11453.414764086778
11449.559777537821
11444.170969612644
11440.762882565003
11446.569945947353
11444.256341569357
11441.256562764964
11443.367107726792
11428.01132554038
11419.664615737223
11403.980560264972
11399.577922639968
11411.879847016857
11409.262503138989
11419.02582534575
11421.487021544664
11420.847390224086
11424.195517726663
11422.946891436837
11421.204914831167
11426.475140839568
11425.507739544335
11421.88998527842
11419.695785363216
11407.620926224616
11407.367723361232
11413.05683619068
11418.07875740488
11407.053428752484
11408.69498193228
11407.350614676157
11410.048327575245
11413.437569051152
11418.290738746633
11429.677087777587
11438.539406525284
11439.285376475556
11432.68759239648
11438.564321729118
11446.08259986178
11445.595346199832
11425.950485384385
11417.108510505193
11413.061507495715
11409.487599761072
11407.4337194987
11403.435883496788
11402.164154106486
11396.052115844615
11395.506594727714
11389.58641240964
11380.113271686088
11374.710728564783
11366.647800364888
11364.569586618314
11360.768185570661
11359.859513893269
11354.629811923978
11351.093752450974
11356.655279843975
11353.792340258333
11352.66491830229
11347.388499345867
11348.090482424835
11357.533992664645
11358.377138950436
11358.808569487976
11360.380863078066
11356.319352243703
11354.07164870058
11356.948312862003
11356.232797568542
11358.647395867269
11364.584305463442
11365.776403912569
11365.972300831556
11369.509999272013
11364.150852813393
11358.566104296955
11355.322774041224
11352.370648599888
11349.02922395388
11350.402157039729
11354.970703517063
11348.55187271977
11352.6060915042
11355.268259663284
11355.038220243958
11352.292329622636
11354.219303936405
11355.315978842416
11355.12871681388
11341.955704148993
11339.213400094366
11338.962827313124
11328.632534436012
11321.348682510015
11326.168793663819
11328.252543623523
11327.332109452684
11323.60458037302
11322.130792362928
11320.77352567506
11320.619448683847
11315.554919899983
11312.312870461912
11311.813178438997
11308.391217873437
11307.46885265996
11297.953438103952
11288.81023412192
11289.084470171856
11289.962717520175
11279.746792684178
11273.959279334867
11268.464785030588
11262.209476225718
11252.11349684676
11242.820797670223
11243.369465469606
11237.601241690181
11225.859495849363
11222.693057689601
11222.006528398884
11224.23708487564
11207.665700490175
11193.546372577992
11199.548941216253
11188.7845649025
11189.619060760317
11191.231489723494
11181.568487793877
11180.595685766148
11175.555161106211
11168.27007009068
11151.81244632891
11156.035847650723
11140.829285707614
11133.978986611994
11126.169008726716
11127.09251636167
11122.744373402496
11113.507965829485
11100.349184816705
11090.365297127131
11068.690947416104
11058.679271432788
11041.068925722728
11027.54521688068
11020.308774850542
11007.511825020068
10994.304282699464
10984.108581468001
10971.080559962378
10971.625910767132
10962.959588472819
10956.49103144509
10939.763745718035
10923.526043109545
10912.62227033282
10896.434439180863
10882.182038138533
10873.474398525139
10863.13078992783
10858.774112159812
10848.087149286814
10837.017155278107
10820.16022362141
10798.001659298418
10779.478332226176
10754.978440721587
10742.18060185057
10729.895607728417
10707.328814728891
10713.533776524451
10691.833788256954
10669.649169974153
10649.382148133007
10622.803364253887
10609.441345121328
10587.174602261868
10574.624234858235
10553.743202109516
10536.891524003233
10517.134166389045
10479.340033489923
10458.173378831174
10443.707618790018
10417.051279706237
10383.576422391563
10359.648784756806
10345.141751513558
10322.23140711046
10300.702208352199
10266.902888660446
10240.928294372303
10218.467824101477
10204.120059352812
10178.212392024308
10159.639342971805
10138.654369584256
10108.383341600236
10087.114642876939
10051.648460917655
10015.728885363587
9991.584338228196
9965.122684576945
9938.777365614607
9904.892182227562
9876.088954421357
9845.050031197392
9817.06889996148
9798.729194328458
9770.40244038262
9740.382909417116
9703.547076742278
9666.91231363885
9637.277783359612
9597.495839293177
9563.912147404517
9529.503530372356
9488.153147969191
9455.216700876412
9410.488188002051
9371.863691491493
9315.329118105554
9273.122826054358
9231.113204265364
9204.043869840434
9164.593292850968
9123.486607540117
9086.965930236674
9060.673458059691
9011.87186246214
8972.166003031216
8914.505371143523
8884.786612888185
8837.788607898301
8792.305273733884
8728.61612070886
8671.331931042965
8644.058435140629
8592.549377351006
8538.710974930851
8497.535350977238
8444.986986677524
8398.95091781384
8351.454273320618
8312.086532588466
8263.810769698128
8210.367831747784
8171.2534207222625
8124.3552812010785
8071.052093508992
8008.976158325827
7962.038520784171
7906.489708663585
7840.480647606508
7794.24944150022
7746.484661715247
7689.735599388305
7636.462362270705
7584.625489594959
7522.686727874081
7478.946370582287
7414.343052847891
7345.894703577581
7296.800180524437
7251.934232810879
7188.093833897507
7144.360530024223
7095.338403696235
7028.82752287072
6988.1846296886615
6946.105830534016
6896.792740668057
6841.323756821648
6786.445870745079
6736.760548873219
6686.48452669843
6634.38832124657
6587.930926051336
6524.590805300297
6462.820798631088
6403.310436446865
6351.926587401831
6305.34777979357
6251.306877632937
6188.332268202876
6134.460634360254
6072.107709607151
6025.958019670807
5966.462939640636
5906.858995037408
5852.792837730726
5812.152350801607
5760.944547839382
5709.440537031471
5653.397693324157
5608.294393375455
5568.6651780529055
5525.7703520183895
5456.95610111584
5413.307342358578
5345.716404783598
5301.685519778919
5258.9630151987485
5228.751057061741
5183.529306490987
5131.142155455438
5082.985421694625
5038.534548323003
4994.121681595885
4931.687350106713
4887.3918329358385
4851.139900409233
4813.541952292498
4759.706665446518
4719.94780325031
4680.710697062046
4627.89846088294
4587.612186232659
4539.1577014527375
4496.471931157795
4461.8598606358255
4411.516102957223
4369.586700985234
4320.503223050765
4279.386716956551
4241.653444046648
4192.9153237133505
4137.976791703704
4115.509293881516
4068.613663105538
4042.796477880948
4019.7004951876243
3974.9526248008788
3937.934824873839
3897.734968048094
3862.576870255747
3837.403782749711
3788.1264867009013
3757.465362197425
3725.8554891178096
3691.6825376415436
3652.346004128552
3603.4063266684752
3572.8545308192024
3539.6800265342854
3503.9022412568524
3475.5839147195347
3444.7488158542474
3418.8718222691123
3387.7954395812767
3362.746738950047
3314.8358638158334
3274.8301537004772
3245.820215935502
3221.4847934079316
3183.7203738636736
3133.3270417108924
3101.746757952831
3072.119809734524
3048.190872542988
3014.4905723724546
2989.2667862799517
2977.9357757300413
2941.40610489091
2911.3577860739156
2880.0649514779993
2842.6735091500113
2813.4335007179566
2785.305291277197
2756.151965633089
2715.093793313445
2687.821756112239
2674.458463887761
2646.2344012073772
2623.4752241725973
2598.909865534807
2572.3331808638613
2547.938669088844
2515.788780002304
2489.8179307918285
2462.4827425857607
2435.2669372681753
2409.7151340004093
2388.856778980602
2361.109987507928
2348.1105097316863
2318.059833861317
2299.88597122543
2270.976018991719
2250.8822724133124
2220.806433282538
2196.2445466092076
2156.2661894136454
2129.005590586992
2103.2137866950366
2090.2232034780955
2072.261246553263
2052.3043462276682
2033.7545038003882
2024.8803387056082
1994.3572273346304
1973.1133604878094
1958.7743421004434
1940.5881765422414
1904.464175365676
1876.488036476499
1858.1956433463724
1845.2927347280972
1821.8045608987406
1812.2277902209707
1795.211242011148
1776.8513205322024
1764.5064415877996
1746.592119672493
1737.248334629285
1716.5289550325028
1694.9670697169918
1682.0308116092842
1668.8903545650398
1655.8051887441152
1639.7480140341563
1623.278111942996
1610.3602429947807
1595.1651744164496
1572.816645873017
1557.6717349859218
1539.7676166711926
1525.3653724099331
1512.6025416608268
1499.9606446776788
1478.7751709550366
1464.7395269430417
1451.1492479877948
1444.4253641321436
1443.5849532344264
1429.281288245768
1413.078526855354
1400.7383624955473
1388.0811035941447
1368.5795808267053
1365.6161907695443
1351.1249545248347
1335.8561500090864
1316.528933345147
1311.601732293923
1296.744944875077
1285.0003648805305
1288.3617237141348
1278.8857708080056
1268.4605338520405
1269.0532000520166
1256.5754151932726
1249.0439351217326
1238.9766842561107
1229.8351627853638
1212.9611392471625
1204.9068789955973
1195.687339002954
1195.7338524756958
1191.1613561326556
1184.8156097325977
1175.952402349737
1160.8962600075743
1161.3452228254296
1160.9519316421256
1156.0650068412424
1146.6413685681746
1140.411832829366
1143.21250151987
1140.7793215294955
1137.6950224799373
1130.2460272256249
1130.294803498716
1119.337669849214
1106.7736707719534
1107.1372762912206
1094.3070727187892
1095.2489662568678
1077.1059280435738
1066.7860985974748
1061.5943729042508
1062.7883491005277
1053.5151180117118
1052.2442810231341
1042.078953865932
1028.3784662630055
1032.956134359079
1025.0172888939444
1026.168244636306
1022.5238001926571
1014.3442462289144
1014.5053592034245
1004.7235235825588
1004.7935672510705
985.3313703401255
980.0934998589694
976.7342344832414
970.7634502750832
975.3708897594438
969.3554263699459
957.7442105797503
950.835517686879
953.198270742446
943.0230053961021
935.5914103544794
929.8788036213211
921.2658920913594
913.9057399276091
913.6121766895137
906.4562368739205
898.7126943663089
895.7950129938936
894.3232862956514
903.9713852447007
896.4787728902761
890.9159064676751
894.4586782564447
892.3519357518765
887.4359780649265
876.7774231572708
873.7732934837284
876.0808754630107
870.3717745942788
854.9544155561981
845.4423591836921
837.3022430886358
840.9701775006721
835.2324678422297
840.6141620408848
832.2994970898646
823.1567377551924
816.9935848454534
824.2991419710047
820.772036964252
824.5762359221258
825.2743825350524
822.4723005047613
822.8510151418503
823.5858312934181
831.8686315911274
822.777750468086
819.7348708246034
807.9413386968859
797.6728610178238
807.7496655889815
800.8592778397513
799.4737983308156
801.1879349974166
796.7934433247137
794.4300617924089
801.0136429102604
793.0560029800831
793.6487648380541
795.2003491577049
786.3962367492063
784.2264653701652
774.8868603471052
774.2066138804164
773.0113418189469
760.5433370214192
757.4345760082898
749.6387019351129
745.8859364512525
745.8269402026483
741.3426142059803
728.2303962976569
721.0622611650142
723.5701803857751
724.550920758461
725.5726881086144
712.7560909764973
712.8584131169231
715.1515298477896
707.3757602942708
699.2802874728702
696.8497120133104
686.259685263325
676.6989184404857
668.6392775493682
662.3918178704795
660.31259553919
660.3384973421722
652.2141865275026
648.5322294630209
646.432276450807
645.005255999485
635.7318421091052
631.1425351922477
630.0211660385896
624.0404980412598
625.2054591663723
619.3174896520821
614.6701519904616
616.0273474381486
618.39841460463
618.3098522767871
618.5610085752712
608.9384735460447
611.0483297433462
605.0434181153804
608.0576020339345
613.0170915454992
619.9303215378848
615.17649042631
609.294726746049
598.4769866259267
601.1833574932566
595.1450964004549
599.786742330418
602.2078300285393
595.1853382543677
601.0909890607586
606.0614121463676
596.4210804897751
607.2361869289939
613.1164550822315
606.6335647077063
608.5499061340049
606.9224130890154
604.4905181525564
614.9840872001478
614.2887587386922
618.6700217766543
620.9206317338612
623.3270131920199
625.7656658751728
619.8897734864463
616.4212387831719
621.0885741542179
615.400169456226
614.5493544485934
612.1390286540928
615.2052203219533
608.0518130881031
599.7410010475753
600.8752726001989
601.7824713235641
599.074025741412
594.7759416475111
595.9134460350137
597.5211680490186
596.3738928813611
600.0368607079106
599.9577908088695
597.9149248142033
596.8026372095272
594.2638575966214
600.5196842852603
600.8515798209039
606.5540956469962
602.4769170534679
606.9841124114602
605.4418840943879
596.4390985060875
589.722900297606
595.3685983534389
591.7100998719243
585.8490063383697
583.333184438623
590.1324229473884
586.4985835916353
587.8335165392493
582.2185353579387
584.3693620168212
584.8301842607
587.9667684935603
587.902131642011
586.6903690021384
587.7238229584626
585.2808952124085
577.2474609282017
573.7265678722653
576.02301440498
572.2666190835926
569.8866378889909
574.4993528764601
573.3132907222513
580.6628430343744
579.0456245447328
576.9841381972085
574.6266635487427
574.4308307001324
575.3080771658977
575.6304301183836
580.2565118410276
579.5444391476942
574.0408741127444
567.8026702362354
565.0283367933176
558.3101082094322
549.6841761949643
549.6157082241206
547.9541072467684
548.2700669734792
548.4177659817319
554.3412038064635
542.8456838818992
542.8507129469015
536.7568732829599
535.6618003390026
533.5727587708717
533.4697650793307
530.5415097808932
527.6698367344438
525.0418432244209
523.8497497900489
519.0423435146153
516.4609873542063
516.8757125059128
513.4855104656514
521.8726318240765
517.2625725301276
516.309434771916
519.9132825088554
517.4384622328096
517.664353413943
516.6397460755098
513.8897061759569
514.8202786970315
511.8235462644358
511.84062516897063
515.3726563654542
521.1200665830074
518.8597205958588
523.9117796899573
525.4545458492371
524.5904587455857
520.0925183018268
527.1647501000009
529.6182543713963
517.6692207794733
518.9602984149949
524.4084716876789
526.5742773682184
525.2103137913061
526.6613835075533
526.7932193248437
527.1047699675601
528.0959352849125
527.944805348909
530.7779682614687
533.1451182801479
529.4301503705575
532.9341968462304
537.7669818880378
533.0297010625027
530.41661587437
525.7649172349281
523.8003138996748
528.5837353386628
532.1962221193196
539.8984322896088
537.796196216793
536.3934835186394
531.6559266670063
528.0066090760902
527.5627872443009
529.9304836942257
529.8777564544655
530.0361110469053
534.6161720432704
535.6261569309527
528.5232912034435
527.696101846378
531.0176649529495
536.005802862808
540.6507216363248
540.9830353649295
549.4397050718862
550.6029385976261
551.8694309111842
557.5304038121042
553.9209869071722
551.1116774699021
553.8921138126474
554.823528705415
560.8551503645942
565.4549595861122
560.7801501692022
560.8814593766497
553.7919319126866
559.8701945374243
557.1502775772868
560.7352022776652
560.4388483638634
563.5306178129496
563.3789943119402
567.1444398017375
568.6297119871043
563.9780354489809
574.529364543964
568.8099912325957
570.0843101131528
568.861770163111
575.7350863191427
570.6913541929938
571.9093563025451
570.5244360584326
561.1825160374335
557.7448963539036
560.0677580587803
553.0220905796451
556.9270576252818
553.3107331209007
548.199263740576
550.4998436241679
544.016304596766
538.0908843283923
531.0777425918163
526.47377725102
525.381823367255
528.3088376747603
524.826707092773
519.5461030134841
515.9735247551224
515.9438288150898
509.9867834837304
515.9448445342668
521.6752145343664
517.9069162807907
515.1716188278858
522.7507128168763
526.2476269137545
526.2319706169092
522.7463964283833
521.5407215630305
527.8693192942495
526.6334204468801
531.0732102480147
530.4558361052311
532.8746478690913
534.055925568171
530.5369900748598
529.7367567183505
528.3785376745866
529.3849762888053
526.6150185288009
523.0735560910233
519.7003394543713
515.7751874119866
519.3689752441303
510.84658539443257
515.9070019745873
512.5120349698001
510.37006700324343
514.8427469868193
515.4549716025147
519.4183031823737
525.3143420779693
511.5379829749244
507.852093169692
510.1568041740232
511.1759799468017
515.9687545330457
511.4904851149495
506.9029207568191
504.30282729437135
509.1048885609371
508.05669948911805
506.0828306568484
511.2018543717745
521.9297284717993
518.3722946678901
514.5975146953532
512.2723626774168
515.7884186501487
514.4675967715306
520.3112666328727
527.0496048459053
531.7195207886998
532.7647687217652
528.0035925347047
530.3732381216815
535.1013055762161
537.3924987416522
537.2934712087866
540.7991961459943
537.2654090796302
531.6294556410531
530.3054159644636
527.9008985493953
518.6802282381653
517.622692007455
515.8671757246336
518.2706725260197
514.7922888960642
514.9002660750909
520.5634541692335
533.708077392631
533.5788512879486
535.2640776683395
536.7640982361656
533.4744039475798
534.8797809698257
543.1199160628745
540.7079179918569
539.4183666232698
535.8270698746542
534.1471829836759
540.7342380360678
549.0545968668391
549.2641740292421
548.0548796687
539.6028341715361
548.9642961899101
544.3278143719697
551.1869818885613
546.2117354898206
546.1534092805898
547.6011714680546
546.302095259259
547.6555329971097
544.9353569447524
544.9307716934346
544.9421617415799
543.8164201002537
540.2310787841604
540.1374349512303
542.5228622699703
541.4485876678054
530.3659151130353
538.8408630072936
539.8795149521277
540.1997062490395
543.8647003899648
543.7823209412206
543.9567188556684
541.2063256335871
539.9122810109043
545.6938036403577
541.9701469736636
551.3216696851616
538.0726588163875
545.351799742016
538.7894408085881
544.8845266773696
543.3011249994197
546.82229526418
547.1154711998929
544.4614917292013
542.2641354266248
547.0616950852175
543.2178648731972
543.2603851798576
548.8552649549488
553.437704142764
553.6380042600408
544.3653653108215
548.0955509125404
545.8160033796032
543.6717723190857
541.385952740168
541.5687962702134
544.0898384173947
551.3496076301548
555.0936869910302
553.718711921794
546.6087233859355
546.9361785163005
547.0329672526693
552.0547633706932
547.4042825196389
542.1948727878623
539.7887663117983
538.6276368551341
540.8193547182981
540.9293613654328
536.1933045559055
541.2788102335654
538.8985386302952
537.638833841208
536.8206367818934
535.5058224236476
540.0833647061596
537.0493685760222
540.5206944403303
549.2700514303633
548.4268916314418
540.2400241101019
535.3236850800783
532.1032760248407
528.3548611171145
532.3670057641067
534.6646606972978
538.2823197412429
538.4441371328659
539.7627430095158
546.9092003503063
540.9216862707633
535.1144014614031
529.3371203260455
529.4010842031128
527.0855440452565
525.9598399040992
519.4866473923757
523.2412468467605
521.9997615890375
518.3279175326697
511.23115058000576
518.1994560148055
510.9374075641564
510.0618086776432
508.7566928974992
508.8159757551285
511.34894024171064
508.90166619795184
502.5507029198792
510.8853092827642
516.8426506474688
512.8177741243203
516.9902386951619
513.5258568334428
509.02732400136097
509.8739366453284
506.72883017160217
500.7190845772982
505.630296623592
502.11972144878195
513.3960164640698
519.5282943034651
519.3550665636022
518.1601437649146
526.4227895179224
535.7841390904437
537.7081804649167
539.5282681004796
539.6503874683351
541.1140282428314
544.8631092925135
536.7415438046235
541.6684658584549
539.6919712801399
539.6542210314676
540.2417837681841
543.6154334177927
539.351596216407
534.393732606115
527.1185705691062
526.1848752214146
526.5854072409376
522.4640602918689
517.8099008671671
518.3796825308854
520.5624394622333
523.0729864473542
525.6201663231989
530.4006647766544
536.4854320306536
531.4332744657231
525.7230451106834
523.1357063263283
526.9879383290408
528.4529473857449
533.368542979417
531.8629082642316
536.1356703008755
536.0128479526488
529.2426542351353
530.7351450686929
532.6949505534324
535.7580968132847
536.7874097841626
535.4733153567062
532.784929518982
532.7139014793785
535.9239324772428
537.3525784936619
544.2455761116767
550.2492902843189
547.6666994308122
548.669066830983
546.6703890171826
542.0123426510204
540.3481371921134
538.8920852770343
544.5537895312789
547.1751442990455
557.8765803652998
556.6002519183385
556.9043017539941
554.4017683063685
550.4539667593851
553.071150604585
547.3333437327032
551.9983037833532
556.7206549853527
548.3326732464062
544.6891748701674
544.9284063353447
549.8910109362703
551.30439201589
557.335675566696
556.2041602774254
551.446769317922
549.1776319137134
546.6954260386744
545.5072101821398
548.9307701789537
546.7444278981664
551.9011162928664
553.5836085494043
554.8842780808043
555.7039366043665
560.6507051158105
563.1165795441818
554.604365190569
561.5605697147629
568.8788428584935
571.1236799371682
576.140179069215
584.1379795459532
577.1817790291542
579.1620483947631
583.0068622657852
583.8832229480759
576.7239817933796
577.0593899773505
576.2226711543075
578.4427183012923
580.9574939707087
583.3107295118427
585.5718494030457
582.6736154253724
586.3818475809315
588.6781055629833
581.8116633705056
575.6864376411304
576.886232200932
576.3278095913271
577.9749708373286
577.1193983526094
578.2002765555914
569.8818750415213
574.1186934249063
563.5402317612493
560.947268271753
563.9612431910127
562.0212800524043
557.4217196815586
561.8397581814502
558.5745463237204
561.425319707932
562.5337459690057
556.6035477003077
542.5727716774006
545.7621869083098
549.3115807824846
555.4027918793613
556.9279978278641
561.9525031480634
558.2977313043089
557.3749011870473
560.630949428051
561.9480837277905
566.1033200977356
564.9660807979953
563.6170839144646
568.2654701562835
567.2037517557033
563.760098845659
562.4604306449447
559.3229002165097
564.2684759651561
559.2982859046394
554.2702233038362
569.3393648972923
564.4904013226858
556.9597223339935
554.5108877170524
547.4572785434268
547.1560360270696
542.2684849073805
548.3644501417475
549.3787462302989
548.1430605041337
551.4149935985934
545.5248368125251
544.4543469540695
541.8264293066544
537.3555112811714
538.8146502244477
536.5572831678672
541.2191614829201
540.8952001019634
550.372549917035
552.5306893851018
556.4333802311332
556.3148166250126
551.5897019342603
549.2746030873656
549.1259761506612
549.5014591399197
550.799913197647
552.1304583964564
550.5809497954783
557.7070192729777
557.4518351278803
566.9812033767828
560.6510875526596
564.4030865255082
566.7805148698332
576.2840854004326
570.3138587246926
569.8165899483502
566.5029137376423
576.0220533124173
569.581637803676
565.1724039708117
562.6756169496165
565.9714505518143
566.9551229475576
557.4830480471107
556.3205442823619
556.1991701796869
548.0640183852712
542.9289462408091
536.9860359261389
534.5846679028635
533.2109820486619
535.0218717899821
531.2870588821366
536.1093075430341
538.402198626701
531.3332155971033
527.829283358376
530.9693966203388
534.4238692161875
528.661336050232
525.9519100323672
529.4184170608683
524.0525814123464
531.3028599475077
527.6033576015341
528.5238525887614
527.3216034603531
525.2859201242513
524.2340179280819
527.8112254992479
527.051844935932
525.7939420869401
524.7622972158674
523.5939762648948
522.6155440926389
525.10292596396
528.3674536059721
528.5832776966354
520.9907764368629
513.9758091407364
517.3308781291737
521.8389858238878
520.7879259505405
520.6230319019857
519.4670906863429
514.5011915543672
513.765663220261
516.127483808832
516.0673835411153
518.2936818742287
519.7491574481464
524.7643652889448
513.8342823704746
517.5536891717777
514.0281004605762
517.5043141952195
518.3182110881679
520.5658117594571
519.5971446162683
514.6356168146082
513.5077922052731
516.0005779854699
519.6472158984686
520.6161027245262
518.6478561079169
521.1830304061752
522.193806624074
521.2302564091915
524.2409518185563
517.0675069102438
509.83458615512575
508.4980043315312
508.41270659025395
512.0527065809222
511.78864287330106
512.2411733089132
517.0309414690175
510.22761234500257
511.0103725339744
514.8268386411617
516.9597224685797
510.33325530384684
510.4311828991225
504.5460821376526
510.12332423841485
502.78144835921233
507.7148949819914
510.2885485303367
508.70556761672344
515.4769797662215
526.2779319272952
525.3472894661029
530.6070458076802
542.0949466047794
543.2952499739956
536.5169647199978
542.0037542518211
546.8457429108712
544.191239075519
545.3314986792554
544.381644720295
542.2462408531449
542.4377558109038
547.4841497066213
536.0046654352367
536.0728284059496
534.7413175183447
535.733166699941
538.7970173986246
540.145789926516
542.503173680396
539.0220283797752
548.435227757283
553.963144642551
558.7474345369005
563.6914033114726
563.9233536734009
564.1897336841305
572.4262018014961
575.0689598565875
575.2459040429286
577.1297993070204
569.8950199921491
570.0279961737704
567.5533447056288
573.4424664843898
578.8106883895082
579.7174811184885
573.9513261927682
577.5718081988972
578.9855630649889
582.9885595795903
579.6313471124427
578.2363690505523
573.8208003717898
569.3556725398657
567.936912670403
559.3755299645788
554.3938057166172
550.8825436539538
553.0996047749901
559.3661585081222
560.6519422631529
563.3126134997647
567.8151577904707
573.9502490313739
573.0132210432571
576.1819691092622
578.2477917001053
580.0082379342298
574.1703000708916
572.153582153819
568.991618202542
574.8773252589796
573.6900831293149
573.5208432846451
576.7618147832535
573.5779417213356
571.1163563601756
574.5334110069417
564.7859251939669
566.6460305508064
565.6959023691147
571.0370806703867
580.2717118239985
575.4953195515886
569.6048951402851
568.5485994114197
566.2895124308901
567.6841232616739
559.3723120114275
559.0676249812781
554.233057819411
549.3088005207564
552.2902101365262
553.458949793976
552.4107260770846
555.9559369546619
555.9091994774965
559.7793981333284
564.6202174984725
563.6026912234074
567.3029710532123
561.437407630103
552.9519976199724
549.2472598957052
552.7568330089466
557.8141132481985
556.7375012468456
554.3630717430306
560.119229735721
566.0429218227415
567.5285660014313
567.2793561531128
565.1811575200899
562.7267206267916
566.436682458462
560.4270417901635
558.0095178100601
556.0500847685432
552.8723225885515
549.5793188962977
546.389545981973
544.2849907370392
548.588926891804
555.6607068957826
559.3211919481419
557.9909706926437
562.9553632722234
560.5179479905379
563.2621011409051
558.6831751639091
560.0332425869518
554.0214853227833
555.0205355116452
554.48780973607
555.9657243915354
551.2083444505668
554.1313722305772
554.015901669518
561.1379742970067
561.5225456196911
556.7866103139752
552.0023876183992
552.2129925027461
549.9616828289327
547.7853211067506
549.9722102773994
563.3029675136371
564.8013707888309
566.2353635604148
569.5933661088133
567.3556236202332
573.9599683240417
571.4079755975655
576.5231721941586
587.3300921161381
587.5120045480182
586.5274238803679
587.698801837118
587.7440892472682
583.6096766833404
577.041731762451
574.6358508173462
571.9968400068292
571.2441652754512
570.9905300496503
576.4856868499006
581.3963107301356
582.2820435762837
582.586657024994
577.8205643012024
577.6532171992794
574.1820528308014
574.1063473595184
574.0094327372476
565.7951460638276
570.4567411819771
567.1825890422962
565.9390317179289
555.1444335018697
554.0210185690889
549.3350895005271
556.2464808157081
560.0017286915443
560.3680855212613
561.257115507466
564.6047504283057
556.4188584228018
563.5965837669588
565.9419833089617
566.060303411034
561.655349442059
567.8143916629217
570.2167708509596
571.2062360573759
574.5291815689018
568.3908023588897
562.4941356104571
565.028658303849
556.9511547986228
554.8620182720015
553.2137145590114
558.7864675064142
561.2772790497461
568.1461342671616
566.1174662538926
566.9514547382424
569.2086633255517
573.1154238430681
570.7088146855167
564.7246570657891
561.268790004169
563.5530663142226
558.7412894290482
556.2478294698886
554.8176648748483
551.0984010437468
553.3139939533187
550.8594080272258
546.2327866046536
546.5279613215351
547.0252924785538
542.4555577536155
545.5689776427278
540.8867761009551
537.2718970709125
543.0897360796791
551.5676711603724
552.6759994732606
549.1136680893504
550.4570762199381
553.8870013387734
551.904157506659
548.2594784025573
545.9171979944933
546.0949176014211
538.9853920149758
537.9508712502331
542.3480569050364
545.5867086089677
544.334488716968
533.5754818460077
533.9931740108153
527.1058986494313
527.1356071924422
529.4880104713135
532.9520561130564
537.729321253131
535.5559539552308
526.6739421778075
526.1315192918873
535.5797686078461
532.955386199354
535.165070890442
537.7009087610152
530.7176933655951
529.5498348250923
530.8189894496788
526.3840026959308
526.4190158517708
528.3692272078522
530.6468974060579
531.4867113838427
537.3640454584624
534.9809167022065
526.5089929029971
516.4091552087127
513.0068349145114
509.6506999125487
504.5081073530156
503.1020545003723
503.3349596848828
501.23976764646295
501.42331661540186
503.843974412533
497.7360789467605
495.954990555363
494.2733351615649
491.9264378888611
492.31139046001306
497.2762752052616
503.10640533873084
505.6434737616979
500.65128250275563
501.4670692499405
505.20949191346347
506.6979926658598
503.1456622209786
505.6343230511053
510.344980323844
510.14321111372453
501.3384566556447
495.59688826175545
489.9755443746461
492.6680842482436
495.1326054754072
495.3348495722048
489.8695521552323
483.93265003750537
494.6748657562758
501.15537183407946
503.5123841740134
504.46606312156155
503.25362011811245
505.5998536549665
515.1448397014489
513.0716697758179
515.2542741383646
517.7710533767386
516.9235005136213
513.9901241436276
522.4562580434169
523.6365025619548
524.5910129564655
514.0290100181282
518.8223013701909
521.3116147252515
523.5253519765827
524.3921379047044
531.284585745065
533.850069559451
537.5609176098731
537.5367862958204
541.0184837111534
544.0055861376599
541.6696024806329
534.5371233169076
535.6359814913712
528.3363605762974
518.9683115672962
520.9027570898024
525.8147840607539
521.2945717945441
519.9628632405129
525.7264927604056
524.6114037099887
525.7405947360438
522.3310950432563
524.6826396655083
520.7558110947621
519.2037245444733
525.1534080387147
526.2507417188542
532.1098582905258
527.4349624901832
532.9382276883555
531.7979965147829
532.8861000236844
540.8012354893557
541.8498574350562
550.5707758655728
556.5404287040218
555.4215488426591
552.7851469924219
558.0980777095256
572.3955269104447
572.4433757313725
571.050215425674
572.0995080905989
569.1663447793733
565.5299817758454
550.5556141636505
546.6983406638481
547.8784536797315
552.6850103360858
552.7510276585972
551.5317831178274
560.8677629082022
563.8847995243492
559.8245461729849
549.787935522567
551.3548721658774
544.3383556637453
551.5714114993705
548.6266859870228
550.9779175850699
544.0505505578567
544.2457831069114
547.6530532741467
553.2817657623885
553.3071195922402
559.0859646431321
556.8237842028467
552.1890883613095
542.480718019048
538.9321322419646
543.3905525117068
538.4939528163699
546.5137812472674
550.1863044440402
548.0358773182478
554.1221227659986
545.7303324378187
550.7674058170136
546.1900908701139
544.9360999515711
541.8863778308819
540.512116036025
541.829135311981
538.9887810947826
545.967592195721
542.5189843616716
542.4452372955582
538.7725079305562
537.6528622974131
543.2866322857017
551.1656362120093
548.8099377480746
554.8117628294382
559.9058423089729
549.1635719290775
545.493836330306
546.9619911880195
542.9904877838079
548.7441990659067
551.30053411201
552.8159435618184
550.7407661606909
555.5842952054469
552.8875056323479
545.1601704540985
543.8116735328373
546.0351314001905
551.7773678035833
549.6851459330132
544.9648331193474
544.1423152788614
542.9054186700203
545.3167291202233
544.2192899522897
546.7545208110782
551.2882485680635
556.0964483072893
553.506482544208
555.633486134994
545.0361024119968
546.1855030545269
551.0555717690885
556.1806308215533
555.1471538510722
549.1099894086532
546.7410112484422
539.7738108075146
540.8491976054538
546.4023553283921
541.4387936996212
540.1662217056555
545.9801696433865
538.54679818323
534.1227506177363
538.9720015047315
539.1008869643157
545.7160444630276
548.1423045296402
547.3666784569027
546.2092462013538
539.2825681237135
538.0738728515902
533.5253491110094
531.2689451274451
535.6729007483533
539.2172201508101
544.1938138657356
552.5128318623231
555.6450813985415
547.2206238814532
546.9803043442193
545.7974896992754
547.9558574836566
542.1812396278499
544.5321306617433
551.133057215482
556.406542537954
552.8125654158421
550.9692722138587
550.9758037939082
552.1917040008167
548.4363058303428
550.9613237710421
551.0522756991181
546.0261483363934
545.0296285762317
542.4634170652836
549.4320921903823
542.8780073759581
541.9664186934159
544.5243322011537
543.5912742224448
545.827680605229
546.8127932098157
545.2108617837598
547.8373346701344
551.2076370077716
553.8702129611195
550.5305398963822
556.0518687964977
561.9985379321975
561.178132249044
557.491337620361
567.6296321650871
563.9065856333733
563.5022610437849
571.4843779740488
571.6302768697615
570.7078676683066
570.7332950775794
569.7450407599832
568.5128926936154
567.7777901934012
568.9796833435357
569.4511759173638
571.707516632644
565.9595824218899
571.5538634546963
574.2699036183433
575.4176737488232
571.3621521535817
567.8437017800119
573.3037353961965
575.5204876840919
573.4382716255436
573.3420295121255
576.0415616133121
572.8772755793775
573.8340717272617
579.8550922328102
570.7465167718275
571.2634958030854
573.8118106121493
576.2461548891413
578.4646523990493
578.4186424699278
579.4597069349921
578.3278586523262
568.8418408773907
570.001175600455
570.9877014034096
569.7550039893208
566.2741513684216
582.1113050050343
584.5032669222986
578.4896454863444
580.6834093932168
571.1093530193435
574.9613182205801
586.4310651028188
588.5566078737834
587.4985443294554
587.1429324793729
586.9522243828303
583.3946745354527
584.8678463590925
588.2825537846352
590.4470061830682
589.5703326640166
597.7904332091612
600.3496768060181
602.9825389777482
602.8505729548008
597.3337544520457
592.9985039585473
593.8239778870263
595.085027287955
595.0970512289387
591.4492857135806
589.1869339239529
579.9996445074296
573.9665701445642
567.6172919655137
558.0132009501688
554.4025439698994
553.392312248369
552.232791468197
550.0878813958766
549.8094872416897
554.7593984092248
552.4607048386997
548.7736123820566
549.8357878852224
555.7670979622999
555.1892728887645
551.3142904697431
554.3492830487246
557.5609065501138
553.7920413288418
556.3979201519901
555.2497929993709
558.9621662306946
561.5222696332228
567.517572624143
568.6574396919491
573.2604062631017
572.1485755461658
575.1437120839225
574.0282050114095
568.2625325227061
569.3722449104539
569.4131060130868
572.8977583821516
576.6525932576778
583.3766639800892
585.6461782266648
586.6695684880754
584.2282341299465
578.3698337380365
574.9747336466987
570.1084764573611
577.1191795570477
581.1452097444849
584.9093211094046
587.9046052014611
581.043651604052
577.3579445164114
578.6510880768466
586.4041743803971
588.6789234913213
582.667019501342
585.1709882981172
590.2506410360224
579.4722704388876
580.5051793282533
575.3651949791791
573.1700267521362
575.7487252838177
569.4071317168712
570.9914654397205
573.3820836648849
567.6245802605077
570.356157552492
573.7511575782561
575.1146066879405
576.1272498561327
569.0585165226807
566.4809356292811
560.6758427130512
556.7605755547423
561.7583454288681
563.5016513301487
566.9703973680587
562.5745813658805
563.917501245854
565.0654679727172
562.3290438275055
561.3819874498101
565.053142309435
568.6139448858355
586.1897121682603
576.615982438652
580.3791019459852
574.6340580143711
578.6604280000589
584.6155371365664
583.307623527756
584.7963737800785
585.4240232896647
586.7348931904319
583.2227438375987
587.8842228550469
585.2769131527837
580.3891407241058
579.0591616509315
577.847535045175
573.1556034509075
569.5825682957533
567.5993512909521
573.5834149078428
564.0587999287802
564.3266735840526
571.5283936605119
571.2792732887594
571.2567362183456
570.1205157814085
566.1406476806195
560.2486717366089
555.4181113909908
558.5909639179456
560.8584535744811
557.467696503954
563.3899727049832
553.5266936329044
546.2363820578771
548.6856183173509
543.9518650165616
539.251268262586
537.8374120882498
540.8919970112809
534.0183590204044
537.5759360154357
541.3187258431778
537.6723235230068
541.2421501868182
542.6970095193287
538.9028989606771
540.0555246753522
542.2465949944667
546.025703228858
543.8153959267057
545.2445421329637
545.1493663085027
544.025581770604
549.7708454060195
547.207192030454
543.5732375366346
543.3487307858009
541.9980104135777
537.2834639225712
534.1555543457289
535.0463495194326
533.8815270556415
533.1494777934095
530.6372413428628
535.0508069920356
539.5318020329266
545.4753116947435
544.4123399399563
544.594856062008
538.4948289825973
537.2373912835315
535.9950462015488
537.1479396967941
537.4605594947184
536.3680249569511
531.8355320088363
529.3793418618809
528.2333359166257
516.7157339331661
513.2183827045135
507.203054515448
500.9504754096738
492.6239312140426
489.81571484362354
484.96399328694787
492.2455451372929
485.1350077681165
482.8202745972566
487.4331447865708
480.2602576878576
483.96316434386273
493.31716877424407
499.2977107154768
501.7589666507519
504.2006557203598
510.1075873188712
508.18295002796356
503.50003795031023
495.34671740850195
499.0992341684761
499.30031855061696
501.3080242648725
501.43113644698644
505.6271565377235
506.749169826274
510.0605867610062
506.5904728482185
505.31060528865703
504.2465892649175
507.8636004819691
510.15670590873304
513.5917814223578
511.26515761589445
517.2613232635026
517.3084527419692
523.1155781360303
528.630025038107
527.488626727997
518.951930729009
516.2869633946102
518.5093655398571
521.167614429459
522.1870553748131
526.9251133163627
523.2662500807005
526.9476419982764
523.3184911043438
518.3489519702118
521.7562397827342
519.4465320364895
515.1743104963152
513.914679918314
517.1284362822088
520.0916852827927
510.4409370299037
506.90815666861977
508.13820569919665
516.4148388962092
527.3902214453146
523.8704524627092
519.249995677978
515.8836561361659
514.6585016908957
520.4581051245234
508.89510764187247
508.82611444570824
513.6105635142101
510.9212386550097
514.9341639086658
515.8648481969144
508.6035540966137
507.4646385162903
503.6895165261201
503.8402107310744
499.7454883239958
500.59788640719364
504.0901046874115
506.04645122501523
505.04691536415356
505.29221676830355
504.61923164975826
508.1188246968647
510.3541471097266
514.0449175740324
508.01241221160797
508.34477048232185
511.7552540756384
510.74868314955694
510.9665683041604
507.25724747952034
514.2191354266076
520.9913300535675
521.3847970476684
514.4982626803791
518.3744611305813
521.5857408924662
523.0166029059103
526.9600583680871
531.5112690108201
539.446592176634
543.2939575694144
535.7480833955442
526.4464294216025
530.1579956836376
529.0835278114232
522.962279651613
520.5592577993218
527.5607587479485
521.6434969641987
518.0533413348548
510.76885602405537
509.6625281561712
508.11767394932303
506.7857165319706
507.9139891819275
507.84764494376753
508.9991934963094
518.3216377800552
512.1534847270386
511.0765142802292
509.91834642402625
510.3695822753252
510.45345085722465
507.8770179150824
514.9753418076857
511.5384521236679
505.89161618921696
505.78295737337555
505.95897349800305
509.28470412915726
503.3743260318511
501.0465991215839
502.4023148698391
498.50849832493805
491.08303947642605
490.051290415057
492.1975897366318
490.6449429916766
486.6545002330501
488.9096405645737
491.1601317435443
489.9138637648696
494.62677879831256
491.00628338831314
483.9671224990868
476.1912309160074
475.35799766666844
481.320710713058
488.2590983891333
488.16467386238025
488.421481192069
491.85492632986666
484.4198459754261
480.8396846529213
481.10731245638397
488.2026697577704
483.9905157789059
481.16142706689556
485.2293864979172
481.980397897924
473.76195897027793
470.1226168538718
476.2022418837872
479.57930802597286
475.71776035122036
477.8782359489643
474.3691010502895
470.808830531628
472.11060199691013
479.51966108269596
485.6021339304927
473.9453611499934
478.4231714402421
479.2620888539092
481.5666705502414
487.9380242883544
487.9809974871805
488.07008430739245
482.11399567155877
484.562155329093
480.01183260392975
477.8665566796104
474.7014098639333
474.77232393188535
474.8709960972263
474.7401514967087
481.6261889922045
481.1907712453686
481.00427461853843
476.40542283648836
473.9945837000583
475.18766595889014
473.5708060907411
475.69312519210655
472.02871311200386
474.740337677777
471.1692819269443
473.1878234025594
472.14791910514606
468.83415467402347
464.2226614361813
466.5772272954692
468.8594043713288
464.18229693027973
466.8202433599429
465.1977876712833
473.7006083610387
477.5956616643466
477.16700323109364
474.85231068053685
478.255310150387
472.3767078493569
476.00964666403206
483.13000955766597
482.1970688850121
478.6526857646105
478.0303129933163
476.74631986570137
482.4317505541375
482.5872452112318
482.64560296035717
486.4465701185276
485.9225515432463
485.82307445889074
491.6005805589548
496.1128875375899
485.342819289798
485.09225366685723
486.15932893936963
487.1174402323627
488.6222149638919
480.2213235280769
474.47814050695456
475.66804686457385
472.007367993661
465.9473335702194
468.9097041621018
466.5067894707344
468.3993957313904
472.02794301795745
477.84069374326805
488.7149829140809
487.42311446959354
485.1611329055712
483.9439676693672
486.19886304770824
480.47477883967485
474.29642554857287
466.4852054021609
475.6447654981831
478.1906414428149
474.67515592998075
478.0605786082478
479.352828814707
486.569569315664
484.14198480412404
488.7665978969712
487.5156850851005
488.6190307971526
484.85405818149684
493.0433194981521
490.5841804525693
495.2886957196215
497.76678908060023
500.44486143664227
501.22461061528054
501.274123713598
499.0263449994578
494.3218121120058
502.37966460075353
502.4911757810994
496.72459229801314
506.36737140466533
503.8675785748252
507.01186519189605
511.6807324936285
512.9038659506823
518.2024154993549
522.8941492746981
529.0563641147628
531.308964627013
526.4952913668637
533.5781370144925
540.5902276510403
537.7536218623227
538.5836354206572
539.9945088758809
534.9951938452812
539.7278234915084
546.5806911186171
550.4642705096846
552.3014770050983
549.5231939163118
547.1328617363367
550.4936853283041
545.1438705208783
548.5472531446931
552.6647049006107
550.8077607483631
552.7365010882812
553.9215648939195
555.5724533649875
554.3354262731966
557.1508566775509
561.9099381565546
564.2627013474873
565.5017586582765
568.1382150021911
570.7953168365407
569.3415596636605
567.919904183915
570.1317282286095
562.9366913108311
567.7455439761671
568.8397198393482
568.8701694039032
569.7236402216821
565.0662104139737
568.4593998113647
567.640407096888
562.8975630977716
561.5838436072382
553.3405657487426
547.5197887317697
539.2623712838108
541.5306543380507
531.2669010237411
536.3847941806964
535.0622752814097
542.4143761788055
541.1529519447091
539.0209053526087
544.2656608773448
544.2433319545399
540.658768591106
540.3677590644938
539.681024366087
539.5784419861229
539.8715141278806
536.1309092416801
531.0940325899522
531.3889043198477
531.4854555502332
535.0574761880921
534.806816906081
536.8163383615164
528.3756597189026
529.8174542610402
533.5383971896324
543.098602074685
539.330121134184
540.4071497711827
538.0524549802387
534.7315216530549
534.3743184792229
536.8583042201071
539.4442469821004
537.2656686602866
545.8894894219504
546.3834170514199
550.3564236098812
550.2931297581093
554.795119059851
554.747309279386
552.6399867570856
557.2706982493606
562.5630834918654
561.4571789504525
564.2871252055102
572.3423747453425
571.7730861958288
570.2678781761301
569.0326490138979
565.6170899011013
565.3084409601145
565.6145922310003
571.3649196854763
573.9532113301636
572.6854798836462
569.237309270191
568.178992389388
571.8033503931181
569.3044689320865
572.6070328313517
577.4608049059957
574.9655320101622
573.7955344134031
564.3969711256769
560.8150617097793
568.0272440423249
571.6796302424815
571.413782757938
576.0642652243323
575.3608964221606
572.2697003725434
574.2729739656496
574.8934588893896
566.7284699610257
562.2714871684088
561.2216369880044
568.4910804799661
566.0579358322474
563.5773933360736
561.2405084650801
564.4382352959799
568.7540682188212
566.0120938673209
572.5245704328909
566.4146431269321
567.672019085566
558.2685124265414
557.0469024362942
559.3079807174656
554.570430425345
549.8996541578103
548.7867058897132
547.9446626256131
547.0693543726682
543.2541631851102
544.5203144050402
549.397822738286
552.8170841034676
550.2092527036973
548.2260274265573
544.7762535316953
540.1927816166791
543.4252085819098
545.4376325949463
548.9717271105221
552.1980227781459
549.0581701878027
547.7606607616176
545.582619680046
538.6995416935147
536.4059438743885
541.3033302762963
546.2033638646916
552.1705505981612
550.8110803551896
556.7487466372475
557.8756827898485
559.1786907969399
562.5382348146488
563.8234492060014
558.1810240579169
556.1419662388021
554.2655042100403
555.5925017710417
560.3575275048777
556.7292550611676
555.7608044469487
553.455478091734
549.7273114772008
556.8641510943296
549.542027681943
547.1708208773146
541.1523162704135
538.5738054981067
530.5631470298156
530.7540235175793
530.4112662681732
532.8130727385773
534.9214440969342
531.4163784540818
530.2827149642799
532.5241969381661
535.0055810973461
537.4473642838702
536.2780410194061
538.9024301261502
539.6734774039214
543.2576644778063
539.6291608356604
534.3541345463377
528.7164109639716
526.690955885755
522.2699014980006
525.7874168358007
528.7967649140971
531.3290421217962
534.4488773251311
538.1320057832788
547.7958698450266
540.6414159770184
538.4911795845294
540.4493957240294
544.5537196148023
550.3014421251906
553.8730721728655
552.7257161304428
553.7775539158201
554.6576422261793
554.7276780953487
556.2083053770234
555.2121275362267
557.7989817358199
554.1068130741556
549.2777443959304
554.1648865832836
563.2027963893256
566.6218499350246
565.4060913201499
560.7289107462832
567.4528648951112
562.9485661119613
557.1965264442666
551.4016343637928
552.4306840800223
549.8825055570771
544.8448835889911
548.7042124512961
551.961405436112
562.6496792059775
563.6236896718483
568.5237420797391
561.7113584940323
561.8285893841021
565.1732321774086
559.1970411974079
565.892658538042
564.7925192484558
564.5535554639471
569.1784449040563
576.3914236599455
568.6128361659403
566.5807242300285
552.9761181375643
551.5283171349864
560.2108510809913
556.3989405197219
562.4024768085505
564.70307284552
569.5071177625416
568.3540581459936
564.7132376031343
561.1444752987716
558.7651655463794
562.4608945075834
571.7073085630661
564.3471874987716
558.2403388639495
557.2463072134474
552.8207392471581
561.1583837273006
556.1277952022971
554.8019194100119
560.4504782363229
565.982000465976
561.8401960648063
563.0204750855363
573.9293387238691
583.3226116115109
585.0133909885128
583.719051253822
583.9190064588433
587.0375153668112
588.1959790679995
597.1604559961233
595.029962842736
590.5692148128071
587.003213091072
590.4323580092112
590.0611367669999
589.7352775527954
592.2978221478209
591.0868334987222
594.7405998567733
593.5194537754173
586.1143252082682
583.3597140590355
591.5828530760342
591.7358026732348
594.041265736345
595.23303712354
587.4967359818448
589.5564690821788
591.0827343729691
591.428868536138
594.8010806754403
596.0897374050628
591.6737670126132
588.1669566145197
583.4139030543158
586.0147705470372
581.5496930586718
578.173832649625
569.488444250735
567.1695545321913
570.0889417160749
573.0800263141327
574.5291616633745
575.5973468758049
577.9180087726053
579.6090279600404
583.1217678023581
563.1021958164816
566.5561145853313
568.5358923509164
560.2089627392927
561.5104672678966
558.1868083103916
555.7222729876376
557.9837275394568
561.5362952097109
555.7603828224971
569.9036805958416
575.968289166434
585.4135420811183
586.3305057761701
581.8828808009152
583.6778484978139
584.6204984669154
587.9825553217541
593.2161336764243
596.9485534202042
594.2426987683982
578.4883630369216
581.9464425512501
585.1218007150321
594.6335854238596
599.2847318174038
600.3598284104085
595.8828693416145
588.9353844024049
585.3925479354656
582.8056735508231
578.4075951659629
580.2625842147864
587.1893234757704
578.9848252491247
576.3000048277936
575.5345635214616
578.9216626875422
579.9233842167574
578.8069208110913
576.0678409860529
574.883151767983
565.1268049370018
561.651361489538
566.3412365580589
562.9293776351706
563.3480287061152
560.2282502006512
557.9876309448994
557.9282620034652
562.4293975735213
559.4794455575209
557.3169076701224
559.7352507452388
564.237995464925
567.8967632665882
570.4600582009698
570.3075870273276
577.0792037561445
580.7130187763831
586.535982209658
588.7838061325942
587.7935316146179
596.0991020137344
600.457283623325
603.575784456717
609.2217568151735
610.2940662186263
612.8178787550777
610.335116060047
607.9012416069672
611.4395280844233
609.3359787227796
610.5622677282538
615.4156871074933
611.8580898485363
614.1602561853609
610.8540450890225
621.5317577636388
634.5760566354073
619.8468638383134
624.6832647971654
629.6035076039566
628.602933970211
621.2414904258285
621.2245261066562
615.4396019835544
613.3346577549921
622.8381716625233
614.2699137411197
609.5816202025267
605.0570714999523
603.2866700274958
596.733334406217
594.4333802393907
592.1927843955503
588.0766139075008
582.3784309209586
577.4182516699622
577.5757523757529
573.795553639454
567.714025014726
570.0715938118217
571.3975371406955
566.5126860874906
568.0738514320009
575.2469364139606
572.9285717310561
579.0694063122962
574.3380312480368
570.7568039220616
570.2482071336475
578.4462346983264
580.4223059834341
583.822837314742
580.3020705455608
577.4466710580455
578.6260767136714
578.7069867579748
578.6419164051911
569.080265795035
569.5579717789321
581.3988718695898
586.2207310209649
585.849989371812
587.5942331798926
585.3163985097307
581.8883511559385
572.4483797312928
570.0613916685389
572.4686392567578
572.7852893074769
569.2310910225808
561.8856496293353
555.6109097832993
559.1876074650041
555.4462510705342
555.0623027556236
557.9111241326298
565.1022954881297
560.6687316747532
561.6688011001606
554.8052275409823
550.9581783653309
546.3952675985571
541.7848800273703
548.533611774554
551.0597798120955
553.4464558018385
556.0648554717042
568.9858875015165
565.068214731461
565.1831823505461
571.2911941587508
573.3427018320672
571.8942708993382
563.5850639478218
561.5794276228072
572.0646592261662
565.0555528334843
563.985672616961
569.9741010465905
