13237.155549148763
13147.225054124343
13088.577809643437
13008.609207484016
12945.752689189027
12880.15143900592
12826.69275413825
12780.293684103675
12726.649757056943
12688.405464699117
12644.984143913964
12604.883029590917
12584.238140092926
12532.075977338392
12491.675495525704
12466.696241336635
12427.65292803009
12397.455445883721
12363.781708283515
12340.083109323195
12312.89815782463
12292.222800023652
12275.069124877042
12230.080431664936
12202.240952564549
12179.11908464845
12168.770975980797
12154.55976192516
12142.677715563399
12134.489009202422
12110.830535806295
12099.933034845246
12096.45952349318
12088.262298586758
12076.726476132982
12069.372744214032
12060.63746263344
12045.497838215762
12039.65602154906
12026.437679303159
12023.472877128299
12022.053339835215
12005.584178283807
12002.016758355436
11995.104085368599
11984.220375921988
11990.571000344577
11991.303742586828
11980.720687061497
11975.543131174662
11970.454614784288
11973.152336356172
11962.212314387049
11962.501521462484
11954.751452772973
11959.388037933855
11965.240606286843
11957.219984388757
11950.996203707433
11940.426887966682
11944.14857291854
11934.638430855899
11936.098509287087
11943.53181936738
11959.12978701631
11950.91282805828
11937.39403785504
11932.68931325884
11931.52989251385
11930.729991972903
11925.411138576417
11927.491224967993
11926.688513205043
11922.906596846255
11917.383219765201
11923.7925237134
11912.339206179415
11914.731538499922
11919.370397737765
11919.75276071962
11916.071187146328
11909.033485599675
11908.452289134384
11917.15930162529
11921.569376658728
11917.780350925921
11917.156707738199
11915.294733111821
11911.755650954392
11917.315452595129
11914.414860049117
11916.205325244266
11911.63338184469
11916.34685160026
11916.095776906128
11916.12402755697
11912.731538784448
11930.436179786244
11927.64292553826
11919.530228699728
11920.163160913013
11918.880834982949
11909.837475893666
11915.808946718715
11922.081382173132
11915.757002417975
11913.76945711304
11919.567991187507
11917.634975056884
11913.727643635175
11912.55441064806
11926.373656808155
11927.659684682021
11935.64124474179
11933.894149466301
11929.279384022904
11932.622540105778
11923.49040175687
11925.74290304329
11934.870523597187
11920.968546601689
11916.988311495381
11915.169231848018
11916.253680037531
11908.32496007101
11906.831931675308
11898.282156399157
11901.04694444189
11900.387132901826
11892.034737700316
11895.929462619873
11894.438374864438
11892.565067720301
11883.962055774402
11873.555682650911
11863.452151706668
11869.89390871752
11876.620273661661
11884.836340035803
11890.40289043435
11897.87844900021
11893.670547550195
11878.86183405749
11880.244173349458
11873.069065143458
11873.490070657128
11873.58162570206
11867.676283726403
11863.590164132216
11870.428858617603
11876.856464756345
11878.205020461639
11882.235025971324
11888.543833554702
11879.918072678105
11891.868082563418
11888.380100619419
11892.807426071877
11901.952150869538
11901.878245981105
11898.861897337882
11897.55998690768
11899.646920496309
11890.440792688096
11895.820356740394
11898.936576093949
11891.326314215736
11888.685395375536
11899.232358682086
11895.729164640425
11901.658941225087
11900.38851278463
11893.422286097135
11895.41183643738
11893.53482217609
11898.967344193165
11901.849612827784
11902.899240440423
11902.006881417277
11898.91750210285
11904.823082227957
11910.992805035723
11897.095731941521
11896.61543086438
11896.226201578878
11890.684298325901
11894.55022697748
11890.697251910537
11887.020969018477
11888.267916646924
11906.606151642613
11899.908660139334
11884.996563767607
11896.346328674634
11896.612361938453
11881.616186603344
11878.797296698645
11875.876774459337
11883.838105854447
11887.217262763515
11899.613362921107
11904.167425927331
11907.907534831818
11914.067376217507
11917.93329006037
11922.75133744448
11927.85740909876
11942.218413883747
11936.19410395897
11929.568170106228
11919.570545043065
11917.438160377227
11915.923034076894
11919.537912252337
11929.2814127655
11926.938048556553
11928.926321945382
11922.76109935045
11934.366525972044
11938.939077844232
11923.896659065016
11921.18001598414
11917.092562969852
11918.808787374506
11911.354685483984
11906.602050500594
11910.28684240058
11899.346795870171
11899.73183594026
11912.473473745868
11916.303694123979
11917.34373834766
11921.595749610153
11914.393666077445
11913.145266960853
11918.985724008246
11918.960910178921
11929.491614764924
11924.118762431812
11921.052339361811
11910.67204248373
11923.238690400718
11924.124469274018
11932.920737216475
11926.784963981903
11922.52332624682
11928.625219053887
11921.70351688981
11930.991343108952
11923.732560074463
11925.446433897912
11913.17422189182
11921.527410705416
11924.240046130884
11921.014476875738
11924.92343968506
11932.280033328512
11928.179664124094
11932.445394673225
11921.350669805644
11922.175438847917
11922.99467199698
11912.823692894486
11912.172344556939
11915.396538453762
11919.735796823432
11912.522072108208
11914.682368404283
11906.195985022954
11920.180352423702
11912.892431070977
11897.282652457503
11898.495903250085
11894.182228526872
11889.202497968538
11874.583696319722
11880.76522785589
11882.891337298744
11879.34994160953
11871.853704333262
11866.933005147455
11870.331235301068
11879.571167121141
11881.132233462997
11877.197736220354
11879.853471274611
11885.145073696878
11880.242727444842
11862.787333806407
11855.471128742576
11858.711711466818
11858.291412289382
11853.94071111172
11846.266221075452
11847.210778069986
11853.6895177111
11865.587156934811
11873.183293998763
11864.771807973966
11868.679727242317
11862.24742467608
11871.319648481956
11869.39326036525
11865.12560665247
11874.551224328981
11875.90045141995
11878.068308343976
11875.156765741498
11869.435159847804
11864.648522134954
11873.768240827128
11866.512623008133
11863.661608543767
11865.906193761948
11881.751503240557
11882.08622236166
11882.159136425618
11880.23135244973
11868.859490359815
11873.378744138186
11874.53522476018
11871.111802472215
11858.548308845624
11854.131819622558
11844.68991722339
11843.13124788066
11850.571233158522
11848.223387878264
11856.382453048132
11857.909327094172
11863.303751371757
11859.33009684356
11874.303504033544
11873.911684495128
11869.216434207246
11869.679579531901
11871.408323728605
11878.576680525792
11876.442649237017
11880.579492480698
11878.001968228584
11880.374284093066
11883.191799877406
11888.507510619707
11881.90951651055
11886.549618162106
11879.987055507912
11878.106291692744
11876.580628492033
11869.815981021591
11863.415119266827
11870.467531072725
11881.513558755258
11879.150229086463
11866.103662118669
11868.799386843471
11879.19102712987
11862.333345554092
11870.203583163613
11864.640141672997
11872.802176957128
11872.272586236948
11866.996016625135
11869.134365264643
11863.95829667788
11876.475310026177
11880.615953475679
11870.023084307653
11870.873983189913
11868.879930831396
11852.20317951185
11854.13584605109
11854.923279676404
11853.684017323212
11864.803541016097
11872.06901714918
11870.908265683962
11872.020091591308
11865.666235731602
11859.820799781379
11860.56153914948
11865.694831068484
11865.0322953253
11863.033640794318
11860.450195451223
11850.318996929724
11864.124944491723
11872.746273460907
11872.424776940257
11861.00141548225
11862.242316177677
11865.230958257833
11870.662072736239
11865.586135255502
11867.045312187507
11880.607227155822
11882.646613301864
11885.05036162948
11874.54105741434
11882.113105659932
11889.811000236867
11886.658923536568
11899.434640426414
11896.918745067978
11906.60166636218
11908.453933424757
11911.88453593108
11905.916757324147
11909.027823775872
11899.669241267444
11901.141203654757
11901.319880800693
11899.142618056607
11903.076280613273
11891.939309351586
11892.597799502237
11891.468110024893
11878.753822031245
11866.997114325652
11872.445358012728
11863.61442786734
11871.145075717612
11862.849891320362
11857.86605684643
11852.006014082091
11855.684780834203
11855.330235399199
11860.957212401485
11857.658553724708
11857.988924509176
11850.081666041082
11852.223036828786
11856.530380712906
11861.474386483886
11852.720889992595
11860.85003970873
11858.078828703037
11853.81292789544
11855.539195571364
11869.087948615776
11868.097648637997
11870.948604946769
11868.853262402898
11872.968632203556
11878.043802849937
11877.332875938338
11892.86969645631
11884.857955128626
11890.575017356441
11883.574298811578
11884.337170841587
11886.23620851657
11890.025591225207
11886.48568609745
11891.554876381972
11890.701251368615
11892.74518938924
11878.421092276898
11886.219976243963
11885.304689679022
11880.847447875192
11887.118242925237
11895.676356009037
11894.247832397885
11907.362298369757
11898.134470838608
11895.748654847495
11888.82961376174
11888.475254286182
11889.984095810676
11882.469021426972
11892.159648298137
11882.54917220099
11890.069381999452
11884.583038750225
11890.548011274888
11884.126751534339
11877.47141671913
11872.918254146765
11872.851186500078
11880.015500121583
11877.846518609693
11876.214863898493
11869.966082799798
11870.044181011966
11866.275487779476
11855.504686402888
11849.402148100322
11848.969778925448
11848.875376811882
11847.157709251564
11853.372669788247
11855.259298624103
11855.726046745163
11854.74280819379
11859.991538701604
11866.659882590127
11856.131525070916
11861.95738586504
11865.817818628959
11866.451636812155
11855.890085032072
11861.781666393488
11859.9543867752
11862.304291178976
11855.156896618078
11859.24302899849
11860.56833020058
11861.997795028235
11869.156809210912
11873.878782935106
11877.504729681796
11876.786491354524
11881.98748299347
11887.841039228024
11875.12081650738
11885.442890548155
11871.10422608189
11861.695198060992
11863.60329749735
11864.651469279252
11860.645540803842
11870.15243680183
11872.568568208488
11881.844403269733
11882.96925472869
11873.164697588052
11867.769041750727
11860.531604982516
11856.264689865817
11856.019150890806
11855.286314516248
11843.981677868953
11856.59450442769
11858.825399784619
11850.83222411815
11855.449736971414
11862.225352506503
11865.569204530038
11871.942101140718
11868.730706945937
11870.729116296476
11860.622989092124
11845.775560745486
11845.29881609451
11856.444336728851
11856.580897653901
11843.925763360181
11843.766198374211
11845.337608011305
11851.66798044573
11861.726815461421
11871.275315251967
11871.964209121808
11865.918096159021
11861.416227284712
11865.41362552124
11876.114542524214
11868.516088896598
11879.47486171365
11873.687807850341
11871.585614421932
11871.98715804865
11875.346669246255
11882.707411101983
11885.7756067352
11885.063246382895
11877.40776926708
11873.688935705559
11872.826884684331
11873.89809297083
11873.793442996755
11877.576247005098
11863.994816088667
11855.538057465455
11865.129891042205
11858.48983425021
11860.3917408405
11863.811042281097
11854.04484051595
11866.820832997426
11863.415580517489
11862.030207130532
11862.412687712284
11847.240113304892
11856.492164060695
11845.36151202545
11838.37866612403
11838.124916445298
11843.19158691162
11829.902617180087
11828.768594834302
11833.675315754646
11829.31113365187
11815.12848210374
11827.016615784492
11814.73140673916
11806.909757411559
11811.099292331037
11809.121478733789
11804.345368502327
11812.257038301575
11816.288355379755
11814.654121709693
11822.506591394758
11818.390071987442
11822.797141183904
11822.549118732302
11813.2945283218
11809.494752201299
11808.096902240604
11816.284859821797
11812.05735587807
11810.575531576978
11817.02123513037
11820.469079600554
11824.135689918468
11838.083519168169
11831.966211368956
11836.609942256713
11845.263568546885
11850.782006717662
11843.877805465072
11835.849629670602
11842.041569978272
11836.727176023283
11837.707057899821
11838.86512821141
11833.364638202063
11841.649930885676
11847.524930674488
11853.410567409184
11849.144085644886
11849.00868194615
11856.229583268156
11861.126157456514
11865.30834527501
11871.16394028597
11872.635874135158
11870.240049929584
11878.45076402947
11886.056860062847
11895.085484630923
11903.503594339254
11895.625042823476
11896.155896342087
11890.18823304092
11886.990469122153
11891.195124543836
11894.052179463964
11890.343968087996
11893.302040874241
11886.517962064547
11890.965792018465
11899.949275348632
11892.090032680175
11892.790865028113
11899.08236890494
11900.076440110981
11900.284262213787
11898.264542709625
11895.09504094239
11886.189416466526
11890.987087042548
11887.255477846145
11868.091410299534
11861.845118147456
11862.669852564359
11854.179323244616
11859.051359318612
11851.957541429387
11846.339626171037
11838.573130724915
11846.799625181156
11851.954579134672
11852.116386192909
11845.782303149233
11838.866621704432
11844.190308361965
11844.105283691162
11838.571504651787
11843.648590200073
11840.265162384845
11846.311871188462
11846.78556269504
11855.436662101722
11852.378416391108
11857.529266060657
11846.70613001067
11853.22187408236
11858.675116151917
11847.431014928396
11839.147961269226
11839.302673153086
11828.220826777473
11832.6710345762
11840.642275129301
11844.987152915164
11838.239149468238
11835.395323840354
11834.69685007153
11838.927667942751
11837.396054920571
11826.190314294836
11819.021221187426
11819.705665852336
11825.841304945676
11822.145136801591
11806.466306679775
11814.684429753892
11814.051168220625
11818.818630570255
11813.155941492409
11807.258316950818
11801.550110239443
11807.868065632807
11811.127172958375
11809.500155955042
11804.193391611629
11799.181465849611
11820.117900470192
11824.293356717244
11820.341973927862
11818.21117862728
11809.98080004552
11821.727580124618
11819.85420177256
11819.560170477762
11820.15999786486
11812.164761008797
11809.254991678561
11801.277205579978
11803.236947949736
11798.030384107842
11800.036843340115
11794.714270489116
11790.750905504836
11788.041721720205
11793.769390654536
11796.93975106005
11787.901392713746
11791.43912868914
11784.204433103907
11775.260702309037
11768.390024742486
11777.396942203872
11792.267741925189
11793.882581094762
11779.311954678597
11781.597807970189
11789.424743046713
11785.07835730995
11780.936873631368
11781.282425934844
11785.983419683278
11791.632646836273
11804.924836555914
11805.422889347039
11799.600920037828
11795.309755781022
11803.135819676692
11799.864496721471
11804.691696155907
11806.827782070544
11806.349210495422
11815.787960880853
11820.187103256467
11814.037784941054
11807.616861826664
11808.853048770765
11812.135223266157
11804.408500337193
11803.035917455465
11806.623871794818
11825.142607729442
11835.447241927714
11837.874158171568
11836.154768287544
11846.95900983506
11837.515625112657
11832.21313219916
11828.676478918605
11836.192591444666
11833.151342383408
11817.981436190394
11812.767790007063
11810.647910294501
11818.60288281143
11807.91668180652
11806.065691859007
11807.420385840504
11808.753233657892
11817.189246534042
11820.711091195306
11825.4569768998
11823.340127338028
11827.893698770044
11840.129651758432
11838.63829597714
11831.75903163476
11830.104718190349
11816.594815027765
11820.726160114587
11817.26664145388
11820.66868516615
11835.719934722834
11828.629899777354
11823.301823710768
11822.38176808683
11817.127818424862
11815.423597608684
11811.628141713132
11809.041902244691
11812.222164983537
11809.71583382566
11808.785260004388
11791.634707561117
11780.74967268272
11774.472522593598
11774.305034779121
11780.787970289133
11792.743607028751
11782.621134043335
11783.181265960437
11783.052213806575
11774.726661274315
11776.081540566796
11768.331416593202
11773.63317916531
11778.113022021776
11786.17042277263
11781.858108168097
11781.090534915533
11771.00984174898
11768.925908542953
11772.480776851267
11781.936815600373
11796.950552658971
11795.172821981601
11797.845377446749
11804.852163606713
11802.5523577426
11803.971835595537
11812.678265637182
11810.958255278689
11823.12677825831
11840.48129651782
11834.148659440893
11824.91233699066
11831.449497430207
11831.652996691555
11822.053289075564
11821.92621281354
11819.698210668927
11812.719677776975
11812.898278080223
11798.387289477498
11801.156942437501
11787.638492040931
11782.696832039452
11786.12732436779
11792.292625853624
11790.558709466417
11780.516595182073
11776.891281537213
11770.244382048319
11763.72516891317
11778.866293143403
11781.986710952027
11778.689829776984
11781.904916477943
11767.828638634286
11781.643066961675
11776.474654995978
11767.1634806686
11763.571903968967
11772.779188517576
11774.486362499309
11781.358645992743
11774.32956246084
11770.090295350758
11769.394805060763
11778.367514263096
11780.657320668157
11788.468928582939
11796.90519287625
11798.09138067991
11780.091293322828
11766.591704360853
11769.33890166504
11768.981839306653
11754.362094159045
11747.998443262413
11752.513119989791
11745.084331549297
11743.782777626342
11740.884538520433
11752.868540073403
11740.451568889897
11736.361587995223
11732.43149146381
11732.594026579009
11721.768185044257
11721.4721287744
11737.082124337463
11746.079965307204
11749.94988966885
11747.3131549792
11751.183956558001
11741.419270390641
11752.192811758034
11754.060441203095
11747.291217743486
11753.203086925467
11739.899518222664
11739.675568106282
11739.216688294267
11738.062483083653
11728.832875915024
11732.717524871783
11723.226187157492
11731.968937800326
11728.952134834974
11736.011452818544
11734.26995925427
11728.185913021398
11728.207433040126
11728.609597618974
11725.662381767135
11717.372495902204
11727.720077549184
11724.146666818426
11739.163865239374
11735.592655548802
11733.321490496557
11735.513078687602
11739.449565562649
11729.572493804833
11723.369299148635
11711.260887946739
11722.449149854208
11722.234611545951
11717.329288706502
11719.874778951504
11717.958142441408
11717.71008979589
11716.741944905465
11697.621716681006
11696.880880637393
11689.683073101874
11699.883265125029
11697.525103419131
11708.865733077702
11704.468782207163
11698.39229075414
11701.602281537482
11701.884933289075
11716.207790745153
11698.938116337686
11695.43111276648
11691.870175278324
11684.351480520494
11687.11805388332
11689.68510400631
11687.838022451739
11683.790714763623
11677.419224299167
11666.17757569376
11666.91094614993
11664.19071371404
11655.350369769372
11655.966802900482
11650.425497000291
11642.110055935562
11634.283261833893
11634.754386717967
11651.342570336828
11646.351635601339
11651.119068256401
11641.223772718939
11638.313263385313
11645.327607285006
11642.590888420473
11625.58104194361
11633.714308662218
11634.561194666443
11642.876995758841
11648.886306061857
11659.379859321338
11673.942960438331
11676.253501708103
11676.964917378535
11660.687533871755
11645.635105331085
11652.247675035089
11653.10309800606
11644.400009310677
11646.856755882061
11635.502733341275
11633.30996413503
11633.007967509755
11626.67284286919
11617.595334081076
11603.580501795357
11606.382496227658
11616.634293560845
11620.307095636534
11612.013529259924
11606.972614801856
11607.396568535092
11603.539927091964
11598.595287481987
11604.181231179673
11601.572480336446
11605.009350640546
11595.7240140041
11587.035838872353
11587.591045699772
11587.49838773535
11589.054892581913
11579.679998017946
11580.058836840986
11575.128485522553
11558.922789134722
11568.312268659802
11562.920926091161
11564.488734056795
11568.527012874973
11569.332404648962
11575.635874539188
11585.032151100373
11571.633777293591
11568.963210486085
11568.967933996728
11570.474243114008
11578.447653238203
11575.407338430694
11573.382108602586
11566.825931275329
11552.985097011127
11547.374452320306
11544.250050105155
11551.100998077061
11550.036240972317
11547.847125769022
11547.877694422721
11543.02040568029
11545.187295274045
11522.90091630419
11528.497277188824
11523.443941042093
11523.002908078643
11520.367131425268
11526.008793819405
11516.579857772156
11505.754557436678
11500.257331177629
11500.303624001488
11492.407234548245
11476.742204101858
11471.746062010174
11481.597341132669
11473.481179021972
11481.354943479915
11473.452882567693
11465.498965193623
11466.570603803188
11459.588059928083
11458.298600911246
11450.041192510722
11443.087148606719
11438.471468341106
11425.576238609658
11422.61235427989
11429.536672403801
11422.696998902822
11413.888305169026
11409.407327289187
11413.03717317052
11394.994038863031
11397.002800241982
11388.737515859775
11380.988770349271
11368.455565721017
11359.00064246203
11343.944164872217
11345.080197207948
11334.907263225365
11334.682781713287
11334.433870313755
11327.549922911869
11312.808077137366
11304.134709307848
11294.370753842468
11289.410925958826
11276.838916881694
11275.354976590592
11254.220563614666
11253.480509723915
11249.287408053291
11262.73560831444
11268.815056638154
11261.093313843714
11252.796587886349
11238.207189119661
11236.436038019485
11231.143878437028
11224.434523081527
11215.881127145105
11217.751401621736
11223.48626939873
11225.1036603951
11216.169526545324
11207.705010574231
11204.877333847793
11196.596456994499
11196.270030150676
11201.364711861503
11205.209206877395
11203.27393694462
11197.08327291028
11188.059299623732
11167.670093693128
11163.196718645973
11169.894745830017
11164.166472500416
11175.040786276377
11165.156960195063
11162.289524219446
11162.028364770762
11153.80894315926
11160.988295744804
11150.54993912808
11136.243912072368
11139.90998681067
11124.466070178278
11113.610972074996
11105.026434172634
11097.589709520587
11091.710835142709
11081.629004170185
11080.543448937684
11073.841791690365
11065.824406849064
11054.01851412934
11047.745386303715
11040.290694967736
11026.165497167804
11003.883737494172
10995.998647210616
10989.853743769549
10998.63546464748
10991.241876699196
10978.427041882032
10980.895202362972
10968.983428722062
10957.149567896151
10944.744181629627
10936.878232488134
10923.017352443056
10912.355365950873
10906.157358350636
10900.328744786497
10894.024120562499
10885.179574718793
10878.636265155345
10863.776974965747
10855.383083296736
10851.635380148364
10836.600466630978
10824.294933688727
10816.67881003243
10813.423013592452
10791.984889420462
10789.464297898918
10780.820398104626
10773.18191215858
10755.19617855838
10739.180378275085
10735.30357486189
10726.703608109652
10703.764361984684
10699.617209094886
10693.758138100715
10679.364348709614
10667.908538389991
10656.491660940075
10631.931654906604
10619.012487178752
10592.758072649243
10584.254066685537
10566.970218215969
10532.224896386126
10523.805582354888
10514.882269814221
10503.711668686636
10482.029795072302
10472.082715494827
10465.166217365677
10446.62690042467
10433.868809635045
10414.78412303939
10392.499909956334
10390.874916457258
10378.769458721945
10373.839222858878
10369.403665374422
10347.800367234071
10337.176320644145
10339.295221696137
10326.620613728544
10309.714242523618
10283.553155842745
10295.68830697385
10283.262215500652
10255.710590592826
10239.334715247316
10231.744443161722
10216.452424377441
10204.506544954365
10187.742023200106
10191.536408721062
10179.40849147943
10157.90393163735
10148.32683617195
10130.917168467884
10117.950857796837
10105.884457455071
10090.835262895078
10078.229751680265
10066.17519061506
10049.47208305899
10042.55637139525
10043.015995340738
10017.160717655155
10007.781907669148
9980.736331333552
9954.02519596688
9939.711145843603
9924.857407152664
9920.034176632267
9911.305278839744
9903.200919380479
9879.25963692282
9867.736078218923
9838.67763637585
9822.076646316025
9782.50454904595
9772.619764534871
9753.971864443669
9734.320161604768
9710.309554241448
9701.604811296662
9685.305715544826
9660.488712814535
9651.694391602352
9637.702465150074
9626.548936952102
9607.89745366415
9589.597600848849
9572.988671166777
9569.641304143619
9544.865818331557
9529.373614030927
9521.681530421774
9500.268873756386
9482.458781803532
9462.80005228613
9454.647750100008
9440.952959304066
9424.519950075177
9385.64389305262
9358.474913361126
9346.467241687138
9334.134976789408
9315.87700077907
9292.086457488378
9263.217883279121
9248.758509738034
9212.311124827467
9183.678993296373
9172.606033120475
9144.739111063112
9116.918911627565
9102.540652597952
9087.211348155712
9070.456528453098
9057.106952096663
9027.534060119888
9012.07350666294
9004.550645706058
8990.438844957025
8968.914741111836
8937.82579134157
8930.282764120677
8916.42865251952
8874.72610953667
8847.528493134061
8831.936626261378
8813.920284220088
8792.456232559061
8770.41401657444
8748.190093817744
8728.129645634544
8706.564663044264
8676.267271014516
8644.773710996566
8635.912175894839
8614.245806167106
8590.761360021159
8587.13898121893
8560.91932901484
8525.636139512808
8507.130541462398
8487.1479675271
8476.407157026591
8458.634230823427
8421.159667893833
8394.172971364249
8383.045418930706
8371.136129774783
8352.262981617485
8331.86797403239
8314.868308996969
8302.773144290184
8291.288834541705
8263.024402371611
8257.208471881348
8229.97802937731
8215.778262817841
8221.989742069494
8200.777757446218
8183.477248264049
8160.071442872592
8139.010171507077
8106.212506334798
8085.233636599416
8066.126825323966
8046.6848205696915
8040.1968912576385
7998.696174881161
7991.731397499496
7965.634787832047
7940.153812033246
7918.569324564813
7905.269327904147
7877.226966473363
7848.3135153147
7826.929314506672
7799.941466942239
7788.335616845715
7777.847479342449
7757.783185989107
7719.1899386511695
7696.555870738202
7685.941396030829
7677.131418181305
7645.155404452709
7639.674052387023
7597.5486411523625
7568.717354463528
7547.669598999859
7529.79404075292
7507.760530914377
7497.837991318379
7491.3680546486985
7460.34928352568
7441.528237714194
7434.251817369113
7411.19953975183
7383.7513641560145
7377.075055021014
7360.3016587759175
7330.099114348979
7314.13053098085
7285.7320852685425
7263.07461429883
7243.762011212255
7234.650328253992
7221.2592098717
7194.611297735128
7174.63486886309
7173.813817952268
7163.23685087689
7129.101477522961
7113.916280672803
7081.610971567073
7054.698112123797
7025.690089822312
7010.85334364102
6990.381005828409
6975.19180374102
6967.586820311796
6958.703020292775
6931.87421294942
6888.4147742878195
6867.244011833944
6846.134943493244
6832.063077156965
6808.58856274336
6772.245971659839
6758.209169687125
6727.8728186312965
6702.916713643072
6692.116079418884
6678.328064963627
6641.987114532667
6632.504136526079
6623.243060025229
6594.67935393384
6585.149391508143
6547.408087637808
6520.19221205637
6514.1244565196175
6517.3993954388325
6501.909266632154
6476.466022231722
6456.101714682876
6455.725819851414
6439.120257364044
6407.385780332741
6390.621990151692
6352.188319274861
6334.154448355426
6316.8066151649355
6312.766215437268
6304.86545762003
6295.733521389679
6276.973216037644
6249.964931359748
6250.291407570405
6235.312524333123
6228.261222558899
6210.313097386221
6199.43828117679
6181.085631077627
6158.106706873829
6148.934078588688
6128.727335982826
6117.866927858044
6098.59093331212
6080.166250253062
6079.459217262356
6059.873907676337
6041.5207783046
6027.531798558601
6007.717773696137
5990.634664565472
5984.652272570746
5969.3095603448755
5954.218083053696
5926.635037462263
5898.891693211057
5891.967039362442
5892.748845684858
5865.706711815656
5868.448402827456
5837.455853965501
5802.933326521429
5779.104039038326
5757.379610259131
5726.198700586789
5700.520789945927
5677.346033544589
5662.454562997187
5635.240042910946
5619.142215162608
5605.918188899298
5591.796450642038
5581.062117261763
5550.254404219209
5529.505859272043
5514.0290305243125
5517.3557608073015
5517.404020193202
5493.917447179113
5486.722919708136
5474.804371335713
5466.891799775831
5468.427575750511
5446.584387416255
5428.622142139075
5429.497073957919
5412.719140088628
5382.713768875201
5374.6526403983935
5348.4080627368585
5326.085112698796
5310.424769966801
5287.693153991462
5275.453516352423
5264.147167537272
5262.805813163318
5236.9185635709355
5209.949035971207
5201.357681422209
5183.823477287073
5167.952402138222
5143.966818036571
5115.201872778603
5100.648250203882
5096.427633735428
5089.46949263695
5056.189307645689
5042.133733469131
5040.969190471926
5023.54054594256
5010.806917797503
5002.538682897475
4987.803482971916
4969.405211979494
4937.2601340002475
4911.461796950872
4913.621136779468
4898.5946370081365
4904.307428154138
4894.270615841884
4889.172119322001
4880.44712650103
4865.836406173256
4856.962499288606
4858.712644573079
4865.358532583912
4833.841185628571
4839.634264226446
4828.310642401133
4819.501369984671
4808.452133978682
4785.210296061217
4761.051928409906
4769.8146778451555
4759.117817897059
4747.378135130566
4739.772928226443
4709.229604003148
4701.387021846327
4692.546384926612
4683.709233435908
4663.470599220462
4641.706273054506
4624.966028109625
4621.277496984207
4614.288557587481
4594.942106023353
4583.917102344146
4584.442671420132
4579.273595541296
4579.1489861025
4576.9566572145495
4574.883758352235
4588.309394613125
4567.1992485446235
4555.672626021613
4532.285676995039
4508.069578572575
4493.045637923486
4490.2703569718915
4475.945649127205
4458.1484029400635
4468.882245544368
4458.549384539555
4426.5839077578985
4411.061981190651
4404.802663104199
4400.320947828524
4388.165630863149
4384.948560327889
4382.998610868424
4375.789592889956
4348.287719869571
4337.634572384298
4328.494928572645
4326.010535134785
4306.593883126611
4285.3815123973545
4273.839830851077
4264.719704697307
4265.328991530008
4255.9849002340625
4250.934428742234
4260.737160945462
4247.942665377187
4242.81586201221
4238.611154734763
4241.8894517341105
4225.1466039545285
4218.199879235799
4226.001517404868
4218.870184251511
4219.611740267108
4213.876540982718
4184.656111021417
4185.674398182968
4171.669044170096
4167.484396061976
4172.486109179155
4158.05867378581
4155.275045894386
4141.196665628645
4137.683411164207
4139.6994873929025
4128.645915945186
4111.429953038329
4090.3570668993257
4097.29665396306
4077.4081998708407
4067.8705583199726
4062.488647622804
4063.720052990331
4082.337998713155
4077.7166554525397
4071.610708362323
4073.868109936033
4063.1336596270767
4042.674162707657
4040.4841624495175
4028.0692266740384
4013.143880874788
3999.7035049700007
3982.7382231347788
3989.15755447001
3978.2136963920816
3973.420359369491
3962.4211913982344
3958.3891330024003
3951.2432247086963
3934.02175087118
3914.095679859266
3897.204153751071
3886.9476599614813
3890.411842441461
3898.173063366501
3890.7396558436562
3895.8369736986665
3907.2003723630432
3896.5450103821518
3893.814061429559
3872.1077651113465
3865.929211773345
3851.102828718388
3859.9568345263497
3863.032302527694
3856.46834633896
3842.169604808846
3844.895215579307
3843.8874427103674
3840.2766350233123
3821.9631129159498
3802.4891181821004
3793.2304824864777
3777.411241591789
3793.357967628376
3798.5485255143685
3788.3388241305256
3801.5772568558236
3796.533924636749
3787.8896504763175
3774.1504809445396
3759.862791399449
3748.6512997079058
3744.914272298166
3738.803686681482
3725.209710888141
3703.3506123949755
3705.57317937578
3698.7565609116045
3682.9567995661837
3679.4077384748534
3673.2321618009105
3674.7052397638
3671.282417082211
3655.5295192178896
3652.308665197351
3659.455755468886
3656.57013242336
3641.8137018418784
3649.4091060616
3647.416487084657
3637.4701737593064
3652.795712828451
3650.2036719797698
3661.8747781592174
3655.1641476668024
3658.990738779663
3685.828706386409
3679.971457102883
3673.123567815635
3646.4652093323853
3643.1281997279852
3645.900378825643
3634.4867300387814
3645.6364241465326
3647.60789343668
3653.227451681905
3647.9558143701847
3651.2394395550136
3655.8710337179364
3654.6783121945264
3635.0248852676787
3624.633812795315
3630.382288818349
3629.9801097957306
3619.7107924105903
3623.8647160390356
3623.210299958835
3630.699252902372
3618.8861155509994
3619.774250010435
3614.6592337677357
3608.903823072755
3604.5549662834396
3583.7573557948435
3583.161824601199
3570.4163191006196
3587.90951026728
3569.5023522927304
3553.5021172246757
3563.0426862262248
3566.2850810423283
3550.2910004463274
3545.3733463659837
3549.0219101881876
3535.7481572922497
3534.3245827373553
3526.2404867041996
3530.369482868418
3524.70009773754
3530.875785241372
3521.9056950081167
3530.3347751598626
3541.0573310261652
3547.370298915071
3539.8799731683507
3538.5339348644698
3541.845285106778
3538.0609651578934
3506.786549675458
3498.3951172268644
3500.548797425334
3484.9002735256963
3479.1007133631974
3479.167116310966
3466.745822191753
3454.8286290249443
3463.092964293035
3468.2321642444845
3454.4293280843513
3460.1578606652147
3474.3684359149393
3471.922947838783
3474.5607341001255
3474.2072029128785
3448.6956057760126
3458.0963619744844
3452.4157035067046
3452.357163830179
3464.1188370792684
3467.7117456307615
3466.262600586854
3467.5585899358252
3456.545502325761
3447.1835859996727
3450.545785528142
3440.9837543001377
3431.2808232538805
3451.2191635992494
3465.4393750174822
3476.9494986790446
3473.8814640096098
3492.0155388699213
3481.8147522801437
3488.445694969897
3506.9889286795187
3514.4898184104445
3530.0065579471266
3524.2282040727687
3522.5175190291657
3520.050039772597
3503.3286855977985
3499.3508432724075
3508.17799359462
3501.8760216722476
3487.0162506728984
3490.068127369521
3493.046837805381
3494.1517645896324
3494.021539179501
3491.621731035654
3479.853777642474
3472.1058410617
3492.502844994372
3498.3022981610566
3492.718840491166
3492.7938495080316
3493.9383661433403
3494.2383533624334
3483.2072323912544
3489.5500945081776
3491.476857474937
3492.691495890508
3506.874098940042
3502.028077721321
3499.5379361100195
3482.60791297039
3460.376316728992
3466.892730979316
3461.36642518651
3450.9842351142916
3453.856181288186
3438.790631776604
3448.521108773927
3450.1670735126595
3466.5430719301594
3463.8309369035637
3463.714837857212
3454.7557985525455
3459.665336402013
3456.468035718396
3469.0040436392414
3473.682596954874
3468.0693163044266
3456.1604821775445
3438.6137717248475
3437.4481912575548
3438.3790827986745
3431.815104047944
3431.8498951747847
3415.0792555064945
3406.7692936196327
3408.802611957667
3420.5523518295786
3434.061388845349
3425.9215436668164
3418.753598938482
3413.530302881586
3405.0890675852515
3416.9121379216904
3426.1120705862686
3427.3366344664155
3423.345720048309
3426.937479846576
3423.258843119964
3422.8870698926994
3423.6857958675546
3428.6705760704754
3431.6397724557555
3424.7255999364384
3417.7554731967552
3415.6402693852283
3424.775566430475
3429.1538839028694
3433.972309462356
3439.5947546008183
3430.9262142861467
3434.5357958918225
3443.3117312480435
3450.7593221525894
3439.166404528386
3438.347274761518
3430.08279674555
3435.0730471477277
3432.1124577057317
3427.2005530413585
3418.5699206090167
3411.8632446634965
3395.106433767543
3393.4355576958706
3397.8799615739945
3383.7269631429303
3364.8417744060566
3345.232864742691
3364.659658927598
3365.2646314603367
3362.9359808512127
3371.6779503568564
3365.4161128995493
3363.6711652828985
3362.9045979934463
3352.195755699593
3357.91653012792
3359.2167546068913
3365.684645350197
3356.7258576442855
3350.6629016299526
3332.1036087971106
3315.839498570783
3317.1022544186435
3306.2247861941196
3307.947125238191
3313.4984764291776
3300.7557736510435
3312.8935441234626
3297.166337475217
3289.717961732442
3294.7134339824943
3284.7346393164453
3281.091256401448
3277.7681139898586
3268.999609997497
3288.0526300478796
3273.6284525135143
3262.401222340829
3267.9945809292526
3251.3132168183483
3259.0472521796114
3264.133506220368
3267.47709232705
3280.252479514818
3292.76364614044
3288.4615233472473
3284.206609156886
3296.7081343463824
3290.081330777077
3295.6505939019335
3278.8157675518805
3288.961112732419
3274.8558421520474
3275.8334958423884
3269.762317312367
3284.5189985986135
3284.907954186337
3288.0407518719885
3291.7572764360534
3306.7561930377606
3317.5116107596145
3311.0972218949382
3314.513990275931
3305.7154520540716
3311.015411705986
3312.959079123855
3323.8168216663707
3341.2944594938526
3346.4305218802783
3357.1509527424487
3351.35502696029
3351.016581670491
3338.413234023948
3345.891899160185
3346.8560322416083
3339.3188986284663
3330.79093254295
3336.6411234305797
3337.85937743892
3342.6760069102183
3335.7967412083103
3354.089639532554
3345.4774532764663
3340.326681071514
3330.2576073493583
3337.0749252649393
3328.203498143411
3333.4748886508332
3335.024985098957
3339.559852786795
3344.9714443830853
3346.53784863896
3344.8392503837595
3339.6721874048185
3373.100698123327
3379.0494123031367
3375.8156097929595
3369.0970508096684
3352.6600784947223
3358.859030172194
3360.423187490558
3369.621289465511
3359.671516896209
3348.5321453328725
3355.1431725971725
3358.453602345763
3365.7620591744485
3357.399329475758
3361.7608149493476
3366.417281363766
3368.0345512556364
3355.274267809205
3366.7393179792016
3357.188588087003
3369.876117617322
3366.7428900522964
3374.1264451319666
3366.481958698586
3364.327330059564
3349.514279723753
3355.1307892498694
3337.3207232847926
3346.663816516446
3334.9898383066493
3336.498972973242
3321.083868091484
3311.074642225618
3323.74296829698
3315.7090243607795
3307.5350868263054
3303.9205784642354
3312.1077556500613
3304.64783492085
3302.2960155670544
3290.6395702258674
3292.739855468426
3298.2409394023716
3296.071259921648
3282.9825555149305
3277.6272107560053
3277.2193535870674
3267.5778786426667
3280.95689146402
3292.3093659322462
3302.230396195329
3312.6910811066027
3299.300070004101
3304.2429262424157
3297.17039021747
3269.521810087409
3282.705818019627
3289.183766524005
3286.373711210021
3300.603369204271
3293.454891612062
3283.6438649559223
3282.0641106436065
3268.7043324719734
3274.7507606841837
3271.843257655878
3276.918033236871
3273.705697955388
3283.554603252109
3305.9529994955296
3298.932236007211
3306.494435513924
3301.733290810371
3296.147536216
3285.1057344959077
3287.536771001125
3276.602714791445
3279.107553805397
3273.4923776638225
3271.44894833812
3277.5781177166805
3270.3772510962444
3287.733725999563
3282.6319381521635
3280.1007746490227
3279.167011996334
3284.3664899687337
3301.3401564530686
3294.210667631235
3300.509908061724
3314.2978310661765
3308.9579828429924
3300.0128114439967
3289.0734227592834
3280.1072937426325
3279.200602628707
3273.76421135943
3290.208140256553
3285.1220122923323
3281.6939452524985
3277.1630087534186
3273.9197144465106
3272.266595642567
3264.1924642336126
3269.276833559793
3265.030243394962
3259.8215513515383
3263.3599032496313
3274.462314684618
3280.783268082056
3288.1339636317225
3265.652942389196
3279.5612347956144
3276.6485640540413
3272.325371017156
3266.5840955866815
3263.76627070821
3256.408861957063
3257.222774532562
3248.756627841901
3264.4713073940793
3269.7200529789225
3266.293792609724
3277.7396718571836
3260.7273621899744
3259.729571589445
3264.8885678588695
3265.501194677052
3259.8367477723777
3233.2025369226676
3211.3539085757093
3203.032153576226
3209.989686471524
3202.0400755706137
3209.6612577664246
3211.307892169391
3203.4440433780946
3207.6605769067673
3209.88367802282
3217.5976504888467
3222.2496300984803
3211.4286776737335
3213.6330889510937
3222.682488011786
3212.9076958661035
3222.3191706697557
3212.4499960930216
3213.6058160273974
3229.888215520331
3240.023052517794
3234.916466113579
3224.254364203911
3224.9207320106925
3240.84122783865
3229.809965274915
3239.3407174919166
3239.1507515782346
3233.1118734571164
3227.5307228798083
3237.345015874497
3236.536046056657
3232.945526115377
3207.9699930456704
3220.0444101528687
3216.1199926309237
3218.1061393280784
3219.591230215198
3207.118098603555
3202.6329252271153
3214.365107222542
3222.702447426953
3218.0397496330697
3233.868860569354
3225.6972262629097
3224.7698948760726
3222.00080776528
3207.672574040484
3198.492596648585
3195.846853903655
3211.137536546731
3222.721205814012
3215.385399729712
3227.011223830272
3238.1300064194365
3239.509219810211
3249.645433455198
3261.6538580504284
3260.5967422898416
3261.213817959094
3266.3453471188104
3250.4181996976354
3245.140805992135
3254.019834597002
3246.0699828350153
3243.2957186679687
3232.355584830905
3247.5659909961037
3242.908636524713
3228.1385242083784
3229.4186795254464
3239.48811311154
3252.4042424693184
3249.846320465802
3256.015732616791
3253.539057338499
3257.4373679849755
3254.856232758823
3242.2188768696856
3236.868357550813
3219.901308861607
3227.1819677518256
3241.01232746626
3233.4022550595737
3217.4912105844705
3220.8035517120397
3232.0844838626035
3234.557854180328
3216.0996127505405
3208.3756347563267
3213.2692957084487
3197.5576355580793
3198.7661455599527
3198.2384480876494
3201.799542355803
3198.9034468185
3193.8935494014772
3185.600494740836
3204.9253707262037
3214.9455008026357
3210.333099705247
3203.248617407104
3215.035355566013
3222.616420940885
3226.7774868497863
3234.5119284020675
3221.79347142649
3214.6890541593884
3222.938948677835
3231.7411489576566
3229.7736812446665
3232.172426184604
3217.3268159115855
3223.7051182125624
3227.8875346132445
3226.307263367211
3226.8218076126464
3231.7620786188763
3230.134358954934
3206.733676291797
3189.4616037130227
3201.684307753023
3188.8143296872654
3187.679385420847
3182.4793248088163
3178.7553575908264
3178.026200044351
3192.68974640481
3182.063472416832
3204.180361204254
3192.387537201468
3200.0631363157418
3187.3069091081934
3193.91892314915
3186.756111303498
3163.398380934106
3157.196749957033
3158.311884611533
3146.015410371758
3139.8524172845414
3140.063115369343
3150.6670733067413
3151.4261702551994
3144.724295253771
3139.399520968033
3154.0938952379174
3144.1886835390387
3136.4781978443525
3129.056953516232
3126.717911549379
3135.3247200954
3140.931224371036
3136.496505632588
3132.6363958286115
3133.5440741246875
3132.37399807195
3135.7791502011237
3143.8185695883794
3144.289298374288
3137.459876716889
3131.8590957539814
3137.010920378818
3127.3733150506414
3140.445684576237
3152.560354176254
3165.6987442168042
3162.416796708189
3175.524398618534
3162.5845402447594
3170.5249236600657
3165.019882820713
3159.926570458304
3164.7745893827177
3152.6218438514497
3150.2996678846266
3140.2342963666547
3154.1285544372563
3175.6491715190677
3172.444477045842
3168.6200666552772
3169.246943371636
3184.4060513114873
3182.0054570780185
3179.9506224045117
3175.835024266964
3171.444488552958
3179.523589551628
3186.693541137306
3188.3278739923308
3195.675202036921
3213.4017139596363
3230.206724182438
3226.0303282310015
3236.3496804239685
3237.445532673002
3243.099124050884
3234.656798596872
3232.498967145098
3232.366126428209
3216.562464446171
3223.3906143835475
3223.4574147962276
3222.3233239611363
3221.714476763911
3225.13348117642
3230.8027792607095
3232.251341133754
3240.0926605421005
3223.4051867697594
3221.6223251894944
3236.8597175215446
3242.291975826142
3242.0305014269393
3256.3905410547072
3263.7092834300756
3263.176286568635
3257.7652054403243
3257.069681629426
3264.230036361254
3267.9029880449643
3268.0606108716984
3274.5061062410505
3286.3940508594424
3284.418824373373
3300.5056659885613
3304.070944549364
3294.738322383803
3275.4367480694423
3272.4523684161777
3269.531755897022
3258.978352284572
3251.0427694069313
3234.959580781532
3239.837875967245
3228.78732413165
3226.4153462389304
3232.333249976453
3231.339897628477
3236.8098048110514
3237.9529274731603
3242.933448280499
3226.988164345885
3223.884680687928
3234.7398782284326
3237.8095892504853
3252.50364471885
3264.806420730013
3267.471669866241
3259.965579618888
3243.215126935531
3237.354388128235
3221.8753536967347
3224.7964786974535
3219.5730611726776
3206.0044264570024
3217.62876236175
3215.3221473476206
3204.4052127267632
3208.610224591173
3207.1459365678847
3214.581093107406
3205.8060557051754
3206.569677070385
3196.304476389555
3189.8101090789314
3191.7875316735804
3198.370543011558
3193.707981985627
3188.1056518338382
3183.5236431688845
3197.6669876701017
3208.134955422033
3204.891405147465
3204.34256008623
3209.8460419955068
3209.978318202
3203.1326682732615
3213.405059875522
3223.6946030434665
3222.4800416705966
3218.5574471911636
3213.7399422576436
3212.207907311513
3208.0540005022563
3226.680102686474
3231.0339845469475
3224.2435740724286
3231.6018148885382
3218.5150368659442
3222.0780230588857
3229.232354697603
3217.2540167080224
3209.0564879719855
3183.303862943195
3192.2750211376315
3188.9807212899077
3188.504013444107
3181.654400018533
3177.0643095557007
3184.4465955337755
3181.841000286424
3166.3970347411114
3171.8817466328615
3183.035052359258
3183.4203205905087
3196.0629471169386
3197.9292811447895
3206.7960401336545
3218.2095295187373
3215.2900864282556
3215.9809788667953
3216.8878528994583
3224.5379630320576
3219.1848382584067
3240.1020826378
3238.053221569903
3249.781579977367
3240.3766098155907
3229.1143716366378
3220.0759706542444
3208.207658227341
3196.0459859507864
3185.3893791771525
3194.9966795469927
3178.434927011559
3175.484856375607
3172.5375085665064
3175.560562771373
3180.3861122328435
3181.698900841762
3183.7661718136005
3178.0457028371975
3175.827664124538
3161.9120392141085
3149.286479501703
3136.997866647922
3129.7431464566357
3134.94483243447
3139.7540044009293
3127.45369161713
3131.711551007372
3124.052353948913
3115.9268891474235
3117.9344589099705
3117.82245072609
3108.744159963958
3091.9016937687866
3085.336016317615
3085.4472620318065
3077.742565704365
3070.299487940232
3070.4351018444677
3079.6573641460363
3088.099313469956
3106.8199010044436
3118.2850772207594
3129.3776287258997
3138.0401718471567
3151.9593929399834
3144.275663740051
3151.574993945982
3175.4328034902783
3173.919086641222
3171.821580532137
3160.934057590947
3164.075303041676
3170.9073930562636
3177.2966596147876
3181.4421141146886
3184.9507651730046
3175.4267563460153
3178.322364255544
3185.326042452033
3170.0424710346424
3190.944160767611
3182.601028653442
3186.5578530802127
3185.400948001535
3164.2122183268034
3149.789667483863
3144.3375609538575
3149.175504290572
3155.901123907309
3160.6755002983473
3161.4515601868084
3148.6196653105817
3133.3289708104226
3145.190206740849
3151.5455494804596
3174.988983226546
3188.201176172108
3183.7936295517543
3190.614851017087
3200.0291597299965
3186.632516121599
3208.8120021228706
3211.5076569922558
3209.9662015413915
3206.0427917988213
3186.9874745887473
3185.611418924239
3182.2305210147115
3185.9985939712187
3199.7725464071564
3192.5478751887267
3187.4216263254275
3192.564689168236
3192.009043694879
3187.6431926356613
3177.2286841843434
3177.586496082925
3170.326498537547
3170.605871134832
3180.721001941927
3183.475422498087
3169.21101068077
3161.071552125737
3163.663166821805
3180.3335338911807
3191.336328204448
3184.175077287713
3174.120977882125
3165.2483548911127
3161.763643709333
3161.4815873839484
3147.6873016669088
3146.980088120784
3151.913574677012
3164.5680978378077
3166.2191831290293
3175.1959947806267
3152.908826682905
3145.9892393466043
3144.6765428777812
3140.3078383834113
3147.6985317502345
3137.148472381079
3137.497997143681
3136.349188827611
3139.2213644609833
3146.494486907632
3137.0272614404716
3143.926474355835
3147.7993951536682
3138.8556743218305
3145.685280340139
3145.1089285610205
3131.1787009584414
3141.489445986187
3143.018210275876
3123.680126991496
3127.219518658392
3143.581843574505
3136.279484319474
3139.1655085585553
3146.194058207916
3142.3023130797
3143.6585910472654
3143.735752173494
3147.8024382930817
3142.364342789926
3123.056946355168
3135.1043844154633
3139.1147387712113
3139.7854790933707
3139.1429699633786
3133.343548732821
3131.415853450201
3121.3767000121597
3100.3647032559147
3103.706570230014
3120.362202325328
3103.4102760634323
3103.433275338909
3098.6801504884666
3102.3690304053043
3112.056181756046
3099.253372388918
3096.240256734023
3094.3110589783964
3077.170676087515
3079.1497217655415
3096.8584562337637
3092.2810022469457
3110.3563639309673
3117.9823718407306
3124.7441109203037
3106.7627005313025
3097.9392936926724
3088.3625304512743
3091.261603948357
3101.882866540712
3102.986462566756
3108.32040277169
3108.8701744472137
3116.686470249286
3102.222231841849
3101.715285958036
3107.7851064039805
3101.5568105486504
3105.3925691024956
3092.1269125839913
3080.0723687103623
3074.4616440575587
3090.0090648766604
3086.883508903959
3081.176349904974
3073.3202674056083
3084.4807282715574
3094.781154265933
3100.138253194283
3100.5481571597857
3086.499563067353
3091.045894405557
3103.4681352308016
3119.0677438346856
3125.8914866520454
3137.389181232313
3149.5396388938743
3140.4167387417856
3135.4167115821692
3139.8425180880677
3132.2279129183307
3133.828800836563
3130.4069812395514
3126.8807814937004
3141.4593367306697
3135.5307132644493
3138.5191930185456
3122.827548651252
3117.2386238965346
3099.4495497786097
3115.9728445800934
3114.330870865537
3124.0184291434407
3131.643219187823
3124.351418307654
3124.6424045461763
3132.895841812652
3129.0612770585367
3138.3481276929997
3130.369844871715
3134.773627019742
3142.782946048838
3122.297165837055
3101.1559778783353
3111.310355746994
3107.586362385486
3118.0369677087137
3116.346610531198
3120.2742534295076
3134.058705324297
3128.1654675185036
3142.031110871317
3148.9091161575807
3163.374525373102
3165.218804604643
3178.384282945776
3187.238764865846
3170.4886495178766
3160.9582399797864
3167.3412626623585
3167.5279148364966
3170.275302104568
3177.6726137016267
3162.2421306745005
3157.7544646019355
3143.903875208687
3134.8636544662436
3123.6711665743014
3117.641732397493
3128.8326749600305
3117.2877003663943
3130.5072725788123
3134.0446248618155
3134.076766924707
3129.9416378216374
3111.302543980975
3108.4543712625864
3111.7476967348152
3114.1562377209757
3124.4248413222867
3139.1529804325137
3159.9213663544465
3141.4823147337465
3129.27328569706
3129.4583810467557
3140.4516831203214
3149.992383114932
3144.3638790781506
3136.964635827593
3154.1220611112262
3137.5578716974915
3130.116708043241
3131.837246272885
3137.295965937912
3143.343366255247
3142.8200342579476
3136.585431766931
3132.5509773667036
3117.5504873406826
3100.971048004288
3105.1334212721786
3096.6017869837124
3094.370399361577
3103.3269726709077
3092.0207688064647
3093.548771110788
3091.4552345971865
3097.244968337901
3104.868588190987
3111.070647560774
3124.691291588637
3136.1579247021737
3123.9088403233554
3144.493824370378
3148.349145186421
3160.096102327686
3143.947464337198
3139.916187038726
3139.857738262289
3150.172522082992
3143.771578373535
3136.3762816189133
3133.786700611093
3124.479719488357
3130.011183914109
3128.6857466686033
3121.351686201957
3127.461619167234
3123.696024844762
3116.862183057456
3126.8231199276097
3109.997742392036
3107.067226221303
3101.843857980326
3112.5319736797037
3103.2328705753134
3103.2188323785135
3093.3060410804937
3073.715305063657
3080.2888067113254
3077.9288476097845
3063.531344835606
3071.923181951316
3079.4115384240686
3085.568002702609
3084.64461581164
3076.0708557859716
3075.6848272482025
3076.783080553648
3086.192728444782
3090.1203065602826
3109.510414224749
3103.265085779334
3106.434300106418
3116.2260860411475
3122.7760480791862
3131.2670302701003
3132.9353950198038
3139.45277922492
3127.9065360637005
3129.457117287544
3142.6223163686564
3151.5711197820788
3151.0573517007324
3163.919955363149
3170.220210520096
3191.626554104675
3197.66474984257
3190.8787602298357
3181.8754330048605
3190.7763785875395
3197.567397852292
3209.464296056908
3206.6920521282764
3209.0218795007195
3204.0461950082454
3207.4909954902805
3202.5339640661787
3208.8880903840573
3202.829062698135
3189.2327101931332
3178.3875388147817
3171.4616259378668
3169.449070477404
3178.436089377887
3188.404202254908
3198.7525423052066
3219.4599451055383
3229.0867205490767
3218.678820090562
3218.9509191457482
3212.4957724975684
3217.9546800227586
3212.94436598433
3218.4426545334995
3212.7736975992166
3211.027584900021
3221.257878580817
3222.843033636438
3234.0763019506776
3248.414931828679
3234.2704159315954
3230.7782913300425
3238.8417751009265
3223.417461002366
3237.4085992755126
3222.5073054561076
3224.329320425335
3227.654188618406
3237.1626829970614
3234.633452075558
3224.8646071538205
3215.788012407419
3229.898316338629
3218.541293725345
3207.669046426119
3213.338488251402
3214.2040805676243
3221.306701365325
3222.5736436923567
3192.6053744493606
3192.464185865665
3195.261434387801
3180.4777138523705
3172.6084306463026
3177.165052167089
3180.356561822077
3186.195333342428
3192.6483749242966
3173.3250164413503
3168.2368274802516
3172.9718910156653
3185.706301363967
3189.970295485603
3192.85450836981
3194.0365915407738
3186.178474978222
3193.6289755370117
3181.730166210797
3172.951639726536
3187.4871560391302
3189.984000683754
3188.6206930240214
3200.2869813068573
3198.2814959617353
3193.815629999145
3204.2430774498994
3187.1681526998764
3177.2013381633005
3157.606395895923
3133.238447322253
3114.9877933708513
3123.9197106295205
3118.7874207517534
3133.53203299682
3133.9902888908105
3149.6262605759584
3165.06745389004
3177.4482582256455
3192.631581601548
3202.2229238172135
3214.411121829986
3210.8218856622902
3204.5227848712184
3229.9403063435
3237.4341768686627
3228.2987779709424
3244.7075752461055
3249.015345262723
3257.725791745043
3265.4347416630008
3249.1527330798285
3235.3644353178715
3232.104169544813
3236.4351399234056
3226.980361955684
3232.7610571683963
3245.2131558364217
3233.546817209482
3217.1313444300436
3224.829806974881
3231.2781654635182
3232.7591541972674
3235.4302497120943
3241.9894409663566
3232.6567534443434
3227.9688186834833
3239.615190989697
3249.570919129047
3244.253493478631
3235.4779389484584
3236.2334054171697
3227.773926326374
3233.256384652292
3240.008480897869
3233.418686382707
3219.4289654429417
3210.5395831817887
3226.189711699976
3218.7409329401207
3215.4009749473516
3223.5714776768973
3208.1353251619776
3196.886380154784
3202.4351005505573
3185.316573959524
3178.3040346561074
3164.6408516667866
3152.7807168728086
3144.1305015430244
3163.7061214753458
3155.957551511324
3153.984560418841
3151.272648541283
3134.063936162876
3139.268773742773
3137.0720302029854
3138.5135776249044
3133.8652471395512
3146.1712193831263
3141.8693522749254
3146.265631329639
3159.4600743134924
3151.111069311245
3139.658278626387
3146.0022244148104
3143.21132659025
3144.069443957496
3135.0030882936435
3143.1983038327403
3158.16772862775
3163.9497833088617
3161.58847225279
3175.6304317363692
3169.7569892917963
3183.5780596703735
3191.6594246169875
3182.9288651345196
3194.6577809963583
3206.2849110624716
3205.2806895156773
3199.7057627109516
3209.772805491537
3221.1842206581373
3232.122955508352
3234.681639279357
3225.635093207347
3225.403617530622
3210.980385321983
3195.1977023094505
3209.4091139579605
3203.6072794300812
3191.7566290166806
3184.593333455014
3187.8286427120893
3177.2308287610404
3180.108593354179
3188.889713620979
3190.5256580938294
3198.393995244647
3188.3483371021357
3202.106333836293
3203.23427458796
3211.2326375323364
3220.3288323518123
3210.580575543474
3200.906676986293
3190.285568053517
3191.4773236696665
3186.920250333245
3197.180160709814
3195.782316759605
3198.1267562496805
3191.442977773872
3192.876905623448
3187.9983393248967
3195.283375282259
3199.1412612766553
3190.4539889423368
3191.906607415266
3180.6149955390665
3179.4627140690554
3182.5377622019905
3169.9481865217585
3172.264748717013
3177.5720254807075
3173.04261484977
3174.972893262642
3153.571912064027
3155.8935315755243
3172.3985339156256
3163.6477496771
3176.9608474852903
3167.6313011938755
3165.536222968696
3149.744471737175
3142.7540594304587
3156.9519029144694
3159.8525867780927
3166.923014124585
3155.0261936772395
3158.5039789599905
3174.8710302525583
3191.5310269343563
3200.3507734558916
3218.5619408018874
3224.3208322084706
3212.952679533195
3206.707061004553
3204.145112293782
3198.7903570567037
