13295.896758920557
13221.476861986624
13154.749735806647
13094.8667745827
13041.734983022312
12981.326451503888
12946.16705748245
12899.710128159137
12867.195458920974
12821.4613168073
12793.27740726778
12763.811133195888
12722.506557153636
12687.109766399
12660.191478451428
12620.372030974086
12578.302965214361
12556.479526119492
12529.433050943744
12495.816075451825
12471.421819826137
12457.311589613819
12435.576207510547
12420.377902022165
12405.333601856732
12376.170627412801
12351.828615333381
12340.752749389885
12327.977907506163
12318.419702253013
12305.495917975091
12290.609371830928
12275.77094732377
12264.477324053594
12256.494378673338
12243.735558332926
12239.647048332703
12232.31184197811
12227.715298202189
12225.708935041348
12223.569480690225
12209.649349685717
12198.93759900573
12189.126089291065
12182.756306576051
12167.759015058282
12168.072183896073
12164.249351156395
12160.104046459515
12153.840425337658
12149.3056947499
12151.880261737904
12148.658156621874
12155.842905437294
12147.62368186488
12136.264352033435
12124.629957569214
12130.52595158713
12131.199893053501
12146.939713540738
12132.64237584946
12133.316514962939
12137.903245518486
12145.625416096813
12131.308305365852
12136.801445261051
12123.826103223962
12105.937752158537
12104.304208744747
12117.37332353435
12131.616626170791
12142.207069095206
12139.758450281948
12149.900018416402
12145.032761329217
12143.930977570351
12139.086145937494
12137.076504193212
12134.455052826415
12119.97476909677
12100.325860052082
12089.169436763957
12089.657880304652
12084.118882033335
12079.220906536022
12071.425107727207
12062.216195745757
12060.18392769743
12057.115328629017
12066.31437625345
12072.891176140849
12078.563828033566
12083.894314523093
12077.538133640297
12077.063814691297
12072.970704875956
12080.297827964703
12073.917066306034
12076.398091876132
12081.670448343866
12079.799684067653
12090.497370933994
12088.285232459897
12097.843382929235
12098.98765487003
12103.011780831297
12103.730859238927
12104.907366625255
12100.770029757037
12104.18416216621
12105.093937284564
12103.516790410435
12097.239542883626
12077.539586962654
12076.853680858196
12081.196736214833
12084.832967606846
12095.202364793582
12095.921325436095
12096.582387597957
12100.227372403795
12094.212618025527
12092.56886069443
12103.304603491593
12101.634120630813
12104.333978382807
12108.057809987473
12125.306628402986
12121.80454618348
12129.795037360487
12138.264891106857
12142.75621529156
12143.42413413831
12131.297033683673
12138.88454804123
12130.49539609872
12132.104898059357
12137.007585700829
12137.18353171859
12139.932318526768
12150.761072105257
12141.396960737147
12142.190599987258
12147.45658177773
12139.426094304914
12141.091987483429
12124.971502726727
12121.961040178907
12109.150898446562
12107.49685834077
12100.457945533002
12098.582599876214
12112.463717427141
12123.104630866666
12119.880868043856
12119.280225717968
12119.495284504243
12127.21665008285
12128.405078264455
12126.700117009597
12126.690746075892
12132.045339903187
12135.573797903495
12135.671763029834
12138.438529655674
12132.45415854607
12125.382034200018
12129.419744573017
12133.880007043534
12134.508990011953
12138.599723465644
12132.236409446032
12124.770042534858
12128.811749983692
12135.879305043904
12143.141513203424
12145.641773329318
12135.586987519051
12136.158072217951
12132.850852066435
12135.37478082702
12129.21844604494
12118.13328914309
12113.109898100338
12126.008836157165
12124.567605484499
12130.050461020404
12141.004797652724
12149.045790548804
12145.14002570192
12150.975935219794
12155.990843639516
12159.75722093405
12152.628164653948
12143.342783057265
12128.440709984681
12131.013836005071
12133.392820618323
12135.065294983002
12130.949161663022
12138.248521589558
12136.29801353084
12135.777137451447
12136.456429441258
12142.007393474261
12134.096143631734
12135.093279483031
12128.764483353027
12121.627476636073
12124.966989328765
12118.56300538329
12122.753316674934
12125.141085093896
12109.296708646736
12107.46227228879
12097.781287722382
12096.51762035711
12084.841463428775
12086.388287676342
12091.107982222577
12085.15913915907
12085.349160251215
12087.647353834045
12082.931021138627
12073.298436550693
12076.881729352508
12087.756780742158
12094.150242560692
12089.764205742053
12103.799026431678
12105.99519994725
12099.985306360391
12102.568994850955
12104.486804179442
12107.22198980418
12105.859462704626
12101.304499978232
12101.721875532843
12107.981524339928
12114.51266213823
12110.175249332286
12108.150961021562
12105.285561606941
12109.050322640873
12111.314152933639
12107.716706677722
12100.43728035835
12100.639719617328
12101.244505038028
12103.820123518695
12095.077674697117
12102.957299490665
12109.665115373831
12104.477237041621
12102.617934066042
12095.609587491885
12097.926546463812
12088.795291226617
12082.901332853027
12086.794296392858
12076.7472424974
12077.590165125373
12072.787856901517
12060.445486457675
12055.333731228853
12055.746119844574
12062.902597277047
12083.050740298953
12067.500536883717
12077.616411664294
12085.253257912827
12082.860316223516
12077.771340981835
12071.57235100351
12075.182180550937
12081.086431025991
12075.334087489497
12065.829827180838
12068.009409226832
12077.440999154773
12081.901298865112
12087.129245714987
12089.191558119783
12099.608467486305
12095.614901095694
12105.401209324004
12117.92025466837
12115.121453025578
12110.827575706126
12108.603303782093
12096.017284347523
12093.269888012885
12100.434623980955
12107.945740562494
12103.696190393279
12106.606901134053
12098.52945116715
12090.312538425336
12088.95224157638
12085.969787814778
12087.218777884258
12103.633341919685
12107.45076334881
12120.155511632325
12116.951369038177
12127.117504513804
12126.396174658343
12125.0674990138
12117.647804408562
12111.721473933903
12121.066072823272
12120.290501722448
12119.656634070103
12121.290849303083
12122.14212446085
12121.548723484022
12128.307686949362
12123.208379593503
12116.656806991828
12116.057256637894
12117.972634394486
12112.027567725947
12117.519336782334
12128.9027766523
12123.094807446632
12107.879262478587
12111.68912527697
12092.428421266024
12094.508464418715
12100.35109718156
12094.190190637313
12108.73620683768
12114.702302615577
12118.319826673342
12123.390390784985
12124.101303668227
12145.618910662555
12138.307775107312
12137.546515053717
12146.895644357905
12147.727054221727
12147.943217571912
12153.37518821566
12151.888154051676
12152.7175999395
12161.346685814224
12144.978649760702
12148.449986569596
12146.965802771385
12150.069605147473
12144.65086644718
12144.007372795371
12154.583858578018
12144.320427893928
12139.243617144313
12141.846312820284
12136.897842714763
12137.29259126594
12125.227659109325
12126.496252468329
12129.30007441717
12137.669904749382
12137.944173783682
12134.4472773284
12139.074029727628
12137.955525757106
12129.02359009632
12128.719610225966
12145.651828851154
12150.685835439814
12150.608711273784
12146.912994595608
12140.94015369577
12146.336995425047
12141.405769273439
12131.784977423864
12130.058015575789
12129.600195721381
12137.702576105345
12136.232740797097
12139.917678175767
12144.139959905084
12144.123188944955
12145.962938849081
12150.743066305111
12146.785276998213
12143.241528862669
12137.641250662004
12140.304061156388
12143.797907264556
12127.066482000646
12131.638597642388
12129.627183242752
12133.166465157137
12127.401107875161
12114.211364093018
12123.702314729511
12125.328467179475
12134.29382343278
12151.445223706325
12148.886731925715
12149.120764293883
12142.83545023082
12149.30447974653
12152.297083585549
12151.766710860415
12150.18491371195
12141.206661311116
12132.662291340024
12139.499147650638
12132.71855406529
12125.121149743154
12122.393203768534
12119.980860309188
12122.899805418112
12122.174156378995
12126.142454014276
12119.292394834338
12129.077650633493
12147.477206280066
12151.365425080283
12157.780553448065
12158.34864255934
12156.55215340519
12157.055143222055
12159.71432846722
12162.050433839508
12151.339541155461
12145.528231552478
12139.912925042263
12142.877385786225
12137.569699080663
12138.196187069516
12140.90031953695
12145.557851150705
12135.45096369873
12126.08090372351
12122.875577841143
12127.20852063988
12134.827368213111
12138.52847782351
12142.237259530471
12146.151847534013
12143.970498645396
12142.872602844001
12140.276646714705
12140.529326594276
12126.226692681912
12122.75816205483
12124.466947476161
12127.204030355148
12125.778031517866
12136.551516496815
12136.853817278145
12143.0925324007
12144.586869669154
12132.345031958092
12150.182669510907
12148.446209596214
12150.217876580093
12154.842325024787
12158.49754278381
12156.61250928953
12149.61030171569
12149.094760215568
12141.82212289601
12149.521335273474
12151.257725652693
12147.814666786227
12144.5034005315
12131.159643716708
12112.260224542792
12106.32239825643
12120.151927619341
12126.474355916858
12120.936399423737
12131.177579307223
12130.5343771084
12132.305405941319
12149.93581431676
12156.899272963816
12162.393869245283
12145.81217734496
12147.312890644142
12146.636144112037
12147.302883343267
12138.949471333348
12139.030771467498
12141.120228214651
12135.073259633911
12129.097318686781
12121.35270406176
12124.820889828896
12124.71504965159
12113.439761187085
12107.825610704836
12106.123461413363
12104.531809246419
12106.892345821827
12126.20625031824
12123.371098522983
12132.497991946599
12112.904173361945
12112.304838407123
12118.32760458668
12114.962205338146
12130.100299347663
12118.285895112236
12111.212105136903
12106.826774121066
12106.992400217587
12113.080066689827
12129.817113161946
12119.713267585266
12115.889035259303
12108.799593044103
12097.287455724436
12099.7324922574
12101.100020542228
12091.64681914927
12089.721416499226
12100.439363357635
12104.689314960782
12119.505938505787
12118.856919521906
12119.387390330907
12117.617068108626
12119.993134052349
12113.441731625415
12116.613390861658
12116.756071384527
12123.463460473446
12122.528474402825
12123.531072321295
12129.863903207992
12129.576762127333
12140.200476647908
12138.992736158216
12130.442980287344
12124.352468151437
12117.456771153245
12118.758173596276
12112.727625672853
12113.767696144936
12125.062906885036
12109.926786878308
12101.63984926985
12098.20206146163
12086.519124610058
12083.162017599929
12084.885814205696
12079.45644245206
12080.213059759386
12091.229411292576
12087.78654730123
12085.881145917088
12101.149893814723
12097.16422445398
12078.485969531812
12093.356378612112
12099.0421355221
12098.849769729733
12102.056639098706
12099.1694504086
12100.00043930905
12087.964337786656
12079.028796347004
12070.655283466778
12074.255562639493
12075.594726169345
12088.645192444197
12100.654779319282
12101.63516316827
12091.731956231517
12082.863312235218
12089.590535956413
12099.072077516257
12100.198956661143
12100.581141868175
12108.623401649831
12116.430198440492
12114.794823061136
12113.147378535801
12128.589564869977
12136.567641809896
12134.577049625823
12142.230777009045
12145.157937202748
12137.742783074555
12142.513895479697
12142.746208619876
12138.906088114012
12131.304135479559
12137.760873638625
12126.609833366449
12120.16178644208
12106.754566743068
12093.26073398424
12103.521572687374
12100.652692410575
12112.721476232422
12114.019476875323
12117.844777904233
12124.757223120825
12110.45581508596
12114.451359201526
12105.586308720583
12103.887591158655
12101.048860302464
12085.79532400555
12093.800816541358
12096.763145530429
12094.453006149417
12087.815129693783
12105.273910876886
12106.446400701747
12099.516347016277
12104.960877948835
12101.531657728796
12104.87708944229
12113.188637425945
12114.364725781837
12115.263721718122
12116.856331548115
12126.66994384984
12124.408871430798
12117.04893346178
12127.363692745985
12117.932927464019
12111.19132358632
12108.12940186821
12091.736121640271
12079.088863052817
12076.429701323606
12075.090939589332
12087.955141045726
12096.024186335908
12094.74135570411
12088.152731222663
12093.192283456152
12095.26566671205
12097.873307987958
12097.04514778134
12107.66750709268
12106.494179347232
12107.74758051162
12099.70908760709
12099.20344150758
12093.196247417774
12088.472692832867
12082.319475153148
12080.580800188993
12093.507169458988
12098.080320955245
12103.423020071046
12100.937597286087
12105.075018618807
12115.017620315815
12121.453375155736
12127.98787444713
12131.167553415926
12126.34371009238
12114.384905761804
12111.532881747904
12120.107448254896
12100.639148505314
12106.961652231115
12108.319483574276
12108.85302318609
12106.576109547837
12110.151249279183
12104.718013224978
12111.830784254202
12104.280814656815
12091.24166378305
12088.051305131634
12092.131220659803
12100.35401435364
12104.520623655739
12115.795176723117
12127.77312764931
12124.369007771536
12109.838323930519
12104.174783213708
12106.274248872338
12103.576311951554
12101.00290619147
12082.438298144549
12084.451119693304
12086.160804606896
12080.516302281196
12080.573862297442
12091.217660399478
12098.075503621629
12092.160825709852
12098.99769011871
12099.971496530683
12098.105141377366
12099.755260439451
12100.388429843735
12092.632837130432
12088.14661124617
12082.925192908659
12071.743979837996
12075.511432782383
12084.099803971203
12084.702142254024
12099.364400122733
12101.100932518737
12105.613459252709
12099.648733969052
12097.127760680536
12110.194061648304
12114.36172739874
12121.46686098618
12115.22462578184
12110.077128129264
12110.40096532244
12105.309994085263
12097.752309097974
12096.60126434409
12106.849881970476
12106.72998585426
12111.543260910423
12110.137587425343
12112.670169890425
12100.52120407988
12101.291631893746
12098.209591148981
12110.57222309755
12107.83793924872
12108.803543376762
12124.222330174898
12113.76265198853
12119.573137470597
12121.257635833867
12134.010453224513
12130.545537204438
12135.01317183512
12143.263105184618
12140.230304969555
12146.201485414795
12150.72488395917
12153.89017889162
12148.032893247591
12143.830970989693
12137.27391773751
12140.263486999334
12143.169632160021
12132.304793939005
12127.559228928709
12119.610519312335
12124.206043094788
12130.774714557405
12131.550979405783
12129.844207049126
12130.163758694498
12131.338901038387
12138.83902328544
12131.87922353455
12132.86238586982
12131.436217191269
12146.508269362368
12150.629049369327
12146.35804392342
12144.640193012074
12143.218990332029
12137.81990990128
12135.76616226528
12138.575996314306
12142.20010835306
12147.483229954705
12135.81872089004
12134.083634157716
12129.947519975103
12136.699686029184
12117.246671524063
12101.51139426969
12109.123389581373
12111.134649339441
12117.124529504163
12123.449911498272
12122.634742300255
12130.455972349202
12139.293158147488
12133.367135105425
12139.652955644659
12135.448385381675
12129.376080708917
12128.349417467225
12123.09485819918
12123.654386511625
12135.073518642566
12140.45930223939
12132.439928731801
12114.244806369683
12117.81644283661
12113.83498419062
12111.626642610594
12098.771047343635
12105.954951176973
12106.363666544927
12104.488766437706
12102.068833323752
12105.114456754982
12099.488171752098
12086.646326682798
12099.799902451734
12101.69401367089
12103.704948260123
12097.043338473466
12101.562862880251
12111.510519465355
12114.105533734179
12101.435241043597
12108.495517126556
12116.943013879805
12124.909317007428
12127.569107079638
12112.18684167039
12101.526253067786
12101.402878146815
12098.563863339372
12100.885334144492
12106.800741815388
12114.249532998234
12107.547829520008
12121.280275909623
12117.662460313295
12116.61991621794
12120.628108890447
12127.635904310879
12123.575257942162
12120.197806019944
12124.989740801808
12131.363452821073
12117.338713737245
12114.96304122911
12116.320181404495
12113.186866421882
12105.16460292887
12119.15797408949
12124.493186181477
12115.031301377643
12114.404087735547
12102.453024235929
12095.693887710397
12101.772236596502
12109.038069188347
12109.621242308305
12112.92136851692
12108.918722148817
12100.488490653977
12096.207943039311
12105.382409360875
12108.39330886755
12122.74257904293
12114.079097526635
12103.746961336223
12097.963258251482
12107.220824671238
12112.965477159985
12112.563558824653
12110.880349986037
12110.552547119512
12105.906732154477
12115.369885811175
12117.995324309264
12117.881664892513
12117.738971046154
12109.383576551449
12114.281275477711
12110.153549848987
12112.467505531931
12118.588820797722
12116.474566769339
12127.072632339929
12124.287192372038
12125.749261707822
12120.972376231959
12118.679210121498
12126.086924503708
12129.441933210037
12129.362588287138
12126.82406067239
12126.087087780961
12119.1332918781
12126.75879204923
12130.31046959268
12133.555089464531
12128.627150177716
12137.066206115931
12127.466274776609
12127.411711618483
12125.989181468409
12126.86256843504
12141.420529707508
12152.374651187638
12151.0673896917
12147.732513096202
12138.475468347959
12142.660892956726
12146.173235811502
12136.176097381038
12134.991303820783
12128.903745784326
12136.687015771548
12129.671467514381
12122.007801501786
12120.898847243809
12124.268460925849
12125.789904068013
12125.847942245175
12123.819391020668
12125.730239676232
12118.575592136393
12114.505769751235
12112.557097530627
12108.379902267738
12109.670903732009
12120.703887699221
12131.67911397789
12130.449051748052
12122.66928752812
12120.407528446864
12130.65829069311
12128.646061806241
12133.783863933031
12127.837045147851
12123.42018296947
12115.249518390247
12113.600070072429
12111.5937926477
12121.254754257909
12123.012490181307
12128.35194069768
12122.734959812578
12133.37078959509
12145.213492936957
12141.671443154064
12142.321948420831
12135.57717614172
12129.75679597125
12129.288665079166
12121.865453972412
12120.35686056164
12116.916387445834
12112.11217644885
12110.729589250977
12107.208031228523
12104.609370736584
12101.445414582106
12111.86513720176
12106.651982106328
12117.686634513004
12113.71388443475
12122.778783122283
12117.399146135727
12113.162564711361
12104.62728008712
12106.766715443398
12104.880418138413
12103.738643480323
12103.924514877835
12108.931950531429
12114.361215412982
12105.398865040868
12113.646990041523
12109.460283942972
12104.602598266662
12114.104044864267
12112.802327202658
12105.01433460288
12102.527619420849
12111.731307121107
12114.570974211238
12104.485305171092
12107.553224436975
12095.7288814077
12091.313772662155
12094.4122135267
12105.150805490302
12113.563778716401
12112.087253855345
12114.345638520204
12113.50598192836
12114.237405998116
12120.352953318623
12124.00501353906
12116.982812940778
12120.051304097953
12109.306255517076
12114.700104288604
12113.413157565634
12109.099677267743
12113.606142184093
12121.427002810673
12122.919925065411
12118.171784593938
12118.068160645904
12118.975212695306
12134.707178257198
12141.86792281353
12127.73640197021
12128.463423736976
12135.11329141038
12133.370591487981
12126.5154352183
12138.399440608648
12138.883967023625
12135.532924645497
12136.559069901568
12134.040621609696
12123.397063957284
12115.910846761573
12103.745439685947
12090.944245196104
12096.826496564834
12096.990261130053
12091.196729958658
12086.180786685121
12081.033151825717
12093.613682271696
12097.670430449847
12095.458719109221
12091.903912334252
12098.5914621536
12107.664445480537
12101.519071166775
12107.754399165551
12105.27507202412
12099.672229576623
12093.53363607328
12086.738091194324
12098.398244057524
12096.476538549594
12093.190314180662
12088.785501735256
12087.182223854292
12090.208225802777
12086.784427854538
12098.724299293837
12098.763473056108
12098.672496718045
12103.209812864769
12110.956176904325
12104.51524828315
12091.72180302447
12091.473995836212
12088.364783787398
12096.67855253001
12098.610856495296
12098.088216469663
12101.901799145133
12100.996372921325
12086.957558457661
12076.34253707094
12081.808614439193
12089.2811787487
12088.038052837788
12088.061058260575
12087.688365955732
12103.416660347231
12093.428687238833
12088.890430959447
12081.035717273277
12076.781929234296
12078.821216627119
12080.801657903408
12072.624758318307
12066.133801592048
12055.231336025001
12057.347229573521
12065.05924809274
12067.922408216025
12069.14096269737
12084.035487073506
12086.276742241847
12092.521244864556
12103.53587460241
12097.93766969016
12108.845143009268
12101.58131874962
12100.388937078862
12091.943317804722
12094.935807921851
12089.459475251577
12106.45469186331
12115.700613872037
12124.070146292906
12127.577676671637
12128.469475585902
12122.910457590655
12122.87563319248
12120.993715066932
12132.568254916448
12140.248474600872
12143.31876037467
12141.747382437123
12146.145780787014
12137.139695517462
12149.570563353136
12147.026059945298
12139.718519792863
12144.0760762232
12133.684099757616
12140.350337675623
12133.540172744146
12128.081113603996
12123.557598291814
12122.861201734591
12142.368833996188
12141.128392956878
12128.06844240646
12129.138617799763
12131.040191366901
12136.238681789568
12129.21854715911
12126.146626430324
12118.10870290018
12138.830096584039
12130.42511258598
12130.881961944491
12126.609922626176
12112.717630009145
12119.1957399209
12125.001939265456
12141.214186332152
12139.33399233605
12138.485106201148
12140.36317074122
12145.65450689243
12152.526569133024
12153.138534720805
12156.436734225554
12155.9287171608
12157.672397355778
12150.256442801405
12159.322404760585
12152.226332738337
12158.449672775409
12171.016072044087
12172.484014671667
12174.852140978446
12156.125674608811
12158.526790275138
12143.210401025695
12145.696130991
12142.619838624001
12167.27928102653
12160.384037214235
12155.300563200404
12150.955257458707
12154.08100435829
12147.351140921062
12138.833960654345
12130.192408115036
12132.533438986971
12133.461803737671
12128.523208423503
12127.15236977315
12129.007461231653
12123.526935720529
12123.494211505309
12132.494802583376
12121.960260925414
12109.167328363616
12104.34185407851
12112.267552991469
12117.696539934379
12122.134188674881
12117.690583683803
12107.22280848839
12115.57704875518
12109.163562166555
12115.872262369434
12116.260660752767
12122.697113837883
12127.310299195902
12119.767462816511
12119.345254854383
12133.648826409808
12136.992870946453
12135.474900947764
12137.749518087028
12116.219953796428
12111.182568266573
12101.723634480863
12114.513715136196
12111.45947210217
12114.948114264853
12124.18439553403
12126.488191534268
12120.195281889017
12122.252512394465
12134.160599858178
12142.107403132759
12148.31024127825
12150.967131768715
12145.046518149724
12157.934416789773
12158.8550422642
12155.208798279853
12150.21431690183
12147.95193059598
12141.474639352527
12146.93695348792
12143.990437654345
12133.627667434619
12131.871873166492
12118.89258649957
12114.290220882509
12110.093914968671
12113.123848028978
12129.746677145413
12137.348986317731
12147.316417099322
12149.298317639737
12138.152187589654
12129.348687504851
12131.670483557395
12139.81685109205
12142.033379489998
12129.170672756169
12127.09448663993
12124.817658309043
12120.24237537957
12121.390637396293
12128.536603921055
12116.47149622532
12108.381932706145
12111.291024190228
12098.113230222792
12092.007757569067
12080.465794021651
12076.810147566372
12082.94301689805
12086.41044152531
12077.741351599867
12070.332986665888
12064.966983581307
12055.138565604571
12053.063246861027
12061.684310879711
12066.327760652639
12081.522459520547
12077.83910040728
12074.64585968609
12086.685474247013
12079.653575830533
12081.990532634678
12090.307684191803
12098.601942437223
12099.884260420564
12105.287728098312
12109.278562731948
12107.38773295714
12109.68429424617
12102.383853503841
12108.845392024657
12094.793851168488
12104.40387830009
12104.971602654263
12103.64207089926
12106.440420962354
12108.926313092743
12100.323777700354
12109.370273702985
12109.839904625307
12105.701495130517
12112.143114740684
12129.15948381677
12132.508719133673
12124.027880758807
12129.929084886979
12136.322700898398
12136.652161880353
12136.474303683175
12146.057189797626
12155.210160772054
12154.925601307716
12137.274839577245
12135.721807598766
12130.517141449716
12122.602896435563
12123.887734728702
12125.149170983026
12117.341642626363
12114.568283324692
12110.154083325378
12109.184934759107
12101.849568179685
12099.599492394926
12103.029118178269
12108.324449996015
12111.504573704007
12108.430218574718
12100.426455390254
12114.913832761631
12120.961894745393
12127.89456527546
12120.442434740082
12110.731086004645
12106.968751659944
12114.631321597612
12118.349904518915
12118.696807940782
12125.28669087799
12119.669344786991
12122.67802058203
12110.636925257499
12106.985338216693
12112.812731934631
12113.471209940573
12103.351366483832
12100.615728500476
12101.35145490546
12098.272902910478
12105.935469495507
12104.222327774063
12118.261466867523
12112.276444156663
12113.980276049802
12115.649724577583
12113.835276893296
12102.687621640105
12088.296998462833
12088.970946998474
12091.995139357434
12095.668966302572
12117.636867713903
12126.135139955742
12128.540045143776
12112.242051912302
12106.755639921674
12105.123160722971
12108.058995254802
12099.48399787044
12106.188579931513
12111.785800252987
12116.782205138867
12105.267257757627
12107.69561446115
12114.264302350493
12105.854838829602
12096.302664706325
12099.245194980285
12080.880757237333
12083.05134872067
12098.710951382973
12092.423417663176
12088.213127316689
12091.479764348927
12093.440887619021
12092.613255796765
12092.559189340755
12089.907445147115
12093.672505725157
12086.74871773447
12087.532644861516
12085.112791716847
12091.803205480166
12097.210816569363
12099.268195824847
12102.756931805156
12105.598520036616
12110.115846331351
12096.191992673836
12094.714247700638
12106.33939759435
12115.209327923223
12122.644033331133
12123.888428184695
12110.270623206465
12106.13411567689
12104.861244980915
12106.613520838111
12113.68964880965
12121.643461501884
12122.047881424165
12119.57629828046
12120.138112039265
12126.170176877924
12139.163877514733
12139.928271620036
12145.313660038573
12143.586442921678
12137.597710043767
12141.66503419265
12136.830097323067
12136.620648911807
12121.298566479581
12124.32341039843
12112.48514714985
12113.1042211967
12121.04403169347
12118.767676010493
12115.629407638904
12123.494490718103
12123.452662765667
12126.002363744628
12110.373584128043
12105.117435062928
12112.52941451374
12108.752726594881
12106.349490286259
12122.47146945462
12105.119712515581
12107.104256351304
12118.38734021984
12125.882470307544
12121.829900110113
12130.16069400418
12122.108102737715
12122.184550539992
12122.730974882532
12120.111876955152
12128.479737937152
12119.824075764267
12118.93560779076
12125.29442481411
12121.168714414564
12123.974912304271
12120.453960991603
12120.473012173938
12111.372160054467
12121.72696846475
12123.88680489364
12118.97183241513
12122.512705884013
12119.377739116497
12110.788463341372
12112.06111983682
12105.17020598178
12103.363956347752
12108.551332908863
12113.907847839431
12111.758635580074
12112.689055930454
12122.352533040668
12123.27353124251
12117.86972867249
12113.336111662378
12102.62673170921
12087.71012345263
12093.964785914317
12097.751667699054
12092.603721413994
12087.327079175491
12092.083460634123
12099.557534609554
12089.338857293531
12094.886492887823
12093.039509179784
12096.02869079787
12091.975792266316
12096.249230421225
12093.97802382112
12094.94830600114
12095.881841657749
12102.71164851668
12111.157864785284
12120.423774536921
12133.348486020579
12140.498124506508
12127.854891193549
12137.11167157358
12131.49977446872
12127.879848176512
12125.627633540153
12117.28648254061
12116.50269674603
12106.791336309252
12091.759230733234
12096.420504873502
12099.110579264656
12104.811744993092
12096.07437992616
12085.987467564628
12103.477362503929
12113.88909347664
12103.021778671575
12094.45482349607
12100.49539909509
12093.27477822363
12102.711082559581
12117.026813631353
12100.725549640021
12114.716680753041
12096.73098802188
12092.691075882367
12090.657608234429
12104.953187139048
12109.843677525725
12113.296438045385
12111.211791764912
12102.301231997555
12107.852971587858
12104.719473319656
12096.711235532024
12097.080526873262
12114.752668153553
12116.361288009502
12126.667637033808
12129.456449881629
12121.137253734252
12123.743516965837
12120.33909958374
12114.689959467014
12127.443149276638
12124.690428182537
12120.17787420024
12117.559867923057
12118.824450614218
12112.28830997432
12104.960899306998
12105.649689431011
12104.873230677038
12111.019519133933
12114.573369922775
12109.435369165638
12110.544110643346
12103.546014488895
12114.889041184135
12119.71799724627
12125.09799798525
12131.510216321254
12133.370880306156
12134.136473533672
12137.788244406373
12155.275348383399
12164.6752775378
12158.957340056473
12142.470790953494
12124.206516405644
12133.7104834831
12132.303015662448
12131.579239907282
12137.703893219968
12141.132316401145
12138.46766734426
12138.873671631016
12147.050233397415
12143.543947179525
12135.350186995132
12125.732915335724
12121.54118540095
12113.232231183258
12112.399450396568
12120.73647845538
12137.79374172981
12132.391478348134
12130.184207302967
12134.617454070012
12133.849238650546
12131.119947772871
12138.259062856228
12142.934941819924
12145.340436795914
12137.41745061063
12139.497276549368
12143.060332774652
12150.90169125495
12149.618673783503
12152.740655613683
12143.926035654007
12137.932726887342
12130.654328841112
12115.577968409812
12092.878655538509
12095.537216225192
12099.450171531975
12103.733042339287
12096.543311623189
12088.205971796575
12083.463051018909
12092.827381469775
12104.368275979505
12098.833887411336
12100.13633510824
12111.337165351451
12121.824306150254
12117.98644949933
12127.681714017715
12126.423993066306
12117.665911008644
12119.712583609778
12120.017718079042
12120.227663672795
12130.986995896541
12126.743409397022
12122.499203939267
12131.993567152513
12126.830782528119
12132.693963125013
12121.306402335373
12115.801063688199
12131.528511372406
12134.082718058959
12135.449520506652
12132.164967076682
12130.186169237397
12127.822898068232
12121.10999829882
12116.803918764028
12122.235662130546
12109.116359492236
12110.674053611665
12105.37240469873
12111.784410503162
12125.401905279443
12132.679313259641
12140.070162746593
12140.075103067476
12137.770647881876
12130.483297147104
12144.462123821208
12140.483281819634
12142.03260822285
12149.821854658476
12145.378483449109
12145.626307372106
12139.458472660759
12149.339760771058
12152.403568628262
12155.163318419203
12153.860597461055
12149.805404516497
12135.432161262623
12146.574197848411
12153.205762807476
12154.719690437718
12146.854695467844
12145.596892756392
12131.967547328068
12133.97075549544
12129.04720480951
12135.498824799315
12135.483847082189
12119.11552106087
12126.808537530036
12143.51768985797
12129.954176600742
12137.16688994177
12131.77900013407
12126.621308198444
12135.131217641392
12127.998373382985
12121.247883592254
12107.913613190167
12114.594091363859
12132.655326741242
12130.8234989113
12133.242671672213
12129.956565619526
12138.922547265745
12133.72359829014
12126.815437238842
12126.050278643725
12123.364078376007
12130.507228567993
12125.309119793696
12118.795366927809
12119.484730998527
12105.639621487142
12102.482893687515
12110.669767870395
12100.839501440245
12101.700752582654
12103.969341566515
12104.087012786269
12100.04628428516
12098.306949633996
12094.83545475706
12103.143756086956
12096.505509947225
12104.069906335713
12095.275444474264
12097.534871014872
12106.80546684285
12109.368880021724
12124.627379628633
12110.424948099955
12127.314825494515
12137.0612268906
12134.488942514588
12133.54398327499
12123.09489231174
12106.724168605346
12101.44440818017
12106.63376002135
12109.648355992762
12114.143487758298
12129.450286830892
12131.718436634406
12131.723799618732
12136.96175653412
12141.152606739459
12154.13054979622
12147.900871727494
12152.842203584067
12150.059283760624
12149.06820420675
12135.35741624994
12136.504887262574
12131.590694400616
12134.52618981445
12137.580657674174
12142.674363398972
12139.732565551607
12139.00511713186
12131.196855880826
12135.933058836432
12139.37639362039
12148.461834826556
12144.554167031953
12143.34216987301
12138.60685325788
12138.762726874502
12133.189303861474
12135.803374781946
12132.153191883128
12145.738440657455
12141.634917079227
12142.478615812903
12152.736645535035
12145.680417935404
12158.220487407292
12153.972715651307
12164.703789078225
12165.881260506325
12167.161257994365
12169.511308854631
12154.82509122777
12144.377273592054
12138.901256425717
12145.313927427786
12155.232194038217
12149.531183765806
12149.024610933182
12153.044595796135
12144.233858401776
12139.985604168523
12143.476061630177
12135.008041613983
12131.46593774838
12130.0897516528
12127.056096452627
12125.243242516382
12109.541714369749
12111.185091735117
12118.317242693081
12128.613305678948
12121.39953457282
12116.659939659825
12106.352408957442
12110.349058356282
12114.69987193271
12111.8973222165
12123.249321812882
12114.32223158604
12109.623444571773
12112.304873121166
12110.899934210198
12092.484447199047
12097.347208524057
12103.2551224812
12103.684858157718
12095.019032766068
12098.414120982441
12097.313343805674
12103.870436789159
12098.902473439372
12094.860058423505
12094.705705532415
12092.603425928608
12096.199175185828
12100.213490675138
12099.048693000821
12107.964607813872
12103.609771611107
12093.57161444359
12091.482085224958
12087.47203905605
12074.911389515768
12069.670035301566
12080.258846920544
12077.899624310572
12086.525955813184
12091.002754372337
12090.454986189727
12104.750867269477
12108.111838684483
12105.677782720748
12111.90778587857
12109.740498648454
12093.616911873703
12103.525644191106
12110.155489168166
12102.030855231606
12096.23154047428
12085.262928979944
12074.69781041648
12064.896617354214
12061.060718751092
12061.771469674482
12058.749375115305
12076.671874353922
12072.422671904735
12078.878344517818
12072.486064499
12075.099428350875
12091.841846127594
12105.178224730575
12115.597337467816
12109.819038780857
12107.180667657696
12101.295475645253
12100.641884039818
12106.377347213675
12108.058070760446
12100.15053888975
12104.004138125672
12107.120743076386
12119.703410950955
12110.648005324938
12113.109220011727
12106.592585399292
12114.919675945293
12114.43377364292
12127.815991419842
12133.601067213996
12131.320510681038
12119.087914725613
12123.920040330155
12122.084049012836
12124.717531759732
12122.670555282455
12116.29122656984
12113.226931381847
12116.231856109405
12122.160097474487
12121.793768885183
12116.461897912084
12121.618421348763
12125.952674945682
12126.250659599718
12119.10914049574
12119.213865238227
12112.762011883784
12108.632142194929
12108.053086867985
12113.94328476394
12126.218427280164
12115.851139359034
12117.418765111946
12116.204885434578
12108.41157662326
12102.368131582203
12106.802059638472
12100.691266088186
12094.238066174023
12076.537653219208
12089.839350081922
12103.76736324573
12101.646689299845
12109.152709125054
12115.30394642554
12113.199322275312
12109.71652451597
12112.618416987516
12116.263122138324
12121.227806923507
12119.73616982971
12113.945369438754
12114.736675686543
12116.583601742761
12099.728722501606
12099.448481573363
12093.29622048871
12099.411135241171
12107.844017283358
12102.473764345903
12108.579839241102
12113.085850092975
12109.14098227432
12113.460736461846
12124.852812367892
12128.431811808308
12134.137483014332
12130.053549930006
12134.43498502809
12128.201983603587
12134.573775112545
12137.975775935034
12133.234188932198
12126.69280043104
12123.115256106368
12112.275237386744
12115.533168584545
12113.071507861678
12104.535224104318
12106.249694413968
12094.75535303076
12102.003950704213
12089.51959442568
12090.17673207953
12097.633096740265
12098.588571115046
12101.454517062719
12105.10091773983
12099.302846672643
12099.531074803062
12103.223742442606
12093.925081359113
12107.8805457183
12107.32487485358
12105.982173456538
12118.693164746059
12120.434699911199
12125.285976960171
12114.410519722514
12127.214418688456
12125.483458128816
12130.647133427507
12114.359763528966
12110.90887633016
12114.85633033423
12136.11516896903
12134.582090987893
12129.484331141612
12127.6088405563
12123.510239370047
12117.412559168544
12104.9248409599
12103.013697150553
12109.168645801274
12104.845722857146
12115.06754742692
12120.199415247193
12124.274307699721
12127.309225878456
12134.888734031992
12129.603091253892
12127.401111454317
12128.306396965025
12126.849679099068
12130.407403599682
12138.212259496824
12134.911416664168
12125.761696332844
12105.100867188285
12090.547984058594
12080.115117005804
12087.619055824813
12098.224811792046
12093.900859221616
12084.43369192358
12090.596563787283
12106.644833567012
12123.38092751249
12128.455810744235
12114.324396347132
12106.28139455365
12095.87095771096
12079.98428728047
12071.216262619893
12078.771942497728
12089.636063222611
12100.404150390528
12100.0022307541
12108.365338112026
12119.958857815383
12114.363351447424
12121.537946215733
12121.31725938357
12126.777672364988
12121.176367113025
12116.156588745485
12126.926921955539
12139.749279252741
12136.996312824804
12137.776223139197
12127.549201326185
12124.594679922626
12125.18082184155
12131.501488880062
12131.759155704076
12131.500028800425
12135.875205941025
12134.822824603925
12126.919408005366
12124.655398198913
12132.229290136134
12134.49689014136
12134.891484883108
12138.13165700352
12141.420305848025
12141.754637425089
12140.756407654308
12139.434262928486
12139.945589440318
12135.91443073982
12133.324939718921
12130.669459546849
12133.661276028028
12141.357420019895
12138.797942523091
12137.08510910987
12132.98075616997
12134.584249701275
12133.099323876419
12139.121328107569
12144.41140682706
12138.253779978146
12131.941124587956
12140.806319402462
12132.526807263344
12133.935459786564
12133.967267297267
12123.692701984826
12111.405313271542
12106.17203306433
12099.983124456516
12087.057844644198
12069.649807098776
12080.23771165005
12085.728131367774
12091.181492104686
12093.041203760024
12088.571768310176
12089.814969120904
12095.201156749834
12092.327876483694
12098.063115608027
12091.84832218515
12109.296380016072
12106.770838505192
12119.402402022855
12122.55436723124
12121.864101432668
12133.312094690293
12136.359285566781
12130.362105649521
12123.282945831452
12123.38435202962
12116.39260952792
12119.920509442349
12109.202305609662
12108.256889349408
12121.87727818347
12138.739065214791
12147.824536116455
12153.710431897573
12159.058847602522
12172.117594504638
12165.149157295844
12159.231334887314
12151.14831935746
12152.42944643148
12144.929412181431
12126.708213095284
12141.103481408874
12143.852083232308
12149.003428493861
12157.50832239366
12162.149760642496
12165.71452738557
12157.93291856592
12155.054129109052
12168.848793967732
12160.394660882512
12154.581865101118
12143.889956434672
12138.567924762587
12148.747998467381
12144.228218423674
12144.268047383805
12147.990414106931
12145.158352321036
12152.928032687938
12162.641774230127
12156.186406661192
12153.633846148301
12161.314775321709
12159.682387709645
12165.190950000495
12166.627630262148
12156.509083498748
12158.169441072008
12165.071545208379
12167.27950508068
12167.18937525023
12166.988393155816
12154.881452155481
12163.388728102691
12143.524168016447
12144.13682772663
12144.212710440926
12150.171309260542
12150.951763018526
12145.62348028781
12134.2356971837
12132.065221500317
12131.562136161887
12125.51778144293
12132.021931715135
12135.022738339136
12126.553681362508
12120.908685817032
12113.331356867624
12116.769781215793
12115.071264677275
12114.075319170326
12112.085278322664
12115.095377591473
12115.613039049833
12112.848775491304
12114.629570558616
12105.235211900012
12104.966291866669
12108.630611184024
12111.724282298015
12100.572842267618
12103.368506885396
12105.187869195594
12113.475479381737
12104.32274581955
12103.112689040367
12114.70583428373
12109.115587986817
12097.233724324027
12097.130417298567
12101.654676798711
12101.390982898261
12119.709953669408
12123.866488512587
12124.467609172849
12131.262633369066
12136.865179891396
12140.876054354107
12133.334948068046
12140.93128089253
12146.383375987361
12151.047803403848
12152.265042063053
12154.59198932382
12153.823147769883
12149.406147561838
12141.303001106617
12135.526587031587
12138.636810932527
12133.322388006585
12137.387629436007
12130.78925981226
12135.25320855784
12128.914054442675
12116.981713587553
12119.868475593856
12126.953773183377
12125.85186422536
12119.297199914106
12118.008087399397
12130.54856433861
12137.242902705055
12134.792938357905
12136.899829152882
12135.013391722227
12119.736976508297
12117.546810401478
12122.782730969127
12125.81072713192
12129.037063381336
12139.488453736842
12130.394254695093
12121.973774806378
12111.681994277
12110.348304256557
12117.682256991378
12129.24189888834
12121.418601744248
12131.193980854854
12106.882077785853
12097.709087525467
12088.87465024708
12106.433120183112
12116.501459671053
12111.85274183286
12116.077663383523
12122.24105068441
12121.56106833463
12122.99631265135
12122.105940111138
12113.17766678052
12124.308876340774
12133.481188072099
12140.06293103729
12133.038201829959
12133.037721445831
12141.74165483876
12130.729200252887
12127.46630001691
12138.375439074414
12155.321380573878
12155.32537439555
12147.123297997668
12150.038303756399
12139.098234883531
12134.024731685327
12135.263540301217
12141.035604978546
12153.042075063539
12155.80703918141
12148.740142200897
12141.87310666159
12145.080832236172
12141.360038185276
12133.891155947353
12123.568834385129
12137.49327133027
12145.201459992702
12141.65616519034
12134.168166464588
12143.513926079144
12128.130436131023
12126.07867229432
12120.3389573592
12114.945149265404
12112.004538562109
12114.840896281214
12123.956850800452
12118.719915654572
12127.666128997136
12118.34399890128
12117.565130979638
12115.66335547324
12119.136778950911
12135.134927810752
12149.384588262314
12144.254334663665
12141.992642710033
12147.838073258092
12143.032764219486
12147.25761794312
12155.280417861333
12150.47339500034
12155.330988647234
12170.107863844903
12161.88516703029
12165.072039180353
12158.921374896989
12157.933501668693
12159.629229494802
12155.735008280757
12164.404486992946
12163.049329593596
12162.369707442142
12160.928966070325
12139.40125584088
12140.41077874514
12146.693524174232
12136.528932557207
12130.428611158093
12127.640429588748
12127.394786303661
12130.837979145115
12131.924357900521
12125.596237358635
12116.85954939617
12112.691395015972
12109.008722517943
12117.192938995166
12115.768409737362
12118.97181197619
12109.70630702416
12104.496914771418
12105.732151846489
12103.147889664568
12100.640400043238
12119.489820433393
12128.437947094333
12134.533225910383
12133.30701101325
12123.756520620824
12118.47156398889
12116.1383960106
12118.814669500713
12124.503712855347
12129.300485700496
12140.640467148034
12145.261107856008
12140.468330137446
12134.353245788649
12123.694577977643
12117.029534525926
12130.87647566066
12124.114304452436
12120.890534016547
12109.234323882283
12114.715576332716
12115.12774850662
12111.605025563305
12121.60183141899
12136.403273948372
12148.566817791638
12155.380094250613
12143.090981260539
12143.947747897653
12143.706454175513
12148.957019529336
12139.18404072037
12138.824798756807
12128.175126819211
12118.968606256647
12125.40423019319
12130.596186850938
12135.477211703103
12129.038420178413
12129.161621528474
12138.902754762163
12118.72181269232
12108.784901847317
12101.231842994024
12108.203509035558
12102.213264529091
12101.776456825874
12105.924996116497
12117.037304056368
12120.326737272539
12110.804686507843
12110.253732060986
12121.866664940713
12120.34426164535
12120.475041626458
12122.21211453995
12126.298853239525
12136.311965075676
12142.219394839516
12138.125211457049
12132.141039006361
12132.36870751948
12129.453738121603
12129.962712128436
12131.571149238738
12131.670378317966
12133.58741349015
12118.642191523497
12119.330776300783
12121.469942096715
12123.511116955942
12122.117833631804
12119.890561350589
12123.803771926363
12116.920926759842
12126.782684567337
12127.634251288491
12134.028020952694
12118.044648987758
12110.605887920341
12111.807323335277
12124.685085593585
12132.818685157716
12134.296288381025
12125.140112875566
12114.076382613224
12109.282656166273
12119.850499940974
12124.202868954837
12111.032391215878
12109.549313458974
12114.140078938508
12102.53863345876
12100.665584321341
12110.350685243971
12111.171278166012
12115.128914013425
12110.75577712996
12127.718352387928
12127.716008002833
12133.91019476532
12138.582507610261
12139.987803841186
12141.418175195704
12131.623253141612
12143.085572457132
12139.856428413319
12142.703636337465
12145.59518597478
12145.161953282353
12156.205865743981
12159.043561591767
12148.272184450467
12148.450739148526
12146.079694926877
12164.359738482035
12161.19804368601
12144.60850728899
12136.376956121781
12141.410158766741
12149.23136617641
12139.8133428123
12137.497431498448
12136.308322510238
12134.958216361807
12125.349616362888
12120.903548577384
12117.18516140642
12115.626228270112
12112.570050906652
12120.694205060188
12117.769983577939
12123.103279238912
12120.80150737998
12121.639321194705
12128.823168153423
12113.195653726663
12108.350005743761
12114.90150467081
12125.822228030427
12112.148475150767
12118.894730646234
12127.344865035047
12124.31744712083
12123.029956831993
12122.418655023017
12133.277386091087
12136.327071135114
12141.0072768378
12148.921500174556
12141.52975510128
12139.788314663885
12149.296914733437
12147.766511022288
12139.154656628245
12140.110595013799
12142.249941417786
12132.411315640897
12136.024071317232
12135.3281893724
12129.01485671427
12134.63305080916
12129.347666789407
12130.267786096887
12122.667903819489
12122.299802552181
12118.922911330188
12116.333688679344
12112.488786287253
12109.722702891633
12122.155873174102
12121.828676649153
12119.95493619977
12115.651347342391
12114.703126462786
12109.01709777511
12106.253860292483
12108.355496065666
12108.151859018513
12101.476566641708
12087.4989212757
12074.700077418316
12075.34085909142
12080.47179151545
12086.775255136956
12089.637388899613
12092.30066241909
12100.663091808998
12101.55304935684
12111.528710863662
12118.359509997845
12113.920489734159
12123.602758047744
12130.041124815983
12125.026769113112
12137.228426220827
12128.030313822026
12136.520576187977
12131.121090437471
12140.448573878908
12131.355219865
12129.684292777043
12135.690425880206
12140.344726928575
12137.306355320216
12139.525986728959
12147.202610640636
12147.377102200342
12157.292041367898
12151.72392172382
12151.468668912878
12145.542630699541
12147.975069947091
12150.671637376585
12144.869583072748
12131.816843332144
12119.677771394126
12122.061309590335
12126.37016613705
12116.911420855788
12118.867411996227
12113.745891013208
12105.347690809998
12085.580357197654
12099.46579957266
12104.70927853905
12108.923705947664
12102.395568753553
12105.634653565161
12106.534400463093
12117.755107814435
12116.551531373085
12126.028687422553
12133.364928795196
12133.882114337659
12142.476651422176
12125.411541217734
12135.111356371972
12143.43285976254
12137.350726275665
12133.979288731214
12132.93199435646
12134.691815590708
12129.575003343873
12131.818996534186
12125.195986218572
12129.257922179077
12132.552771301378
12133.5308243314
12143.382723233453
12139.588170870473
12132.022025767801
12130.825133180746
12124.549983898474
12139.562969494096
12118.855009766976
12106.904552726814
12103.305752181357
12098.808547231627
12102.67257555018
12099.443996563274
12109.81217401661
12097.895425530181
12107.128358543308
12112.914565764742
12101.932968000507
12098.145350798133
12097.351698208699
12094.604366053976
12104.15746325308
12101.053236485934
12100.70116701811
12102.03990890022
12106.374800717029
12107.669488633706
12103.781038686546
12106.85170710335
12114.297481937156
12112.431886925726
12115.905204345738
12125.806471448683
12119.62776262554
12120.928833495887
12125.997867876311
12113.348986003548
12102.56720038207
12107.43486356467
12113.193504026296
12109.108931628813
12107.997212987717
12110.336248876605
12099.261097771734
12099.625732650313
12095.445757798607
12088.544436680866
12089.265573275632
12092.501451367414
12091.15808574026
12095.268597678547
12081.167149433679
12087.004701607064
12087.114536735953
12090.395674285806
12091.941778729491
12082.277313935037
12083.645043228786
12084.336741448322
12086.600070438915
12092.924849290011
12087.689240465039
12093.853543195153
12089.008935620688
12095.2838176639
12082.680878024286
12072.353733136353
12076.416783834846
12074.268121422865
12076.734423166721
12080.983491062985
12081.583772417824
12081.78681559485
12083.825784952018
12068.208013157602
12078.783142765184
12079.240126554929
12072.638969625656
12073.116792311801
12071.148258123023
12082.308752588895
12077.017303739152
12084.175286036843
12073.66600128247
12080.668613197886
12093.57571273603
12092.659937509328
12095.694260322254
12096.365225662921
12097.507882864766
12100.216870822367
12104.26819037868
12096.506636971728
12090.437341417259
12093.097431993585
12090.807010052666
12097.2836187223
12114.89110146474
12107.479785891896
12108.439051018095
12099.354348488387
12094.415526535913
12102.666611697925
12102.88926696735
12109.13359832974
12121.30180137208
12110.636171232274
12094.609406918842
12104.258704649863
12109.193442090085
12110.297504393631
12102.548773380911
12114.449591655819
12121.943637389188
12125.801359635187
12119.999284465599
12110.489795994385
12102.41057588443
12105.370939534288
12110.620798089483
12100.732571781975
12093.712313167332
12092.611722182322
12098.337138089162
12100.192587233152
12109.442817429572
12108.507576516698
12114.105556696188
12117.340506062987
12107.628189803116
12124.360013106996
12137.039687279885
12124.815823280562
12128.91168964196
12134.898782006676
12136.079622924064
12131.708634450068
12127.485394887328
12132.715028835406
12136.061325636954
12147.90184732778
12148.84456314484
12149.662965909873
12142.314793951693
12134.06258089349
12147.035593295393
12144.237483158722
12144.039148858174
12144.855578661995
12157.11583343535
12155.047880781685
12155.98288299914
12151.00765022243
12151.063321383514
12140.158013072494
12142.429199809203
12141.700753360521
12152.886213956397
12161.635843682165
12148.786257622776
12137.045327073127
12130.031563001234
12137.147789565077
12147.402114396877
12149.424830295051
12154.731914752785
12161.36137285077
12163.410190777342
12165.39110877458
12168.301029118466
12176.06612844945
12159.416102358457
12163.871388241929
12162.101654168255
12161.092379716429
12150.69665825865
12146.148740536515
12147.229402700492
12151.511413021539
12158.77341555901
12156.832172257728
12158.46974208055
12166.358560086119
12164.962004495066
12154.573804508238
12170.328885442352
12156.709074799575
12142.534365328489
12131.5440269695
12133.746615397633
12130.90677726685
12142.934060781525
12141.813546023373
12142.161735054826
12146.745020818844
12158.314547912245
12159.512104642043
12152.920925223058
12144.378067410107
12156.757676407658
12154.580898912216
12155.491740212767
12156.110617152965
12145.451617788443
12154.487521692434
12154.93604230417
12161.328092511303
12159.937667877366
12155.637904824476
12159.560643803965
12153.197521872797
12154.963835000366
12156.123484827614
12149.824913610435
12138.906339173125
12127.194583039758
12126.90221799651
12118.667526435554
12109.037910596728
12117.320510372327
12117.934080282223
12111.183403685036
12111.825123012357
12113.184651687867
12107.122779095074
12099.082546503549
12104.51721987897
12099.90606037026
12113.848660389951
12107.718289931316
12110.751607242575
12108.910078279469
12108.702992657087
12118.726648900763
12114.660189918372
12124.569673838536
12122.562420487775
12123.470883499684
12119.684132269704
12117.90129601593
12120.372963269065
12115.79586999058
12105.089451091517
12085.712595230607
12090.90070117092
12097.31442035327
12098.332787325522
12094.338941593705
12100.519494965421
12104.543936167987
12107.351397094186
12105.453614731785
12118.970454493912
12109.023772315482
12111.2113011314
12112.44393692293
12111.11662199374
12107.365135928561
12112.825355424811
12122.990485253787
12137.174737385832
12140.453122190123
12150.936460881687
12150.69005768921
12141.122793369519
12139.210525176972
12126.37842825179
12123.43913669787
12131.01391022512
12137.362460915927
12128.026639517928
12134.016337426796
12143.865450266376
12130.719650228375
12139.051883686923
12133.481087814347
12128.979759300186
12131.124446396552
12128.470996583375
12140.934318170493
12136.718433373402
12130.728084602591
12123.333165500304
12112.557884232569
12116.601376474911
12127.634650672346
12136.391739668448
12120.69359160876
12121.216474011128
12116.635171866774
12116.609037931108
12111.943218872491
12115.227559175477
12111.098503613588
12123.829169073833
12112.315849149829
12095.90836255632
12093.682991328202
12090.355612616026
12094.58500040988
12100.768439784624
12099.875110332192
12105.683531892206
12096.699774624036
12091.231233411207
12090.022431735713
12098.208665592514
12097.859298715628
12101.814293091575
12094.08822154011
12110.91003584115
12122.378307843734
12119.972995209266
12115.782078996981
12112.713441182561
12112.399759800894
12121.852796990264
12121.735343349117
12114.877033897805
12117.72490559861
12108.00351793767
12102.237523649404
12098.08229603918
12098.258064820326
12098.113559384397
12093.130771562806
12092.028992014853
12082.046724271102
12083.732053335516
12082.146541850216
12099.474268720727
12120.903303752071
12120.235381957835
12125.367900891477
12136.703933531298
12123.662851825895
12119.193968080668
12128.065618531744
12135.21818887887
12145.073097469358
12146.717956408613
12145.11476776062
12135.43582497508
12140.283470606433
12143.805336208705
12137.83218578333
12131.893679329009
12140.052540767087
12127.998236710751
12124.100566247042
12129.254009538738
12129.163875881779
12121.575489811727
12127.009881835584
12111.719899478237
12114.131220021407
12114.121517482075
12104.930529543493
12112.578908604419
12111.303178250575
12105.769675565423
12104.299581151901
12091.735877092895
12095.272474902631
12101.196168589748
12112.51125670768
12109.977419399409
12108.390259255333
12103.000678118384
12104.186318575408
12102.560940685742
12101.002944807722
12097.027068552923
12098.998444211935
12101.372282198408
12109.677214707308
12125.35626110202
12138.85758766323
12136.954862424682
12142.177567862127
12141.368106475287
12136.190315974138
12140.628455784452
12138.64466239117
12121.242384474026
12117.505586279774
12110.886477684679
12103.09786882707
12114.315878561341
12132.11902675964
12125.544779873813
12118.49535904194
12117.649874860514
12118.96444751845
12110.13061015671
12114.759219842277
12096.545999355589
12092.243053419983
12101.261632852682
12094.830389319406
12096.329072622993
12095.385493212672
12100.131609297781
12094.165194769068
12094.241421218601
12098.948058126482
12101.204161598724
12099.0985168523
12107.439958952345
12101.054423309399
12107.136785224702
12104.90926407632
12102.412214342075
12107.263414451067
12101.9168702643
12100.191514488437
12087.845620415355
12100.38675667014
12099.201188170504
12096.17462122295
12091.882463258919
12088.737367893347
12088.003471219477
12090.458154983615
12096.822141371722
12091.454462469113
12086.58002082073
12088.395325016336
12091.64545652808
12090.254018023945
12107.901938265506
12111.732078709583
12117.799751592433
12116.551495768601
12122.846793792967
12136.522378155507
12142.20594892237
12140.390412361026
12142.208825025737
12150.121580409213
12152.308307259853
12140.58695928963
12133.04261097572
12123.259016874139
12120.103845874582
12119.395949328442
12124.584465371658
12117.294751595364
12107.068499061997
12088.220979272046
12097.319722516866
12089.616945360005
12091.072748198547
12092.048208618506
12095.398956825982
12100.40041194277
12095.226755563348
12100.877964648305
12101.989713143608
12112.31211619296
12099.273744437378
12100.329340353936
12099.417644639629
12099.880113693796
12100.774634039828
12091.06551735815
12104.696133234369
12097.614950097808
12092.623115649962
12091.373116702098
12100.687136674578
12088.09625750308
12101.84098133518
