4585614.746702797
4480283.952205452
4386813.279917084
4271738.108660122
4163822.9550203783
4065807.6993727246
3986147.321662512
3898207.732077779
3827177.0157738826
3730187.596664228
3659524.2701634485
3592851.006820781
3534405.331598971
3454951.3665311364
3391419.6864782013
3343428.0066417
3305990.7384491637
3263109.890841819
3221294.804223413
3189202.545299616
3139410.8533292776
3104240.6973823686
3067106.894187147
3023894.145991483
2990971.026705416
2960988.731674703
2930542.3038468035
2897744.9527155254
2865634.618532199
2843232.8078768076
2814775.1061889315
2791887.5456900746
2763185.938433909
2737249.9314665236
2706777.8885701466
2682113.777760798
2647758.474921743
2618507.2702549994
2601357.553110819
2583815.5423794626
2562079.8140771985
2551504.5693779676
2535552.6531325313
2511133.9849715154
2495250.9612689978
2477668.863167346
2459925.1604653494
2451796.151094485
2441313.0615687473
2427471.7643773863
2406960.460672128
2383591.185187287
2364797.4036723226
2350679.2496832605
2340473.196991829
2319606.2535421895
2310392.4353005844
2295989.8643448623
2281206.4000743395
2271979.7176649384
2263976.0383847263
2250160.6530497735
2239418.9344422542
2230437.0158947464
2222449.245462394
2212517.7538526673
2197115.62018002
2185676.7280594646
2171152.535724856
2158507.912408326
2150973.8506981377
2143100.1990521913
2128438.61704999
2117885.937775069
2115417.699007917
2107117.8449095124
2094600.9213056588
2088295.2093524318
2075607.100974562
2067793.6987673952
2060167.6722802622
2047359.7579764246
2039569.6730822525
2027256.1869779176
2020158.1944544865
2012527.9705962462
2006048.986620386
1999674.1259400202
1991167.6837266681
1981715.7586871965
1974921.8082519746
1965716.8195847548
1961553.7503210672
1954897.416771415
1947648.700536843
1942667.0797547214
1937332.0456402395
1934341.0084016742
1928606.4114124833
1919740.0663492435
1913505.87217988
1910255.676893529
1906798.0089001048
1897784.7704647589
1889170.6226830513
1883962.2330441903
1880184.1483622887
1877176.329420002
1870228.1094045215
1862126.5095905373
1860863.901196589
1856631.760599067
1850028.8810457033
1846752.1290931464
1839761.0746892637
1838419.9085918358
1832686.460543035
1826871.7971825395
1822148.5723608646
1818470.3917182593
1812841.857392787
1804173.9585426515
1800140.2821105695
1787952.0296028152
1787091.526020778
1785661.1284491275
1782902.0543746317
1778706.0880604375
1770490.1101411013
1762670.5693601104
1759739.32998304
1753864.6204794636
1748112.2526590915
1743377.7854408312
1740321.8788776402
1738266.409726467
1735487.1171503894
1733487.7247387737
1726885.2770923527
1724430.1760600558
1721322.3620824763
1716780.1064667585
1716226.8234518152
1714640.2499300705
1710237.9566939352
1708655.5029786825
1704394.0349802575
1702420.6673083147
1698145.7107261738
1696029.4391341032
1690431.770853811
1689067.8650418124
1684837.1775162024
1682831.233711591
1680324.8436810174
1678335.1918048782
1676462.8194859764
1673863.7971961796
1672393.3679389476
1671092.1441527442
1664965.4339566815
1661582.2711577865
1659408.2007631501
1655218.9189225466
1652850.8214680855
1650611.68203619
1648973.6291499492
1644347.2549080504
1643368.7680285946
1638142.8799180943
1636601.0486655072
1633154.3792374092
1629595.7585647753
1624993.884421667
1622431.205399722
1620190.4663522183
1615312.3276689146
1614498.190663202
1611515.199366909
1609769.431124594
1608681.516725016
1605150.9891207959
1603430.6509301318
1602791.3887041388
1601857.8775921299
1599897.7650058318
1596129.5221527696
1595233.299679174
1588761.5207198919
1587142.3414730877
1586031.8751235777
1585458.419767796
1582021.8946731435
1580820.388795178
1579992.7246110651
1575343.4039892724
1573030.4156477037
1569982.909974274
1565895.1457695167
1563209.3894796476
1560502.9277188543
1557935.1896633052
1556771.785901659
1555506.1135579706
1552663.232999097
1549562.779398205
1548752.3298068345
1547330.3369057612
1546497.34525378
1542987.9325281738
1541401.1508749798
1540099.3717456874
1536417.5113027073
1533592.0089241657
1531338.7366458178
1528676.4615634526
1527375.8423784347
1526339.4150219425
1524031.74976067
1518446.5868202006
1515850.5803853935
1515105.126931395
1513752.0950864307
1512460.4859555364
1511632.746131294
1511417.0839981474
1509196.8862048252
1507760.0115812542
1507228.0417054943
1504977.561706463
1504078.6297413248
1503515.8830107814
1501325.0839776956
1500474.7009325319
1499323.531772546
1497771.7633647958
1495890.4467690932
1494188.428242072
1491934.9323751458
1490481.954310895
1489847.20681174
1488206.9347486747
1485927.5721626598
1483798.3135371758
1482510.1678009948
1480513.7715961284
1479623.9206818766
1478719.3740539448
1476538.0072151746
1475882.431989953
1475002.2918476001
1474239.234962104
1473370.5386380698
1472721.8352530298
1469524.2181063439
1468972.8542397066
1465805.6835191417
1464893.312231135
1461158.1500131818
1459837.7646453124
1455866.641343516
1453137.9606261873
1451408.9957566087
1449491.061300652
1449114.0956035485
1448755.893824976
1444187.7024560198
1443285.6834662026
1441227.8285752365
1439155.2544006451
1438937.770652484
1437876.8239522344
1437842.7100154273
1435216.640016056
1433795.4986085538
1433316.3271461595
1432077.6524204882
1428716.0873191338
1426856.7742335508
1426328.4109735861
1425194.0465901012
1421507.2179704779
1418831.0853182739
1417603.166235564
1416894.048255441
1416894.048255441
1416894.048255441
1415049.5422516363
1415049.5422516363
1412605.1686919956
1412605.1686919956
1412553.0720676356
1410491.8805450639
1409041.3449599075
1407564.075832196
1406750.7148495107
1405938.7910566395
1405236.5970637896
1401806.1966932476
1401196.6183126667
1398509.349302098
1397232.387116306
1396426.8194516166
1394578.269388302
1393607.8977513746
1393607.8977513746
1391979.4100384244
1391158.5923995008
1390576.5458542288
1389980.7566791908
1387644.496530394
1386976.2623658832
1386976.2623658832
1386816.6497077262
1386123.3510236084
1384165.7313488643
1383708.7087769483
1381500.641356632
1380094.4671551194
1380094.4671551194
1376866.3760244884
1375650.0020846513
1375206.9508614729
1373620.4292055857
1373290.2884400813
1371365.9650683044
1369839.0247053814
1367769.1201750822
1366808.6354690883
1366808.6354690883
1365394.5617717598
1364232.0959137585
1363768.2986180398
1363768.2986180398
1361154.8497134252
1360486.9386187838
1358828.4737159128
1357134.728820845
1356021.4876837046
1354640.562482323
1353952.3796657058
1351933.5785026108
1351345.6021140092
1349280.2734506943
1348983.5794206792
1347752.1260063828
1346496.9546366816
1345506.0925436895
1344582.2848064888
1343721.935398391
1342819.6953261825
1342298.6674776236
1341555.5107420227
1340447.1095302862
1340447.1095302862
1339497.0995763666
1337753.3236792195
1337245.3196275344
1336702.3324082098
1336448.1094521605
1335803.8530175441
1335154.6596090451
1335154.6596090451
1334227.0479624227
1333279.855991079
1333020.2204595618
1332755.0813424387
1332305.473987757
1332305.473987757
1331847.355550995
1330424.264205228
1330366.4140750063
1329894.5760074807
1329353.4983682372
1327597.317209442
1327018.2886142472
1326371.818817459
1323844.4984998184
1322745.1272173552
1322429.542638975
1321157.1735116662
1319658.3616378494
1318720.4044225728
1317028.4359962589
1316969.7112319549
1315311.5118011043
1315001.5492856554
1314067.4125120211
1314067.4125120211
1314041.9184153653
1314041.9184153653
1313535.326963501
1313396.949131567
1312122.98149676
1309537.9273367166
1308502.581865788
1307998.137306747
1304558.6669324895
1304558.6669324895
1302245.7094589346
1302245.7094589346
1300875.6065940075
1300284.8153315613
1300284.8153315613
1300284.8153315613
1299627.3073683197
1298879.514699191
1298060.8766081082
1298060.8766081082
1296634.7056267913
1295268.795736128
1293229.9925024104
1292135.371608363
1290670.5386738782
1289807.4423778944
1289488.6965401396
1288883.346684895
1288427.4345707605
1287763.5241829697
1286273.4717060663
1286129.52762578
1285541.3367869398
1285541.3367869398
1281977.9807898966
1280342.0138430235
1280342.0138430235
1279749.7154742063
1278021.5192018184
1277819.8924824698
1276699.908257471
1276699.908257471
1275695.3753918642
1275205.6347476284
1274722.9469041498
1273984.1829405795
1273606.8044089028
1272267.2501714714
1272267.2501714714
1270067.3755034525
1268679.3036819794
1268576.1330535624
1266328.658340218
1266136.461108697
1265131.5353228585
1265131.5353228585
1264263.815529589
1263869.526180896
1263758.3433041316
1262908.4531579656
1261413.8044138602
1261413.8044138602
1261230.7104185054
1261230.7104185054
1261230.7104185054
1260357.4545699107
1259354.902684186
1259040.5883296225
1259040.5883296225
1258251.197144725
1257343.400946713
1256830.7275439478
1256454.3172266725
1256075.674413224
1253917.9704284924
1253660.077259353
1252759.9056778732
1252464.5899738711
1251829.4236538236
1250458.9710812196
1250458.9710812196
1249899.477104316
1249338.5203290246
1249219.7482389668
1248897.540276724
1248649.0371196745
1248649.0371196745
1247433.926613326
1246915.3579172208
1246024.6847996945
1245599.6762771015
1245287.6533990398
1244277.3013273128
1244277.3013273128
1242525.132427819
1242073.0814967405
1240793.99850238
1239204.258681161
1239076.80303777
1238970.2855295879
1238970.2855295879
1238493.0831168725
1237247.1744094694
1237247.1744094694
1237083.0405739807
1237083.0405739807
1236568.3045790836
1235944.6377437713
1235680.560395464
1235490.5628595734
1235490.5628595734
1235490.5628595734
1235490.5628595734
1235443.8647313681
1235443.8647313681
1234039.5866196225
1234029.6559781958
1233813.945884605
1232863.1040451748
1232705.1828128695
1231475.393896516
1230811.7707769815
1228975.7133756944
1228975.7133756944
1228309.316994589
1227844.8730656444
1227454.638249266
1226883.6420522877
1226883.6420522877
1224371.9695012846
1223932.2787557049
1223347.7190898533
1223263.6451346711
1222630.9104625825
1222305.454430304
1222014.2483348525
1221066.4185481584
1221066.4185481584
1220698.341408791
1220634.418313825
1220634.418313825
1220634.418313825
1219057.4750849735
1219057.4750849735
1219057.4750849735
1217736.5028235174
1215523.309124316
1215523.309124316
1213687.7940772502
1213310.370796959
1212850.404625929
1211616.3067342008
1211458.6986409477
1211169.8405126217
1209956.0421083344
1209956.0421083344
1209956.0421083344
1209956.0421083344
1209696.6587898359
1209299.6750193825
1208341.1000251605
1205936.2654870092
1205539.0663967228
1205033.735341669
1203893.0508189113
1203851.4561538158
1203109.3685062276
1201995.6604812439
1201699.0424054584
1200956.3492243844
1200421.595006747
1200421.595006747
1200421.595006747
1200421.595006747
1199299.6262388094
1198600.9646390737
1198359.8006737414
1198359.8006737414
1197901.6197048563
1197901.6197048563
1197901.6197048563
1197901.6197048563
1196706.5241111573
1196249.3507931884
1196187.080216528
1196023.2302583754
1195009.2864071475
1194382.3998048329
1194306.9799439996
1193981.9129985082
1193890.664367348
1193890.664367348
1193080.3655283607
1192393.1624497017
1192019.276687749
1191920.7051844215
1190694.5641271244
1190368.966928695
1190270.385963534
1190130.7709049033
1190130.7709049033
1189667.3703016485
1189667.3703016485
1188186.3904454766
1187553.4665862177
1187338.2525258893
1187063.7652313446
1186390.008490312
1186390.008490312
1186121.691376226
1186121.691376226
1183808.1554819325
1182829.211477078
1182829.211477078
1182829.211477078
1181754.8643156518
1181754.8643156518
1181587.197483377
1180421.3369855306
1180040.2898511214
1180040.2898511214
1179666.1337055992
1178176.567486823
1178176.567486823
1178176.567486823
1177433.6884147963
1176288.8929555863
1176288.8929555863
1176288.8929555863
1176288.8929555863
1176288.8929555863
1175982.21083195
1175711.6665034285
1175426.200907786
1175309.7671098497
1175309.7671098497
1175182.7058485288
1175182.7058485288
1174680.8461858456
1172982.6941298658
1172778.1411351445
1172778.1411351445
1171743.6078404132
1171743.6078404132
1171521.1837180639
1171521.1837180639
1171521.1837180639
1170695.6035260845
1170390.0822362122
1170390.0822362122
1170390.0822362122
1170348.6996546239
1170348.6996546239
1170348.6996546239
1170062.214905051
1169773.107525936
1169773.107525936
1169576.9651311995
1169212.5123596322
1169187.1639318094
1168865.5078971544
1168178.477240084
1166911.3392533562
1166857.4838064944
1166712.4227152069
1166568.2461495725
1165183.5019893087
1164820.836354315
1164820.836354315
1164252.1441736226
1164024.9590634839
1163689.9358808568
1162617.3339456976
1162617.3339456976
1162016.7193749025
1161563.5262066345
1161563.5262066345
1161282.5979854513
1161247.3657511265
1161247.3657511265
1160246.9030320297
1159550.8815781844
1158838.7278737319
1158828.320021123
1158828.320021123
1158828.320021123
1157783.496697933
1157783.496697933
1157222.0771744305
1157114.2422255997
1156559.4755373115
1155699.416006398
1155223.297317269
1155223.297317269
1154881.6848108857
1154343.0112835185
1153719.6714093832
1153554.013324022
1151609.9200525414
1151098.4492099537
1151098.4492099537
1150901.5206739078
1150269.3587698825
1148764.6464618784
1148764.6464618784
1148764.6464618784
1146986.223047264
1146986.223047264
1146986.223047264
1146986.223047264
1146986.223047264
1146751.426328756
1145147.2975685035
1145147.2975685035
1144965.9055463928
1144965.9055463928
1144834.4961343794
1144416.83731261
1144258.9230889953
1143949.4883631421
1143619.6700258015
1143361.3262586186
1142145.58249499
1142145.58249499
1141912.2729468674
1141758.7959878554
1141758.7959878554
1141689.8653238465
1141284.231333336
1141284.231333336
1141247.9995630966
1141247.9995630966
1140799.0241322839
1139421.7512835837
1139421.7512835837
1139181.1766476152
1138848.1729056505
1138848.1729056505
1138579.5279551456
1138499.439336084
1138308.3112596218
1138037.0193799506
1138037.0193799506
1137464.0669434643
1137464.0669434643
1137397.9558552282
1137023.5262725
1137023.5262725
1136559.4607422168
1136559.4607422168
1136527.811325256
1135815.4595500187
1135013.9908861858
1135013.9908861858
1134608.3992852438
1134183.4495445755
1133084.2231397857
1132155.529391122
1132054.0922204028
1131980.1968831967
1131976.4110881675
1131956.8743402988
1131956.8743402988
1131741.6836544322
1131374.3853847412
1131374.3853847412
1130854.1875797436
1130854.1875797436
1130854.1875797436
1130778.3401434007
1130697.499796533
1129565.8768615099
1129565.8768615099
1129565.8768615099
1129565.8768615099
1129024.9172289097
1128554.232690733
1126734.2207678282
1126734.2207678282
1126674.365598959
1125590.7811756837
1125179.9476024562
1125179.9476024562
1125179.9476024562
1125179.9476024562
1125179.9476024562
1124757.9404336081
1124373.1183554868
1124373.1183554868
1124373.1183554868
1124045.5139378263
1123803.2858261573
1123233.5726443077
1123233.5726443077
1123233.5726443077
1123085.1964781913
1121811.7150569232
1121473.5190137895
1121473.5190137895
1121473.5190137895
1121473.5190137895
1118787.7305412265
1118355.2565106354
1118355.2565106354
1118355.2565106354
1117687.3587060643
1116526.2191418097
1116526.2191418097
1116526.2191418097
1115610.6144268634
1114954.720104123
1114326.9801344466
1113825.5662113219
1113825.5662113219
1113825.5662113219
1113825.5662113219
1113825.5662113219
1113210.8414329896
1112483.4379469706
1112402.2849053417
1112402.2849053417
1112092.5846449677
1111754.4211761234
1111754.4211761234
1111754.4211761234
1111649.3586891294
1111649.3586891294
1111649.3586891294
1110877.1887915202
1110877.1887915202
1110877.1887915202
1110877.1887915202
1110877.1887915202
1110877.1887915202
1110877.1887915202
1110877.1887915202
1110561.9517673275
1110561.9517673275
1110561.9517673275
1110561.9517673275
1110561.9517673275
1110561.9517673275
1110560.3526051491
1110560.3526051491
1110497.9100560662
1110497.9100560662
1110102.386061002
1110102.386061002
1109506.1591932063
1109506.1591932063
1109321.9961970467
1109321.9961970467
1109136.793736022
1109136.793736022
1109018.00037112
1109018.00037112
1108730.4917551684
1108730.4917551684
1108356.8804190613
1108356.8804190613
1108356.8804190613
1108356.8804190613
1108356.8804190613
1108356.8804190613
1108356.8804190613
1108356.8804190613
1107198.6327309918
1106774.3156249956
1106774.3156249956
1106051.8513699544
1105336.8233099193
1105336.8233099193
1105336.8233099193
1105336.8233099193
1104524.2851546714
1103738.0804010297
1103738.0804010297
1103738.0804010297
1103738.0804010297
1102699.209421392
1102415.351003607
1101620.4066412477
1101620.4066412477
1101544.3679662447
1100721.357859633
1100555.1179916142
1099914.1905634112
1099771.3116771928
1099771.3116771928
1099724.0050972407
1099308.544046015
1099308.544046015
1099308.544046015
1099308.544046015
1099308.544046015
1098979.878401394
1098979.878401394
1098548.8517112716
1098304.9212376229
1097668.355069706
1097668.355069706
1097668.355069706
1097453.8132322915
1095651.7665238283
1095606.4451186552
1095133.3446617948
1094959.9047365705
1094959.9047365705
1094930.9703646235
1094684.4971764877
1094684.4971764877
1093968.1746133002
1093968.1746133002
1093798.6439873916
1093338.5746139623
1093123.3988914234
1092835.8203263574
1092835.8203263574
1092750.9337093239
1092750.9337093239
1092750.9337093239
1092443.5484213606
1092443.5484213606
1090985.749860275
1090985.749860275
1090745.68279522
1090334.7482987475
1090334.7482987475
1090334.7482987475
1090223.6909979407
1090071.1339673745
1089954.4297374147
1089954.4297374147
1089954.4297374147
1089739.0127129904
1089258.6393452021
1089258.6393452021
1089043.0210545263
1088744.6316590526
1088744.6316590526
1088686.1874300116
1088686.1874300116
1087377.9596730033
1087083.8135657487
1087083.8135657487
1087083.8135657487
1087083.8135657487
1087083.8135657487
1087083.8135657487
1086527.128242217
1086527.128242217
1086494.8409768855
1086494.8409768855
1086494.8409768855
1086494.8409768855
1086494.8409768855
1086494.8409768855
1086400.6940769
1086367.0516434936
1086250.1204693322
1086239.7979733679
1086239.7979733679
1086056.6995627661
1086056.6995627661
1086019.8764828765
1086019.8764828765
1085828.4798152708
1085443.9760571108
1085443.9760571108
1085443.9760571108
1084282.2274419386
1084282.2274419386
1084282.2274419386
1083980.8845188569
1083518.7026580777
1083035.585126705
1083035.585126705
1083035.585126705
1082775.0270852728
1082660.7325834637
1082114.8023830531
1081048.699702776
1081048.699702776
1081048.699702776
1080986.1346999323
1080562.9947642668
1080562.9947642668
1080332.8101111515
1080332.8101111515
1079927.455028299
1079784.0366761694
1079784.0366761694
1078323.2676525787
1078079.7587315603
1078079.7587315603
1077772.016570073
1077772.016570073
1077757.3273510505
1077755.1629981226
1077119.6568577238
1076770.3696995063
1076770.3696995063
1076770.3696995063
1075206.5206318097
1075206.5206318097
1074669.1465320103
1074669.1465320103
1073922.405059533
1073922.405059533
1073922.405059533
1073922.405059533
1073622.9931754242
1073622.9931754242
1073089.017145393
1073089.017145393
1073089.017145393
1072857.4125096207
1072857.4125096207
1072857.4125096207
1072857.4125096207
1072857.4125096207
1072069.2933943062
1072069.2933943062
1072069.2933943062
1072069.2933943062
1072069.2933943062
1072069.2933943062
1072069.2933943062
1071289.3486114056
1070496.3141852827
1070000.2218079632
1069939.744902785
1069816.8180641998
1069816.8180641998
1069273.0316508203
1068851.2904747794
1068851.2904747794
1068125.0332833088
1068125.0332833088
1068125.0332833088
1068125.0332833088
1067776.8218211883
1066569.3446157617
1066196.5356367202
1066196.5356367202
1066196.5356367202
1066196.5356367202
1066196.5356367202
1065650.618059041
1065650.618059041
1064559.1162639044
1064373.8880964045
1064373.8880964045
1063956.9919520319
1063956.9919520319
1063276.4651851514
1063056.838257575
1063056.838257575
1063056.838257575
1062672.1004261477
1062672.1004261477
1062672.1004261477
1062672.1004261477
1062672.1004261477
1062269.2067563836
1062269.2067563836
1061074.0509302174
1061074.0509302174
1061074.0509302174
1060395.4666232169
1060394.7148126527
1060394.7148126527
1059886.0729972362
1059729.3740132214
1059729.3740132214
1059729.3740132214
1059729.3740132214
1059729.3740132214
1059729.3740132214
1059560.5920201326
1059560.5920201326
1059560.5920201326
1059560.5920201326
1059384.0181827901
1059384.0181827901
1059384.0181827901
1059384.0181827901
1059384.0181827901
1059384.0181827901
1058735.3513286184
1058735.3513286184
1058735.3513286184
1058040.842570202
1058040.842570202
1058040.842570202
1057969.4954159409
1057969.4954159409
1057969.4954159409
1057604.4409641577
1057604.4409641577
1057604.4409641577
1057604.4409641577
1057604.4409641577
1057604.4409641577
1056334.180223961
1056166.032363969
1056166.032363969
1055667.9480524708
1055667.9480524708
1055667.9480524708
1054818.5590127097
1054067.8000991498
1054067.8000991498
1054067.8000991498
1053927.8084341632
1053927.8084341632
1053309.2966816782
1053309.2966816782
1053309.2966816782
1051410.2963906934
1050807.2006210317
1050160.3554710587
1049623.760667577
1049623.760667577
1049527.7797745895
1049527.7797745895
1049527.7797745895
1049175.8923844849
1049175.8923844849
1048342.2257575481
1048003.8000683606
1047818.1921795385
1047768.070646431
1047768.070646431
1047768.070646431
1047768.070646431
1047768.070646431
1047768.070646431
1047358.3578138863
1047315.6313222996
1047315.0432584032
1047127.27565549
1047077.1076217662
1047077.1076217662
1047002.1425693904
1046686.5130092013
1045803.6626743726
1045803.6626743726
1045081.423502802
1044233.1873479749
1044233.1873479749
1044075.5360125855
1044075.5360125855
1044075.5360125855
1044075.5360125855
1044075.5360125855
1044075.5360125855
1044075.5360125855
1044075.5360125855
1044075.5360125855
1043903.9432684719
1043692.656500177
1043692.656500177
1043219.9501775539
1043219.9501775539
1043120.2792288869
1043120.2792288869
1042719.372468285
1042719.372468285
1042719.372468285
1042171.3319277068
1040989.3436411471
1040989.3436411471
1040989.3436411471
1040015.1575352015
1040015.1575352015
1040015.1575352015
1039962.5074311636
1039962.5074311636
1039962.5074311636
1039934.7804409182
1039934.7804409182
1039900.2776869063
1039900.2776869063
1039900.2776869063
1039900.2776869063
1039900.2776869063
1039900.2776869063
1039900.2776869063
1039900.2776869063
1039900.2776869063
1039321.1524461571
1038245.6732358113
1038245.6732358113
1038070.527021497
1038050.3703612711
1037532.3640647331
1037532.3640647331
1037505.0714631847
1037505.0714631847
1037094.4052908298
1037094.4052908298
1036557.8592827806
1036557.8592827806
1035583.9727104002
1035582.2776218016
1035582.2776218016
1035359.1901047603
1035359.1901047603
1034276.090530571
1034000.5901016993
1034000.5901016993
1034000.5901016993
1034000.5901016993
1033823.1792409223
1033823.1792409223
1033823.1792409223
1033823.1792409223
1033823.1792409223
1033197.389764887
1033197.389764887
1032243.51712372
1032243.51712372
1032243.51712372
1032243.51712372
1032243.51712372
1032243.51712372
1032243.51712372
1031794.9266581098
1031794.9266581098
1031223.6380342037
1031020.6550139637
1031020.6550139637
1031020.6550139637
1031020.6550139637
1031020.6550139637
1030812.6635490073
1030812.6635490073
1030812.6635490073
1030256.5526846895
1030190.1707790015
1030190.1707790015
1030190.1707790015
1030190.1707790015
1030190.1707790015
1028999.6213578591
1028999.6213578591
1028857.0543136661
1028857.0543136661
1028857.0543136661
1028857.0543136661
1028857.0543136661
1028373.2924770212
1028373.2924770212
1028373.2924770212
1028373.2924770212
1028373.2924770212
1027116.5503524754
1026588.3628356652
1026588.3628356652
1026588.3628356652
1026272.1879439797
1026272.1879439797
1026272.1879439797
1026272.1879439797
1026272.1879439797
1026272.1879439797
1026272.1879439797
1026272.1879439797
1026272.1879439797
1026272.1879439797
1026034.7167527855
1026034.7167527855
1025943.3622294834
1025943.3622294834
1025943.3622294834
1025606.7460144362
1024681.1488597989
1024602.657686257
1024602.657686257
1023385.1817611605
1023385.1817611605
1023385.1817611605
1023385.1817611605
1023237.4688080396
1023237.4688080396
1023237.4688080396
1023237.4688080396
1022646.0990581333
1022646.0990581333
1022646.0990581333
1022646.0990581333
1022646.0990581333
1022646.0990581333
1022646.0990581333
1022569.5707303626
1022569.5707303626
1022059.2330034866
1022059.2330034866
1022059.2330034866
1021864.8124530638
1021864.8124530638
1021864.8124530638
1021864.8124530638
1021864.8124530638
1021864.8124530638
1021864.8124530638
1021703.3788682112
1021703.3788682112
1021703.3788682112
1021703.3788682112
1021703.3788682112
1021703.3788682112
1021703.3788682112
1021699.9473538427
1021699.9473538427
1021699.9473538427
1021540.5889996327
1021121.5068583869
1021121.5068583869
1021121.5068583869
1021121.5068583869
1020939.0194194329
1020939.0194194329
1020939.0194194329
1020939.0194194329
1020939.0194194329
1020939.0194194329
1020939.0194194329
1020939.0194194329
1020939.0194194329
1020939.0194194329
1020939.0194194329
1019840.7722679215
1019387.1897573135
1019387.1897573135
1019387.1897573135
1019387.1897573135
1018871.3096635151
1018871.3096635151
1018871.3096635151
1018790.0372870322
1018507.0692914322
1018047.1869396728
1017611.8294872555
1017464.2331654332
1017464.2331654332
1016592.7678048117
1016592.7678048117
1016407.910536326
1016407.910536326
1016407.910536326
1016377.6131927087
1015766.8251009751
1015766.8251009751
1015766.8251009751
1015142.7119673749
1015142.7119673749
1015142.7119673749
1014733.0315905219
1014194.5431591533
1014194.5431591533
1014155.110593698
1014155.110593698
1014155.110593698
1013899.2737384818
1013899.2737384818
1013899.2737384818
1013899.2737384818
1013899.2737384818
1013899.2737384818
1013753.4442330578
1013753.4442330578
1013753.4442330578
1013753.4442330578
1013753.4442330578
1013753.4442330578
1013753.4442330578
1013326.7234118272
1013313.2852359915
1013313.2852359915
1013313.2852359915
1013313.2852359915
1013313.2852359915
1013313.2852359915
1013313.2852359915
1013313.2852359915
1013313.2852359915
1013313.2852359915
1013313.2852359915
1013313.2852359915
1013128.8299898687
1013128.8299898687
1013096.5879043391
1013096.5879043391
1013096.5879043391
1013096.5879043391
1012914.6059854602
1012914.6059854602
1012914.6059854602
1012772.7742214109
1012772.7742214109
1012772.7742214109
1012493.9568271763
1012306.256700269
1012015.6419798101
1012015.6419798101
1012015.6419798101
1012015.6419798101
1012015.6419798101
1012015.6419798101
1011539.7170727091
1011539.7170727091
1011539.7170727091
1011539.7170727091
1011539.7170727091
1011539.7170727091
1011539.7170727091
1010912.9853260206
1010306.4235665561
1010306.4235665561
1010306.4235665561
1009931.6013244153
1009931.6013244153
1009876.4076982853
1009876.4076982853
1009608.7074495857
1009498.1320053063
1008710.8205778734
1008710.8205778734
1008710.8205778734
1008710.8205778734
1008710.8205778734
1008710.8205778734
1008710.8205778734
1008710.8205778734
1008710.8205778734
1008710.8205778734
1008710.8205778734
1008534.8564208719
1008534.8564208719
1008534.8564208719
1008534.8564208719
1008534.8564208719
1008484.4019407508
1008476.4420658265
1007706.4722261102
1007498.4607551983
1007498.4607551983
1007498.4607551983
1006936.5644559041
1006666.8219837577
1006666.8219837577
1006666.8219837577
1006491.4657673308
1005271.2287776647
1004726.1934378941
1004726.1934378941
1004622.0214692055
1004592.7974812207
1004592.7974812207
1003991.2604073719
1003578.5377742705
1002491.6621949981
1002491.6621949981
1002491.6621949981
1002491.6621949981
1002171.1491595753
1002171.1491595753
1002171.1491595753
1001972.8706146413
1001972.8706146413
1001972.8706146413
1001972.8706146413
1001972.8706146413
1001972.8706146413
1001972.8706146413
1001972.8706146413
1001972.8706146413
1001818.2880012523
1001601.9704207522
1001601.9704207522
1001558.0578102395
1001470.8321412784
1001470.8321412784
1001470.8321412784
1001460.952398143
1001460.952398143
1000925.9554910911
1000625.9542303383
1000625.9542303383
1000625.9542303383
1000625.9542303383
1000625.9542303383
1000625.9542303383
1000625.9542303383
1000625.9542303383
1000625.9542303383
1000625.9542303383
1000581.9929296669
1000581.9929296669
1000521.370668808
1000144.0187974838
1000144.0187974838
1000144.0187974838
1000144.0187974838
1000144.0187974838
1000144.0187974838
1000120.9543827518
999935.4439551511
999935.4439551511
999935.4439551511
999209.3414003532
999101.0365219327
999101.0365219327
998434.9164381258
998434.9164381258
998434.9164381258
998434.9164381258
998434.9164381258
998434.9164381258
998434.9164381258
997767.7871849062
997579.7971668523
997579.7971668523
997579.7971668523
997579.7971668523
997579.7971668523
997473.6658152726
997473.6658152726
997473.6658152726
997473.6658152726
997467.2669709835
997467.2669709835
997467.2669709835
997467.2669709835
997467.2669709835
997447.7805305324
997447.7805305324
997447.7805305324
997447.7805305324
995843.7767071695
995843.7767071695
995606.9966464185
995457.1183074124
995457.1183074124
995457.1183074124
995457.1183074124
995457.1183074124
995355.0334119357
995355.0334119357
995355.0334119357
995355.0334119357
995350.3514037437
995350.3514037437
995350.3514037437
995350.3514037437
995281.0497359167
994425.4037734679
994425.4037734679
994425.4037734679
992732.0506381883
992732.0506381883
992732.0506381883
992732.0506381883
992182.0037076236
992182.0037076236
992182.0037076236
991732.1732833199
991732.1732833199
991732.1732833199
991732.1732833199
991732.1732833199
991732.1732833199
991732.1732833199
991732.1732833199
991732.1732833199
991658.5463760564
991658.5463760564
991658.5463760564
991658.5463760564
991428.0141365749
991428.0141365749
991428.0141365749
991223.1333927193
991223.1333927193
991223.1333927193
991223.1333927193
991223.1333927193
991223.1333927193
990988.3665065615
990988.3665065615
990877.4507632724
990877.4507632724
990877.4507632724
990877.4507632724
990877.4507632724
990877.4507632724
990877.4507632724
990877.4507632724
990877.4507632724
990877.4507632724
990877.4507632724
990877.4507632724
990759.6038621267
990759.6038621267
990072.2521339566
990072.2521339566
990072.2521339566
990072.2521339566
990072.2521339566
988708.9326471734
988708.9326471734
988708.9326471734
988708.9326471734
988678.9671037737
988678.9671037737
988678.9671037737
988678.9671037737
988678.9671037737
988678.9671037737
988678.9671037737
988606.5900692394
988606.5900692394
988606.5900692394
987765.6162442546
987765.6162442546
987765.6162442546
987765.6162442546
987629.9337360992
987629.9337360992
987629.9337360992
987629.9337360992
987629.9337360992
987629.9337360992
987619.8591990457
987619.8591990457
987619.8591990457
987619.8591990457
987467.4919246689
987355.8490126542
987355.8490126542
986530.7266583664
986530.7266583664
986530.7266583664
986530.7266583664
986530.7266583664
986521.7936549399
986521.7936549399
986475.5399477266
986443.3914423727
985983.6650978683
985762.9445425745
985762.9445425745
985762.9445425745
985586.6120919652
985586.6120919652
984907.756154124
984907.756154124
984907.756154124
984907.756154124
984907.756154124
984818.9658359498
984630.8567000821
984630.8567000821
984630.8567000821
984630.8567000821
984630.8567000821
984314.8739554058
984314.8739554058
984314.8739554058
982861.0693082479
982668.0891773031
982553.168495266
982478.6652973931
982478.6652973931
982478.6652973931
982478.6652973931
982478.6652973931
982110.6242103688
982110.6242103688
982110.6242103688
982110.6242103688
981697.8261234708
981697.8261234708
981697.8261234708
981697.8261234708
981697.8261234708
981697.8261234708
981562.9852048804
981274.0927630723
981274.0927630723
981274.0927630723
980799.8458843477
980799.8458843477
980799.8458843477
980573.0147785677
980573.0147785677
980573.0147785677
980573.0147785677
980573.0147785677
979421.9022664148
979421.9022664148
979037.1239061835
979037.1239061835
978954.336108098
978954.336108098
978954.336108098
978711.7144662169
978711.7144662169
978711.7144662169
978711.7144662169
978711.7144662169
978711.7144662169
978174.4005338416
978174.4005338416
978174.4005338416
978108.4110531777
977427.1354551655
977427.1354551655
977174.7942576539
977174.7942576539
977174.7942576539
977174.7942576539
977174.7942576539
977174.7942576539
977065.0475629274
977065.0475629274
977065.0475629274
977065.0475629274
977065.0475629274
977065.0475629274
977065.0475629274
977065.0475629274
977065.0475629274
977065.0475629274
976704.3910944869
976704.3910944869
976704.3910944869
976704.3910944869
976306.4527871499
975904.5341434986
975904.5341434986
975904.5341434986
975904.5341434986
975904.5341434986
975904.5341434986
975904.5341434986
975904.5341434986
975904.5341434986
975904.5341434986
975904.5341434986
975904.5341434986
975904.5341434986
975904.5341434986
975904.5341434986
975904.5341434986
975904.5341434986
975904.5341434986
975863.0527310864
975863.0527310864
975863.0527310864
975698.3234621543
974925.5033449089
974925.5033449089
974925.5033449089
974925.5033449089
974925.5033449089
974925.5033449089
974454.2503429048
974397.4021073489
974397.4021073489
974027.3434390263
974027.3434390263
973207.9578565836
973207.9578565836
973207.9578565836
973207.9578565836
972956.7963490067
972856.0836915127
972813.9418614788
972813.9418614788
972730.191956166
972620.2659502543
972620.2659502543
972620.2659502543
972620.2659502543
972620.2659502543
972620.2659502543
971487.6725424484
971487.6725424484
970969.2768922022
970969.2768922022
970969.2768922022
970969.2768922022
970084.4871418076
969554.5494159545
969554.5494159545
969554.5494159545
969428.971322651
969428.971322651
968622.905802275
968622.905802275
968622.905802275
968622.905802275
968622.905802275
968622.905802275
968622.905802275
968622.905802275
968622.905802275
968622.905802275
968622.905802275
968365.5596483462
967679.0067316338
967341.7585454301
967341.7585454301
967341.7585454301
967341.7585454301
967341.7585454301
967341.7585454301
967102.741153032
967102.741153032
967076.4323995766
967076.4323995766
967076.4323995766
967076.4323995766
967076.4323995766
967076.4323995766
966903.3245672182
966903.3245672182
966903.3245672182
966695.2425006847
966289.9589487449
965797.5433018372
965797.5433018372
965359.445899392
965359.445899392
965160.2756131275
965160.2756131275
965160.2756131275
965160.2756131275
965160.2756131275
965160.2756131275
965160.2756131275
965160.2756131275
965160.2756131275
965160.2756131275
965160.2756131275
965160.2756131275
965160.2756131275
964945.5176441693
964433.522209625
964433.522209625
964231.3189130044
964095.6479504211
964095.6479504211
964095.6479504211
963814.0670938496
963814.0670938496
963814.0670938496
963814.0670938496
963814.0670938496
963814.0670938496
963814.0670938496
963090.7344753582
962313.449529174
961841.7262497568
961841.7262497568
961733.1481065878
961253.3062524603
961155.2239504281
960703.3083507686
960703.3083507686
960570.951740396
960538.2051720486
960538.2051720486
960391.5789219313
960121.2152463323
959783.9000309214
959783.9000309214
959783.9000309214
959783.9000309214
959760.3731847513
959752.0458228523
959752.0458228523
959752.0458228523
959752.0458228523
959752.0458228523
959752.0458228523
959752.0458228523
959752.0458228523
959752.0458228523
959752.0458228523
959752.0458228523
959752.0458228523
959752.0458228523
959752.0458228523
959752.0458228523
959752.0458228523
959752.0458228523
959752.0458228523
959752.0458228523
959752.0458228523
959543.8365818065
959451.0966380846
959451.0966380846
959451.0966380846
959451.0966380846
959318.8012320775
959318.8012320775
959318.8012320775
959318.2335380749
959318.2335380749
959318.2335380749
959218.2887676875
959218.2887676875
959218.2887676875
959176.0497694996
959176.0497694996
959176.0497694996
959176.0497694996
959176.0497694996
959176.0497694996
959176.0497694996
959176.0497694996
957901.5408872722
957901.5408872722
957901.5408872722
957901.5408872722
957901.5408872722
957375.8931462517
957375.8931462517
957375.8931462517
957375.8931462517
957375.8931462517
957375.8931462517
957375.8931462517
957375.8931462517
957375.8931462517
957375.8931462517
957375.8931462517
957375.8931462517
957375.8931462517
957334.7888380645
957334.7888380645
957295.6656283279
957295.6656283279
956469.2580233815
956469.2580233815
955758.6529864937
955758.6529864937
955758.6529864937
955550.9994447317
955550.9994447317
955491.7449102416
955083.9561509432
955083.9561509432
955083.9561509432
955083.9561509432
955083.9561509432
955083.9561509432
954916.7220175401
954182.5470577263
954182.5470577263
954182.5470577263
954182.5470577263
954182.5470577263
954182.5470577263
954182.5470577263
954182.5470577263
954028.2822653451
953660.2363298535
953660.2363298535
953660.2363298535
953660.2363298535
953660.2363298535
953660.2363298535
953660.2363298535
953660.2363298535
953660.2363298535
953660.2363298535
953660.2363298535
953660.2363298535
953660.2363298535
953575.0677780993
953422.3241096364
953422.3241096364
953422.3241096364
953422.3241096364
953422.3241096364
953422.3241096364
953422.3241096364
953422.3241096364
953422.3241096364
953422.3241096364
953161.7440744094
953161.7440744094
953161.7440744094
952701.0721473142
952701.0721473142
952630.9306177668
952413.2892580049
952413.2892580049
952370.1942521154
952370.1942521154
952370.1942521154
952370.1942521154
952370.1942521154
952054.8035977624
951627.4003272082
951627.4003272082
951627.4003272082
951627.4003272082
951627.4003272082
951547.2746998675
951547.2746998675
951089.8154035653
951089.8154035653
951089.8154035653
951089.8154035653
951089.8154035653
951089.8154035653
951089.8154035653
951089.8154035653
951089.8154035653
950901.8158935973
950901.8158935973
950901.8158935973
950901.8158935973
950901.8158935973
950901.8158935973
950901.8158935973
950901.8158935973
950901.8158935973
949680.0230483889
949257.4479374115
949257.4479374115
949257.4479374115
949257.4479374115
949096.3717296398
949096.3717296398
949096.3717296398
949096.3717296398
949096.3717296398
949096.3717296398
949096.3717296398
949096.3717296398
949096.3717296398
949096.3717296398
948872.0830781758
948872.0830781758
948872.0830781758
948802.2361005505
948802.2361005505
948234.7164860775
948234.7164860775
948234.7164860775
948234.7164860775
948234.7164860775
948234.7164860775
948234.7164860775
947575.6585982067
947575.6585982067
947575.6585982067
947575.6585982067
947575.6585982067
947575.6585982067
947575.6585982067
947406.6344206561
947406.6344206561
947406.6344206561
947406.6344206561
947162.7527648181
947162.7527648181
947162.7527648181
946967.57673175
946967.57673175
946967.57673175
946967.57673175
946967.57673175
946967.57673175
946949.42519464
946949.42519464
946949.42519464
946632.2116719609
946632.2116719609
946509.6100132476
946509.6100132476
946509.6100132476
946020.0914325713
946020.0914325713
946020.0914325713
946020.0914325713
945940.5631724766
945940.5631724766
945940.5631724766
945940.5631724766
945940.5631724766
945680.6442359564
945680.6442359564
945680.6442359564
945455.1998910576
945455.1998910576
945455.1998910576
945455.1998910576
945455.1998910576
945431.8405744253
945015.2860762877
945015.2860762877
945015.2860762877
945015.2860762877
945015.2860762877
943971.5938588077
943971.5938588077
943971.5938588077
943971.5938588077
943971.5938588077
943971.5938588077
943971.5938588077
943971.5938588077
943971.5938588077
943971.5938588077
943971.5938588077
943971.5938588077
943971.5938588077
943971.5938588077
943971.5938588077
943934.6651352076
943934.6651352076
943934.6651352076
943934.6651352076
943934.6651352076
943934.6651352076
943934.6651352076
943934.6651352076
943934.6651352076
943248.9022809921
943248.9022809921
943197.6098153291
943197.6098153291
943197.6098153291
943197.6098153291
943197.6098153291
943197.6098153291
943197.6098153291
943086.7635117267
943086.7635117267
943086.7635117267
943086.7635117267
943086.7635117267
943086.7635117267
943086.7635117267
943086.7635117267
943086.7635117267
942830.9245617199
942732.4106839797
942693.4182306414
942693.4182306414
942693.4182306414
942693.4182306414
942693.4182306414
942641.7750066781
942641.7750066781
942641.7750066781
942641.7750066781
942641.7750066781
942641.7750066781
942641.7750066781
942641.7750066781
942641.7750066781
942641.7750066781
942627.0131336565
942447.3586805891
942303.6316097191
942189.1377851579
942189.1377851579
942189.1377851579
942189.1377851579
940753.1375217558
940753.1375217558
940753.1375217558
940753.1375217558
940753.1375217558
940218.7351109027
940218.7351109027
939825.8281598681
939825.8281598681
939825.8281598681
939264.4389582517
939261.357421741
939261.357421741
939261.357421741
939261.357421741
939261.357421741
939261.357421741
939261.357421741
938886.6714462496
938886.6714462496
938678.9861365404
938615.0349172296
938615.0349172296
938353.2145185207
938353.2145185207
938353.2145185207
938353.2145185207
938231.8956446066
938231.8956446066
938231.8956446066
938231.8956446066
938059.3780215925
938059.3780215925
938059.3780215925
938059.3780215925
938059.3780215925
937985.1269108773
937985.1269108773
937985.1269108773
937985.1269108773
937985.1269108773
937985.1269108773
937985.1269108773
937985.1269108773
937985.1269108773
937805.8962248149
937805.8962248149
937440.182442344
937128.326717377
937128.326717377
937128.326717377
937128.326717377
936796.4742045015
936677.452873816
936677.452873816
936677.452873816
936416.6903442692
936416.6903442692
936416.6903442692
936416.6903442692
936416.6903442692
935989.7680432396
935747.8475697356
935670.3831718633
935670.3831718633
935670.3831718633
935670.3831718633
935635.9123191726
935635.9123191726
935185.0713705203
935185.0713705203
935167.3494254469
935167.3494254469
935167.3494254469
935167.3494254469
935167.3494254469
935167.3494254469
934537.1195622745
934537.1195622745
934537.1195622745
934537.1195622745
934537.1195622745
934537.1195622745
934537.1195622745
934537.1195622745
934537.1195622745
934442.6423308421
933975.4594031288
933975.4594031288
933975.4594031288
933898.5968976528
933898.5968976528
933898.5968976528
933898.5968976528
933898.5968976528
933898.5968976528
933898.5968976528
933748.3755511413
933748.3755511413
933748.3755511413
933699.6377901811
933699.6377901811
933484.9988834708
933484.9988834708
933484.9988834708
933484.9988834708
933484.9988834708
933484.9988834708
933484.9988834708
933484.9988834708
933484.9988834708
933484.9988834708
933484.9988834708
933484.9988834708
933484.9988834708
932843.7071821233
932843.7071821233
932843.7071821233
932843.7071821233
932843.7071821233
932843.7071821233
932843.7071821233
932843.7071821233
932843.7071821233
932843.7071821233
932565.4575502337
932565.4575502337
932565.4575502337
932565.4575502337
932410.4213226733
932056.995289084
931817.0711150912
931817.0711150912
931817.0711150912
931512.1220676459
931512.1220676459
931512.1220676459
931512.1220676459
931512.1220676459
931512.1220676459
931512.1220676459
931512.1220676459
931512.1220676459
931512.1220676459
931512.1220676459
931512.1220676459
931512.1220676459
931512.1220676459
931512.1220676459
931512.1220676459
930990.1380285153
930990.1380285153
930990.1380285153
930990.1380285153
930942.065940853
930556.5576448875
930145.1149857456
930145.1149857456
929801.2981508265
929801.2981508265
929801.2981508265
929801.2981508265
929725.6613911937
929725.6613911937
929725.6613911937
929725.6613911937
929725.6613911937
929725.6613911937
929725.6613911937
928910.5454715837
928910.5454715837
928753.7194715942
928753.7194715942
928753.7194715942
928753.7194715942
928753.7194715942
928753.7194715942
928753.7194715942
928753.7194715942
928753.7194715942
928722.6009867236
927899.6823212125
927899.6823212125
927899.6823212125
927899.6823212125
927899.6823212125
927899.6823212125
927899.6823212125
927607.4546799484
927607.4546799484
927607.4546799484
927607.4546799484
927607.4546799484
927582.1527634829
927582.1527634829
927582.1527634829
927582.1527634829
927248.3446946249
926816.2946133956
926775.839516513
926459.796440471
926459.796440471
926459.796440471
926459.796440471
926459.796440471
926459.796440471
926459.796440471
926313.1445714582
926313.1445714582
925136.3997359255
925136.3997359255
925136.3997359255
925136.3997359255
924504.7809704677
924504.7809704677
924422.8715390348
924422.8715390348
924422.8715390348
924422.8715390348
924422.8715390348
924422.8715390348
924422.8715390348
924422.8715390348
924422.5166901029
924422.5166901029
924422.5166901029
924422.5166901029
924422.5166901029
924422.5166901029
924422.5166901029
924156.2364852135
924156.2364852135
924156.2364852135
924156.2364852135
924156.2364852135
924156.2364852135
924146.1397148581
924146.1397148581
924146.1397148581
924146.1397148581
924146.1397148581
924146.1397148581
924146.1397148581
924146.1397148581
924146.1397148581
924146.1397148581
924146.1397148581
924146.1397148581
924146.1397148581
924146.1397148581
924146.1397148581
924146.1397148581
924146.1397148581
924146.1397148581
924146.1397148581
924146.1397148581
924146.1397148581
924146.1397148581
924146.1397148581
924146.1397148581
924146.1397148581
924146.1397148581
924146.1397148581
923713.5935339037
923713.5935339037
923713.5935339037
923569.8685199202
923569.8685199202
923569.8685199202
923569.8685199202
923569.8685199202
923569.8685199202
923036.3767846124
922640.5000025252
922640.5000025252
922640.5000025252
922402.2880127291
922383.5546926673
922383.5546926673
922383.5546926673
922383.5546926673
922383.5546926673
922383.5546926673
922353.7438227742
922353.7438227742
922353.7438227742
921694.6320572093
921694.6320572093
921694.6320572093
921614.2572479218
921066.1891029148
921066.1891029148
920856.0759507946
920796.4723187982
920796.4723187982
920796.4723187982
920796.4723187982
920796.4723187982
920796.4723187982
920646.7050748495
920646.7050748495
920535.3395857834
920000.1507098365
919440.6035000238
919440.6035000238
919440.6035000238
919440.6035000238
919440.6035000238
919440.6035000238
919440.6035000238
919440.6035000238
919440.6035000238
919440.6035000238
919440.6035000238
919440.6035000238
918703.6972562728
918489.5334151726
918489.5334151726
918489.5334151726
918489.5334151726
918244.0609361435
918244.0609361435
918244.0609361435
918244.0609361435
918079.9453227877
918079.9453227877
918079.9453227877
918079.9453227877
918079.9453227877
918079.9453227877
917564.518924813
917564.518924813
917564.518924813
917564.518924813
917482.2559804078
916954.246751818
916954.246751818
916954.246751818
915959.2187423478
915743.7142502259
915743.7142502259
915743.7142502259
915743.7142502259
915743.7142502259
915743.7142502259
915743.7142502259
915661.1841090007
915661.1841090007
915661.1841090007
915661.1841090007
915111.1151328492
915111.1151328492
915111.1151328492
915111.1151328492
915111.1151328492
915111.1151328492
915111.1151328492
915111.1151328492
914671.2120104921
914671.2120104921
914671.2120104921
914671.2120104921
914671.2120104921
914671.2120104921
914671.2120104921
914092.861009628
914092.861009628
914092.861009628
914092.861009628
914092.861009628
914092.861009628
914092.861009628
914092.861009628
914023.3443203687
914023.3443203687
913652.1976163196
913652.1976163196
913652.1976163196
913652.1976163196
913652.1976163196
913652.1976163196
913652.1976163196
913651.7021666592
913651.7021666592
913651.7021666592
913651.7021666592
913651.7021666592
913651.7021666592
913651.7021666592
913143.8347557862
913143.8347557862
913143.8347557862
913143.8347557862
913143.8347557862
913143.8347557862
913143.8347557862
913143.8347557862
913143.8347557862
913143.8347557862
913143.8347557862
913143.8347557862
913143.8347557862
913143.8347557862
913143.8347557862
913143.8347557862
913143.8347557862
913143.8347557862
913143.8347557862
913143.8347557862
913143.8347557862
913143.8347557862
913143.8347557862
913143.8347557862
912791.1628703827
912587.7161361704
912587.7161361704
912587.7161361704
912587.7161361704
912587.7161361704
912587.7161361704
912587.7161361704
912587.7161361704
912587.7161361704
912587.7161361704
911908.5161380004
911908.5161380004
911908.5161380004
911908.5161380004
911908.5161380004
911908.5161380004
911908.5161380004
911908.5161380004
911908.5161380004
911780.1426996299
911780.1426996299
911780.1426996299
911150.1969902274
911150.1969902274
911150.1969902274
911150.1969902274
911150.1969902274
911150.1969902274
911150.1969902274
911150.1969902274
911150.1969902274
911150.1969902274
911150.1969902274
911150.1969902274
910312.9350450913
910312.9350450913
910312.9350450913
910312.9350450913
909998.9779403042
909998.9779403042
909998.9779403042
909998.9779403042
909998.9779403042
909998.9779403042
909998.9779403042
909998.9779403042
908839.1726980574
908839.1726980574
908839.1726980574
908632.8806381167
908632.8806381167
908632.8806381167
908632.8806381167
908632.8806381167
908632.8806381167
908632.8806381167
908632.8806381167
908632.8806381167
908632.8806381167
908575.5710254838
907644.0985789588
907522.0789714828
907522.0789714828
907522.0789714828
907522.0789714828
907522.0789714828
907522.0789714828
907522.0789714828
907508.6246617757
907508.6246617757
907494.1891620858
907494.1891620858
907367.0337321578
907367.0337321578
907367.0337321578
907367.0337321578
907367.0337321578
907367.0337321578
907325.3292463869
907098.6343988404
907098.6343988404
907098.6343988404
907098.6343988404
907089.6551075978
907089.6551075978
906418.9251042088
906418.9251042088
906418.9251042088
906418.9251042088
906418.9251042088
906418.9251042088
906418.9251042088
906418.9251042088
906418.9251042088
906418.9251042088
906418.9251042088
906418.9251042088
906337.8330187937
906337.8330187937
906337.8330187937
906337.8330187937
906337.8330187937
906337.8330187937
906337.8330187937
906337.8330187937
906337.8330187937
906283.1982063376
906283.1982063376
906283.1982063376
906283.1982063376
906283.1982063376
906283.1982063376
905606.2255402748
905606.2255402748
905606.2255402748
905606.2255402748
905606.2255402748
905606.2255402748
905606.2255402748
905606.2255402748
905606.2255402748
905606.2255402748
905606.2255402748
905606.2255402748
905588.5975655456
905545.086376081
905545.086376081
905545.086376081
905545.086376081
905545.086376081
905545.086376081
905545.086376081
905545.086376081
905545.086376081
905545.086376081
905545.086376081
905545.086376081
905545.086376081
905545.086376081
905545.086376081
905545.086376081
905545.086376081
905545.086376081
905544.8612474075
905544.8612474075
905544.8612474075
905544.8612474075
905296.260947004
905296.260947004
905296.260947004
905296.260947004
905296.260947004
905296.260947004
905296.260947004
905066.5351280776
904835.0001572175
904835.0001572175
904835.0001572175
904835.0001572175
904835.0001572175
904503.0233731412
904503.0233731412
904503.0233731412
904503.0233731412
904503.0233731412
904503.0233731412
904354.9820822801
904354.9820822801
904354.9820822801
904354.9820822801
904354.9820822801
903669.921201148
903629.7816991241
903577.344013798
903577.344013798
903577.344013798
903577.344013798
903577.344013798
903478.049293103
903478.049293103
903478.049293103
903478.049293103
903478.049293103
903478.049293103
903478.049293103
903478.049293103
903478.049293103
903025.7243393257
903025.7243393257
903025.7243393257
903025.7243393257
903025.7243393257
902772.6539057258
902772.6539057258
902772.6539057258
902772.6539057258
901843.2171466798
901734.1961027419
901733.6417092547
901200.7654585121
901200.7654585121
901200.7654585121
901200.7654585121
901200.7654585121
901200.7654585121
901200.7654585121
901200.7654585121
901200.7654585121
901200.7654585121
901200.7654585121
901200.7654585121
901200.7654585121
901144.9339257386
900836.2245932478
900836.2245932478
900836.2245932478
900836.2245932478
900158.5654624909
900158.5654624909
900158.5654624909
900158.5654624909
900158.5654624909
900158.5654624909
900158.5654624909
899954.8039322358
899954.8039322358
899954.8039322358
899826.12231848
899826.12231848
899819.8964272544
899819.8964272544
899530.9110796807
898887.4999989138
898887.4999989138
898878.6835268299
898878.6835268299
898878.6835268299
898878.6835268299
898878.6835268299
898848.7989111708
898848.7989111708
898848.7989111708
898848.7989111708
898848.7989111708
898848.7989111708
898848.7989111708
898848.7989111708
898848.7989111708
898848.7989111708
898848.7989111708
898848.7989111708
898724.1748253566
898724.1748253566
897844.3113005505
897839.6525916617
897203.0347221224
897203.0347221224
897203.0347221224
897203.0347221224
897203.0347221224
897203.0347221224
897203.0347221224
897203.0347221224
897203.0347221224
897203.0347221224
897203.0347221224
896332.1826949024
896332.1826949024
896189.5969277048
896189.5969277048
896189.5969277048
896189.5969277048
896189.5969277048
896189.5969277048
895729.1518286006
895729.1518286006
895729.1518286006
895729.1518286006
895729.1518286006
895729.1518286006
895729.1518286006
895423.3254461419
895423.3254461419
895423.3254461419
895272.6751178498
895272.6751178498
895272.6751178498
895159.9951668833
895159.9951668833
894231.5930182142
893794.4415728394
893794.4415728394
893794.4415728394
893794.4415728394
893794.4415728394
893794.4415728394
893794.4415728394
893794.4415728394
893794.4415728394
893794.4415728394
893700.5386328814
893700.5386328814
893700.5386328814
893649.9335621417
893649.9335621417
893649.9335621417
893649.9335621417
893649.9335621417
893649.9335621417
893358.9383490626
893358.9383490626
893358.9383490626
893358.9383490626
893358.9383490626
893358.9383490626
893358.9383490626
893358.9383490626
893358.9383490626
893358.9383490626
893358.9383490626
893051.5320822925
893051.5320822925
893051.5320822925
893051.5320822925
893051.5320822925
892834.0063624287
892834.0063624287
892547.1724014764
892547.1724014764
892547.1724014764
892547.1724014764
892547.1724014764
892547.1724014764
892547.1724014764
892547.1724014764
892547.1724014764
892547.1724014764
892547.1724014764
892547.1724014764
892547.1724014764
892547.1724014764
892547.1724014764
892406.1973939564
892406.1973939564
892406.1973939564
892351.6885765813
892351.6885765813
892217.4809602046
892217.4809602046
892169.246492503
892169.246492503
892169.246492503
892169.246492503
892169.246492503
892169.246492503
892169.246492503
892169.246492503
892169.246492503
892169.246492503
892169.246492503
891786.285883182
891786.285883182
891786.285883182
891786.285883182
891786.285883182
891786.285883182
891616.4676815388
891616.4676815388
891616.4676815388
891311.1931578232
891311.1931578232
891149.7303252838
891149.7303252838
891141.3816792483
891141.3816792483
891141.3816792483
891141.3816792483
891141.3816792483
891141.3816792483
891074.4843786375
891074.4843786375
891074.4843786375
891002.6677929258
891002.6677929258
891002.6677929258
890734.8703437215
889775.8666182741
889775.8666182741
889775.8666182741
889775.8666182741
889775.8666182741
889775.8666182741
889626.6124550484
889626.6124550484
889626.6124550484
889626.6124550484
889626.6124550484
889626.6124550484
889626.6124550484
889626.6124550484
889626.6124550484
889626.6124550484
889515.1209889456
889515.1209889456
889515.1209889456
889515.1209889456
889515.1209889456
889515.1209889456
889515.1209889456
889515.1209889456
889515.1209889456
889515.1209889456
889515.1209889456
889313.520644803
889313.520644803
889313.520644803
888961.5012471513
888961.5012471513
888961.5012471513
888961.5012471513
888952.8103014282
888952.8103014282
888952.8103014282
888952.8103014282
888952.8103014282
888952.8103014282
888952.8103014282
888952.8103014282
888952.8103014282
888952.8103014282
888952.8103014282
888952.8103014282
888900.5604716834
888900.5604716834
888125.1536055758
888125.1536055758
887849.0540099135
887849.0540099135
887849.0540099135
887849.0540099135
887849.0540099135
887849.0540099135
887849.0540099135
887849.0540099135
887849.0540099135
887849.0540099135
887849.0540099135
887630.2764932009
887630.2764932009
887630.2764932009
887630.2764932009
887630.2764932009
887554.8343567068
887554.8343567068
887554.8343567068
887554.8343567068
887554.8343567068
887554.8343567068
887164.6895572178
887164.6895572178
887164.6895572178
887164.6895572178
887164.6895572178
887164.6895572178
887164.6895572178
887164.6895572178
887164.6895572178
887164.6895572178
887164.6895572178
887164.6895572178
887164.6895572178
887164.6895572178
887164.6895572178
887164.6895572178
887164.6895572178
887164.6895572178
887164.6895572178
887164.6895572178
887164.6895572178
887164.6895572178
887164.6895572178
887164.6895572178
886950.4803643638
886950.4803643638
886950.4803643638
886950.4803643638
886950.4803643638
886950.4803643638
886950.4803643638
886950.4803643638
886950.4803643638
886950.4803643638
886950.4803643638
886950.4803643638
886950.4803643638
886950.4803643638
886950.4803643638
886515.5383971682
886515.5383971682
886515.5383971682
886515.5383971682
886515.5383971682
886271.6784904349
886271.6784904349
886271.6784904349
886271.6784904349
886271.6784904349
886271.6784904349
886271.6784904349
886266.5106208732
886266.5106208732
886266.5106208732
886065.5223013125
886065.5223013125
886065.5223013125
886065.5223013125
886014.0710419929
886014.0710419929
886014.0710419929
886014.0710419929
886014.0710419929
886014.0710419929
886014.0710419929
886014.0710419929
886014.0710419929
886014.0710419929
886014.0710419929
886014.0710419929
886014.0710419929
886014.0710419929
885974.2941236838
885974.2941236838
885974.2941236838
885974.2941236838
885974.2941236838
885840.0387108966
885840.0387108966
885840.0387108966
885840.0387108966
885685.5885882678
885685.5885882678
885685.5885882678
885685.5885882678
885685.5885882678
885685.5885882678
885685.5885882678
885685.5885882678
885685.5885882678
885685.5885882678
885685.5885882678
885685.5885882678
885685.5885882678
885685.5885882678
885685.5885882678
885685.5885882678
885685.5885882678
885685.5885882678
885685.5885882678
885685.5885882678
885685.5885882678
885679.3251551079
885679.3251551079
885679.3251551079
885564.0469311189
885508.3359622034
885508.3359622034
885508.3359622034
885508.3359622034
885508.3359622034
885508.3359622034
885508.3359622034
885508.3359622034
885508.3359622034
885508.3359622034
885508.3359622034
885508.3359622034
885508.3359622034
885508.3359622034
885508.3359622034
885508.3359622034
885508.3359622034
885508.3359622034
885508.3359622034
885508.3359622034
885508.3359622034
885426.088450281
885426.088450281
885426.088450281
885426.088450281
885426.088450281
885426.088450281
885426.088450281
885426.088450281
885426.088450281
885426.088450281
885426.088450281
884774.5426937826
884061.4683248398
884061.4683248398
884061.4683248398
884061.4683248398
884061.4683248398
884061.4683248398
884061.4683248398
884061.4683248398
884061.4683248398
883180.4145224268
883180.4145224268
883180.4145224268
883180.4145224268
883180.4145224268
883180.4145224268
883180.4145224268
883180.4145224268
883180.4145224268
883180.4145224268
883180.4145224268
883180.4145224268
883180.4145224268
883180.4145224268
883180.4145224268
883180.4145224268
883180.4145224268
883180.4145224268
883165.2107125862
883165.2107125862
883165.2107125862
883165.2107125862
883165.2107125862
883165.2107125862
883165.2107125862
882853.3096773865
882853.3096773865
882853.3096773865
882853.3096773865
882853.3096773865
882814.5049103707
882814.5049103707
882814.5049103707
882814.5049103707
882814.5049103707
882814.5049103707
882814.5049103707
882814.5049103707
882814.5049103707
882814.5049103707
882814.5049103707
882814.5049103707
882814.5049103707
882814.5049103707
882814.5049103707
881937.3897386929
881937.3897386929
881937.3897386929
881856.0635695264
881856.0635695264
881856.0635695264
881856.0635695264
881856.0635695264
881856.0635695264
881856.0635695264
881856.0635695264
881055.9205938876
880971.8658421577
880971.8658421577
880971.8658421577
880819.3957818128
880819.3957818128
880819.3957818128
880819.3957818128
880819.3957818128
880819.3957818128
880819.3957818128
880687.7106415813
880687.7106415813
880687.7106415813
880687.7106415813
880631.7943688339
880631.7943688339
880511.167285292
880511.167285292
880511.167285292
880511.167285292
880511.167285292
880511.167285292
880511.167285292
880511.167285292
880511.167285292
880511.167285292
880511.167285292
880511.167285292
880511.167285292
880511.167285292
880511.167285292
880511.167285292
880511.167285292
880511.167285292
880065.6109399697
880065.6109399697
880065.6109399697
880065.6109399697
880065.6109399697
880065.6109399697
879980.5306334975
879980.5306334975
878779.1164297911
878779.1164297911
878779.1164297911
878779.1164297911
878779.1164297911
878779.1164297911
878779.1164297911
878779.1164297911
878467.037567972
878467.037567972
878467.037567972
878467.037567972
878467.037567972
878467.037567972
878467.037567972
878467.037567972
878467.037567972
878467.037567972
878467.037567972
878467.037567972
878467.037567972
878467.037567972
878467.037567972
878467.037567972
878467.037567972
878467.037567972
878467.037567972
878467.037567972
878467.037567972
878467.037567972
878467.037567972
878467.037567972
878467.037567972
878467.037567972
878467.037567972
878467.037567972
878467.037567972
878467.037567972
878467.037567972
878278.7682528382
878278.7682528382
878278.7682528382
878278.7682528382
878184.9672322199
878184.9672322199
878065.2270810846
878065.2270810846
878065.2270810846
878065.2270810846
878065.2270810846
878065.2270810846
878065.2270810846
878065.2270810846
878065.2270810846
878065.2270810846
878065.2270810846
877726.8871716888
877726.8871716888
877726.8871716888
877726.8871716888
877726.8871716888
877726.8871716888
877726.8871716888
877726.8871716888
877726.8871716888
877118.6774073184
877118.6774073184
877118.6774073184
877118.6774073184
876930.391118022
876930.391118022
876930.391118022
876930.391118022
876930.391118022
876930.391118022
876930.391118022
876930.391118022
876930.391118022
876930.391118022
876930.391118022
876381.0977147341
876381.0977147341
876381.0977147341
876381.0977147341
876381.0977147341
876381.0977147341
876381.0977147341
876381.0977147341
875696.7168633677
875696.7168633677
875696.7168633677
875696.7168633677
875696.7168633677
875696.7168633677
875696.7168633677
875696.7168633677
875696.7168633677
875696.7168633677
875662.2229417942
875662.2229417942
875662.2229417942
875662.2229417942
875662.2229417942
875152.4431845408
875152.4431845408
875152.4431845408
875152.4431845408
875152.4431845408
875152.4431845408
875152.4431845408
875152.4431845408
875152.4431845408
875152.4431845408
875152.4431845408
875152.4431845408
875152.4431845408
875152.4431845408
875152.4431845408
874999.8497566393
874999.8497566393
874999.8497566393
874999.8497566393
874999.8497566393
874999.8497566393
874999.8497566393
874999.8497566393
874999.8497566393
874999.8497566393
874946.3614286743
874946.3614286743
874946.3614286743
874946.3614286743
874448.0791653452
874448.0791653452
874448.0791653452
874448.0791653452
874448.0791653452
874448.0791653452
874448.0791653452
874448.0791653452
874448.0791653452
874448.0791653452
874448.0791653452
874448.0791653452
874448.0791653452
874448.0791653452
874309.2046215944
874309.2046215944
874309.2046215944
874309.2046215944
874309.2046215944
874309.2046215944
874184.3579582475
874184.3579582475
874184.3579582475
874184.3579582475
874184.3579582475
874184.3579582475
874184.3579582475
874184.3579582475
874184.3579582475
874184.3579582475
874184.3579582475
874184.3579582475
874184.3579582475
874184.3579582475
873719.1699768589
873719.1699768589
873719.1699768589
873719.1699768589
873719.1699768589
873719.1699768589
873719.1699768589
873719.1699768589
873719.1699768589
873719.1699768589
873719.1699768589
873719.1699768589
873719.1699768589
873719.1699768589
873719.1699768589
873719.1699768589
873719.1699768589
873719.1699768589
873719.1699768589
873719.1699768589
873719.1699768589
873018.3562943537
871848.7854066226
871848.7854066226
871848.7854066226
871848.7854066226
871848.7854066226
871848.7854066226
871848.7854066226
871783.1340584583
871783.1340584583
871783.1340584583
871783.1340584583
871783.1340584583
871783.1340584583
871783.1340584583
871783.1340584583
871509.1687801657
871509.1687801657
871509.1687801657
871509.1687801657
871509.1687801657
871509.1687801657
871509.1687801657
871509.1687801657
871509.1687801657
871509.1687801657
871509.1687801657
871509.1687801657
871485.1572100376
871485.1572100376
871485.1572100376
871485.1572100376
871485.1572100376
871485.1572100376
871485.1572100376
871485.1572100376
871175.9669358953
871175.9669358953
871145.9431595625
870584.6730854849
870584.6730854849
870584.6730854849
870334.0048177876
870334.0048177876
870334.0048177876
870334.0048177876
870029.3158537021
870029.3158537021
870029.3158537021
870004.8424352503
870004.8424352503
870004.8424352503
870004.8424352503
870004.8424352503
870004.8424352503
870004.8424352503
870004.8424352503
870004.8424352503
870004.8424352503
870004.8424352503
870004.8424352503
870004.8424352503
870004.8424352503
870004.8424352503
870004.8424352503
870004.8424352503
870004.8424352503
870004.8424352503
870004.8424352503
870004.8424352503
870004.8424352503
870004.8424352503
870004.8424352503
870004.8424352503
870004.8424352503
870004.8424352503
870004.8424352503
870004.8424352503
869647.6553005084
869647.6553005084
869647.6553005084
869647.6553005084
869647.6553005084
869647.6553005084
869582.5053623838
869582.5053623838
869582.5053623838
869582.5053623838
869582.5053623838
869582.5053623838
869582.5053623838
869582.5053623838
869582.5053623838
869582.5053623838
869582.5053623838
869582.5053623838
869071.3458369698
869071.3458369698
869071.3458369698
869071.3458369698
869071.3458369698
869071.3458369698
869071.3458369698
869071.3458369698
869071.3458369698
869071.3458369698
868600.242499633
867905.3406264666
867905.3406264666
867905.3406264666
867905.3406264666
867905.3406264666
867905.3406264666
867623.275421297
867623.275421297
867623.275421297
867623.275421297
867623.275421297
867623.275421297
867623.275421297
867623.275421297
867623.275421297
867623.275421297
867623.275421297
867529.1392921917
867529.1392921917
867529.1392921917
867529.1392921917
867529.1392921917
867529.1392921917
867529.1392921917
867529.1392921917
867529.1392921917
867529.1392921917
867529.1392921917
867529.1392921917
867340.2007195577
867321.762882412
867321.762882412
867198.6198047225
867198.6198047225
867198.6198047225
867198.6198047225
867198.6198047225
867198.6198047225
866923.747034045
866923.747034045
866923.747034045
866923.747034045
866923.747034045
866923.747034045
866923.747034045
866923.747034045
866923.747034045
866923.747034045
866923.747034045
866923.747034045
866923.747034045
866564.7398752269
866564.7398752269
866564.7398752269
866564.7398752269
866564.7398752269
866564.7398752269
866564.7398752269
866564.7398752269
866564.7398752269
866564.7398752269
866564.7398752269
866564.7398752269
866156.3926283085
866156.3926283085
866156.3926283085
865988.3597318141
865988.3597318141
865988.3597318141
865880.5142978688
865880.5142978688
865880.5142978688
865880.5142978688
865880.5142978688
865880.5142978688
865880.5142978688
865880.5142978688
865880.5142978688
865880.5142978688
865880.5142978688
865880.5142978688
865880.5142978688
865880.5142978688
865880.5142978688
865880.5142978688
865880.5142978688
865880.5142978688
865795.5810262745
865795.5810262745
865795.5810262745
865795.5810262745
865795.5810262745
865795.5810262745
865795.5810262745
865795.5810262745
865795.5810262745
865795.5810262745
865795.5810262745
865795.5810262745
865795.5810262745
865448.2292048496
865448.2292048496
865448.2292048496
865448.2292048496
865448.2292048496
865448.2292048496
864907.8331168791
864907.8331168791
864907.8331168791
864578.0732059561
864578.0732059561
864558.4265575397
864558.4265575397
864558.4265575397
864558.4265575397
864558.4265575397
864355.9092669752
864355.9092669752
864355.9092669752
864355.9092669752
864355.9092669752
864355.9092669752
864355.9092669752
864355.9092669752
864355.9092669752
864355.9092669752
864355.9092669752
864355.9092669752
863922.0331644033
863922.0331644033
863922.0331644033
863922.0331644033
863922.0331644033
863199.6835634958
863199.6835634958
863199.6835634958
863199.6835634958
863199.6835634958
863094.3259833963
863094.3259833963
862286.9245044758
862286.9245044758
862286.9245044758
862286.9245044758
862286.9245044758
862248.7952652236
862248.7952652236
862248.7952652236
862248.7952652236
862248.7952652236
862248.7952652236
862248.7952652236
862248.7952652236
862248.7952652236
862248.7952652236
862246.7340051644
862246.7340051644
862246.7340051644
862246.7340051644
862246.7340051644
862246.7340051644
862246.7340051644
862246.7340051644
862246.7340051644
862246.7340051644
861743.2799377441
861743.2799377441
861743.2799377441
861743.2799377441
861743.2799377441
861743.2799377441
861743.2799377441
861521.4183834754
861521.4183834754
861521.4183834754
861521.4183834754
861521.4183834754
861521.4183834754
861521.4183834754
861521.4183834754
861521.4183834754
861521.4183834754
861459.9427164576
861459.9427164576
861459.9427164576
861459.9427164576
861459.9427164576
861459.9427164576
861459.9427164576
861291.8220803521
860883.0397093894
860544.8618164262
860544.8618164262
860544.8618164262
860544.8618164262
860524.7007972694
859780.0644486803
859780.0644486803
859780.0644486803
859680.4411887625
859680.4411887625
859680.4411887625
859680.4411887625
859680.4411887625
859096.8167750001
858866.760185508
858866.760185508
858866.760185508
858866.760185508
858866.760185508
858866.760185508
858866.760185508
858866.760185508
858866.760185508
858866.760185508
858866.760185508
858866.760185508
858866.760185508
858866.760185508
858866.760185508
858866.760185508
858866.760185508
858866.760185508
858866.760185508
858866.760185508
858866.760185508
858866.760185508
858866.760185508
858866.760185508
858866.760185508
858866.760185508
858866.760185508
858866.760185508
858866.760185508
858866.760185508
858866.760185508
858866.760185508
858866.760185508
858866.760185508
858866.760185508
858866.760185508
858866.760185508
858866.760185508
858866.760185508
858866.760185508
858866.760185508
858866.760185508
858565.383522557
858550.9412562186
858550.9412562186
858550.9412562186
858550.9412562186
858550.9412562186
858550.9412562186
858550.9412562186
858550.9412562186
858550.9412562186
858550.9412562186
858550.9412562186
858550.9412562186
858550.9412562186
858550.9412562186
858550.9412562186
858550.9412562186
858550.9412562186
858550.9412562186
858550.9412562186
858550.9412562186
858550.9412562186
858550.9412562186
858550.9412562186
858550.9412562186
858550.9412562186
858395.9708177492
858395.9708177492
858395.9708177492
858395.9708177492
858395.9708177492
858395.9708177492
858395.9708177492
858101.4879867365
858101.4879867365
858101.4879867365
857795.800726057
857795.800726057
857795.800726057
857795.800726057
857795.800726057
857795.800726057
857795.800726057
857795.800726057
857795.800726057
857795.800726057
857795.800726057
857795.800726057
857795.800726057
857795.800726057
857795.800726057
857795.800726057
857795.800726057
857795.800726057
857795.800726057
857068.0165534937
857068.0165534937
857068.0165534937
857068.0165534937
857068.0165534937
857068.0165534937
857068.0165534937
857068.0165534937
856896.8295732056
856896.8295732056
856859.8195567724
856859.8195567724
856859.8195567724
856859.8195567724
856859.8195567724
856772.5099585638
856772.5099585638
856772.5099585638
856772.5099585638
856772.5099585638
856772.5099585638
856772.5099585638
856772.5099585638
856772.5099585638
856772.5099585638
856772.5099585638
856772.5099585638
856772.5099585638
856772.5099585638
856772.5099585638
856770.9206010889
856770.9206010889
856770.9206010889
856770.9206010889
856770.9206010889
856770.9206010889
856770.9206010889
856770.9206010889
856770.9206010889
856770.9206010889
856770.9206010889
856770.9206010889
856770.9206010889
856770.9206010889
856770.9206010889
856500.459248036
856500.459248036
856500.459248036
856500.459248036
856478.0146915482
856272.6018613763
856272.6018613763
856206.2248504201
856206.2248504201
856206.2248504201
856206.2248504201
856206.2248504201
856082.214272389
856082.214272389
856082.214272389
856082.214272389
856082.214272389
856082.214272389
856082.214272389
856082.214272389
856082.214272389
856082.214272389
856082.214272389
856082.214272389
856082.214272389
855989.625492378
855989.625492378
855989.625492378
855989.625492378
855989.625492378
855989.625492378
855532.6062495731
855532.6062495731
855532.6062495731
855532.6062495731
855532.6062495731
855532.6062495731
855532.6062495731
855532.6062495731
855532.6062495731
855532.6062495731
855274.7740620734
855274.7740620734
855274.7740620734
855274.7740620734
855274.7740620734
855274.7740620734
855274.7740620734
855274.7740620734
855274.7740620734
855274.7740620734
855274.7740620734
855274.7740620734
855274.7740620734
855274.7740620734
855274.7740620734
855274.7740620734
855274.7740620734
855274.7740620734
854852.0173562046
854852.0173562046
854852.0173562046
854852.0173562046
854756.6332955068
854756.6332955068
854612.7441756269
854612.7441756269
854612.7441756269
854612.7441756269
854594.1800851185
854300.6437661318
854300.6437661318
854076.3167530864
854076.3167530864
854076.3167530864
853544.0179699431
853544.0179699431
853544.0179699431
853544.0179699431
852823.3800894312
852823.3800894312
852823.3800894312
852823.3800894312
852823.3800894312
852823.3800894312
852823.3800894312
852823.3800894312
852823.3800894312
852596.6547269095
852596.6547269095
852469.6765354658
852469.6765354658
852469.6765354658
852469.6765354658
852362.4750121066
852362.4750121066
852362.4750121066
852362.4750121066
852362.4750121066
852362.4750121066
852362.4750121066
852362.4750121066
852354.4211591642
852354.4211591642
852354.4211591642
852106.5995003659
852106.5995003659
852106.5995003659
852106.5995003659
852106.5995003659
852106.5995003659
852106.5995003659
852106.5995003659
852106.5995003659
852106.5995003659
852106.5995003659
852106.5995003659
852106.5995003659
852106.5995003659
851841.6571411277
851841.6571411277
851841.6571411277
851841.6571411277
851841.6571411277
851841.6571411277
851841.6571411277
851768.3574596043
851768.3574596043
851768.3574596043
851768.3574596043
851768.3574596043
851533.4637887073
851533.4637887073
851533.4637887073
851533.4637887073
851533.4637887073
851533.4637887073
851533.4637887073
851533.4637887073
851533.4637887073
851533.4637887073
851533.4637887073
851533.4637887073
851533.4637887073
851533.4637887073
851533.4637887073
851487.3198407197
851455.1605396069
851399.8373188894
851399.8373188894
851399.8373188894
851399.8373188894
851399.8373188894
851399.8373188894
851399.8373188894
851399.8373188894
851399.8373188894
851399.8373188894
851399.8373188894
851399.8373188894
851399.8373188894
851399.8373188894
851399.8373188894
851399.8373188894
851399.8373188894
851399.8373188894
851399.8373188894
850822.229387619
850822.229387619
850822.229387619
850822.229387619
850822.229387619
850822.229387619
850813.0885985751
850813.0885985751
850813.0885985751
850813.0885985751
850813.0885985751
850735.4421189772
850735.4421189772
850735.4421189772
850735.4421189772
850727.9739415497
850727.9739415497
850727.9739415497
850727.9739415497
850727.9739415497
850727.9739415497
850727.9739415497
850727.9739415497
850727.9739415497
850727.9739415497
850727.9739415497
850727.9739415497
850727.9739415497
850727.9739415497
850727.9739415497
850576.9341695695
850576.9341695695
850576.9341695695
850576.9341695695
850576.9341695695
850576.9341695695
850576.9341695695
850576.9341695695
850576.9341695695
850576.9341695695
850576.9341695695
850576.9341695695
850576.9341695695
850576.9341695695
850576.9341695695
850576.9341695695
850556.1821427337
850426.8299851507
850426.8299851507
850426.8299851507
850426.8299851507
850426.8299851507
850426.8299851507
850426.8299851507
850426.8299851507
850426.8299851507
850426.8299851507
850364.2878086151
850364.2878086151
850364.2878086151
850364.2878086151
850364.2878086151
850364.2878086151
850364.2878086151
849869.6274219796
849869.6274219796
849869.6274219796
849869.6274219796
849869.6274219796
849679.3848729732
849679.3848729732
849679.3848729732
849679.3848729732
849679.3848729732
849679.3848729732
849679.3848729732
849679.3848729732
849679.3848729732
849679.3848729732
849312.8219511174
849312.8219511174
849312.8219511174
849312.8219511174
849312.8219511174
849312.8219511174
849312.8219511174
849312.8219511174
849312.8219511174
849312.8219511174
849028.0197789053
849028.0197789053
849028.0197789053
849028.0197789053
849028.0197789053
849028.0197789053
849028.0197789053
849028.0197789053
849028.0197789053
849028.0197789053
849028.0197789053
849028.0197789053
849013.3327864872
849013.3327864872
849013.3327864872
849013.3327864872
848953.2722937725
848953.2722937725
848953.2722937725
848693.5440921709
848693.5440921709
848693.5440921709
848693.5440921709
848693.5440921709
848491.5624447856
848491.5624447856
848491.5624447856
848491.5624447856
848417.895072032
848417.895072032
848417.895072032
848417.895072032
848417.895072032
848035.3455462533
848035.3455462533
848035.3455462533
848035.3455462533
848035.3455462533
848035.3455462533
848035.3455462533
848035.3455462533
848035.3455462533
848035.3455462533
848035.3455462533
848035.3455462533
848035.3455462533
848035.3455462533
848035.3455462533
847373.1486113183
847373.1486113183
847373.1486113183
847373.1486113183
847373.1486113183
847373.1486113183
847373.1486113183
847373.1486113183
847373.1486113183
847373.1486113183
847373.1486113183
847373.1486113183
847373.1486113183
845670.4760300438
845670.4760300438
845670.4760300438
845670.4760300438
845670.4760300438
845670.4760300438
845670.4760300438
845670.4760300438
845670.4760300438
845670.4760300438
845670.4760300438
845670.4760300438
845670.4760300438
845670.4760300438
845670.4760300438
845670.4760300438
845495.4485713136
845495.4485713136
845495.4485713136
845495.4485713136
845495.4485713136
845495.4485713136
845495.4485713136
845495.4485713136
845495.4485713136
845495.4485713136
845495.4485713136
845495.4485713136
845495.4485713136
845495.4485713136
845495.4485713136
845495.4485713136
845495.4485713136
845495.4485713136
845495.4485713136
845495.4485713136
845495.4485713136
845495.4485713136
845206.7989271029
845158.3237464218
845158.3237464218
845158.3237464218
845158.3237464218
845158.3237464218
845158.3237464218
845158.3237464218
845158.3237464218
845158.3237464218
845158.3237464218
845158.3237464218
845158.3237464218
845158.3237464218
845158.3237464218
845158.3237464218
845158.3237464218
845158.3237464218
845158.3237464218
845002.3832987335
845002.3832987335
845002.3832987335
845002.3832987335
845002.3832987335
845002.3832987335
845002.3832987335
844902.0239152159
844902.0239152159
844902.0239152159
844902.0239152159
844767.3810683407
844767.3810683407
844352.9405071605
844352.9405071605
844352.9405071605
844352.9405071605
844352.9405071605
844352.9405071605
844352.9405071605
844352.9405071605
844125.9345609617
844125.9345609617
844125.9345609617
844125.9345609617
844125.9345609617
844125.9345609617
844125.9345609617
843991.0243423752
843991.0243423752
843991.0243423752
843634.965880852
843634.965880852
843634.965880852
843634.965880852
843634.965880852
843634.965880852
843634.965880852
843634.965880852
843634.965880852
843634.965880852
843340.1036021884
843340.1036021884
843340.1036021884
843340.1036021884
843340.1036021884
843340.1036021884
843340.1036021884
843340.1036021884
843340.1036021884
843340.1036021884
843340.1036021884
843340.1036021884
843340.1036021884
843311.9644338301
843311.9644338301
843311.9644338301
843311.9644338301
843251.073637093
843251.073637093
843251.073637093
843251.073637093
843251.073637093
843251.073637093
843251.073637093
843251.073637093
843251.073637093
842466.3720488593
842466.3720488593
842466.3720488593
842466.3720488593
842466.3720488593
842466.3720488593
842466.3720488593
842466.3720488593
842466.3720488593
842466.3720488593
842466.3720488593
842466.3720488593
842466.3720488593
842466.3720488593
842466.3720488593
842466.3720488593
842466.3720488593
842466.3720488593
842466.3720488593
842466.3720488593
842430.2163208192
842430.2163208192
842430.2163208192
842430.2163208192
842399.8994119472
842399.8994119472
842399.8994119472
842399.8994119472
842399.8994119472
842399.8994119472
842399.8994119472
842337.3079850093
842337.3079850093
842337.3079850093
842337.3079850093
842337.3079850093
842337.3079850093
842337.3079850093
842239.0032033396
842239.0032033396
842239.0032033396
842239.0032033396
842239.0032033396
842239.0032033396
842239.0032033396
842239.0032033396
842054.5401365084
842054.5401365084
842054.5401365084
842054.5401365084
842054.5401365084
842048.4295675273
842048.4295675273
842048.4295675273
842048.4295675273
842048.4295675273
842048.4295675273
842048.4295675273
842048.4295675273
842048.4295675273
842048.4295675273
842048.4295675273
842048.4295675273
842048.4295675273
842048.4295675273
842048.4295675273
842048.4295675273
842048.4295675273
841683.6960898121
841683.6960898121
841683.6960898121
841683.6960898121
841593.2963240307
841593.2963240307
841593.2963240307
841593.2963240307
841593.2963240307
841593.2963240307
841593.2963240307
841593.2963240307
841593.2963240307
841470.3071580289
841470.3071580289
841470.3071580289
841470.3071580289
841470.3071580289
841470.3071580289
841348.2902953022
841140.3480056619
841140.3480056619
841140.3480056619
841140.3480056619
841140.3480056619
841140.3480056619
841140.3480056619
841140.3480056619
841140.3480056619
841140.3480056619
841140.3480056619
841140.3480056619
841140.3480056619
841140.3480056619
841140.3480056619
841140.3480056619
841140.3480056619
841140.3480056619
841140.3480056619
841140.3480056619
841140.3480056619
841140.3480056619
841140.3480056619
841140.3480056619
841140.3480056619
841140.3480056619
841140.3480056619
841140.3480056619
841140.3480056619
841140.3480056619
841140.3480056619
841140.3480056619
841140.3480056619
841140.3480056619
841140.3480056619
841140.3480056619
841140.3480056619
841140.3480056619
841140.3480056619
841140.3480056619
841140.3480056619
841140.3480056619
841140.3480056619
841140.3480056619
841140.3480056619
840589.2580104386
840589.2580104386
840589.2580104386
840589.2580104386
840589.2580104386
840589.2580104386
840589.2580104386
840589.2580104386
840589.2580104386
840589.2580104386
840589.2580104386
840589.2580104386
840589.2580104386
840589.2580104386
840589.2580104386
840589.2580104386
840081.3932289939
840081.3932289939
840081.3932289939
840081.3932289939
840081.3932289939
840081.3932289939
840081.3932289939
840081.3932289939
840081.3932289939
840081.3932289939
840081.3932289939
840081.3932289939
840081.3932289939
839778.5315971463
839778.5315971463
839778.5315971463
839778.5315971463
839778.5315971463
839778.5315971463
839778.5315971463
839766.8223065955
839766.8223065955
839766.8223065955
839766.8223065955
839766.8223065955
839766.8223065955
839766.8223065955
839766.8223065955
839766.8223065955
839766.8223065955
839564.4440307608
839564.4440307608
839564.4440307608
839564.4440307608
839564.4440307608
839564.4440307608
839564.4440307608
839564.4440307608
839564.4440307608
839564.4440307608
839564.4440307608
839564.4440307608
839564.4440307608
839564.4440307608
839284.782928054
839284.782928054
839284.782928054
839284.782928054
839284.782928054
839284.782928054
838415.267634571
838415.267634571
838415.267634571
838415.267634571
838415.267634571
838415.267634571
837377.2572955384
837377.2572955384
837377.2572955384
837377.2572955384
837377.2572955384
837377.2572955384
837377.2572955384
837377.2572955384
837377.2572955384
837377.2572955384
837377.2572955384
837377.2572955384
837377.2572955384
837377.2572955384
837377.2572955384
837163.1528105792
837163.1528105792
837163.1528105792
837163.1528105792
837163.1528105792
837163.1528105792
837163.1528105792
837163.1528105792
837144.1627545399
837144.1627545399
837041.091626869
837041.091626869
837041.091626869
837041.091626869
837041.091626869
837041.091626869
837041.091626869
837041.091626869
837041.091626869
837041.091626869
837041.091626869
837041.091626869
837041.091626869
837041.091626869
837041.091626869
837041.091626869
837041.091626869
837041.091626869
837002.0424813014
837002.0424813014
837002.0424813014
837002.0424813014
837002.0424813014
837002.0424813014
837002.0424813014
837002.0424813014
836592.1296163292
836592.1296163292
836592.1296163292
836592.1296163292
836592.1296163292
836507.4758106703
836507.4758106703
836507.4758106703
836507.4758106703
836332.2249097828
836332.2249097828
836332.2249097828
836332.2249097828
836111.326319525
836111.326319525
836111.326319525
836111.326319525
836111.326319525
836111.326319525
836111.326319525
836111.326319525
836111.326319525
836111.326319525
836092.1083735648
836092.1083735648
836092.1083735648
836092.1083735648
836029.3867584452
836029.3867584452
836029.3867584452
836029.3867584452
836029.3867584452
836029.3867584452
835658.3598239892
835658.3598239892
835658.3598239892
835658.3598239892
835658.3598239892
835658.3598239892
835658.3598239892
835658.3598239892
835655.9437394787
835655.9437394787
835655.9437394787
835655.9437394787
835655.9437394787
835655.9437394787
835484.8661536302
835484.8661536302
835484.8661536302
835484.8661536302
835484.8661536302
835393.3242512282
835393.3242512282
835393.3242512282
835393.3242512282
835249.3817550379
835249.3817550379
835249.3817550379
835249.3817550379
835113.6365469208
835113.6365469208
835113.6365469208
835113.6365469208
835113.6365469208
835113.6365469208
835113.6365469208
835113.6365469208
835113.6365469208
835095.2800646084
835095.2800646084
835095.2800646084
835095.2800646084
835023.2495964951
834724.2649173052
834724.2649173052
834724.2649173052
834724.2649173052
834724.2649173052
834724.2649173052
834724.2649173052
834724.2649173052
834724.2649173052
834724.2649173052
834724.2649173052
834724.2649173052
834724.2649173052
834724.2649173052
834724.2649173052
834724.2649173052
834724.2649173052
834724.2649173052
834724.2649173052
834724.2649173052
834724.2649173052
834724.2649173052
834724.2649173052
834724.2649173052
834724.2649173052
834724.2649173052
834724.2649173052
834724.2649173052
834724.2649173052
834724.2649173052
834724.2649173052
834724.2649173052
834724.2649173052
834724.2649173052
834724.2649173052
834724.2649173052
834702.8970803777
834702.8970803777
834702.8970803777
834702.8970803777
834702.8970803777
834702.8970803777
834702.8970803777
834702.8970803777
834702.8970803777
834702.8970803777
834702.8970803777
834702.8970803777
834496.7763925875
834496.7763925875
834496.7763925875
834496.7763925875
834496.7763925875
834193.2255159908
834193.2255159908
834184.3290049101
834047.0698620903
834047.0698620903
834047.0698620903
834047.0698620903
834047.0698620903
834047.0698620903
834047.0698620903
834047.0698620903
834047.0698620903
834047.0698620903
834047.0698620903
834047.0698620903
834047.0698620903
834047.0698620903
834047.0698620903
834047.0698620903
834047.0698620903
833922.2495351435
833922.2495351435
833922.2495351435
833922.2495351435
833869.8931779308
833869.8931779308
833869.8931779308
833869.8931779308
833449.206160252
833449.206160252
832908.6693001412
832908.6693001412
832908.6693001412
832908.6693001412
832908.6693001412
832908.6693001412
832908.6693001412
832908.6693001412
832908.6693001412
832908.6693001412
832908.6693001412
832908.6693001412
832908.6693001412
832908.6693001412
832908.6693001412
832908.6693001412
832908.6693001412
832908.6693001412
832848.3715035778
832848.3715035778
832848.3715035778
832401.2096282744
832401.2096282744
832401.2096282744
832401.2096282744
831851.6802120095
831851.6802120095
831851.6802120095
831851.6802120095
831752.8395414413
831752.8395414413
831752.8395414413
831752.8395414413
831752.8395414413
831752.8395414413
831752.8395414413
831752.8395414413
831752.8395414413
831752.8395414413
831690.7337099658
831690.7337099658
831690.7337099658
831690.7337099658
831671.7690553174
831671.7690553174
831671.7690553174
831671.7690553174
831054.4621858761
831054.4621858761
831054.4621858761
831054.4621858761
831054.4621858761
830665.415134247
830665.415134247
830665.415134247
830665.415134247
830665.415134247
830421.606384055
830421.606384055
830421.606384055
830421.606384055
830421.606384055
830421.606384055
830421.606384055
830421.606384055
830421.606384055
830421.606384055
830421.606384055
830421.606384055
830421.606384055
830421.606384055
830421.606384055
830421.606384055
830035.7840378939
830035.7840378939
830035.7840378939
830035.7840378939
830035.7840378939
830035.7840378939
830035.7840378939
829827.3137697558
829827.3137697558
829827.3137697558
829827.3137697558
829827.3137697558
829827.3137697558
829827.3137697558
829827.3137697558
829758.602938811
829758.602938811
829758.602938811
829758.602938811
829758.602938811
829602.9633061569
829602.9633061569
829602.9633061569
829602.9633061569
829602.9633061569
829602.9633061569
829602.9633061569
829602.9633061569
829602.9633061569
829602.9633061569
829602.9633061569
829602.9633061569
829602.9633061569
829602.9633061569
829602.9633061569
829602.9633061569
829602.9633061569
829602.9633061569
829602.9633061569
829602.9633061569
829602.9633061569
829602.9633061569
829602.9633061569
829602.9633061569
829602.9633061569
829602.9633061569
829602.9633061569
829602.9633061569
829602.9633061569
829602.9633061569
829602.9633061569
829602.9633061569
829602.9633061569
829602.9633061569
829602.9633061569
829602.9633061569
829426.7075407039
829426.7075407039
829426.7075407039
829426.7075407039
829426.7075407039
829426.7075407039
829426.7075407039
829426.7075407039
829426.7075407039
829426.7075407039
829378.1364485957
828613.1001580176
828613.1001580176
828613.1001580176
828564.8780379333
828564.8780379333
828564.8780379333
828564.8780379333
828564.8780379333
828564.8780379333
828186.9118418964
828186.9118418964
828186.9118418964
828186.9118418964
828186.9118418964
828026.1438955547
828026.1438955547
828026.1438955547
828026.1438955547
828026.1438955547
827887.8930683761
827887.8930683761
827887.8930683761
827887.8930683761
827887.8930683761
827887.8930683761
827887.8930683761
827887.8930683761
827887.8930683761
827887.8930683761
827887.8930683761
827887.8930683761
827887.8930683761
827613.342214348
827613.342214348
827613.342214348
827457.920561206
827457.920561206
827457.920561206
827457.920561206
827297.1598617779
827297.1598617779
827297.1598617779
827297.1598617779
827297.1598617779
827297.1598617779
827297.1598617779
827226.3147484995
827226.3147484995
827226.3147484995
827226.3147484995
827226.3147484995
827226.3147484995
827123.5751948648
826846.3941991968
826846.3941991968
826846.3941991968
826846.3941991968
826846.3941991968
826846.3941991968
826846.3941991968
826846.3941991968
826846.3941991968
826846.3941991968
826323.6544115922
826323.6544115922
826323.6544115922
826323.6544115922
826323.6544115922
826323.6544115922
826323.6544115922
826323.6544115922
826323.6544115922
826323.6544115922
826323.6544115922
826323.6544115922
826323.6544115922
826323.6544115922
826323.6544115922
826323.6544115922
