4466360.5553659145
4340328.658218379
4244892.188945726
4162498.88171657
4082134.3910520505
3972126.159306526
3905665.040715718
3840618.7821948705
3750008.7229723185
3671705.6059227055
3604079.4904343863
3540982.690564216
3481541.505304919
3419324.1439332333
3350103.761929369
3278370.445835294
3232455.383266922
3181954.3498589573
3146375.4489652594
3116713.2120904378
3074272.381271026
3032877.2664033766
2991887.754146258
2958293.013675999
2908627.4950303813
2882282.1375887906
2854957.5474920496
2823377.6352583678
2790328.763718499
2770012.6078798226
2753149.9845389035
2720447.931358358
2700403.621561275
2675992.782787609
2658454.001708879
2638321.9845245797
2624747.7953687175
2608145.9771032073
2585844.8540386884
2559785.6321084304
2527899.000521629
2504790.4656316047
2489377.7899027653
2473615.783755884
2446866.9754825453
2431999.6217917595
2415654.510989127
2392299.7066674265
2381648.0507060015
2358540.369566981
2345048.663707808
2334358.4567710436
2309491.5303988205
2296783.2054780703
2285304.836873736
2272357.8373189345
2247764.6128254635
2238256.4036940755
2222016.639413351
2207678.5084662
2198608.911544488
2182260.8910508743
2176626.1047664983
2166618.4750474105
2157151.486805616
2145514.362142892
2131079.2923994903
2123360.428775902
2112301.7203072165
2102786.8439135887
2093856.9030068945
2087544.9550901384
2076582.8483317434
2071113.1264341045
2061559.649190798
2053815.744297156
2049119.6000682584
2039979.6770044118
2032989.984410353
2027222.6870753018
2018210.4526858735
2010483.9985579224
1998336.8072264558
1996377.020915146
1990663.5773037025
1986877.914870793
1975756.1347802521
1968846.6644558203
1962661.4094330866
1953854.310349633
1945716.2624803116
1937520.695527228
1932228.7310877084
1929107.251729601
1920761.8410831345
1913181.133661887
1911767.9507456752
1905161.8221365148
1898737.0583746196
1891763.3031198336
1885545.3600489656
1882829.7605377904
1880828.3544459862
1871360.4662310653
1866185.021177145
1858580.650194811
1855669.1282624505
1850403.0217882802
1845675.5350225912
1839672.49659577
1838409.2368331878
1829490.7854024076
1826468.460239533
1819798.1107047352
1813499.090564554
1806746.5657003315
1806233.7539800596
1803214.6146182409
1801415.7060589986
1796589.9325049077
1791462.6533142058
1785365.3377506922
1782828.2362506625
1779091.068732943
1774221.1570966085
1771263.6186121055
1767368.1847270185
1764123.78023655
1763100.6518146747
1760542.0999147932
1759229.9201938962
1754827.5330873076
1751439.2480520792
1747299.6758521006
1743193.749413291
1740379.3164765006
1734165.616130833
1731719.9132201853
1728482.4194793715
1723789.1192807942
1722252.97447928
1719518.5723124347
1714641.2862143298
1709178.1723450208
1708495.1832056723
1705054.9395031873
1703843.5592055763
1701495.271773323
1699179.5080014202
1696259.4398772754
1693163.9023702156
1689910.6141401618
1689414.241962595
1686642.4365656017
1681873.5629871269
1678220.75260814
1672243.2035794107
1667524.0997932004
1665680.587682147
1662172.0735886598
1660800.2257178682
1660165.9713384241
1657346.1253093844
1656621.6234420356
1654260.0287993727
1651360.3223293973
1648008.1316693556
1646287.9097054433
1643285.1059113895
1638642.6822113916
1634844.8644765601
1631522.324218419
1628624.1533874148
1627988.2822470125
1626009.6737906062
1624155.289236444
1620380.627250675
1615383.5086117005
1612721.149347258
1611697.3878279873
1609569.4036486787
1605876.085371892
1605587.1679968992
1602194.9620063344
1600141.1089400058
1599237.7696406404
1599038.040699278
1597195.5065455982
1595179.5246553745
1592701.6986750357
1591901.727227909
1589498.313804912
1586546.3066905593
1583058.2280023405
1580407.5272802718
1578867.3685500864
1576361.9862196823
1575737.6767808567
1574152.149183496
1572807.8372549
1571329.7463280286
1569688.271738624
1567957.705307519
1566607.0935646533
1562644.4296750638
1560166.565930822
1558716.2512378874
1558057.025396691
1554778.2765167365
1553302.3842309746
1550916.3608037143
1549296.1121000696
1548583.8916451577
1546787.3460781665
1546336.3974032367
1545121.6900387676
1542260.0591875073
1539861.1651982921
1539421.9006301565
1537779.8692236035
1534656.0712002749
1534339.543305051
1533792.6084984383
1530060.3867175085
1525379.9924213497
1520829.6680562475
1518255.0602018074
1515595.7982421445
1514220.6560784238
1513580.0743273064
1512330.1701566933
1510819.6773934108
1508249.4731487231
1506168.0606524902
1503434.6094437763
1502518.0459889332
1499548.9789003413
1498427.652283913
1494699.9489045804
1491543.762387063
1491150.377582701
1489479.8746100022
1487698.8842737065
1484583.7282456635
1481812.2078013998
1481324.2191921496
1479097.5847352478
1476994.6341494352
1475731.9454323617
1474993.738054784
1473666.986765372
1471187.415374849
1469377.9953796917
1468250.4970895124
1466335.5451291506
1462678.980093365
1460757.4068746746
1458911.81751674
1456475.0839470583
1454675.2555880956
1453663.2403780539
1452941.1301570819
1451279.6214612788
1448981.0475594508
1448038.7575117461
1445914.7981370038
1443549.986254462
1439678.053713677
1439575.6501626573
1438718.7804471224
1434585.1974921126
1433006.2506340959
1430704.2818222735
1429072.3867999008
1427885.8316737139
1427611.4427593434
1426171.7711030147
1425857.3449152487
1425264.478795247
1423658.8467977648
1419384.8380785082
1418636.5406325227
1417059.098350783
1415115.0860756536
1414910.4709747816
1414707.1130946546
1414060.0612953797
1411974.6226876061
1409485.5351792893
1409403.444003146
1408993.242423549
1408993.242423549
1408071.358966489
1407530.3426666982
1406608.6803693662
1405808.1832233893
1405038.0683764082
1401869.8925211434
1399271.6687148726
1396229.4509148006
1395769.7426410825
1395097.4191188272
1393670.685105975
1393253.2749442696
1390908.0885404833
1389730.6005469062
1389730.6005469062
1386032.8415009293
1383874.577755825
1382174.1836407552
1380903.5201890124
1378527.8037602361
1377397.8628558079
1375194.2549527371
1374319.5922114686
1374155.5281422737
1373953.8089241171
1373505.9758729707
1372081.908149337
1372081.908149337
1372056.8691817317
1371239.308494334
1370894.4267060657
1369139.4058921211
1368646.8301196997
1368564.3327981934
1367251.431133986
1366861.7424771907
1366861.7424771907
1365703.7168361444
1365436.339089498
1365436.339089498
1365436.339089498
1363274.1063352725
1362627.122817712
1358284.6117708813
1357421.1721362574
1356724.6356202974
1354695.2193159694
1354264.0144754122
1354264.0144754122
1352678.992672849
1352507.4747257403
1352131.963363729
1351964.660586462
1351749.0838724389
1350859.0717688706
1350813.7974150688
1350047.6705794164
1349970.2702001825
1348154.5160372052
1347751.4556924177
1347300.7600799692
1346570.9635899889
1346204.5219251686
1345288.0782612418
1345143.8101807758
1344392.5211525057
1343267.7337352051
1341195.1041633163
1340970.5511525527
1337531.9865391038
1335698.3341645598
1333618.2828268996
1333618.2828268996
1331107.358642512
1330185.001914069
1329674.8339523864
1329674.8339523864
1329554.4742076304
1329554.4742076304
1329554.4742076304
1328888.0642711178
1328076.0783806667
1326844.1381657268
1326797.0126275423
1326279.9074059718
1326279.9074059718
1326084.2602231186
1326041.5462844998
1325638.6680876138
1325196.0120084942
1324883.1231470364
1323538.535461789
1323131.4405811252
1323033.009400197
1322687.2944702324
1320424.464965918
1320424.464965918
1318747.5817330356
1317919.3309960668
1316280.7359202565
1313474.4511828118
1313210.64221635
1312555.3865724416
1312555.3865724416
1312555.3865724416
1311955.640481403
1311955.640481403
1311604.512019145
1311515.6706480992
1310714.4253527457
1310380.0163459228
1309388.858308119
1308657.474964029
1306454.1342661297
1305607.5760249388
1304979.3624904514
1302749.7946844439
1300954.7153660906
1300838.6158757415
1300823.5544796856
1300204.777783903
1296477.5362250407
1295384.3745039073
1295077.5084818865
1294366.9734156386
1294365.885644651
1294365.885644651
1293703.7481105737
1293093.6017197538
1292569.2879907433
1291951.580927434
1291482.0394623622
1291482.0394623622
1291482.0394623622
1291313.4726008803
1290886.8514171923
1290886.8514171923
1289964.6688837018
1289744.6863315052
1289106.3748763548
1288618.2708532112
1288475.6020092017
1287976.9849681943
1287650.093937692
1287010.316708649
1286309.5379488722
1285750.2062288276
1284892.8514982613
1282753.6397342896
1282266.5776028926
1282034.6346587557
1282034.6346587557
1282034.6346587557
1281398.6505917574
1281398.6505917574
1281398.6505917574
1281398.6505917574
1278678.8871279566
1277306.8992128137
1276858.8946477473
1274646.7573067145
1274315.6220103689
1273507.685280085
1271647.1323987716
1270958.47974111
1270785.391750678
1270714.1331656969
1269959.3900097515
1268714.2515150686
1268698.727529175
1266497.4008076177
1265221.252951054
1263045.282829737
1260959.4490146122
1260513.295495837
1258725.0002782033
1256803.8614230808
1256371.0811349833
1256341.0072157048
1255432.6218221637
1254922.4253995584
1254062.255844344
1254062.255844344
1253815.3158893916
1253255.3324160501
1253113.5197248901
1251879.515311269
1251421.095210908
1251409.3024252476
1250969.7901532415
1250446.651604625
1249956.073103102
1249842.369865392
1249842.369865392
1249629.7118276083
1249435.568209565
1249435.568209565
1249435.568209565
1246664.1075118005
1245939.6711297315
1244261.7020265479
1244261.7020265479
1243124.2526581744
1242740.4303666488
1241908.4110265705
1241908.4110265705
1241908.4110265705
1241686.0329627697
1241062.1558789872
1239887.948935175
1239743.5755618026
1239743.5755618026
1238712.8446595161
1238712.8446595161
1238568.706192633
1238270.9654033207
1236944.9205050948
1236796.6887561325
1236448.2942775537
1236080.7634920357
1234850.7911843113
1234215.3743256386
1233890.210955691
1233890.210955691
1233738.431058458
1232457.135440646
1232457.135440646
1232457.135440646
1231922.777531812
1230395.348613032
1230395.348613032
1229024.667794586
1228933.2292613816
1228528.4346165042
1227876.2745145974
1227434.8773172826
1226807.972987618
1226807.972987618
1226207.6403368432
1225451.4214764729
1225451.4214764729
1225451.4214764729
1224651.0301510524
1224439.2433561147
1224391.3791097687
1223257.5095769796
1223257.5095769796
1223257.5095769796
1222872.7206415753
1221546.2782879765
1221225.600496308
1219238.3476787712
1218953.7827813365
1218543.7008819245
1217732.2474029209
1217297.673512973
1217273.3772138273
1216639.6935950918
1216282.6205941937
1214954.6618567924
1214949.3704246872
1214584.5240177903
1212858.9374703502
1212551.1955230613
1212551.1955230613
1212073.7228708463
1210824.912234275
1210794.3188761612
1210027.3957185694
1209723.3912698196
1209635.375376948
1209559.0909682135
1208760.820342316
1208760.820342316
1207222.9839833672
1206874.5870684017
1206464.350837695
1205948.717878168
1205948.717878168
1205766.8236948322
1204948.5480471058
1202835.2742782612
1201904.7948029973
1200340.604600067
1199090.551772229
1199078.1143101058
1198935.7328094658
1196584.3743955302
1196390.4603189996
1195888.0592100797
1195558.732690679
1193649.7736443253
1193411.7459011888
1193411.7459011888
1193234.125805086
1192897.5221178015
1192897.5221178015
1192897.5221178015
1192296.285315376
1192296.285315376
1192050.2291308346
1191618.14748976
1191618.14748976
1191618.14748976
1190871.5896139536
1190871.5896139536
1190871.5896139536
1190871.5896139536
1190023.3036265187
1190023.3036265187
1190023.3036265187
1190023.3036265187
1190005.547911634
1187604.7023040822
1187175.6025261395
1187175.6025261395
1187175.6025261395
1186600.179639141
1186470.5904806177
1185047.7959821408
1184248.4290252267
1184248.4290252267
1184113.7850945336
1184113.7850945336
1184053.8149423287
1184053.8149423287
1184053.8149423287
1184053.8149423287
1183449.6224364315
1183449.6224364315
1183449.6224364315
1183449.6224364315
1183065.8898627218
1183065.8898627218
1182593.1137912488
1182593.1137912488
1181769.44522217
1180546.2983880006
1180052.3150722277
1180052.3150722277
1179399.966601684
1178729.2522760006
1177576.8072256618
1177438.125482649
1177429.8808338055
1176969.4281415956
1176969.4281415956
1176725.5877098872
1176725.5877098872
1176142.9132471923
1176142.9132471923
1176142.9132471923
1175713.648154616
1175201.3672678343
1175002.0212073033
1175002.0212073033
1175002.0212073033
1174416.150004147
1174416.150004147
1174206.674951444
1173648.9719553315
1173648.9719553315
1173510.8554476108
1173510.8554476108
1173510.8554476108
1173182.5773830551
1172848.60233582
1172848.60233582
1172768.3991772137
1171609.4097872889
1171603.3447783762
1171592.6265699582
1171592.6265699582
1171125.2511356669
1170826.9484554115
1170803.0803625453
1170687.0831198404
1169074.2876664628
1169074.2876664628
1167800.684137647
1167800.684137647
1167800.684137647
1167471.9018786517
1167248.9985245937
1165607.5368819614
1165607.5368819614
1165345.6747307554
1165121.1762697862
1165068.863999296
1165068.863999296
1164922.2963775038
1164275.762635191
1164015.9890248764
1163331.4233741276
1161929.2384044714
1161929.2384044714
1161818.73829759
1161741.5533507825
1161741.5533507825
1160805.9093625955
1160527.0995566342
1159575.5193690853
1159346.7132561523
1159044.369212796
1158259.1391566785
1157612.2660631174
1157612.2660631174
1157254.1562134922
1157254.1562134922
1156845.75227569
1156760.3397431313
1156503.435023915
1155947.9070291368
1155866.5202989965
1154502.0198599966
1154450.0371147553
1154281.5038942182
1154227.515032597
1153955.5592332557
1153725.4965803064
1153550.676550835
1153550.676550835
1153063.4612268277
1153063.4612268277
1152880.2554457034
1152175.1001639608
1151357.9420578212
1150808.4544408596
1150808.4544408596
1150545.9174643974
1149803.0452567076
1149803.0452567076
1149803.0452567076
1149208.0008646406
1148790.5074636084
1148790.5074636084
1148790.5074636084
1148790.5074636084
1148790.5074636084
1148650.7878267425
1148650.7878267425
1148650.7878267425
1147210.7600743596
1147210.7600743596
1146482.5364933657
1145228.8872364988
1145228.8872364988
1144410.9381829882
1144130.3675091364
1142885.792833353
1142885.792833353
1142627.4870740524
1142627.4870740524
1142428.4017999126
1141350.616587241
1140499.8171659831
1140499.8171659831
1139622.625724609
1139543.340669467
1139264.4942230405
1139261.9998214403
1139261.9998214403
1139261.9998214403
1138672.340662655
1138672.340662655
1138672.340662655
1138261.363166424
1137668.144074028
1137668.144074028
1137376.3416270814
1137376.3416270814
1136538.5146013238
1136538.5146013238
1136538.5146013238
1135920.969880762
1135439.6396223793
1135439.6396223793
1134856.2396601513
1133648.33084202
1133648.33084202
1133648.33084202
1133648.33084202
1133648.33084202
1133648.33084202
1133648.33084202
1133648.33084202
1131701.9778935625
1130622.4424869209
1130622.4424869209
1129746.4620601805
1129746.4620601805
1129567.0998946363
1129567.0998946363
1129427.3545689331
1129427.3545689331
1129377.4049495356
1127273.5969279842
1127273.5969279842
1127273.5969279842
1126811.345216917
1126391.76099951
1126391.76099951
1126391.76099951
1126123.2631010772
1126123.2631010772
1125345.2500844388
1124626.6852671225
1124533.217082764
1124533.217082764
1124174.1724219373
1123895.7387037266
1123443.4561997754
1123443.4561997754
1123443.4561997754
1123443.4561997754
1123443.4561997754
1123443.4561997754
1122823.3022709463
1122723.5707807075
1122723.5707807075
1122474.9332752181
1122474.9332752181
1122291.3908899818
1121929.517981946
1120801.4736497258
1120801.4736497258
1120538.8819648358
1120538.8819648358
1120538.8819648358
1120520.9028934732
1120328.802648844
1120305.0296727945
1119565.7673441304
1119268.1159481392
1119268.1159481392
1119268.1159481392
1119047.8468030305
1118302.1253919997
1118302.1253919997
1117653.468527907
1117653.468527907
1117351.3018648769
1117351.3018648769
1117351.3018648769
1116936.1365474083
1116936.1365474083
1116588.2222819973
1116588.2222819973
1116537.404014566
1116537.404014566
1115810.5233068091
1115810.5233068091
1115264.3747647572
1115240.0494350793
1114789.460797701
1114789.460797701
1113649.0405309377
1113287.8775744345
1113250.9568827935
1113250.9568827935
1113250.9568827935
1112894.7561661564
1112894.7561661564
1112423.8168908071
1112423.8168908071
1112423.8168908071
1112023.4740803905
1112023.4740803905
1111597.0873192842
1111597.0873192842
1111103.7287509223
1110264.5345932727
1110264.5345932727
1110264.5345932727
1110264.5345932727
1109949.6863511151
1109375.4056332894
1108953.4546605048
1108916.453775045
1108790.1882257476
1108094.806978608
1108085.5649236282
1108085.5649236282
1108085.5649236282
1108038.5758590393
1108038.5758590393
1108038.5758590393
1107808.2994469418
1107801.0045593234
1107281.0291253245
1106710.1007235525
1106312.6118164859
1105312.2568630208
1104838.337729827
1103703.05039667
1103703.05039667
1103268.6622839053
1103268.6622839053
1103268.6622839053
1103268.6622839053
1102746.0805231398
1102723.7026655981
1102723.7026655981
1102557.3875019802
1101449.2594679627
1101449.2594679627
1101012.163815611
1101012.163815611
1101012.163815611
1100828.4208689723
1100828.4208689723
1100828.4208689723
1100828.4208689723
1100828.4208689723
1100259.02354063
1100110.7429194232
1100079.099690909
1099311.5887708042
1098815.54699577
1098815.54699577
1097790.044478824
1097790.044478824
1096716.695149872
1096500.0465628086
1096500.0465628086
1096223.8718803576
1095972.1289769523
1095595.878004243
1095595.878004243
1094634.335456557
1093954.716043114
1093954.716043114
1093954.716043114
1093954.716043114
1093370.3884555693
1093054.5344380178
1093012.9863324454
1092658.3004374246
1092049.4605127324
1092023.7801981582
1092023.7801981582
1091448.5760671166
1091021.442857443
1091021.442857443
1091021.442857443
1091000.0373600805
1090733.2323796675
1090733.2323796675
1090733.2323796675
1089839.4310811108
1089660.6613687244
1089660.6613687244
1089660.6613687244
1089660.6613687244
1089219.337519337
1089219.337519337
1089219.337519337
1089219.337519337
1089219.337519337
1088848.464101824
1088848.464101824
1088582.6859511912
1088096.7498419764
1088096.7498419764
1087545.135190767
1087545.135190767
1086597.3385427808
1086435.626925068
1085914.5062415048
1085914.5062415048
1085914.5062415048
1085697.663205382
1085697.663205382
1085241.2141786236
1085121.3088770243
1085121.3088770243
1085121.3088770243
1085059.8031157511
1085059.8031157511
1085059.8031157511
1085059.8031157511
1084790.510917776
1083692.076692135
1083692.076692135
1083608.4657512615
1083608.4657512615
1083608.4657512615
1083483.4573974637
1083276.623587911
1083276.623587911
1083074.3394738957
1082825.6464984901
1082266.1411955091
1082152.6543720984
1081547.9046598366
1081547.9046598366
1081547.9046598366
1081547.9046598366
1080933.7307331804
1080091.9989795848
1080091.9989795848
1079720.2336275089
1079720.2336275089
1079274.3701650011
1078864.9260226577
1078262.1839706716
1078262.1839706716
1077820.826704898
1077821.0145267197
1077175.7204674198
1077175.7204674198
1077175.7204674198
1077175.7204674198
1077175.7204674198
1077175.7204674198
1077175.7204674198
1076855.309744577
1076475.2119092548
1076475.2119092548
1076475.2119092548
1076153.0334566967
1075614.0323723396
1075239.2605369699
1075239.2605369699
1075239.2605369699
1075239.2605369699
1075239.2605369699
1075239.2605369699
1075239.2605369699
1074713.5464834129
1074564.492202361
1074564.492202361
1074564.492202361
1074564.492202361
1073359.044876721
1072472.584782253
1071673.9423372801
1071281.8530860208
1071126.1381530846
1070957.0590350132
1070866.2234231448
1070866.2234231448
1070866.2234231448
1070866.2234231448
1070623.3999641244
1070023.5066743894
1069644.8935552083
1069644.8935552083
1069644.8935552083
1069644.8935552083
1069644.8935552083
1069644.8935552083
1068715.753139983
1068715.753139983
1068715.753139983
1068414.7965038146
1068414.7965038146
1067692.5038895
1067687.2859901735
1067687.2859901735
1067687.2859901735
1066892.3948114407
1066892.3948114407
1066182.5016566436
1066182.5016566436
1066031.868643051
1065980.712640116
1065277.0861765542
1065277.0861765542
1065230.366005777
1064736.085472584
1064736.085472584
1064736.085472584
1064736.085472584
1064736.085472584
1064736.085472584
1064736.085472584
1064736.085472584
1064736.085472584
1064022.0598827275
1062947.087858479
1062615.6085953545
1061837.0728614125
1061684.6587460972
1061536.8496983554
1061325.4857639868
1061325.4857639868
1061325.4857639868
1061325.4857639868
1061173.4836805218
1060897.2950205437
1060897.2950205437
1060897.2950205437
1060491.0360499574
1060491.0360499574
1060491.0360499574
1060491.0360499574
1060491.0360499574
1060258.52535667
1059945.1090072466
1059945.1090072466
1059635.4234701402
1059226.3673571886
1057953.0236354861
1057953.0236354861
1057799.1652225219
1056529.560461649
1055496.3010084091
1055297.915766175
1055297.915766175
1053962.5283065285
1053962.5283065285
1053662.1630037392
1053253.4492429844
1052875.033887097
1052657.802577113
1052622.5512812585
1052622.5512812585
1052559.6448717015
1052559.6448717015
1052559.6448717015
1052482.4917526618
1052482.4917526618
1052482.4917526618
1052482.4917526618
1052482.4917526618
1052482.4917526618
1052482.4917526618
1052482.4917526618
1052050.560283344
1051404.3640222256
1051404.3640222256
1050691.298778066
1050243.1877064288
1050243.1877064288
1050080.913890611
1049177.326547905
1048496.8319292292
1048496.8319292292
1048270.23794867
1048270.23794867
1048270.23794867
1048270.23794867
1047736.4433446183
1047073.3136483757
1047073.3136483757
1046795.040385622
1046795.040385622
1046703.2539279424
1046703.2539279424
1046703.2539279424
1045503.5866690957
1045503.5866690957
1044957.7265143051
1044805.7260949989
1044805.7260949989
1044805.7260949989
1044663.9592982559
1044663.9592982559
1044554.6712895336
1044210.4709302048
1044210.4709302048
1044123.2188175204
1044123.2188175204
1044123.2188175204
1043492.2661713356
1043334.0958296506
1042514.5616155175
1042502.8445748334
1042502.8445748334
1042381.2789139589
1042381.2789139589
1042381.2789139589
1041978.9933474441
1041978.9933474441
1041747.5921947741
1041747.5921947741
1041747.5921947741
1041747.5921947741
1041704.681256992
1041704.681256992
1041445.4677302402
1040447.5976716918
1040447.5976716918
1040447.5976716918
1040447.5976716918
1040447.5976716918
1040447.5976716918
1040447.5976716918
1040447.5976716918
1039576.278679197
1039367.1545359907
1039311.0130740424
1039311.0130740424
1039230.0375220391
1039230.0375220391
1039230.0375220391
1038986.7709272183
1038986.7709272183
1038782.6320575704
1038317.4897650295
1038317.4897650295
1037974.2411644445
1037974.2411644445
1037936.4943691447
1037936.4943691447
1037936.4943691447
1037936.4943691447
1037215.5817999793
1037215.5817999793
1037007.3458565376
1037007.3458565376
1037007.3458565376
1036959.4277814806
1036959.4277814806
1036959.4277814806
1036618.8978639097
1036472.9339553852
1036095.0878142957
1036095.0878142957
1035689.8203874112
1035145.7834415995
1034913.6773301973
1034517.9002206754
1034420.10728571
1033602.8368300954
1032464.1798758366
1032196.3791558797
1032196.3791558797
1031754.2272513472
1031754.2272513472
1031754.2272513472
1031754.2272513472
1031754.2272513472
1031589.5859397029
1031589.5859397029
1031555.8738301818
1031555.8738301818
1031555.8738301818
1030930.7462725836
1030930.7462725836
1030930.7462725836
1030273.8547450771
1030273.8547450771
1030231.4208184392
1029978.7476729511
1029442.0328594148
1028795.4855775221
1028540.9785563207
1028540.9785563207
1028540.9785563207
1026884.8860094459
1026884.8860094459
1026797.4614881303
1026797.4614881303
1026797.4614881303
1026797.4614881303
1026782.1269458531
1026782.1269458531
1026189.0285504418
1026189.0285504418
1026189.0285504418
1026189.0285504418
1026189.0285504418
1026189.0285504418
1025992.5157292191
1025992.5157292191
1025992.5157292191
1025992.5157292191
1025992.5157292191
1025584.5921666814
1025584.5921666814
1025584.5921666814
1025242.9241699728
1025130.5689229066
1024955.7752284412
1024955.7752284412
1024592.452890705
1024592.452890705
1024592.452890705
1024592.452890705
1024262.7532937764
1024262.7532937764
1023430.6787452544
1023430.6787452544
1022954.8167710775
1022954.8167710775
1021921.0787284633
1021585.430476216
1021585.430476216
1021585.430476216
1021573.3126011665
1021573.3126011665
1021573.3126011665
1021573.3126011665
1021573.3126011665
1021573.3126011665
1021573.3126011665
1021458.9831061857
1021458.9831061857
1021458.9831061857
1021458.9831061857
1021458.9831061857
1020417.9466471621
1020417.9466471621
1020417.9466471621
1020417.9466471621
1020417.9466471621
1020417.9466471621
1019267.4764826784
1019267.4764826784
1018908.2459224195
1018339.8853073455
1018339.8853073455
1018161.9364035026
1018161.9364035026
1018161.9364035026
1018161.9364035026
1018161.9364035026
1018161.9364035026
1017936.953587248
1017936.953587248
1017936.953587248
1017936.953587248
1017936.953587248
1017015.3230862669
1017015.3230862669
1017015.3230862669
1017015.3230862669
1016337.5885949207
1016337.5885949207
1016141.2566191796
1016141.2566191796
1016141.2566191796
1016141.2566191796
1016141.2566191796
1016141.2566191796
1016112.1899509667
1016112.1899509667
1016112.1899509667
1015819.9947543337
1015819.9947543337
1015819.9947543337
1015386.4506908478
1015386.4506908478
1015278.8295625369
1015278.8295625369
1015017.8079343864
1015017.8079343864
1015017.8079343864
1014707.6785593694
1014707.6785593694
1014707.6785593694
1014707.6785593694
1014707.6785593694
1014707.6785593694
1014707.6785593694
1014388.7197384641
1014070.2321833645
1014036.9354855524
1014036.9354855524
1014036.9354855524
1013810.6511687681
1013810.6511687681
1013399.9297587664
1013399.9297587664
1013399.9297587664
1012659.3319023876
1012659.3319023876
1012659.3319023876
1012659.3319023876
1011745.9308666121
1011745.9308666121
1011583.913160465
1011314.311122817
1011314.311122817
1011314.311122817
1011314.311122817
1010875.2080049212
1010566.2853551556
1010566.2853551556
1010566.2853551556
1010553.8966913468
1010390.564059343
1010390.564059343
1010390.564059343
1010390.564059343
1009886.5439249643
1009886.5439249643
1008360.1232100857
1008319.3939126531
1007866.0016697813
1007802.8782225631
1007499.9757159571
1007499.9757159571
1007499.9757159571
1007499.9757159571
1007052.6978569126
1006561.871215675
1006561.871215675
1006561.871215675
1006193.9558341897
1006193.9558341897
1006193.9558341897
1006193.9558341897
1005980.881479639
1005980.881479639
1005301.9463439098
1005301.9463439098
1005301.9463439098
1005301.9463439098
1005301.9463439098
1005249.1276589769
1005249.1276589769
1005249.1276589769
1005249.1276589769
1005011.4411963545
1005011.4411963545
1005011.4411963545
1004034.9896095921
1004034.9896095921
1003886.0889039759
1003886.0889039759
1003364.605112483
1003364.605112483
1003060.4869019666
1003060.4869019666
1002660.7035206647
1002374.7114348075
1002329.579063681
1002329.579063681
1001715.6124962294
1001220.1421060669
1001220.1421060669
1001220.1421060669
1000986.2328346851
1000883.2156795608
999437.0445111291
999437.0445111291
999437.0445111291
999437.0445111291
998725.6463060093
998725.6463060093
998725.6463060093
998725.6463060093
998161.5381562337
998107.7374511419
998094.1880430343
998094.1880430343
998094.1880430343
998094.1880430343
998094.1880430343
998094.1880430343
998094.1880430343
998094.1880430343
998094.1880430343
997637.3069176993
997637.3069176993
997637.3069176993
997637.3069176993
997637.3069176993
997637.3069176993
997348.8001149597
997348.8001149597
997348.8001149597
997348.8001149597
997242.4768958073
997102.0380694991
997102.0380694991
997102.0380694991
996603.8589628515
996603.8589628515
996603.8589628515
996603.8589628515
996603.8589628515
996603.8589628515
996603.8589628515
996425.8380584752
996425.8380584752
996037.6785229291
996037.6785229291
995856.0817065588
995856.0817065588
994785.9584955603
994785.9584955603
994785.9584955603
994117.6720476369
994117.6720476369
994117.6720476369
994117.6720476369
994117.6720476369
994117.6720476369
994117.6720476369
994117.6720476369
994082.5417475429
994082.5417475429
994082.5417475429
994082.5417475429
994082.5417475429
993951.367158154
993661.5338144293
993661.5338144293
993661.5338144293
993661.5338144293
993469.0903428202
992937.5462780491
992805.394045468
992302.1085715333
992302.1085715333
991742.8071841797
991742.8071841797
991349.7668474244
991005.1400585631
990881.2141263221
990477.8519779689
990475.9006541646
990475.9006541646
990475.9006541646
990475.9006541646
990475.9006541646
990475.9006541646
990396.3548248594
990222.6789735447
990222.6789735447
990222.6789735447
990222.6789735447
989976.2274698373
989976.2274698373
989976.2274698373
989976.2274698373
989926.458649426
989926.458649426
989185.1147305814
989185.1147305814
989069.1154100548
989069.1154100548
989069.1154100548
988689.8987798176
988689.8987798176
988689.8987798176
988689.8987798176
988689.8987798176
988450.5977023654
988450.5977023654
988450.5977023654
988450.5977023654
988094.6485835458
988094.6485835458
988037.7687650868
988037.7687650868
988037.7687650868
988037.7687650868
987720.0389057372
987720.0389057372
986408.2491864114
986408.2491864114
986408.2491864114
985386.3564644702
985386.3564644702
985386.3564644702
985386.3564644702
985386.3564644702
985025.8905785496
985025.8905785496
984202.5111280115
984202.5111280115
983978.3233473338
983335.632367701
983335.632367701
983329.4926790835
983329.4926790835
983329.4926790835
983241.6266595287
983241.6266595287
983241.6266595287
983241.6266595287
983241.6266595287
983241.6266595287
982926.8466662879
982926.8466662879
982926.8466662879
982926.8466662879
982926.8466662879
982005.0146614878
981568.0231707403
981540.5705997738
981540.5705997738
981540.5705997738
981453.5831733637
981295.7653929949
981295.7653929949
980691.9228190017
980691.9228190017
980691.9228190017
980517.8475904763
980179.865868941
979718.1478556006
979516.0311864696
979516.0311864696
979516.0311864696
978952.0169867454
978952.0169867454
978952.0169867454
978952.0169867454
978924.1544574634
978924.1544574634
978924.1544574634
978924.1544574634
978924.1544574634
978924.1544574634
978924.1544574634
978924.1544574634
978924.1544574634
978924.1544574634
978924.1544574634
978924.1544574634
978924.1544574634
978924.1544574634
978924.1544574634
978843.2378403761
978813.5535011038
978813.5535011038
978813.5535011038
978813.5535011038
978813.5535011038
977825.8655680931
977825.8655680931
977825.8655680931
977825.8655680931
977825.8655680931
977825.8655680931
977825.8655680931
977028.3078078689
977028.3078078689
977028.3078078689
976665.8703467717
976665.8703467717
976665.8703467717
976665.8703467717
976665.8703467717
976285.3955347422
975715.4906661238
975715.4906661238
975715.4906661238
975715.4906661238
975596.3713885671
974645.0785032861
973929.2824696125
973929.2824696125
973929.2824696125
973793.1919545025
973793.1919545025
973625.8895526107
973533.4557936746
972935.2256438022
972811.4262981791
972811.4262981791
972811.4262981791
972811.4262981791
972680.9335704921
972680.9335704921
972162.5183922593
972162.5183922593
972162.5183922593
971940.2192727914
971940.2192727914
971940.2192727914
971883.6823239469
971883.6823239469
971867.3299824016
971867.3299824016
971867.3299824016
970416.2812311538
970052.4223509633
970052.4223509633
969711.3624891257
969711.3624891257
969610.4698946936
969610.4698946936
969610.4698946936
969610.4698946936
969610.4698946936
969473.3951832987
969473.3951832987
969473.3951832987
969473.3951832987
969266.0552443445
969266.0552443445
969266.0552443445
969266.0552443445
969266.0552443445
969264.5750499882
969264.5750499882
969264.5750499882
968738.6477951196
968738.6477951196
968738.6477951196
968738.6477951196
968668.6192016685
968530.2966155675
968530.2966155675
968530.2966155675
968530.2966155675
968530.2966155675
968530.2966155675
968530.2966155675
968530.2966155675
968530.2966155675
968530.2966155675
968530.2966155675
968530.2966155675
968530.2966155675
968530.2966155675
968530.2966155675
968530.2966155675
968530.2966155675
968530.2966155675
968530.2966155675
968530.2966155675
968501.3661359388
968501.3661359388
968501.3661359388
968501.3661359388
968501.3661359388
968501.3661359388
968501.3661359388
968346.4195523828
967982.3081130567
967982.3081130567
967982.3081130567
967982.3081130567
967982.3081130567
967982.3081130567
967982.3081130567
967982.3081130567
967982.3081130567
967982.3081130567
967982.3081130567
967982.3081130567
967982.3081130567
967982.3081130567
967669.8350272032
967200.285109232
967200.285109232
967193.4722385035
966591.6719490229
966403.7702516261
966403.7702516261
966403.7702516261
965931.7213852424
965931.7213852424
965364.4608512714
965364.4608512714
965059.9884180252
964862.1533128957
964488.225190788
964488.225190788
964488.225190788
964284.1821577954
964284.1821577954
964284.1821577954
964284.1821577954
964284.1821577954
964284.1821577954
964284.1821577954
964284.1821577954
964284.1821577954
964228.9004141304
964228.9004141304
964219.175845528
964219.175845528
964178.1161372302
964178.1161372302
964178.1161372302
963192.6736601435
963192.6736601435
963192.6736601435
963192.6736601435
963085.7447448438
962640.0550256988
962640.0550256988
962640.0550256988
962522.7531778982
962467.0558854436
962467.0558854436
962365.0496441473
962365.0496441473
962365.0496441473
962365.0496441473
962313.5060565318
962313.5060565318
962313.5060565318
962222.3007410315
962222.3007410315
962222.3007410315
962222.3007410315
962222.3007410315
962222.3007410315
962222.3007410315
962222.3007410315
961959.3218858028
961959.3218858028
961959.3218858028
961959.3218858028
961959.3218858028
961959.3218858028
961959.3218858028
961959.3218858028
961959.3218858028
961872.2341968383
961872.2341968383
961872.2341968383
961647.6263820337
961647.6263820337
961511.1216922408
960739.7160987342
960356.4883636024
960169.7498403429
959907.7195179018
959907.7195179018
959752.7425385944
959389.9434857869
959151.184447017
958953.7592429663
958953.7592429663
958953.7592429663
958953.7592429663
958806.7820098281
958806.7820098281
958708.7552808127
958708.7552808127
958708.7552808127
958295.9052420545
958129.813089806
958129.813089806
958073.704940944
957743.7565323226
956923.5851611325
956923.5851611325
956923.5851611325
956923.5851611325
956923.5851611325
956923.5851611325
956504.2510194248
956504.2510194248
956504.2510194248
956504.2510194248
955156.877621572
955156.877621572
955156.877621572
955156.877621572
955156.877621572
954726.6719982582
954726.6719982582
954726.6719982582
954365.7510939452
954365.7510939452
954365.7510939452
954365.7510939452
954161.5755596531
953683.3566600024
953285.7706340918
952939.4959085621
952939.4959085621
952939.4959085621
952939.4959085621
952939.4959085621
952939.4959085621
952931.9641130283
952798.8822493836
952798.8822493836
952679.5952484183
952590.1423595819
952590.1423595819
952590.1423595819
952590.1423595819
952590.1423595819
952590.1423595819
951990.2643561268
951990.2643561268
951990.2643561268
951916.1510890243
951916.1510890243
951390.4857408571
951228.7932338944
951228.7932338944
951228.7932338944
951228.7932338944
950784.0598992921
950619.6817297495
950295.3231283025
949984.5986744671
949768.7861517167
949723.2506462161
949723.2506462161
949723.2506462161
949723.2506462161
949723.2506462161
949615.7665545305
949149.4261787261
949149.4261787261
949149.4261787261
949149.4261787261
949149.4261787261
949149.4261787261
949149.4261787261
948748.3922325326
948586.8629843614
948586.8629843614
948324.1129250675
948324.1129250675
948324.1129250675
948324.1129250675
948324.1129250675
948324.1129250675
948219.2399254488
947794.3373214345
947794.3373214345
947150.6781231093
947008.6325961188
947008.6325961188
947008.6325961188
947008.6325961188
947008.6325961188
947008.6325961188
947008.6325961188
947008.6325961188
947008.6325961188
945474.2867578276
945474.2867578276
945474.2867578276
945474.2867578276
945474.2867578276
945474.2867578276
945474.2867578276
945474.2867578276
945474.2867578276
945474.2867578276
944959.689336613
944959.689336613
944959.689336613
944626.5769306341
944626.5769306341
944626.5769306341
944067.9255418193
943899.4341261154
943899.4341261154
943899.4341261154
943899.4341261154
943883.7057080967
943631.6639158276
943631.6639158276
943071.2542397978
943071.2542397978
943071.2542397978
943071.2542397978
943004.8139008656
943004.8139008656
943004.8139008656
943004.8139008656
943004.8139008656
942949.8348722049
942949.8348722049
942558.533088552
942558.533088552
942558.533088552
942558.533088552
942558.533088552
942558.533088552
941390.3065104396
940894.1270432089
940894.1270432089
940894.1270432089
940894.1270432089
940894.1270432089
940769.6265069292
940769.6265069292
940769.6265069292
940769.6265069292
940769.6265069292
940769.6265069292
940769.6265069292
940769.6265069292
940769.6265069292
940769.6265069292
940769.6265069292
940769.6265069292
940769.6265069292
940769.6265069292
940769.6265069292
940769.6265069292
940769.6265069292
939725.1772889772
939725.1772889772
939725.1772889772
939725.1772889772
939725.1772889772
939725.1772889772
939725.1772889772
939414.0675332348
938705.2963612403
938705.2963612403
938705.2963612403
938705.2963612403
938705.2963612403
938705.2963612403
938705.2963612403
938705.2963612403
938705.2963612403
938705.2963612403
938439.2587623749
938439.2587623749
938439.2587623749
938439.2587623749
938439.2587623749
938356.1883536832
938200.871887072
937642.493433393
937642.493433393
937642.493433393
937642.493433393
937642.493433393
937642.493433393
937642.493433393
936921.7057740007
936921.7057740007
936518.3279773325
936518.3279773325
936458.1079959527
936415.3444113778
936415.3444113778
936415.3444113778
936415.3444113778
936415.3444113778
935951.8941933552
935951.8941933552
935951.8941933552
935238.6406670453
935169.8835630623
935169.8835630623
934778.4711894707
934778.4711894707
934778.4711894707
934778.4711894707
934778.4711894707
934778.4711894707
934778.4711894707
933648.5982237803
933648.5982237803
933583.753911828
933583.753911828
933444.9169487911
932963.2080630896
932963.2080630896
932963.2080630896
932963.2080630896
932963.2080630896
932963.2080630896
932911.4549810634
932911.4549810634
932911.4549810634
932911.4549810634
932911.4549810634
932510.2413127284
932510.2413127284
932448.2418739155
932448.2418739155
932448.2418739155
932448.2418739155
932448.2418739155
932442.3483634391
932342.7665576623
932310.6809443891
932310.6809443891
932310.6809443891
932310.6809443891
932310.6809443891
932196.4112740073
932196.4112740073
932008.467362419
932008.467362419
932008.467362419
931823.8068043275
931823.8068043275
931823.8068043275
931823.8068043275
931823.8068043275
931823.8068043275
931823.8068043275
931387.5557439611
931333.272812877
931333.272812877
931333.272812877
931333.272812877
931333.272812877
931333.272812877
931333.272812877
931333.272812877
931333.272812877
931333.272812877
931333.272812877
931333.272812877
931333.272812877
931333.272812877
931129.9138322168
931129.9138322168
930994.7607698024
930994.7607698024
930994.7607698024
930994.7607698024
930994.7607698024
930994.7607698024
930994.7607698024
930994.7607698024
930994.7607698024
930994.7607698024
930994.7607698024
930994.7607698024
930994.7607698024
930994.7607698024
930994.7607698024
930994.7607698024
930994.7607698024
930422.9785275913
930422.9785275913
930422.9785275913
930422.9785275913
930422.9785275913
930422.9785275913
930422.9785275913
930422.9785275913
930376.6112782985
930376.6112782985
930376.6112782985
930376.6112782985
930003.6293166792
930003.6293166792
930003.6293166792
929035.5725057055
928789.3894863089
928789.3894863089
928226.8417117487
928226.8417117487
928226.8417117487
928226.8417117487
928020.9274218804
928020.9274218804
927221.7778814516
927221.7778814516
927022.2923233991
927022.2923233991
927022.2923233991
927022.2923233991
926704.8381435288
926704.8381435288
926704.8381435288
926704.8381435288
926704.8381435288
926704.8381435288
926704.8381435288
926632.7004297748
926632.7004297748
926604.5971367555
926604.5971367555
926604.5971367555
926156.037476721
926156.037476721
926156.037476721
926093.3571916996
926028.951325367
926028.951325367
926028.951325367
925978.8099426955
925978.8099426955
925978.8099426955
925348.3653833817
925268.8679150034
925268.8679150034
925268.8679150034
925268.8679150034
925268.8679150034
924928.1488696096
924919.6503176335
924919.6503176335
924852.7138080435
924852.7138080435
924852.7138080435
924852.7138080435
924852.7138080435
924852.7138080435
924852.7138080435
924852.7138080435
924852.7138080435
924852.7138080435
924852.7138080435
924852.7138080435
924852.7138080435
924852.7138080435
924852.7138080435
924852.7138080435
924852.7138080435
924852.7138080435
924852.7138080435
924852.7138080435
924852.7138080435
924852.7138080435
924837.0002602108
924837.0002602108
924787.0864688603
924787.0864688603
924787.0864688603
924787.0864688603
924587.8081606303
924587.8081606303
924587.8081606303
924587.8081606303
924587.8081606303
924587.8081606303
924587.8081606303
924253.0901464976
924253.0901464976
924253.0901464976
924129.2840675568
924129.2840675568
923939.4031231322
923939.4031231322
923849.5131495193
923849.5131495193
923849.5131495193
923849.5131495193
923849.5131495193
923849.5131495193
923849.5131495193
923849.5131495193
923849.5131495193
923365.4279904807
922979.0248934154
922979.0248934154
922979.0248934154
922979.0248934154
922979.0248934154
922979.0248934154
922979.0248934154
922979.0248934154
922979.0248934154
922924.5937079139
922924.5937079139
922924.5937079139
922834.625028937
922785.5827823884
922785.5827823884
922785.5827823884
922785.5827823884
922785.5827823884
922785.5827823884
922785.5827823884
922785.5827823884
922785.5827823884
922785.5827823884
922785.5827823884
922785.5827823884
922321.2287939987
922321.2287939987
922321.2287939987
921994.6347394439
921994.6347394439
921994.6347394439
921994.6347394439
921994.6984034601
921994.6984034601
921994.6984034601
921994.6984034601
921994.6984034601
921994.6984034601
921994.6984034601
921994.6984034601
921994.6984034601
921994.6984034601
921994.6984034601
921994.6984034601
921994.6984034601
921994.6984034601
921579.6874090338
921579.6874090338
921579.6874090338
921579.6874090338
921579.6874090338
921579.6874090338
921006.1266088011
921006.1266088011
920568.7629808406
920568.7629808406
920568.7629808406
920568.7629808406
920414.0090510716
920414.0090510716
920414.0090510716
920414.0090510716
920414.0090510716
920414.0090510716
920414.0090510716
920414.0090510716
920320.953731634
920320.953731634
920320.953731634
919680.5823501186
919680.5823501186
919680.5823501186
919680.5823501186
919680.5823501186
919680.5823501186
919660.9262775908
919660.9262775908
919660.9262775908
919651.847298661
919651.847298661
919150.9055195418
918726.7213035243
918726.7213035243
918726.7213035243
918726.7213035243
918724.5248082437
918724.5248082437
918602.9447004572
918602.9447004572
918522.1035026433
918522.1035026433
918362.9667938561
918362.9667938561
918362.9667938561
918362.9667938561
918362.9667938561
918362.9667938561
918362.9667938561
918362.9667938561
918048.3462439606
918048.3462439606
917688.3194615497
917328.9582993235
917024.6745425418
917024.6745425418
916701.9174138396
916701.9174138396
916408.5362262572
916408.5362262572
916008.4852745668
916008.4852745668
916008.4852745668
915690.4453880666
915690.4453880666
915690.4453880666
915690.4453880666
915690.4453880666
915583.8623615794
915583.8623615794
915583.8623615794
915568.4923304991
915568.4923304991
915568.4923304991
915568.4923304991
915568.4923304991
915568.4923304991
915568.4923304991
915464.1554335451
915464.1554335451
915464.1554335451
915464.1554335451
915464.1554335451
915464.1554335451
915464.1554335451
915464.1554335451
915464.1554335451
915464.1554335451
915464.1554335451
915464.1554335451
915464.1554335451
915464.1554335451
915464.1554335451
915464.1554335451
915464.1554335451
915464.1554335451
915464.1554335451
914990.929595192
914155.8847560172
914155.8847560172
913708.1262346593
913708.1262346593
913708.1262346593
913368.9651455887
912736.7981660999
912736.7981660999
912736.7981660999
912736.7981660999
912736.7981660999
912736.7981660999
912736.7981660999
912736.7981660999
912736.7981660999
912736.7981660999
912736.7981660999
912736.7981660999
912736.7981660999
912736.7981660999
912736.7981660999
912736.7981660999
912736.7981660999
912736.7981660999
912590.5525142355
912590.5525142355
912590.5525142355
912590.5525142355
912590.5525142355
912590.5525142355
912590.5525142355
912590.5525142355
912590.5525142355
912396.139035332
912396.139035332
912396.139035332
912396.139035332
912396.139035332
912396.139035332
912261.9760653343
912261.9760653343
912261.9760653343
912261.9760653343
912261.9760653343
912261.9760653343
912261.9760653343
912261.9760653343
912261.9760653343
912261.9760653343
912261.9760653343
912261.9969805445
912261.9969805445
912261.9969805445
912261.9969805445
912043.6122354779
911692.969550018
911692.969550018
911692.969550018
911692.969550018
911164.2359538621
911164.2359538621
911164.2359538621
911164.2359538621
910897.4709432714
910897.4709432714
910897.4709432714
910897.4709432714
910897.4709432714
910897.4709432714
910897.4709432714
910897.4709432714
910897.4709432714
910897.4709432714
910897.4709432714
910266.9638994518
910204.9342197832
910204.9342197832
910204.9342197832
909158.9230124268
909100.2789080798
909100.2789080798
908898.6532081425
908898.6532081425
908898.6532081425
908898.6532081425
908898.6532081425
908720.4660216868
908720.4660216868
908720.4660216868
908720.4660216868
908720.4660216868
908720.4660216868
908720.4660216868
908720.4660216868
908468.4444564779
908468.4444564779
908468.4444564779
907940.517751269
907940.517751269
907940.517751269
907736.2231723997
907736.2231723997
907736.2231723997
907736.2231723997
907278.178769721
907191.9200753369
907191.9200753369
907191.9200753369
907191.9200753369
907191.9200753369
907191.9200753369
906764.4639254791
906764.4639254791
906764.4639254791
906764.4639254791
906764.4639254791
906764.4639254791
906764.4639254791
906764.4639254791
906764.4639254791
906764.4639254791
906764.4639254791
906752.4402291958
906752.4402291958
906752.4402291958
906752.4402291958
906752.4402291958
906752.4402291958
906752.4402291958
906752.4402291958
906752.4402291958
906613.1250427191
906613.1250427191
906613.1250427191
906328.3716853161
906328.3716853161
906328.3716853161
906328.3716853161
906328.3716853161
906328.3716853161
906328.3716853161
905591.350236878
905591.350236878
905591.350236878
905591.350236878
905591.350236878
905591.350236878
905591.350236878
905591.350236878
905591.350236878
905393.4556936875
905393.4556936875
905019.4489405459
905019.4489405459
905019.4489405459
905006.5426546205
904859.3531923598
904626.4959502346
904626.4959502346
904624.9130273056
904439.3808831577
903503.601320701
903503.601320701
903503.601320701
903503.601320701
903503.601320701
903193.636913629
903193.636913629
903193.636913629
903193.636913629
903193.636913629
903193.636913629
903193.636913629
903193.636913629
903193.636913629
903193.636913629
903193.636913629
903193.636913629
903193.636913629
902569.8553731486
902569.8553731486
902569.8553731486
902569.8553731486
902569.8553731486
902569.8553731486
902309.9983783197
902309.9983783197
902309.9983783197
901919.2313277961
901919.2313277961
901919.2313277961
901919.2313277961
901919.2313277961
901919.2313277961
901919.2313277961
901919.2313277961
901919.2313277961
901919.2313277961
901919.2313277961
901919.2313277961
901919.2313277961
901919.2313277961
901919.2313277961
901919.2313277961
901919.2313277961
901919.2313277961
901919.2313277961
901919.2313277961
901919.2313277961
901919.2313277961
901648.4115567817
901648.4115567817
901648.4115567817
901648.4115567817
901648.4115567817
901648.4115567817
901648.4115567817
901648.4115567817
901648.4115567817
901648.4115567817
901648.4115567817
901648.4115567817
901648.4115567817
901648.4115567817
901648.4115567817
901648.4115567817
901648.4115567817
901648.4115567817
900842.2132827853
900842.2132827853
900842.2132827853
900842.2132827853
900842.2132827853
900593.130120561
900387.8264737298
900387.8264737298
900387.8264737298
900387.8264737298
899752.0473313986
899741.1986249837
899155.8602283504
898927.60845106
898927.60845106
898927.60845106
898927.60845106
898927.60845106
898927.60845106
898927.60845106
898859.9969288888
898859.9969288888
898859.9969288888
898859.9969288888
898859.9969288888
898859.9969288888
898859.9969288888
898859.9969288888
898786.6399660833
898786.6399660833
898759.0178622105
898759.0178622105
898232.803725502
897765.0001787525
897405.6412734002
897405.6412734002
897080.7059559748
897080.7059559748
897080.7059559748
897080.7059559748
897080.7059559748
897080.7059559748
897038.8906897375
897038.8906897375
897038.8906897375
897038.8906897375
897038.8906897375
896937.167104969
896709.9881638327
896709.9881638327
896709.9881638327
896709.9881638327
896318.9966320575
896318.9966320575
896296.2205621055
896243.0018735343
896084.3237523186
896084.3237523186
896084.3237523186
895673.8353916986
895673.8353916986
895673.8353916986
895673.8353916986
895673.8353916986
895557.8420134893
895557.8420134893
895557.8420134893
895430.0849439632
895430.0849439632
895430.0849439632
895430.0849439632
895430.0849439632
895430.0849439632
895430.0849439632
895430.0849439632
895430.0849439632
895430.0849439632
895430.0849439632
894871.8325291625
894702.5545562531
894637.5543493493
894637.5543493493
894637.5543493493
894637.5543493493
894637.5543493493
894637.5543493493
894637.5543493493
894637.5543493493
894637.5543493493
894462.947441225
894346.9705960925
894346.9705960925
894346.9705960925
894346.9705960925
894346.9705960925
894346.9705960925
894346.9705960925
894346.9705960925
894346.9705960925
894346.9705960925
894346.9705960925
894346.9705960925
893630.8506664303
893630.8506664303
893630.8506664303
893583.0644403414
893583.0644403414
893583.0644403414
893583.0644403414
893583.0644403414
893583.0644403414
893583.0644403414
893583.0644403414
893583.0644403414
892662.8212018358
892662.8212018358
892662.8212018358
892662.8212018358
892662.8212018358
892662.8212018358
892662.8212018358
892662.8212018358
892659.8811820358
892659.8811820358
892659.8811820358
892659.8811820358
892659.8811820358
892659.8811820358
892659.8811820358
892659.8811820358
892656.3810537203
892656.3810537203
892656.3810537203
892656.389584735
892656.389584735
892656.389584735
892656.389584735
892656.389584735
892570.545839797
892570.545839797
892570.545839797
892570.545839797
892570.545839797
892570.545839797
892570.545839797
892570.545839797
892570.545839797
892570.545839797
892475.0513507312
892475.0513507312
892475.0513507312
892421.1808609751
892421.1808609751
892421.1808609751
892421.1808609751
892421.1808609751
892421.1808609751
892421.1808609751
892421.1808609751
892421.1808609751
892421.1808609751
892421.1808609751
892421.1808609751
892421.1808609751
892421.1808609751
892421.1808609751
892421.1808609751
892421.1808609751
892421.1808609751
892421.1808609751
892035.5016238692
892035.5016238692
892035.5016238692
892035.5016238692
892035.5016238692
892035.5016238692
892035.5016238692
891142.2626912384
891082.7008936754
890753.3905131249
890753.3905131249
890753.3905131249
890753.3905131249
890753.3905131249
890753.3905131249
890753.3905131249
890753.3905131249
890753.3905131249
890753.3905131249
890533.8632793494
890533.8632793494
890533.8632793494
890533.8632793494
890533.8632793494
890533.8632793494
890430.0433704177
890430.0433704177
890430.0433704177
890430.0433704177
890430.0433704177
890392.023662302
890392.023662302
890392.023662302
889869.8177962068
889869.8177962068
889869.8177962068
889869.8177962068
889869.8177962068
889869.8177962068
889869.8177962068
889869.8177962068
889869.8177962068
889869.8177962068
889869.8177962068
889869.8177962068
889719.4390861755
889198.1866907035
889198.1866907035
889198.1866907035
889154.1488352803
889154.1488352803
888696.3803875549
888696.3803875549
888696.3803875549
888696.3803875549
888550.934755618
888550.934755618
888339.469368543
888339.469368543
888339.469368543
888339.469368543
888339.469368543
888339.469368543
887699.3785596862
887699.3785596862
887699.3785596862
887699.3785596862
887699.3785596862
887699.3785596862
887696.9619940784
887696.9619940784
887696.9619940784
887696.9619940784
887696.9619940784
887696.9619940784
887696.9619940784
887696.9619940784
887696.9619940784
887658.4629421046
887658.4629421046
887658.4629421046
887658.4629421046
887658.4629421046
887658.4629421046
887658.4629421046
887658.4629421046
887658.4629421046
887658.4629421046
887658.4629421046
887658.4629421046
887658.4629421046
887658.4629421046
886875.8760895324
886875.8760895324
886077.5152068358
886077.5152068358
886077.5152068358
886077.5152068358
886077.5152068358
886077.5152068358
886077.5152068358
886077.5152068358
886077.5152068358
886077.5152068358
886077.5152068358
886077.5152068358
886077.5152068358
886077.5152068358
885943.4953761434
885943.4953761434
885943.4953761434
885943.4953761434
885943.4953761434
885943.4953761434
885504.8206954151
885504.8206954151
885504.8206954151
885504.8206954151
885504.8206954151
885504.8206954151
885504.8206954151
885504.8206954151
885504.8206954151
885504.8206954151
884736.4735444512
884736.4735444512
884736.4735444512
884736.4735444512
884736.4735444512
884736.4735444512
884736.4735444512
884599.7186221208
884004.8819168808
884004.8819168808
884004.8819168808
884004.8819168808
884004.8819168808
883573.5172292788
883573.5172292788
883573.5172292788
883573.5172292788
883573.5172292788
883573.5172292788
883573.5172292788
883573.5172292788
883573.5172292788
883573.5172292788
883573.5172292788
883573.5172292788
883573.5172292788
883573.5172292788
883573.5172292788
883201.0008150915
883201.0008150915
883181.4676887521
883181.4676887521
883181.4676887521
883181.4676887521
883181.4676887521
883181.4676887521
883181.4676887521
883181.4676887521
883181.4676887521
882690.5377416273
882690.5377416273
882690.5377416273
882690.5377416273
882690.5377416273
882690.5377416273
882675.9769770566
882675.9769770566
882675.9769770566
882675.9769770566
882535.8802429044
882535.8802429044
882535.8802429044
882288.9188251065
882013.4469014131
882013.4469014131
882013.4469014131
882013.4469014131
882013.4469014131
882013.4469014131
881839.105536215
881839.105536215
881725.7273140097
881627.0866936934
881627.0866936934
881627.0866936934
881627.0866936934
881627.0866936934
881627.0866936934
881627.0866936934
881627.0866936934
881627.0866936934
881627.0866936934
881627.0866936934
881627.0866936934
881627.0866936934
881627.0866936934
881627.0866936934
881627.0866936934
881627.0866936934
881627.0866936934
881627.0866936934
881627.0866936934
881627.0866936934
881627.0866936934
881627.0866936934
881627.0866936934
881627.0866936934
881627.0866936934
881627.0866936934
881627.0866936934
881627.0866936934
881627.0866936934
881627.0866936934
881627.0866936934
881627.0866936934
881627.0866936934
881627.0866936934
881627.0866936934
881387.2430150488
881387.2430150488
881387.2430150488
881387.2430150488
881387.2430150488
881363.7691066446
881363.7691066446
881363.7691066446
881363.7691066446
881363.7691066446
880904.4940965067
880904.4940965067
880584.4253462157
880370.3089225822
880370.3089225822
880370.3089225822
880370.3089225822
880370.3089225822
880370.3089225822
880329.3383336747
880329.3383336747
880329.3383336747
880329.3383336747
880094.1795483732
880094.1795483732
880094.1795483732
880094.1795483732
880094.1795483732
879456.006719762
879456.006719762
878494.2179385384
878494.2179385384
878494.2179385384
878494.2179385384
878494.2179385384
878494.2179385384
878494.2179385384
878427.5715041079
878427.5715041079
878427.5715041079
878427.5715041079
878427.5715041079
878427.5715041079
878290.7748180211
878290.7748180211
878290.7748180211
878290.7748180211
878290.7748180211
877846.8716005704
877846.8716005704
877846.8716005704
877846.8716005704
877846.8716005704
877846.8716005704
877795.4798900353
877795.4798900353
877795.4798900353
877795.4798900353
877795.4798900353
877795.4798900353
877795.4798900353
877795.4798900353
877795.4798900353
877795.4798900353
877795.4798900353
877795.4798900353
876917.7370881136
876917.7370881136
876759.7058901185
876759.7058901185
876759.7058901185
876759.7058901185
876759.7058901185
875853.4677100918
875853.4677100918
875853.4677100918
875853.4677100918
875853.4677100918
875853.4677100918
875786.4728624373
875786.4728624373
875786.4728624373
875786.4728624373
875786.4728624373
875786.4728624373
875786.4728624373
875786.4728624373
875786.4728624373
875786.4728624373
875786.4728624373
875561.0586458785
875561.0586458785
875561.0586458785
875561.0586458785
875561.0586458785
875561.0586458785
875561.0586458785
875561.0586458785
875561.0586458785
875561.0586458785
875561.0586458785
875561.0586458785
875561.0586458785
875561.0586458785
875561.0586458785
875561.0586458785
875561.0586458785
875561.0586458785
875274.5025405029
875274.5025405029
875274.5025405029
875274.5025405029
875274.5025405029
875274.5025405029
875274.5025405029
875274.5025405029
875274.5025405029
875274.5025405029
875274.5025405029
875274.5025405029
875274.5025405029
875259.0035678331
875259.0035678331
875259.0035678331
875259.0035678331
875259.0035678331
875259.0035678331
875259.0035678331
875259.0035678331
875259.0035678331
875259.0035678331
875259.0035678331
875259.0035678331
875259.0035678331
875259.0035678331
875259.0035678331
875259.0035678331
875259.0035678331
875259.0035678331
875259.0035678331
875259.0035678331
875259.0035678331
875259.0035678331
875259.0035678331
874833.17001005
874833.17001005
874833.17001005
874833.17001005
874833.17001005
874833.17001005
874833.17001005
874833.17001005
874833.17001005
874833.17001005
874167.2755664313
874167.2755664313
874167.2755664313
874167.2755664313
874167.2755664313
874167.2755664313
874167.2755664313
874167.2755664313
874034.411759349
873844.5121348812
873844.5121348812
873844.5121348812
873844.5121348812
873844.5121348812
873844.5121348812
873844.5121348812
873566.1789101147
873566.1789101147
873566.1789101147
873566.1789101147
873566.1789101147
873566.1789101147
873566.1789101147
873374.5133081366
873374.5133081366
873367.9791900509
873367.9791900509
873318.0328576802
873317.8021635071
873317.8021635071
873317.8021635071
873179.9443696119
873179.9443696119
873179.9443696119
873179.9443696119
873179.9443696119
873179.9443696119
873179.9443696119
873179.9443696119
873179.9443696119
873179.9443696119
873179.9443696119
873179.9443696119
873179.9443696119
873179.9443696119
873179.9443696119
873179.9443696119
873179.9443696119
873179.9443696119
873179.9443696119
873179.9443696119
873179.9443696119
873179.9443696119
873179.9443696119
873179.9443696119
873179.9443696119
873179.9443696119
873179.9443696119
873179.9443696119
873179.9443696119
873179.9443696119
873179.9443696119
873179.9443696119
873179.9443696119
873179.9443696119
873179.9443696119
873179.9443696119
873179.9443696119
873179.9443696119
873179.9443696119
873179.9443696119
873179.9443696119
873179.9443696119
873103.0638102437
872371.26807928
872371.26807928
872371.26807928
872371.26807928
872371.26807928
872371.26807928
872076.1460691225
872076.1460691225
872076.1460691225
871783.2521997136
871783.2521997136
871783.2521997136
871783.2521997136
871783.2521997136
871783.2521997136
871783.2521997136
871783.2521997136
871783.2521997136
871783.2521997136
871783.2521997136
871783.2521997136
871783.2521997136
871783.2521997136
871783.2521997136
871783.2521997136
871783.2521997136
871783.2521997136
871783.2521997136
871783.2521997136
871783.2521997136
871777.0243327694
871777.0243327694
871777.0243327694
871777.0243327694
871749.8856206979
871749.8856206979
871749.8856206979
871749.8856206979
871749.8856206979
871749.8856206979
871749.8856206979
871749.8856206979
871749.8856206979
871749.8856206979
871749.8856206979
871749.8856206979
871749.8856206979
871749.8856206979
871749.8856206979
871749.8856206979
871749.8856206979
871749.8856206979
871749.8856206979
871749.8856206979
871749.8856206979
871749.8856206979
871749.8856206979
871749.8856206979
871749.8856206979
871749.8856206979
871749.8856206979
871749.8856206979
871749.8856206979
871749.8856206979
871749.8856206979
871749.8856206979
871749.8856206979
871749.8856206979
871494.4707538312
871300.608314264
871300.608314264
871299.2911916949
871299.2911916949
871299.2911916949
871299.2911916949
871299.2911916949
871299.2911916949
871299.2911916949
871299.2911916949
871299.2911916949
871084.6668464991
871084.6668464991
870680.4045644929
870680.4045644929
870680.4045644929
870525.1130839721
870525.1130839721
870525.1130839721
870525.1130839721
870525.1130839721
870525.1130839721
870525.1130839721
870525.1130839721
870525.1130839721
870525.1130839721
870525.1130839721
870525.1130839721
870525.1130839721
870052.0631226464
870002.2777136562
870002.2777136562
870002.2777136562
870002.2777136562
870002.2777136562
870002.2777136562
870002.2777136562
870002.2777136562
870002.2777136562
870002.2777136562
870002.2777136562
870002.2777136562
870002.2777136562
870002.2777136562
869828.0234196594
869828.0234196594
869828.0234196594
869801.1397155742
869755.9167760496
869755.9167760496
869755.9167760496
869755.9167760496
869755.9167760496
869755.9167760496
869691.7114766138
869691.7114766138
869691.7114766138
869691.7114766138
869414.8902726377
869414.8902726377
869414.8902726377
869414.8902726377
869414.8902726377
869414.8902726377
869414.8902726377
869414.8902726377
869414.8902726377
869414.8902726377
869414.8902726377
869414.8902726377
869414.8902726377
869414.8902726377
869414.8902726377
869414.8902726377
869414.8902726377
869414.8902726377
869414.8902726377
869414.8902726377
869414.8902726377
868927.995086075
868927.995086075
868927.995086075
868927.995086075
868927.995086075
868927.995086075
868927.995086075
868927.995086075
868693.6688410237
868693.6688410237
868693.6688410237
868693.6688410237
868693.6688410237
868693.6688410237
868693.6688410237
868693.6688410237
868693.6688410237
868693.6688410237
868693.6688410237
868693.6688410237
868693.6688410237
868550.4550603277
868550.4550603277
868550.4550603277
868550.4550603277
868550.4550603277
868550.4550603277
868550.4550603277
868550.4550603277
868550.4550603277
868550.4550603277
868550.4550603277
868550.4550603277
868550.4550603277
868550.4550603277
868550.4550603277
868170.0029582471
868170.0029582471
868170.0029582471
868170.0029582471
867233.0905080246
867233.0905080246
867233.0905080246
866680.8958836651
866332.5851648947
866332.5851648947
866332.5851648947
866152.2389633777
866152.2389633777
865791.9449498781
865791.9449498781
865655.8472662615
865655.8472662615
865655.8472662615
865655.8472662615
865655.8472662615
865655.8472662615
865655.8472662615
865655.8472662615
865429.380319728
865429.380319728
865429.380319728
865429.380319728
865429.380319728
865429.380319728
865429.380319728
865429.380319728
865429.380319728
865429.380319728
865429.380319728
865429.380319728
865429.380319728
865429.380319728
865429.380319728
865416.5912174673
865416.5912174673
865416.5912174673
865416.5912174673
865416.5912174673
865416.5912174673
865416.5912174673
865416.5912174673
864971.2259248844
864971.2259248844
864971.2259248844
864971.2259248844
864971.2259248844
864837.0725786376
864837.0725786376
864837.0725786376
864146.8565633876
864146.8565633876
864146.8565633876
864146.8565633876
864146.8565633876
864146.8565633876
864146.8565633876
863843.3920507577
863843.3920507577
863843.3920507577
863843.3920507577
863843.3920507577
863677.5419532068
863677.5419532068
863677.5419532068
863677.5419532068
863677.5419532068
863677.5419532068
863677.5419532068
863677.5419532068
863677.5419532068
863677.5419532068
863677.5419532068
863677.5419532068
863677.5419532068
863677.5419532068
863677.5419532068
863677.5419532068
863677.5419532068
863284.8362203534
863284.8362203534
863284.8362203534
863284.8362203534
863284.8362203534
863284.8362203534
863284.8362203534
863284.8362203534
863284.8362203534
863284.8362203534
863284.8362203534
863284.8362203534
863284.8362203534
863284.8362203534
863284.8362203534
862866.8351865687
862866.8351865687
862405.1449564609
862405.1449564609
862405.1449564609
862391.39752891
862391.39752891
862391.39752891
862265.966732152
862265.966732152
862265.966732152
862265.966732152
862265.966732152
862265.966732152
862265.966732152
862265.966732152
862265.966732152
862265.966732152
862265.966732152
862265.966732152
862265.966732152
862265.966732152
862265.966732152
862265.966732152
862264.3078875421
862264.3078875421
862264.3078875421
862264.3078875421
862264.3078875421
862264.3078875421
862199.0676876788
862123.270498489
862123.270498489
862123.270498489
862123.270498489
862123.270498489
862123.270498489
861896.430741891
861896.430741891
861896.430741891
861469.8354937925
861263.5229210374
861263.5229210374
861263.5229210374
861263.5229210374
861220.7339556988
861220.7339556988
861220.7339556988
860800.132008621
860800.132008621
860800.132008621
860800.132008621
860800.132008621
860800.132008621
860800.132008621
860671.1890379356
860671.1890379356
860175.9444149449
860175.9444149449
860175.9444149449
860175.9444149449
860175.9444149449
860175.9444149449
860175.9444149449
860175.9444149449
860175.9444149449
860175.9444149449
860151.6450637464
860151.6450637464
860151.6450637464
860151.6450637464
860151.6450637464
859940.315077862
859940.315077862
859940.315077862
859940.315077862
859940.315077862
859940.315077862
859940.315077862
859940.315077862
859940.315077862
859940.315077862
859940.315077862
859940.315077862
859424.5702158418
859424.5702158418
859424.5702158418
859424.5702158418
859424.5702158418
859424.5702158418
859424.5702158418
859424.5702158418
859424.5702158418
859424.5702158418
859424.5702158418
859424.5702158418
859424.5702158418
858963.7074739897
858963.7074739897
858963.7074739897
858963.7074739897
858963.7074739897
858963.7074739897
858825.4156800421
858825.4156800421
858825.4156800421
858825.4156800421
858825.4156800421
858825.4156800421
858818.8234019233
858289.3195437085
858289.3195437085
858289.3195437085
858289.3195437085
858289.3195437085
858289.3195437085
858289.3195437085
858289.3195437085
858289.3195437085
858289.3195437085
858289.3195437085
858289.3195437085
857549.0027786915
857549.0027786915
857192.2857588237
857192.2857588237
857192.2857588237
857192.2857588237
857192.2857588237
857192.2857588237
857192.2857588237
857192.2857588237
857192.2857588237
857192.2857588237
857192.2857588237
857192.2857588237
857192.2857588237
856789.2531533894
856789.2531533894
856789.2531533894
856789.2531533894
856789.2531533894
856789.2531533894
856789.2531533894
856789.2531533894
856789.2531533894
856789.2531533894
856789.2531533894
856789.2531533894
856772.2829052208
856772.2829052208
856772.2829052208
856721.8323381033
856721.8323381033
856721.8323381033
856721.8323381033
856721.8323381033
856721.8323381033
856706.6651472021
856706.6651472021
856706.6651472021
856706.6651472021
856706.6651472021
856325.1694151
856325.1694151
856325.1694151
856325.1694151
856325.1694151
856325.1694151
856325.1694151
856325.1694151
856325.1694151
856325.1694151
856325.1694151
856325.1694151
856325.1694151
856325.1694151
856325.1694151
856325.1694151
856325.1694151
856325.1694151
856325.1694151
856325.1694151
856325.1694151
856325.1694151
856325.1694151
856325.1694151
856307.1986549164
856307.1986549164
856307.1986549164
856307.1986549164
856085.6126673494
856085.6126673494
856085.6126673494
856085.6126673494
856085.6126673494
856085.6126673494
856085.6126673494
856033.3655788022
856033.3655788022
856033.3655788022
856033.3655788022
856033.3655788022
856033.3655788022
856033.3655788022
856033.3655788022
856033.3655788022
854697.7913159436
854697.7913159436
854697.7913159436
854697.7913159436
854697.7913159436
854697.7913159436
854271.720828325
854271.720828325
854271.720828325
854271.720828325
854271.720828325
854173.1274645803
854173.1274645803
854173.1274645803
854173.1274645803
854173.1274645803
854173.1274645803
854173.1274645803
853857.2948996223
853857.2948996223
853596.9175703914
853596.9175703914
853596.9175703914
852928.2251696927
852928.2251696927
852928.2251696927
852928.2251696927
852928.2251696927
852547.3039957404
852547.3039957404
852437.2106266962
852437.2106266962
852437.2106266962
852437.2106266962
852437.2106266962
852437.2106266962
852437.2106266962
852437.2106266962
852437.2106266962
852043.4038203105
852043.4038203105
852043.4038203105
852043.4038203105
852043.4038203105
852043.4038203105
852043.4038203105
851752.61534596
851752.61534596
851752.61534596
851752.61534596
851752.61534596
851752.61534596
851752.61534596
851752.61534596
851752.61534596
851752.61534596
851723.3221449915
851168.3026916538
851168.3026916538
851168.3026916538
851168.3026916538
851168.3026916538
850974.9526192446
850974.9526192446
850974.9526192446
850974.9526192446
850974.9526192446
850974.9526192446
850974.9526192446
850974.9526192446
850974.9526192446
850974.9526192446
850974.9526192446
850974.9526192446
850974.9526192446
850757.2249316596
850757.2249316596
850707.8991825372
850707.8991825372
850707.8991825372
850707.8991825372
850707.8991825372
850707.8991825372
850368.8386821684
850339.3570036679
850339.3570036679
850130.2474440598
850130.2474440598
850130.2474440598
850130.2474440598
850130.2474440598
850130.2474440598
850130.2474440598
850130.2474440598
850125.4448167663
850125.4448167663
850125.4448167663
850125.4448167663
850125.4448167663
849701.7770772838
849701.7770772838
849701.7770772838
849701.7770772838
849701.7770772838
849701.7770772838
849701.7770772838
849701.7770772838
849701.7770772838
849388.0014158221
849388.0014158221
849388.0014158221
849388.0014158221
849388.0014158221
849388.0014158221
849388.0014158221
849243.4561263695
849190.1470472559
849190.1470472559
849190.1470472559
849190.1470472559
849190.1470472559
849190.1470472559
849190.1470472559
849190.1470472559
849190.1470472559
849190.1470472559
849190.1470472559
849190.1470472559
849190.1470472559
849190.1470472559
849190.1470472559
849190.1470472559
849190.1470472559
849190.1470472559
849190.1470472559
849190.1470472559
849190.1470472559
849190.1470472559
849190.1470472559
849190.1470472559
849190.1470472559
849190.1470472559
849190.1470472559
849190.1470472559
849190.1470472559
849190.1470472559
849190.1470472559
849190.1470472559
849190.1470472559
849190.1470472559
849190.1470472559
848826.9949933232
848826.9949933232
848826.9949933232
848826.9949933232
848826.9949933232
848618.1610550742
848618.1610550742
848618.1610550742
848618.1610550742
848618.1610550742
848618.1610550742
848618.1610550742
848618.1610550742
848618.1610550742
848306.2183072192
848306.2183072192
848306.2183072192
848306.2183072192
848306.2183072192
848306.2183072192
848306.2183072192
848306.2183072192
848306.2183072192
848306.2183072192
848306.2183072192
848306.2183072192
848306.2183072192
848306.2183072192
847671.3676993668
847671.3676993668
847671.3676993668
847671.3676993668
847671.3676993668
847671.3676993668
847671.3676993668
847671.3676993668
847671.3676993668
847574.0704852464
847574.0704852464
847348.0412444477
847348.0412444477
847348.0412444477
847348.0412444477
847348.0412444477
847348.0412444477
847348.0412444477
847348.0412444477
847348.0412444477
847348.0412444477
847348.0412444477
846838.0068490076
846835.4610632943
846835.4610632943
846835.4610632943
846835.4610632943
846835.4610632943
846835.4610632943
846835.4610632943
846835.4610632943
846835.4610632943
846835.4610632943
846835.4610632943
846835.4610632943
846835.4610632943
846071.0204420818
845571.9940270961
845241.5844521348
845241.5844521348
845241.5844521348
845241.5844521348
845241.5844521348
845171.2089499278
845171.2089499278
845171.2089499278
845171.2089499278
845171.2089499278
845171.2089499278
845171.2089499278
844975.2628262646
844975.2628262646
844975.2628262646
844975.2628262646
844975.2628262646
844975.2628262646
844975.2628262646
844975.2628262646
844800.7960776791
844800.7960776791
844800.7960776791
844800.7960776791
844800.7960776791
844800.7960776791
844800.7960776791
844800.7960776791
844800.7960776791
844800.7960776791
844800.7960776791
844800.7960776791
844800.7960776791
844800.7960776791
844800.7960776791
844800.7960776791
844800.7960776791
844800.7960776791
844800.7960776791
844800.7960776791
844800.7960776791
844800.7960776791
844800.7960776791
844800.7960776791
844800.7960776791
844800.7960776791
844800.7960776791
844783.3462863502
844783.3462863502
844783.3462863502
844783.3462863502
844783.3462863502
844783.3462863502
844783.3462863502
844783.3462863502
844783.3462863502
844783.3462863502
844783.3462863502
844783.3462863502
844678.1578201014
843842.331120909
843842.331120909
843842.331120909
843842.331120909
843726.5664162908
843308.0929431355
843308.0929431355
843308.0929431355
843308.0929431355
843308.0929431355
843308.0929431355
843028.655187039
843028.655187039
842260.9189530695
842260.9189530695
842260.9189530695
842260.9189530695
842260.9189530695
842260.9189530695
842260.9189530695
842260.9189530695
842260.9189530695
842260.9189530695
842260.9189530695
842260.9189530695
842260.9189530695
842260.9189530695
842260.9189530695
842260.9189530695
842260.9189530695
842260.9189530695
842260.9189530695
842260.9189530695
842260.9189530695
842260.9189530695
842260.9189530695
842260.9189530695
842260.9189530695
842260.9189530695
842260.9189530695
842260.9189530695
842260.9189530695
842260.9189530695
842260.9189530695
842260.9189530695
842260.9189530695
842260.9189530695
842260.9189530695
842260.9189530695
842260.9189530695
842260.9189530695
841978.6909112888
841903.0813819343
841903.0813819343
841875.3814177506
841756.8660751581
841401.4103306835
841401.4103306835
841401.4103306835
841401.4103306835
841401.4103306835
841401.4103306835
841401.4103306835
841401.4103306835
841401.4103306835
841401.4103306835
841401.4103306835
841401.4103306835
841401.4103306835
841401.4103306835
841401.4103306835
841401.4103306835
841401.4103306835
841401.4103306835
841401.4103306835
841401.4103306835
841401.4103306835
841401.4103306835
841401.4103306835
841401.4103306835
841180.9362989343
841180.9362989343
841180.9362989343
841180.9362989343
841180.9362989343
841180.9362989343
841180.9362989343
841180.9362989343
841180.9362989343
841180.9362989343
841180.9362989343
841180.9362989343
841180.9362989343
841180.9362989343
841180.9362989343
841180.9362989343
841180.9362989343
841180.9362989343
841159.2443959783
841159.2443959783
841159.2443959783
841159.2443959783
841159.2443959783
841044.1846666615
841044.1846666615
841044.1846666615
841044.1846666615
841044.1846666615
841044.1846666615
841044.1846666615
841044.1846666615
841044.1846666615
841044.1846666615
841044.1846666615
841044.1846666615
841044.1846666615
841044.1846666615
841044.1846666615
841044.1846666615
841044.1846666615
841044.1846666615
841044.1846666615
841044.1846666615
841044.1846666615
841044.1846666615
841006.9505317179
841006.9505317179
841006.9505317179
841006.9505317179
841006.9505317179
841006.9505317179
841006.9505317179
841006.9505317179
841006.9505317179
841006.9505317179
841006.9505317179
841006.9505317179
841006.9505317179
841006.9505317179
841006.9505317179
841006.9505317179
841006.9505317179
840784.7484648521
840784.7484648521
840784.7484648521
840621.5048831082
840621.5048831082
840621.5048831082
840621.5048831082
840621.5048831082
840621.5048831082
840621.5048831082
840621.5048831082
840621.5048831082
840621.5048831082
840621.5048831082
840621.5048831082
840392.1745029527
840392.1745029527
840392.1745029527
840392.1745029527
840392.1745029527
840392.1745029527
840392.1745029527
840392.1745029527
840323.2857381469
840323.2857381469
840323.2857381469
840323.2857381469
840323.2857381469
840323.2857381469
840323.2857381469
840323.2857381469
840323.2857381469
840048.9207942626
840048.9207942626
840048.9207942626
840048.9207942626
840048.9207942626
840048.9207942626
840048.9207942626
840048.9207942626
840048.9207942626
840048.9207942626
840048.9207942626
840048.9207942626
840048.9207942626
840048.9207942626
840048.9207942626
840048.9207942626
839500.6865285484
839500.6865285484
839500.6865285484
839500.6865285484
839500.6865285484
839500.6865285484
839500.6865285484
839500.6865285484
839500.6865285484
839500.6865285484
839500.6865285484
839232.6902056364
839232.6902056364
839232.6902056364
839232.6902056364
839232.6902056364
839232.6902056364
839232.6902056364
839232.6902056364
839232.6902056364
839232.6902056364
839232.6902056364
839232.6902056364
839232.6902056364
839232.6902056364
839232.6902056364
839232.6902056364
839232.6902056364
839232.6902056364
839232.6902056364
839232.6902056364
839232.6902056364
839232.6902056364
839149.3569826528
839149.3569826528
839149.3569826528
839149.3569826528
839149.3569826528
839149.3569826528
839149.3569826528
839149.3569826528
839149.3569826528
839149.3569826528
839149.3569826528
839066.5956319355
838890.7206013637
838890.7206013637
838890.7206013637
838890.7206013637
838890.7206013637
838890.7206013637
838687.0052238513
838687.0052238513
838254.4017829188
838254.4017829188
837539.1762851998
837539.1762851998
837539.1762851998
837539.1762851998
837539.1762851998
837539.1762851998
837539.1762851998
837539.1762851998
837539.1762851998
837539.1762851998
837539.1762851998
837539.1762851998
837539.1762851998
837539.1762851998
837539.1762851998
837539.1762851998
837539.1762851998
837539.1762851998
837539.1762851998
837539.1762851998
837539.1762851998
837539.1762851998
837539.1762851998
837539.1762851998
837539.1762851998
837539.1762851998
837539.1762851998
837248.4484043261
837248.4484043261
837248.4484043261
837248.4484043261
837248.4484043261
837248.4484043261
837248.4484043261
837248.4484043261
837248.4484043261
837248.4484043261
837090.394014102
837090.394014102
837090.394014102
837090.394014102
837090.394014102
837090.394014102
837090.394014102
837090.394014102
837090.394014102
837090.394014102
837090.394014102
837090.394014102
837090.394014102
837090.394014102
837090.394014102
836261.5169913264
836261.5169913264
836261.5169913264
836036.3013055286
836036.3013055286
836036.3013055286
836036.3013055286
836036.3013055286
836036.3013055286
836036.3013055286
836036.3013055286
836036.3013055286
836036.3013055286
836036.3013055286
836036.3013055286
836036.3013055286
836036.3013055286
836036.3013055286
836036.3013055286
836036.3013055286
836036.3013055286
836036.3013055286
836036.3013055286
836036.3013055286
836036.3013055286
836036.3013055286
836036.3013055286
835621.3861812119
835621.3861812119
835621.3861812119
835621.3861812119
835621.3861812119
835621.3861812119
835621.3861812119
835493.4804048515
835413.9557436208
835413.9557436208
834984.1628334578
834984.1628334578
834984.1628334578
834984.1628334578
834984.1628334578
834984.1628334578
834984.1628334578
834984.1628334578
834984.1628334578
834984.1628334578
834984.1628334578
834984.1628334578
834984.1628334578
834984.1628334578
834984.1628334578
834984.1628334578
834984.1628334578
834984.1628334578
834984.1628334578
834984.1628334578
834984.1628334578
834984.1628334578
834984.1628334578
834984.1628334578
834984.1628334578
834984.1628334578
834082.9585882685
834082.9585882685
834082.9585882685
834082.9585882685
834082.9585882685
834082.9585882685
834082.9585882685
834082.9585882685
833918.3526731405
833918.3526731405
833918.3526731405
833918.3526731405
833918.3526731405
833918.3526731405
833918.3526731405
833918.3526731405
833918.3526731405
833918.3526731405
833276.2319017554
833276.2319017554
833276.2319017554
833276.2319017554
833276.2319017554
833276.2319017554
833276.2319017554
833276.2319017554
833276.2319017554
833276.2319017554
833276.2319017554
833276.2319017554
833276.2319017554
833276.2319017554
833276.2319017554
832844.283922935
832844.283922935
832844.283922935
832678.5549068295
832678.5549068295
832678.5549068295
832678.5549068295
832678.5549068295
832678.5549068295
832678.5549068295
832678.5549068295
832678.5549068295
832678.5549068295
832678.5549068295
832678.5549068295
832678.5549068295
832678.5549068295
832678.5549068295
832678.5549068295
832678.5549068295
832678.5549068295
832678.5549068295
832678.5549068295
832678.5549068295
832678.5549068295
832678.5549068295
832678.5549068295
832678.5549068295
832678.5549068295
832678.5549068295
832678.5549068295
832678.5549068295
832678.5549068295
832678.5549068295
832678.5549068295
832678.5549068295
832678.5549068295
832367.2735919958
832182.7160567124
832182.7160567124
832182.7160567124
832182.7160567124
832154.1634979497
832154.1634979497
832154.1634979497
832154.1634979497
832154.1634979497
832154.1634979497
832154.1634979497
832154.1634979497
832154.1634979497
832154.1634979497
832154.1634979497
832154.1634979497
832154.1634979497
832154.1634979497
832154.1634979497
831719.4994344283
831719.4994344283
830624.5046366167
830624.5046366167
830144.0319751848
830144.0319751848
830144.0319751848
830144.0319751848
829996.7979497362
829996.7979497362
829996.7979497362
829535.7804042471
829535.7804042471
829535.7804042471
829535.7804042471
829535.7804042471
829535.7804042471
829535.7804042471
829535.7804042471
829535.7804042471
829535.7804042471
829535.7804042471
829407.6171745544
829161.7667806838
829161.7667806838
829024.2904636271
829024.2904636271
828783.107010005
828783.107010005
828783.107010005
828783.107010005
828783.107010005
828783.107010005
828783.107010005
828783.107010005
828783.107010005
828783.107010005
828783.107010005
828783.107010005
828783.107010005
828783.107010005
828783.107010005
828783.107010005
828783.107010005
828783.107010005
828783.107010005
828783.107010005
828783.107010005
828783.107010005
828783.107010005
828783.107010005
828783.107010005
828783.107010005
828783.107010005
828783.107010005
828783.107010005
828783.107010005
828783.107010005
828783.107010005
828783.107010005
828783.107010005
828783.107010005
828783.107010005
828783.107010005
828783.107010005
828312.8940060581
828312.8940060581
828063.0695983155
828063.0695983155
828063.0695983155
828063.0695983155
828063.0695983155
828063.0695983155
828063.0695983155
828063.0695983155
828063.0695983155
828063.0695983155
828063.0695983155
827980.0603754797
827980.0603754797
827980.0603754797
827980.0603754797
827980.0603754797
827980.0603754797
827980.0603754797
827980.0603754797
827980.0603754797
827980.0603754797
827980.0603754797
827980.0603754797
827980.0603754797
827980.0603754797
827980.0603754797
827980.0603754797
827980.0603754797
827980.0603754797
827980.0603754797
827980.0603754797
827434.7606935676
826656.5471163404
826656.5471163404
826656.5471163404
826656.5471163404
826656.5471163404
826656.5471163404
826656.5471163404
826656.5471163404
826656.5471163404
826656.5471163404
826286.3427163471
826286.3427163471
826286.3427163471
825745.2910876332
825745.2910876332
824705.5568249335
824705.5568249335
824705.5568249335
824705.5568249335
824705.5568249335
824705.5568249335
824705.5568249335
824705.5568249335
824705.5568249335
824705.5568249335
824705.5568249335
824583.1465148383
824583.1465148383
824583.1465148383
824583.1465148383
824583.1465148383
824583.1465148383
824583.1465148383
824583.1465148383
824583.1465148383
824583.1465148383
824583.1465148383
824583.1465148383
824583.1465148383
824583.1465148383
824583.1465148383
824583.1465148383
824583.1465148383
824583.1465148383
824510.3769412066
824386.6548655794
824386.6548655794
824307.2633136055
824307.2633136055
824307.2633136055
824307.2633136055
824307.2633136055
824256.8388503145
824256.8388503145
824256.8388503145
824256.8388503145
824256.8388503145
824256.8388503145
824256.8388503145
824256.8388503145
824256.8388503145
824256.8388503145
824256.8388503145
824256.8388503145
824256.8388503145
824256.8388503145
824256.8388503145
824256.8388503145
824256.8388503145
824256.8388503145
824256.8388503145
824256.8388503145
824256.8388503145
824256.8388503145
824256.8388503145
824150.3941841038
824150.3941841038
824150.3941841038
824150.3941841038
824014.4959958105
823715.6812660048
823715.6812660048
823715.6812660048
823715.6812660048
823715.6812660048
823674.2940891108
823674.2940891108
823674.2940891108
823674.2940891108
823674.2940891108
823674.2940891108
823674.2940891108
823674.2940891108
823410.6573336674
823410.6573336674
823410.6573336674
823399.9235279746
823399.9235279746
823399.9235279746
823399.9235279746
823399.9235279746
823399.9235279746
823399.9235279746
823399.9235279746
823399.9235279746
823399.9235279746
823399.9235279746
823399.9235279746
823399.9235279746
823399.9235279746
822654.2085858105
822654.2085858105
822654.2085858105
822615.6923386363
822615.6923386363
822615.6923386363
822615.6923386363
822615.6923386363
822615.6923386363
822615.6923386363
822615.6923386363
822615.6923386363
822615.6923386363
822615.6923386363
822615.6923386363
822615.6923386363
822615.6923386363
822615.6923386363
822475.6603336924
822475.6603336924
822326.987747581
822326.987747581
821916.0517345021
821916.0517345021
821916.0517345021
821916.0517345021
821916.0517345021
821876.3840496852
821876.3840496852
821876.3840496852
821876.3840496852
821876.3840496852
821876.3840496852
821591.8793408005
821591.8793408005
821591.8793408005
821476.0219982367
821476.0219982367
821476.0219982367
821476.0219982367
821476.0219982367
821476.0219982367
821090.0870533972
821090.0870533972
821090.0870533972
821090.0870533972
821090.0870533972
821090.0870533972
821090.0870533972
821090.0870533972
821090.0870533972
820900.3436209265
820900.3436209265
820606.8954645789
820301.8272112111
820301.8272112111
820301.8272112111
820301.8272112111
820222.511760874
820222.511760874
820222.511760874
820222.511760874
820222.511760874
820222.511760874
820222.511760874
820222.511760874
820222.511760874
820222.511760874
820222.511760874
820222.511760874
820222.511760874
820222.511760874
820222.511760874
820222.511760874
820222.511760874
820222.511760874
820222.511760874
820222.511760874
820222.511760874
820115.2070532087
820115.2070532087
820115.2070532087
820115.2070532087
820115.2070532087
819800.6782948221
819800.6782948221
819800.6782948221
819800.6782948221
819800.6782948221
819800.6782948221
819630.1426754247
819630.1426754247
819630.1426754247
819630.1426754247
819630.1426754247
819630.1426754247
819630.1426754247
819630.1426754247
819630.1426754247
819630.1426754247
819630.1426754247
819630.1426754247
819630.1426754247
819630.1426754247
819630.1426754247
819630.1426754247
819630.1426754247
819630.1426754247
819630.1426754247
819630.1426754247
819630.1426754247
819360.7112998136
819360.7112998136
819360.7112998136
819360.7112998136
819360.7112998136
819360.7112998136
819360.7112998136
819360.7112998136
819360.7112998136
819360.7112998136
819360.7112998136
819360.7112998136
818721.3085081544
818721.3085081544
818721.3085081544
818721.3085081544
818479.934030708
818479.934030708
818479.934030708
818479.934030708
818479.934030708
818479.934030708
818479.934030708
818403.8949192212
818403.8949192212
818403.8949192212
818403.8949192212
818403.8949192212
818403.8949192212
818403.8949192212
818403.8949192212
818403.8949192212
818403.8949192212
818403.8949192212
818403.8949192212
818403.8949192212
818403.8949192212
818403.8949192212
818403.8949192212
818403.8949192212
818403.8949192212
818403.8949192212
818403.8949192212
818403.8949192212
818403.8949192212
818403.8949192212
818403.2851772737
818403.2851772737
818403.2851772737
818403.2851772737
818403.2851772737
818403.2851772737
818403.2851772737
818403.2851772737
818403.2851772737
818403.2851772737
818403.2851772737
818403.2851772737
818403.2851772737
818403.2851772737
818403.2851772737
818403.2851772737
818403.2851772737
818372.7790841324
818372.7790841324
818372.7790841324
818372.7790841324
818372.7790841324
818372.7790841324
818372.7790841324
818372.7790841324
818372.7790841324
818372.7790841324
818360.9406466277
818360.9406466277
818360.9406466277
818360.9406466277
818360.9406466277
818278.3551021016
818278.3551021016
818278.3551021016
818278.3551021016
818278.3551021016
818278.3551021016
818278.3551021016
818278.3551021016
818278.3551021016
818278.3551021016
818278.3551021016
818278.3551021016
818278.3551021016
818278.3551021016
818278.3551021016
818219.8603504068
818219.8603504068
818219.8603504068
818219.8603504068
818219.8603504068
818219.8603504068
818219.8603504068
818219.8603504068
818219.8603504068
818219.8603504068
818219.8603504068
818219.8603504068
818219.8603504068
818219.8603504068
818219.8603504068
818219.8603504068
818219.8603504068
818219.8603504068
818219.8603504068
818219.8603504068
818219.8603504068
818219.8603504068
818219.8603504068
818219.8603504068
818219.8603504068
818219.8603504068
818219.8603504068
818219.8603504068
818219.8603504068
818219.8603504068
818219.8603504068
818219.8603504068
818219.8603504068
818219.8603504068
818219.8603504068
818219.8603504068
818219.8603504068
818219.8603504068
818219.8603504068
818219.8603504068
818219.8603504068
818219.8603504068
818219.8603504068
818219.8603504068
818219.8603504068
818219.8603504068
818219.8603504068
818219.8603504068
818219.8603504068
818219.8603504068
818219.8603504068
