4203732.013434307
3817496.6670410754
3461873.403066953
3134091.188558853
2835367.8538567796
2588674.864095105
2371848.178228195
2155422.546711842
1962788.0516484543
1790690.2588594528
1650519.2659817836
1515727.8653960999
1402040.4424877842
1294056.961561616
1204772.4077678048
1122910.569932412
1042019.5676564992
972158.9533280858
914632.7512327122
857110.9868145804
806514.2298336248
764710.6253826149
724887.0667659406
689320.2481736038
659114.2117745334
628794.446466855
600045.9770207015
572127.1742167544
549918.6811366864
525256.9253415779
507083.47563560714
488647.80919144896
469744.23686108715
453512.7598381357
435453.2294579887
419557.45240697433
406111.2287042856
394054.5655601338
381629.16369941283
369897.3630993677
359309.6344399587
349897.27406166936
339628.65412615327
332334.93150968547
325054.7524850873
315803.2451113749
309867.72985630727
302248.6096098688
295685.847778472
290205.30185939634
284371.66287732124
278473.071249175
273711.505054376
268789.3835488145
263882.88552049355
258009.61252048117
253743.33262452943
249593.3709153789
245955.55443777697
242407.2676819563
238925.03125502483
235069.4176597072
232120.67487323287
229493.36965443115
226575.9071387609
222085.2073845209
219224.30118281866
215959.493516171
214253.64044896106
212205.47512072625
209929.33283186684
207468.27030766313
204969.66559467133
202810.50271724557
201283.45412383834
199231.36940906418
197500.44982949225
195372.1706421664
192954.1284999766
190886.6205723862
188712.07134034246
187754.87485664163
186720.28637441923
185064.87162199547
183786.90751984465
182300.63704649988
180951.7935757885
179561.40218416668
178576.11694756808
177584.17904006838
176447.08458010145
174985.99261127913
173792.09867670023
172024.57169446693
171054.52897680746
169342.63385997745
168275.3928475227
167197.1454741193
166252.8797739357
165569.90404021883
164860.57169546912
164006.17487363648
162869.81864871125
162247.87265772722
161401.5499382619
160848.70286646334
159847.1527998927
158694.48655709397
158034.30847315426
157525.76711669355
156717.70039164543
155961.8941334072
155527.59341717843
154981.84001351055
154196.66329953473
153697.57972279747
153178.86032046247
152877.61605116917
152275.8991265818
151874.53979536964
151319.45756173547
151115.6329561527
150750.93377296993
150065.66638259566
149565.99396047415
149309.32599177439
148892.64461347196
148347.90067367547
147963.72433734493
147434.39603809064
147044.3516495371
146520.46780279352
146291.49759866597
146062.35949416185
145896.58464718674
145235.206848689
144618.07871005178
144442.03979168215
144266.01661329519
143984.57163909715
143538.07638713825
143026.21716249327
142890.41995623749
142684.44097082174
142450.158006811
142343.35907967092
142213.21909024124
142038.51813224945
141917.1226809726
141640.73677665813
141346.01310256758
141116.8978742776
140805.85759366277
140554.8641215783
140286.63452678264
140049.97027782354
139898.04262416152
139740.9990313393
139439.74113082179
139299.7130586303
139047.23306387488
138852.81819213368
138702.12997223088
138437.1870180756
138223.12869605774
138051.35361219186
137949.0961879195
137801.08389830554
137749.23842550674
137572.00149347435
137368.53234400804
137266.16875789117
137003.23521699922
136884.6641962236
136603.9627564318
136217.09432506718
136120.1996069096
135751.6515729027
135572.69914993807
135322.79665610427
135100.23449821194
134999.96535300126
134752.45505367202
134530.14892182584
134239.8178849243
133995.17706638016
133853.00091835205
133811.74778200669
133750.8822262589
133655.93608263176
133451.9827687803
133389.6540624204
133306.3837083306
133264.2094990833
133210.80780843782
132998.16587437256
132920.74085089896
132803.32582077704
132733.89722238982
132668.02781232615
132561.49956786406
132454.7575237265
132331.31268274406
132101.97839173605
131955.86297999255
131798.29225294173
131636.59602736498
131568.87167039787
131409.017308921
131274.99638438114
131216.84302838042
131156.45533646859
131008.09372070548
130961.58404962133
130911.93373804084
130772.73629560368
130655.8224199462
130619.38700111803
130480.18394717152
130373.42754055753
130236.97554225882
130159.24230406786
130063.21439272509
129981.59202423602
129888.75791856974
129822.06649789854
129770.54367355407
129651.60721055757
129562.14003848386
129447.69547835499
129342.6504694405
129313.13900295136
129304.31784684703
129250.07599795601
129060.91371396916
129011.98317577294
128940.95002510809
128873.0850180795
128759.38430027862
128616.50195142353
128571.65272284798
128272.75843862839
128193.25927427562
128099.14418940133
128021.827150025
128009.37814695103
127940.27496241117
127909.88448589158
127886.99774373007
127846.86073718326
127745.37229525919
127678.25506803638
127589.61570927904
127556.22553576328
127521.09005271853
127453.47522572454
127370.61869383419
127281.07197929067
127218.3939847504
127135.77940965098
127135.77940965098
127047.85751794583
127007.72941165291
126858.09117440073
126778.55320824565
126727.1825266532
126647.97398466153
126530.08562105426
126369.84915529346
126205.06561538954
126188.87582857748
126152.58599378032
126108.92049308348
126107.81518915607
126013.98396822099
125993.28171019512
125944.35988093069
125904.01999205271
125811.40330195896
125811.40330195896
125807.11202379531
125671.86883644156
125624.33392618143
125498.06960047991
125473.79504474351
125412.48889340344
125402.83775588164
125310.86082914873
125219.86824321935
125161.91249696836
125097.14080550038
124940.74679862306
124881.25552846232
124881.44470906476
124803.56948012441
124785.8948364779
124719.26120583131
124698.77751952231
124567.14682248628
124553.5473538437
124495.85922202132
124454.0487528009
124419.76028774379
124392.97573074808
124349.23993462918
124293.4563818223
124277.61144922618
124247.19951836068
124214.48706502334
124206.89780900176
124173.70269686548
124154.62668311922
124104.5854067895
124032.575203102
124023.37173274365
123972.22752898344
123926.23855608076
123870.52527254043
123868.26796316338
123752.92102020732
123715.85575481
123596.89207787257
123512.86940893786
123483.75208353874
123454.87684542136
123388.64156487133
123366.26651028816
123266.29971981261
123221.56706363197
123135.48061818154
123121.58609492295
123105.4017671953
123088.94911295036
123088.94911295036
122970.28054990932
122910.6022813674
122898.78779082323
122880.90155109682
122880.51149304723
122839.10276790767
122807.90763765917
122734.78169721254
122697.44100232182
122666.5006688735
122616.88487863919
122567.3677430335
122459.3747360447
122440.24863528626
122414.39844117926
122411.59547173494
122290.11504552283
122205.0632781571
122160.57906353506
122127.2414147435
122127.2414147435
122125.35550143146
122117.72391694413
122093.08758111793
122089.4136679161
122089.4136679161
122088.75876512643
122074.90989664302
122064.20696500372
121999.28481013328
121999.44471401541
121919.33304366897
121890.43659631352
121890.43659631352
121864.17412803142
121804.63136963802
121773.61575858734
121720.15923318441
121708.49567780684
121660.4235564878
121643.54509804488
121641.7789576197
121641.7789576197
121609.53689288412
121588.43042727622
121571.508529262
121487.70401835292
121481.61249575391
121481.61249575391
121482.15297644591
121469.41075194081
121469.41075194081
121461.2034354753
121441.00397389884
121441.00397389884
121427.78388035827
121427.78388035827
121387.18148920927
121387.18148920927
121387.18148920927
121384.18893204257
121383.55888371363
121366.709034512
121350.40110001556
121349.40770493195
121314.64570654323
121290.8446632021
121290.8446632021
121290.8446632021
121290.8446632021
121290.8446632021
121290.8446632021
121277.32553136977
121208.94974827423
121182.41020869624
121173.85907201917
121149.27637691828
121144.98593926043
121064.27520797256
121042.60756064462
121042.60756064462
121041.91797997848
121041.91797997848
121039.95222400769
120995.34320453249
120995.34320453249
120969.41706539677
120969.41706539677
120963.65681299209
120888.06136728934
120856.12701203636
120814.27365458853
120795.2297183292
120749.77642983967
120741.05762785114
120741.05762785114
120711.3876059503
120683.26789750633
120670.09356528215
120670.09356528215
120650.69097644059
120634.25067131099
