4291758.233563959
3871753.579646184
3505902.512523802
3174728.6091119396
2879306.2441341365
2615737.431109417
2398373.6426427793
2202600.5811603246
2018516.9977245592
1842354.1585274893
1675706.6483361775
1537881.3893131781
1408901.527125817
1306106.4692270295
1208869.4573427835
1119012.4437628002
1046919.3404980536
979762.7695172487
923073.08670841
865810.842042889
819872.3686308363
773497.0359574971
731082.7780890625
690564.6628178086
654250.0109642069
623120.2142663009
596823.5535377545
569252.9644544544
542864.8194352165
521461.45303880726
501735.0018549822
481478.821682385
459745.2420176158
443859.61852050846
430205.9256717457
418125.12225105846
404296.8601086733
394116.71643449477
379247.74604600284
368662.05001406325
359217.4191207974
350289.10586531984
341414.5310071745
334469.16963411856
327739.2045911884
320661.23188970215
312205.3250699463
304587.5413069119
297093.64884490764
289650.033440872
283201.55121401267
276528.37377412815
271867.33536879905
267737.4688899241
262886.3727096803
258350.9304538095
254148.18290123343
250262.8468589907
247203.3717060981
243511.5917999994
239972.0301559957
235929.49695852018
232979.80623103032
229315.9582685146
226309.17019091977
223697.6011575564
220728.33448033646
217497.0772234081
214524.43021114747
212131.09172618072
209779.83427189774
207057.11046691984
204886.31962574806
202089.12165279355
200310.99548576836
198011.58739679022
196146.6616327206
194469.00372511687
192859.18885040772
191526.04012959573
190407.7311422148
188886.327414544
187095.7191092794
185443.92040365198
183999.65653412626
182448.22957786254
180925.48209794282
179607.09413470776
178702.96752348868
176829.63173774176
175326.23984007584
174531.78466606716
173526.85461056937
173066.92914799284
172176.2380988563
171475.07327636803
170323.1826337632
169245.70701865002
168152.78810576897
167653.40589745165
166678.2086499462
165730.14903404843
165207.68204963367
164145.431924508
163077.66306696786
162487.90561870878
161882.54985969843
160726.4438361376
159805.8187928658
158999.17626236024
158644.9436772983
157886.02281671955
157621.6311261204
157388.52890369078
156787.02131052632
156215.66114191938
155864.787335934
155125.6872568425
154470.6633899398
154031.12610081167
153814.4508238154
153344.9258129045
152505.20177288662
152195.05557598552
151408.69344402
151061.55469649378
150228.4092007011
149512.68612922588
149193.40553195425
149113.8916331914
148842.6092591898
148367.07469129664
148169.89149472484
147551.2531767498
147384.81801337143
146831.6945974708
146244.28119641205
146095.20069863874
145660.51542746963
145282.45957626065
145094.86905717792
144737.32713908062
144335.85369094193
143991.79679697537
143709.491231028
143403.98063443572
143255.4566234294
142839.51313849472
142692.7299033136
142506.08586151857
142389.0637985834
142184.5487677876
141904.6326364964
141585.87329111286
141421.0959317003
141224.74470659214
141081.28931239172
140944.89393816356
140732.93158814745
140524.33024886542
140186.17339367382
140105.38648343988
139980.02886604134
139554.8446250749
139315.28537168744
139177.22929708305
138873.07656604575
138715.4806464138
138564.77907194808
138184.00536121597
138028.4896907853
137779.64014106255
137699.7122962486
137464.09851070418
137314.8417340825
137076.1388011243
136750.3870409549
136724.07824235392
136631.1266061326
136523.7819068954
136387.30621931035
136262.26722211717
136047.9832773737
135962.70793837955
135829.0238269556
135483.36610784943
135431.36462975753
135246.8031757095
135159.24273263253
135105.58687008938
134959.9581772032
134922.12854717023
134727.45699585252
134703.01109407772
134536.62195346018
134497.98725700087
134389.5946924985
134212.25996042814
134113.5778211507
134039.08302856365
133930.32822860073
133874.58544980394
133771.98796894442
133624.34698078095
133536.2318633736
133471.3730179943
133437.56991714443
133397.3843094288
133290.56462094904
133105.23064541715
133042.24320032058
132875.4696160251
132769.1319718722
132624.54957343452
132601.88331350326
132461.10667475953
132321.11710973247
132304.6768709909
132268.79179169345
132185.16391433225
132135.97398691403
131976.48918215896
131761.72638606094
131670.42796503223
131552.3599025511
131551.5843351999
131486.05572550453
131344.91692987288
131260.68835556746
131109.85327978007
131035.81608495367
130987.90104296486
130875.7638939353
130843.89392128738
130845.0018140329
130814.34507141792
130733.48323258138
130665.83850348514
130524.16091691496
130388.29376580805
130284.68360586716
130177.75132084712
130143.78929611035
130127.67564871626
130095.38269250978
129986.32231398535
129953.06104407077
129837.17700556526
129803.90105465232
129796.36741320601
129761.80301859861
129693.42758935913
129644.24751749616
129523.18412107545
129268.34033329555
129231.21066637337
129096.60875998344
129090.99592913305
129057.08472781979
128950.51970622888
128869.93005254364
128772.6613303238
128761.2113746356
128596.83659516837
128533.585468086
128511.75022033021
128395.1538600781
128368.91652523982
128301.03746955583
128278.60521843989
128097.68211570293
128056.75794657154
128021.56939366365
127974.82197548007
127913.04722774436
127863.9806455055
127767.88318605149
127708.96950478177
127700.98840222864
127653.52326803366
127607.43663702974
127591.63845662595
127477.50329842101
127477.16063982318
127434.42899875782
127359.87830718543
127311.01600987237
127304.19450574837
127246.38374289815
127225.54441731938
127190.34005226234
127122.94700604428
127120.6010137139
127108.38576871107
127103.46518432342
127051.1026364832
127029.22619719044
126999.34998259376
126928.54712534977
126874.29135800642
126844.79664351777
126720.08722619858
126686.71263299526
