4591281.1625370905
4456793.126561802
4347548.587267897
4264441.61797402
4195365.169668969
4098174.9682289804
4032167.9211717444
3930840.431889125
3864216.830395879
3779710.2648826735
3712342.4096767283
3646640.317638956
3582251.785433884
3533480.256215059
3459031.738171743
3418149.006409606
3346873.9146475503
3293918.29633616
3249887.0598664656
3202657.4392820857
3158746.4737729845
3113550.7700256743
3071584.861276591
3031478.734466275
2982040.2762582633
2948258.9548003334
2916235.5410051113
2884592.2904992774
2857710.7142445957
2816781.670694839
2796221.8405056046
2762568.327988968
2733090.6136301076
2707349.6598158516
2679166.3414125172
2655011.8956990186
2638171.553105507
2611854.248827264
2586842.7341713626
2570881.6116013983
2542897.623112037
2528445.247249241
2510042.423516484
2495157.0689985435
2477526.635082308
2469731.18365821
2459660.6362054683
2443616.1493264893
2433327.1864310554
2419563.9614160922
2407229.417045638
2391220.3298184522
2376475.691627466
2360742.627959237
2340866.7522063362
2322598.3023826764
2300746.082788674
2284686.3752948088
2272002.7891261824
2261345.8547605705
2247655.3056970364
2233879.908374279
2224943.029324434
2208783.175637778
2195498.308060906
2180387.162617569
2169470.2019029506
2159015.4585744585
2146024.5707888273
2133245.5708892886
2125039.8308816515
2113839.016686638
2099779.088237056
2093777.8745847507
2090237.0426998304
2074572.9906823998
2061970.320326667
2048691.7020760227
2039842.593546855
2033049.7920805893
2023874.2032991918
2014766.069277823
2001549.6231983756
1993991.2764170356
1992596.9468427114
1988236.7778987275
1980873.5903142467
1972987.0791135784
1965655.45915625
1957121.2459065723
1952880.2824602057
1947373.8112710395
1943146.777949226
1937159.2235204258
1933073.907212609
1930049.690655711
1926258.99702943
1920931.8930445674
1916140.6623414878
1907523.050741815
1901317.052727714
1899617.6249408675
1893663.0314618428
1883792.8452747131
1880322.6165680417
1877430.627454538
1872630.550547874
1868859.8090600008
1860847.7256294016
1856000.0516976966
1851688.8158753617
1846005.216526756
1843197.814174919
1840495.7982178302
1834054.9903286523
1830749.7109384537
1822551.8895120418
1821776.1412642682
1815637.6184637342
1811905.1192823169
1806997.641186813
1802382.340300392
1801063.983240132
1797681.303739265
1793071.306102635
1790803.4098365589
1787151.8828798786
1784931.5041548177
1779114.871942164
1774985.089757231
1769139.89207683
1765026.505650925
1762917.360969386
1757657.973836856
1754052.3933581577
1752422.6514594094
1748201.6308734552
1743624.646802182
1738865.0716165518
1735787.625106852
1730457.8368773058
1727039.313550129
1722028.3236863806
1717773.9949397198
1711717.0609129365
1707944.2633790225
1701293.91882062
1696085.7478044797
1691816.1362904203
1688714.2735571028
1686671.4268633905
1682992.8212404503
1677690.3235439218
1672645.828064526
1671004.068780013
1666921.1269107107
1659621.0688159002
1657780.7536565552
1654045.7885944047
1649803.4113772195
1647276.7974829553
1645499.2812578697
1642971.5160540235
1639389.377531886
1637632.8658319754
1634378.0182995684
1632676.7375379093
1630600.1336137766
1628932.4753197196
1625779.2852964376
1619572.010003772
1616281.2112088387
1614362.2264782859
1612638.7369959177
1611307.0841838631
1608263.8898602892
1605591.9025363205
1602239.903035673
1599283.7242388022
1598076.5551940387
1596798.9725638754
1594666.2917836183
1592027.9438582235
1590315.034908595
1585157.5066463773
1584208.5816208806
1582626.1267752254
1581092.269676989
1580779.8489575398
1578566.0400830363
1576743.697730207
1575301.2431184943
1573225.5035666076
1572597.3590800427
1567799.661441242
1567087.172341742
1565799.7537532682
1564530.7324468307
1563880.2323596962
1559591.455400994
1555216.0803668564
1552116.8872293658
1549385.3248051256
1548576.845813728
1543553.2173767856
1542235.3744648437
1540941.6131265527
1537651.7633387547
1533342.0025838453
1532369.9628762673
1531785.9052147493
1528688.8727133612
1527695.539927985
1527571.5481616957
1526378.832648511
1524690.7767310184
1521922.7441688618
1521521.5953663783
1518577.1095020731
1515607.58484186
1511960.3425943279
1511945.2055193214
1510316.0069757898
1508826.229941572
1507093.252324175
1505549.9386957937
1504675.4239929346
1500108.4296200175
1499014.7243027345
1498396.846056033
1498117.0381006927
1494371.8270543278
1493052.153460319
1491586.3790788688
1488027.799456488
1486888.0818124288
1484378.2735525416
1481258.353547641
1479460.5708956735
1478694.4999080196
1475608.730056136
1474797.4457191033
1473072.7299330723
1472858.152896034
1472632.725701814
1472140.5646564565
1471537.2287026695
1469569.486743399
1469269.2228105334
1463055.9881898626
1462182.0879420054
1461404.0578670248
1460024.7707754294
1458512.0813942505
1456441.328137651
1454639.687268593
1454591.1877317824
1453564.7574078483
1451785.3659793213
1449062.3536397517
1449062.3536397517
1448964.0775121043
1444148.3825088642
1440985.609956622
1438919.6040151638
1436232.035658225
1436232.035658225
1435400.5145466747
1430877.4359654041
1428898.2092807936
1427044.3418841416
1426616.387465585
1425526.5698330281
1424850.935520838
1424850.935520838
1424850.935520838
1423713.6463570823
1421771.297852714
1420957.9321764577
1418754.4170660176
1418010.9362530215
1416349.6223839545
1415770.329599795
1415037.4367370307
1413299.0814427591
1412673.6128396764
1412411.5049806251
1409155.6283832397
1408221.1987771117
1405654.247476229
1404446.298402395
1401492.481416524
1401421.6694518812
1400720.1055852869
1399800.5660507646
1399800.5660507646
1398717.7672748575
1396849.8781592625
1396838.8577228885
1396433.022231325
1395632.1350801375
1395632.1350801375
1395141.397141838
1394440.7369011366
1394042.7616919936
1393769.1678199014
1393423.3999631351
1393277.5226834486
1390290.5744365733
1389902.4873294323
1389394.8353038158
1389286.5713528825
1388441.1081527905
1386319.2671441168
1384529.0206887615
1383740.6112711616
1382523.3446150583
1381525.2364082274
1377977.437141169
1376152.4959682412
1374985.8339636007
1374087.4210347822
1373940.1275462846
1373789.2920363
1371955.924198721
1370755.047787072
1369297.584387099
1366765.885476862
1364249.8997759176
1361495.3705666624
1359843.281446633
1357927.4784404133
1355269.4296809663
1353713.4531725245
1353310.6015356437
1352064.5135756033
1351630.8090123541
1349934.2966830854
1347485.6517384893
1347259.8770901966
1346203.6227655942
1345862.3356417865
1344528.4545406564
1344483.769275946
1344471.1603493812
1344368.6382626533
1344368.6382626533
1344141.5379725215
1344141.5379725215
1341574.399261244
1341574.399261244
1341246.6356156762
1339705.5616439376
1339585.2882411475
1337457.9564867206
1336804.0819634397
1336098.6791558245
1335798.841279392
1335472.734251168
1335244.391337561
1334228.4452594044
1332138.2763502744
1331451.5030229916
1330280.9747608528
1328545.8688287097
1327364.9555009438
1326590.6500753618
1326590.6500753618
1326339.1283027781
1324644.0125945255
1324118.180342557
1324118.180342557
1321707.8228494292
1320827.8357964382
1320793.216174955
1320636.637906975
1320576.1118578345
1320300.2241679733
1320188.1724390814
1320112.7784748739
1319769.3842461759
1319306.8753560134
1317279.9344301645
1316534.7322608111
1316509.8810065025
1316272.8954323332
1315760.2677348168
1315493.2606962377
1315493.2606962377
1314778.078211171
1314251.6915221806
1311682.5589445776
1311434.7840716876
1311123.8855774743
1310607.4428945025
1309949.2824791726
1309790.4618006968
1309790.4618006968
1309790.4618006968
1309790.4618006968
1309335.3764600782
1308699.260840836
1307730.8844474657
1306275.6034499418
1304447.9438430285
1303814.1706578038
1302270.3373518419
1301866.6350827832
1301465.4190637697
1300623.8317740727
1300061.816515259
1299513.3657198888
1298290.6157174748
1297690.1166158975
1297690.1166158975
1297690.1166158975
1297015.5440433263
1296152.586186526
1295510.8946292186
1295000.420492176
1294954.1161986124
1293703.186307787
1292987.5874431073
1292208.9356439272
1290481.8726652216
1289359.2092080005
1288071.041656158
1288071.041656158
1288071.041656158
1287612.9462113066
1287612.9462113066
1287612.9462113066
1286371.7140353273
1286371.7140353273
1285998.5749567621
1285971.268415684
1285210.7781615304
1285210.7781615304
1285210.7781615304
1282833.1802843716
1280702.2452240223
1280248.2160686492
1278937.0092408825
1278597.345849422
1277849.603022969
1276944.3085286072
1276944.3085286072
1276944.3085286072
1275622.3737372917
1275355.152178913
1274950.6002097367
1274950.6002097367
1272880.7947106108
1271844.305078359
1271515.6843256122
1269988.7357932248
1269784.154105375
1269203.630115815
1268897.6750091417
1268398.9932856364
1267840.1117765338
1267239.2344034154
1267239.2344034154
1266240.9871168719
1266240.9871168719
1265899.575877032
1265790.7168487278
1264500.1762238953
1264500.1762238953
1263538.6862249814
1262477.841082584
1262446.8778756652
1261944.640030823
1260403.972053119
1259670.8973657438
1258997.258212008
1258997.258212008
1258860.8311052732
1257846.8645532893
1255623.3257567384
1255576.4531733696
1255233.4027642668
1254938.5751445247
1253983.7881030624
1253760.9624749091
1253414.0642786727
1253393.615327802
1252968.84978464
1252597.078449584
1252340.9564271115
1251626.9919983312
1251471.1248343245
1250624.1392638881
1249907.2512499164
1249907.2512499164
1249907.2512499164
1249744.9406587384
1248452.7544961097
1247795.1039988822
1247696.4681526963
1247476.83762903
1247476.83762903
1246975.1024148776
1246664.1682466283
1245350.8562196454
1244922.5223026779
1244894.93796559
1244447.1878910812
1244447.1878910812
1243305.8161164923
1242276.7820922274
1242172.15407527
1241039.8563863193
1239713.2969785957
1239713.2969785957
1239150.0087649075
1238943.323494411
1238283.2572493418
1238132.5663282238
1238132.5663282238
1237703.8260815907
1237476.5466720695
1234935.0216688942
1234935.0216688942
1233632.022384496
1232892.625458358
1231173.9021613444
1230292.3479089686
1229742.340271148
1229731.7616961394
1229731.7616961394
1227851.4892224125
1227713.3604440917
1226650.5565408543
1226361.4091382981
1225108.8591731628
1225108.8591731628
1224041.190492039
1223638.1477298995
1223306.9083226377
1221998.0965761496
1220855.3572828486
1220499.7046347586
1219353.1608283983
1219353.1608283983
1219259.1282166587
1219039.3788759343
1218962.8087762739
1218363.450025511
1217623.6472351048
1217010.7327310527
1217010.7327310527
1217010.7327310527
1216831.8012702318
1216083.9930761948
1215819.9564113966
1214828.0336253436
1214388.857232883
1214388.857232883
1214266.1319486229
1213569.2649211406
1213158.0871375185
1212302.8089697692
1211918.1931422865
1210261.7517968086
1207650.897295302
1207650.897295302
1205721.2317746629
1205486.5509723206
1204872.7408138118
1202888.2364116337
1202888.2364116337
1199924.8997760415
1199924.8997760415
1199924.8997760415
1199621.929839582
1199621.929839582
1199621.929839582
1199322.8040606969
1198449.0079816952
1197784.36636791
1197268.1828676015
1197268.1828676015
1197178.7266279273
1197178.7266279273
1197178.7266279273
1197178.7266279273
1196293.2169086435
1196293.2169086435
1196094.9038737635
1195187.5602208488
1193283.0865857117
1193283.0865857117
1193283.0865857117
1193283.0865857117
1192944.9848307855
1192944.9848307855
1192923.5124930008
1191323.0001441014
1191323.0001441014
1190833.0334409215
1189423.2558989169
1189405.6925536722
1189138.4649341216
1189124.5680168215
1189124.5680168215
1189124.5680168215
1188608.686449584
1188608.686449584
1188608.686449584
1188608.686449584
1188262.6358729799
1188231.073322766
1187651.8472561017
1186647.422762436
1186135.7316964401
1184588.9108152546
1183363.0674226738
1182035.406368834
1182035.406368834
1182035.406368834
1182035.406368834
1182035.406368834
1182035.406368834
1182035.406368834
1182035.406368834
1181738.3087673392
1180649.3931854954
1180469.9636837607
1179265.8827466432
1178665.5873789121
1178665.5873789121
1176953.2159421938
1176868.4605953034
1176753.376010358
1176753.376010358
1176753.376010358
1176699.6853564084
1176699.6853564084
1176109.883502759
1176017.6201672212
1175582.450596428
1175582.450596428
1174499.856858589
1174467.1960614803
1174467.1960614803
1172892.814205281
1172892.814205281
1172892.814205281
1172892.814205281
1172668.3857956785
1172668.3857956785
1172668.3857956785
1172317.2724799365
1171995.0879375683
1171192.8239304936
1170786.472373494
1170751.6293463223
1170718.3594789398
1169811.3928917274
1167025.9876001175
1167025.9876001175
1166614.9855708578
1166614.9855708578
1166584.8319231684
1166333.5588463985
1164970.2875820263
1164947.8350695847
1164947.8350695847
1164947.8350695847
1163742.522720231
1160979.9550616874
1160979.9550616874
1160979.9550616874
1160979.9550616874
1160617.6616192283
1160617.6616192283
1159823.3235417309
1159321.8756920337
1159321.8756920337
1159321.8756920337
1158212.336245753
1158212.336245753
1158119.1408182746
1158119.1408182746
1158119.1408182746
1158119.1408182746
1158119.1408182746
1157571.9781756592
1157121.62332032
1156927.516471848
1156927.516471848
1156927.516471848
1156927.516471848
1156927.516471848
1156927.516471848
1156927.516471848
1156927.516471848
1156927.516471848
1156927.516471848
1156927.516471848
1156927.516471848
1156927.516471848
1156927.516471848
1156927.516471848
1156927.516471848
1156927.516471848
1156927.516471848
1156927.516471848
1156927.516471848
1156927.516471848
1156411.593130895
1156035.5029707483
1156035.5029707483
1154927.8047806516
1154927.8047806516
1154075.7547266388
1153706.195563333
1153607.1406629127
1153607.1406629127
1153457.196385996
1152044.5188200856
1152044.5188200856
1152044.5188200856
1151437.7168274992
1151437.7168274992
1150937.9247024378
1150507.4810117113
1149232.9421345512
1148520.1633439353
1148164.3308054658
1148164.3308054658
1147535.019231198
1147535.019231198
1147535.019231198
1147535.019231198
1147535.019231198
1147049.4717567586
1146034.1996440308
1144812.489477335
1144791.8625351791
1143809.8769715216
1143809.8769715216
1141787.9681352635
1141787.9681352635
1141787.9681352635
1141496.61896022
1140283.0020671475
1139679.787915678
1139679.787915678
1139679.787915678
1139572.3064798699
1139572.3064798699
1139043.0811620532
1139043.0811620532
1138779.2678769059
1138544.0829337495
1138544.0829337495
1138504.3601829133
1137906.7263101535
1137867.9694187688
1137867.9694187688
1136732.4134540688
1136320.6646850626
1136320.6646850626
1135498.5251041362
1135498.5251041362
1133620.5008041644
1133620.5008041644
1133620.5008041644
1132729.5465414163
1132538.060714934
1132538.060714934
1131996.0828743929
1131347.5502832248
1131159.4008890002
1131159.4008890002
1131079.3401436545
1131069.0497565148
1130812.956534881
1130266.554439986
1130114.4689850062
1128210.4072320627
1128210.4072320627
1128210.4072320627
1128210.4072320627
1128210.4072320627
1128210.4072320627
1127963.2692596419
1127163.4899863263
1126688.8193939691
1125560.479432796
1125560.479432796
1125027.094807819
1125027.094807819
1125027.094807819
1124787.0086729648
1124787.0086729648
1124773.9597140038
1124437.8725359265
1124437.8725359265
1124305.2348520174
1124305.2348520174
1123580.0281361472
1123580.0281361472
1123016.2358778366
1122280.5211199042
1122280.5211199042
1122280.5211199042
1122222.6220183475
1122100.8098243563
1121623.9702191676
1121623.9702191676
1121623.9702191676
1121623.9702191676
1120823.1481689992
1120441.5470141466
1119269.6334855484
1119269.6334855484
1119269.6334855484
1119182.8932870054
1119182.8932870054
1119182.8932870054
1119182.8932870054
1118620.144627733
1118483.6798547553
1118439.9884728047
1118346.5706306188
1118346.5706306188
1116986.5400420958
1116954.2202581712
1116559.241791692
1116038.6165106846
1116038.6165106846
1115815.6578710293
1115381.7774223355
1115381.7774223355
1115381.7774223355
1115087.9525657606
1115087.9525657606
1115087.9525657606
1114171.6040301803
1114171.6040301803
1114039.1611185246
1114036.6730400636
1113868.3394563342
1113777.1840699846
1113351.3911904707
1112078.1407939428
1111341.739358148
1110672.6926519983
1110672.6926519983
1108396.7255553373
1108019.2918375228
1108019.2918375228
1107637.8697885927
1107637.8697885927
1107607.8447011244
1107585.1839848487
1107585.1839848487
1106546.9021582152
1106019.0215541264
1105831.382687313
1105831.382687313
1105436.8880594894
1105212.3416135497
1104797.3509933609
1104797.3509933609
1104797.3509933609
1104533.8419642246
1104533.8419642246
1104221.6048529407
1103601.815007405
1103333.6316037416
1103333.6316037416
1103333.6316037416
1102403.274289505
1102000.7020200933
1102000.7020200933
1101295.4868473604
1101150.4207776277
1101150.4207776277
1100991.605650418
1100826.4120801298
1099576.4649850605
1098455.086995763
1098407.246262169
1098407.246262169
1098407.246262169
1098407.246262169
1098071.532113893
1098071.532113893
1098071.532113893
1097869.5760440524
1097511.943419447
1097511.943419447
1097196.751793923
1096835.047546688
1096805.9002187336
1096262.6027349266
1096262.6027349266
1095627.1944793127
1095535.1191305644
1095535.1191305644
1095535.1191305644
1094926.3585500973
1094745.086727148
1094485.794914574
1094391.6892160478
1094235.652288165
1092997.6285260285
1092997.6285260285
1092786.0631175055
1092449.1220105742
1092449.1220105742
1092449.1220105742
1092220.0728113505
1091854.752566388
1091854.752566388
1091854.752566388
1091854.752566388
1091854.752566388
1091553.7784179756
1091553.7784179756
1091242.797280595
1091242.797280595
1090849.1234233277
1090849.1234233277
1090849.1234233277
1090849.1234233277
1090849.1234233277
1090849.1234233277
1090849.1234233277
1090849.1234233277
1090464.8797188178
1090464.8797188178
1090156.9692669478
1089729.2994638882
1089596.4507282046
1089005.2517075632
1088181.7693728618
1088181.7693728618
1088104.3978244052
1088068.4176083351
1088068.4176083351
1087965.3530977299
1087965.3530977299
1087965.3530977299
1087965.3530977299
1087965.3530977299
1087965.3530977299
1087965.3530977299
1087965.3530977299
1087791.8883531447
1087791.8883531447
1087791.8883531447
1087617.1975490218
1087617.1975490218
1087617.1975490218
1085981.761294197
1085515.2033327448
1085468.782705569
1085468.782705569
1084571.8613346885
1084571.8613346885
1084306.2521248325
1084193.487452122
1083952.96207061
1083952.96207061
1083891.0372438885
1083891.0372438885
1083891.0372438885
1083614.7540626973
1083614.7540626973
1083547.6660728143
1083547.6660728143
1083547.6660728143
1083547.6660728143
1083547.6660728143
1083488.433903522
1083488.433903522
1083488.433903522
1083375.1678191037
1082722.406139532
1082673.7350499518
1082123.2774036066
1081301.4455814883
1081156.7414114284
1080932.0555230333
1080932.0555230333
1080829.9190312847
1080829.9190312847
1080059.6507680318
1080059.6507680318
1080059.6507680318
1079928.6052614541
1079928.6052614541
1079463.8927528625
1079463.8927528625
1079340.5175426619
1078666.4705538785
1078211.2661715264
1078009.5135139492
1078009.5135139492
1076947.9438214595
1076762.5514390755
1076474.976536575
1076474.976536575
1076474.976536575
1076474.976536575
1076005.942308508
1076005.942308508
1076005.942308508
1075856.128004302
1075357.3986189598
1075357.3986189598
1075325.213314809
1075238.8707125895
1075069.7717613429
1075069.7717613429
1075069.7717613429
1074136.0811329326
1074136.0811329326
1074081.0613786208
1074081.0613786208
1074081.0613786208
1074081.0613786208
1074081.0613786208
1074081.0613786208
1074005.1820367824
1073738.1774200965
1073738.1774200965
1073543.1999670563
1073362.254043628
1073362.254043628
1072765.6777207814
1072765.6777207814
1072765.6777207814
1072765.6777207814
1072765.6777207814
1072765.6777207814
1072297.8892958928
1071827.3766354178
1071827.3766354178
1071827.3766354178
1071052.7227383303
1071052.7227383303
1070186.5382414118
1069120.9701812537
1069120.9701812537
1068846.3966026888
1068846.3966026888
1068766.2850443579
1068766.2850443579
1068286.9116900787
1067646.3055707826
1067218.634550005
1067218.634550005
1067218.2299808683
1067218.2299808683
1067159.5036902516
1067159.5036902516
1067144.1397124436
1067144.1397124436
1067054.2059196099
1067054.2059196099
1066843.1926310682
1065987.0678452372
1065552.0209775763
1065525.3140599004
1065525.3140599004
1065426.7748772365
1065388.7083917807
1065242.5213177418
1064763.185312498
1064763.185312498
1064763.185312498
1064763.185312498
1064763.185312498
1064763.185312498
1064732.3680857592
1064732.3680857592
1064643.3719328218
1064643.3719328218
1064643.3719328218
1064061.6651509386
1064061.6651509386
1063194.932017854
1063059.2372987168
1063059.2372987168
1063027.1746423286
1062259.6293432794
1062259.6293432794
1062259.6293432794
1062154.2904336445
1062154.2904336445
1062115.7167591413
1062115.7167591413
1062115.7167591413
1062115.7167591413
1062115.7167591413
1060552.1470887691
1060552.1470887691
1060552.1470887691
1060552.1470887691
1060059.7738987464
1059883.0729147508
1059883.0729147508
1059883.0729147508
1059883.0729147508
1059684.4641403388
1059684.4641403388
1059468.401555575
1059000.187485605
1059000.187485605
1058979.0720387194
1058556.7792205028
1058556.7792205028
1058491.7563626682
1058491.7563626682
1058491.7563626682
1058491.7563626682
1058491.7563626682
1058034.155049621
1058034.155049621
1058034.155049621
1058034.155049621
1058034.155049621
1057023.9482142117
1057023.9482142117
1056870.38777414
1056814.8685009032
1056223.4092608884
1056125.4208635723
1056125.4208635723
1056125.4208635723
1056125.4208635723
1056125.4208635723
1055848.149554445
1055848.149554445
1055848.149554445
1055848.149554445
1055720.0669578132
1055427.5013498105
1054147.0672241703
1054147.0672241703
1053099.9832859095
1053043.7708641947
1052635.9485151577
1052368.8118864591
1052368.8118864591
1052368.8118864591
1052368.8118864591
1052368.8118864591
1052368.8118864591
1052262.8189938585
1052217.680600165
1052217.680600165
1051979.8067972767
1051979.8067972767
1051979.8067972767
1051979.8067972767
1051910.745271671
1051208.4164339143
1051208.4164339143
1051208.4164339143
1051208.4164339143
1051127.157051045
1049857.7631419844
1049857.7631419844
1049857.7631419844
1049810.8127303165
1049810.8127303165
1049810.8127303165
1049810.8127303165
1049448.3194868057
1049448.3194868057
1049448.3194868057
1049448.3194868057
1048851.0755064925
1048851.0755064925
1048851.0755064925
1048348.8002315378
1047203.1529630134
1047203.1529630134
1047145.5695192411
1047097.0693553699
1047097.0693553699
1047097.0693553699
1047097.0693553699
1046970.8973057342
1046970.8973057342
1046687.5709722119
1046571.5393976249
1046571.5393976249
1046571.5393976249
1046160.3113127439
1046160.3113127439
1045815.3445995849
1045675.0905338201
1045675.0905338201
1045675.0905338201
1045675.0905338201
1045675.0905338201
1045675.0905338201
1045516.5012031267
1045516.5012031267
1044660.11124791
1044541.5729859159
1044541.5729859159
1044222.3291223964
1044171.9021491928
1044171.9021491928
1044171.9021491928
1043361.2739615507
1043361.2739615507
1042544.0022423526
1042544.0022423526
1042153.1835786267
1042153.1835786267
1042153.1835786267
1042153.1835786267
1042153.1835786267
1042153.1835786267
1042153.1835786267
1042153.1835786267
1042153.1835786267
1041666.6090602884
1040483.5803219925
1040483.5803219925
1040483.5803219925
1040239.3419717883
1040239.3419717883
1039507.04806481
1038629.5950013469
1038629.5950013469
1038629.5950013469
1038629.5950013469
1038629.5950013469
1038629.5950013469
1038478.3209337902
1037926.145025467
1037918.4919503987
1037756.486983987
1037756.486983987
1037756.486983987
1037756.486983987
1037095.5853911014
1037095.5853911014
1037095.5853911014
1037095.5853911014
1037095.5853911014
1037020.0834221612
1036899.5466031908
1036650.0805730834
1036650.0805730834
1036481.4115295794
1036481.4115295794
1036481.4115295794
1036270.8592890485
1036270.8592890485
1036270.8592890485
1035527.1505665348
1035527.1505665348
1035527.1505665348
1035527.1505665348
1035164.536549879
1035164.536549879
1035164.536549879
1034609.0428261029
1034260.3698862686
1034260.3698862686
1034075.9821103327
1034075.9821103327
1033291.2473184282
1033291.2473184282
1033291.2473184282
1032971.6771239811
1032971.6771239811
1032971.6771239811
1032520.7286270959
1032242.4520224994
1031960.9434599084
1031103.1346740888
1031103.1346740888
1031103.1346740888
1031103.1346740888
1031103.1346740888
1030395.9295087334
1029611.3229850868
1029611.3229850868
1029583.225296567
1029583.225296567
1029583.225296567
1029473.1799060123
1028614.3530735126
1028614.3530735126
1028614.3530735126
1028325.7522508678
1028325.7522508678
1028066.0884792119
1027852.1428321535
1027852.1428321535
1027852.1428321535
1027852.1428321535
1027391.6225941031
1027391.6225941031
1027391.6225941031
1026686.670887911
1026455.7620786756
1026455.7620786756
1025795.9470693127
1025795.9470693127
1025795.9470693127
1025795.9470693127
1025795.9470693127
1025795.9470693127
1025795.9470693127
1025795.9470693127
1025795.9470693127
1025400.878805901
1025400.878805901
1025051.2071518891
1025051.2071518891
1025051.2071518891
1024517.0315147609
1024218.2378867124
1024218.2378867124
1024006.7769231468
1024006.7769231468
1023872.1305542381
1023738.9595235996
1023645.3703340022
1023645.3703340022
1023645.3703340022
1023645.3703340022
1023645.3703340022
1023645.3703340022
1023645.3703340022
1023459.3133881092
1023459.3133881092
1023459.3133881092
1023424.9311324079
1023424.9311324079
1022750.3565270986
1022750.3565270986
1022750.3565270986
1022750.3565270986
1022249.7048377302
1022249.7048377302
1022249.7048377302
1022024.5081419039
1021994.4196404623
1021994.4196404623
1021951.1756763816
1021951.1756763816
1021951.1756763816
1021785.6980866485
1021785.6980866485
1021785.6980866485
1021785.6980866485
1021785.6980866485
1021605.9241902228
1020935.0194242722
1020935.0194242722
1020935.0194242722
1020935.0194242722
1020935.0194242722
1020935.0194242722
1020935.0194242722
1020935.0194242722
1020935.0194242722
1020935.0194242722
1020935.0194242722
1020935.0194242722
1020935.0194242722
1020935.0194242722
1020548.3543519638
1020548.3543519638
1020548.3543519638
1020452.2837114972
1020452.2837114972
1020452.2837114972
1020452.2837114972
1019921.8171425743
1019764.2214983618
1019764.2214983618
1019450.2076799045
1019450.2076799045
1019450.2076799045
1019326.87873251
1019326.87873251
1019056.1226353399
1018504.329568757
1018269.5686993508
1018269.5686993508
1018269.5686993508
1018269.5686993508
1018269.5686993508
1018269.5686993508
1018087.6515006091
1018087.6515006091
1018087.6515006091
1018087.6515006091
1018087.6515006091
1018087.6515006091
1018087.6515006091
1017165.670354781
1017165.670354781
1016182.6809753557
1016015.9446908263
1016015.9446908263
1016015.9446908263
1016015.9446908263
1015661.082159422
1015191.7065828703
1015191.7065828703
1015191.1252660586
1015184.1395192044
1014550.8773610095
1014550.8773610095
1014550.8773610095
1014550.8773610095
1014550.8773610095
1013131.1560453884
1013131.1560453884
1013131.1560453884
1013131.1560453884
1013131.1560453884
1013131.1560453884
1013131.1560453884
1012654.0091137291
1012288.4121253227
1012288.4121253227
1011752.150430545
1011752.150430545
1011703.5520337919
1011703.5520337919
1011703.5520337919
1011703.5520337919
1011552.3626694457
1011552.3626694457
1011552.3626694457
1011552.3626694457
1011552.3626694457
1011552.3626694457
1011552.3626694457
1011552.3626694457
1011545.1048642677
1011047.0815259583
1011047.0815259583
1011047.0815259583
1011047.0815259583
1011047.0815259583
1010882.3242110062
1010882.3242110062
1010643.5327826135
1010218.7750513711
1010218.7750513711
1009985.6772130427
1009230.2990810792
1009230.2990810792
1008982.4136525788
1008982.4136525788
1008705.5298499287
1008705.5298499287
1008705.5298499287
1008705.5298499287
1007974.055027599
1007081.8355619545
1006242.3151839687
1005835.8841467691
1005835.8841467691
1005835.8841467691
1005336.0192245082
1005107.5855451014
1004958.0612788303
1004958.0612788303
1004958.0612788303
1004820.7984528264
1004665.0592939775
1004665.0592939775
1004525.2088376192
1004525.2088376192
1004525.2088376192
1004525.2088376192
1004525.2088376192
1004442.5717887182
1004343.020779398
1003821.6780973887
1002910.7250751252
1002910.7250751252
1002910.7250751252
1002910.7250751252
1002852.6316299553
1002852.6316299553
1002743.0693571168
1002743.0693571168
1002743.0693571168
1002743.0693571168
1002743.0693571168
1002743.0693571168
1002460.9487527586
1002357.5777961314
1002357.5777961314
1002357.5777961314
1002357.5777961314
1002065.752626325
1001295.5333759147
1001295.5333759147
1000532.1863148422
1000165.6812888032
1000165.6812888032
1000165.6812888032
1000165.6812888032
1000165.6812888032
998927.8577160693
998894.1182327769
998894.1182327769
998894.1182327769
998699.2226129265
998699.2226129265
998370.1763774939
998370.1763774939
998370.1763774939
998370.1763774939
998370.1763774939
998370.1763774939
998242.317336184
998140.5086819667
998140.5086819667
997930.1043519194
997930.1043519194
997930.1043519194
997930.1043519194
997765.2366985912
997765.2366985912
997765.2366985912
997765.2366985912
997765.2366985912
997765.2366985912
997765.2366985912
997765.2366985912
997734.0063700106
997734.0063700106
997689.2970568566
997689.2970568566
997650.2991819889
997650.2991819889
997410.9919969931
997410.9919969931
997410.9919969931
997368.41378473
997368.41378473
997368.41378473
997368.41378473
997368.41378473
997368.41378473
997368.41378473
997368.41378473
997070.3450916088
997070.3450916088
997070.3450916088
997070.3450916088
997070.3450916088
997070.3450916088
997070.3450916088
997070.3450916088
996807.0944719346
996807.0944719346
996807.0944719346
996807.0944719346
996685.6180881669
996685.6180881669
996685.6180881669
996111.2513326413
995586.0132114842
995586.0132114842
995423.8847513137
995423.8847513137
994602.5084321089
994602.5084321089
994602.5084321089
994602.5084321089
994568.1769610948
994566.7323940776
994566.7323940776
994566.7323940776
994566.7323940776
994172.0926282052
994172.0926282052
994172.0926282052
994172.0926282052
994172.0926282052
994172.0926282052
994117.6750981802
993859.1618277888
993859.1618277888
993859.1618277888
993859.1618277888
993859.1618277888
993859.1618277888
993859.1618277888
993859.1618277888
993859.1618277888
993712.3237004194
993712.3237004194
993712.3237004194
993712.3237004194
993712.3237004194
993712.3237004194
993712.3237004194
993712.3237004194
993712.3237004194
993206.220258736
992622.1497481922
992456.5874375335
992237.6936633862
992237.6936633862
991722.8948293461
991639.4410369901
991639.4410369901
991639.4410369901
991369.4090722344
991262.1524590515
991262.1524590515
991262.1524590515
991262.1524590515
991262.1524590515
991199.2700782456
991199.2700782456
991199.2700782456
991199.2700782456
991151.8251148255
991151.8251148255
991151.8251148255
991151.8251148255
991151.8251148255
990430.1799154703
990430.1799154703
990237.8228962258
990237.8228962258
989977.2920303543
989895.8356336834
989583.0756909773
989583.0756909773
989386.6767509066
989386.6767509066
989386.6767509066
989386.6767509066
989386.6767509066
988845.5775314956
988837.4980015148
988837.4980015148
988322.9043867592
988322.9043867592
988322.9043867592
988322.9043867592
988322.9043867592
988322.9043867592
988322.9043867592
988322.9043867592
988322.9043867592
988322.9043867592
988322.9043867592
988322.9043867592
988322.9043867592
987846.6434289092
987846.6434289092
987846.6434289092
987846.6434289092
987846.6434289092
987846.6434289092
987846.6434289092
987846.6434289092
987846.6434289092
987694.4547582938
987694.4547582938
987694.4547582938
987694.4547582938
987694.4547582938
987501.6943810913
987501.6943810913
987099.644060615
987099.644060615
987099.644060615
987099.644060615
987099.644060615
987099.644060615
986979.7127149748
986979.7127149748
986979.7127149748
986979.7127149748
986979.7127149748
986979.7127149748
986979.7127149748
986979.7127149748
986979.7127149748
986702.2615885183
986702.2615885183
986702.2615885183
986702.2615885183
986702.2615885183
986702.2615885183
986702.2615885183
986080.7797167166
985175.3287373025
985175.3287373025
985175.3287373025
985175.3287373025
984718.8046270828
984718.8046270828
984718.8046270828
984718.8046270828
984619.7168163689
984619.7168163689
984619.7168163689
984357.9027978296
984357.9027978296
984357.9027978296
984357.9027978296
984357.9027978296
984357.9027978296
984007.8725348135
984007.8725348135
984007.8725348135
984007.8725348135
984007.8725348135
984007.8725348135
984007.8725348135
983766.0006901196
983766.0006901196
983766.0006901196
983587.1886319879
983587.1886319879
982147.7804444012
982147.7804444012
981300.4848065171
981300.4848065171
981300.4848065171
981300.4848065171
981300.4848065171
981300.4848065171
981300.4848065171
981300.4848065171
981300.4848065171
981300.4848065171
981300.4848065171
981300.4848065171
981300.4848065171
981153.3097312932
981153.3097312932
980842.6733132009
980551.475083214
980271.2893033886
980050.1428792459
979774.8246102764
979666.3005748552
979666.3005748552
979493.1910378566
979493.1910378566
979493.1910378566
979493.1910378566
979493.1910378566
979493.1910378566
979493.1910378566
979055.5290637133
979055.5290637133
979055.5290637133
978776.766428903
978776.766428903
978745.54585034
978643.7335361224
978643.7335361224
978643.7335361224
978643.7335361224
978643.7335361224
978351.0682859123
978351.0682859123
977922.8761461407
977881.2243760695
977850.2743297636
977850.2743297636
977244.3246600726
977244.3246600726
977205.9218509101
977205.9218509101
977205.9218509101
977205.9218509101
977205.9218509101
977126.1013803253
977126.1013803253
977126.1013803253
976798.8460489508
976798.8460489508
976530.317404116
976530.317404116
976530.317404116
976530.317404116
976530.317404116
976530.317404116
976530.317404116
976530.317404116
976530.317404116
976530.317404116
976473.6320108224
976450.0433066059
976450.0433066059
976450.0433066059
976450.0433066059
975758.9373734044
975496.5289602857
975496.5289602857
975496.5289602857
975370.0203718642
974998.1517070287
974998.1517070287
974998.1517070287
974998.1517070287
974883.7256179743
974883.7256179743
974883.7256179743
974657.2315878943
974657.2315878943
974657.2315878943
974657.2315878943
974657.2315878943
974657.2315878943
974107.2322563753
974107.2322563753
974107.2322563753
974107.2322563753
974107.2322563753
974107.2322563753
974107.2322563753
974107.2322563753
974107.2322563753
974107.2322563753
974107.2322563753
974107.2322563753
974107.2322563753
974107.2322563753
974107.2322563753
974107.2322563753
973916.9853755055
973916.9853755055
973916.9853755055
973901.0025434181
973901.0025434181
973901.0025434181
973372.7579736323
972945.4949112115
972945.4949112115
972945.4949112115
972945.4949112115
972945.4949112115
972945.4949112115
972945.4949112115
972945.4949112115
972945.4949112115
972945.4949112115
972945.4949112115
972945.4949112115
972945.4949112115
972618.4460743738
972618.4460743738
972559.2884206681
972559.2884206681
972559.2884206681
972559.2884206681
972559.2884206681
972559.2884206681
972559.2884206681
972559.2884206681
972559.2884206681
972402.3137016087
972402.3137016087
972402.3137016087
972165.0770596404
972165.0770596404
972165.0770596404
971914.7130585464
971888.1624687663
971888.1624687663
971888.1624687663
971670.604688889
971670.604688889
971670.604688889
971572.253336525
971454.7696171287
971454.7696171287
971454.7696171287
971454.7696171287
971454.7696171287
971454.7696171287
971454.7696171287
971454.7696171287
971454.7696171287
971454.7696171287
971454.7696171287
971454.7696171287
971454.7696171287
971454.7696171287
971454.7696171287
971454.7696171287
971285.6685847924
971285.6685847924
971285.6685847924
971285.6685847924
971285.6685847924
970795.2265406353
970205.7133049227
970205.7133049227
970205.7133049227
970205.7133049227
970205.7133049227
970205.7133049227
970205.7133049227
970205.7133049227
970205.7133049227
970205.7133049227
968835.9584657333
968835.9584657333
968497.4682782912
968497.4682782912
968497.4682782912
968497.4682782912
968497.4682782912
968497.4682782912
968497.4682782912
967119.6726045667
967119.6726045667
967119.6726045667
967119.6726045667
966954.2489466367
966954.2489466367
966761.9226982031
966761.9226982031
966761.9226982031
966761.9226982031
966761.9226982031
966761.9226982031
966761.9226982031
966761.9226982031
966761.9226982031
966761.9226982031
966761.9226982031
966543.5029558775
966543.5029558775
966543.5029558775
966543.5029558775
966283.2470135975
966283.2470135975
966283.2470135975
966283.2470135975
966283.2470135975
966283.2470135975
965525.9867464092
965525.9867464092
965242.6257529098
964722.0186920087
964722.0186920087
964722.0186920087
964722.0186920087
964722.0186920087
964722.0186920087
964722.0186920087
964722.0186920087
963892.6738468062
963892.6738468062
962911.9572821384
962196.5523070433
962007.9094203601
962007.9094203601
962007.9094203601
962007.9094203601
961732.075846867
961732.075846867
961732.075846867
961732.075846867
961732.075846867
961732.075846867
961732.075846867
961732.075846867
961732.075846867
961098.9393246956
961098.9393246956
961098.9393246956
961098.9393246956
961098.9393246956
961098.9393246956
961098.9393246956
961090.3323468643
960979.4095773962
960883.3955677673
960883.3955677673
960883.3955677673
960883.3955677673
960768.2635789213
960768.2635789213
960713.3764825594
960713.3764825594
960713.3764825594
960328.4910515007
960328.4910515007
960328.4910515007
960328.4910515007
960140.2564032183
959917.0062729717
959917.0062729717
959917.0062729717
959917.0062729717
959866.9729865883
959866.9729865883
959866.9729865883
959839.8156319249
959839.8156319249
959285.4857855357
959285.4857855357
959285.4857855357
959285.4857855357
959285.4857855357
959223.653557773
959174.4577588054
959174.4577588054
959174.4577588054
959174.4577588054
959174.4577588054
959174.4577588054
959174.4577588054
959174.4577588054
958977.9248333303
958910.8263339163
958074.081667033
957909.290138484
957509.0952869974
957208.1804558842
957208.1804558842
957208.1804558842
957208.1804558842
957208.1804558842
956902.7558955138
956902.7558955138
956902.7558955138
956902.7558955138
956902.7558955138
956902.7558955138
956902.7558955138
956475.6260387753
956475.6260387753
956475.6260387753
956475.6260387753
956475.6260387753
956475.6260387753
954999.8698050806
954747.1470291587
954747.1470291587
954747.1470291587
954299.4653262605
953867.4157439267
953867.4157439267
953867.4157439267
953804.2793952749
953804.2793952749
953804.2793952749
953804.2793952749
953804.2793952749
953804.2793952749
953804.2793952749
953804.2793952749
953499.207421558
953499.207421558
953499.207421558
953499.207421558
952732.5572635855
952732.5572635855
952732.5572635855
952732.5572635855
952732.5572635855
952485.1424774639
952485.1424774639
952485.1424774639
952389.6769067396
952389.6769067396
952389.6769067396
952219.576040035
952219.576040035
952219.576040035
952219.576040035
952219.576040035
952219.576040035
951949.700123315
951949.700123315
951449.1862790037
951449.1862790037
951449.1862790037
951448.5922841144
951448.5922841144
951448.5922841144
951448.5922841144
951448.5922841144
950325.8416901417
950325.8416901417
950325.8416901417
950325.8416901417
949707.4482080775
949707.4482080775
949707.4482080775
949707.4482080775
949707.4482080775
948666.290807243
948652.4210553397
948496.5811808021
948496.5811808021
948496.5811808021
948485.138215102
948485.138215102
948485.138215102
948485.138215102
948485.138215102
947837.5011391402
947837.5011391402
947837.5011391402
947837.5011391402
946688.7140940983
946688.7140940983
946688.7140940983
946688.7140940983
946688.7140940983
946688.7140940983
946335.9926291473
946335.9926291473
945885.275015956
945885.275015956
945885.275015956
945885.275015956
945885.275015956
945886.2974464082
945692.3701782012
945692.3701782012
945676.049073113
945676.049073113
945676.049073113
945676.049073113
945676.049073113
945596.2834381538
945596.2834381538
945596.2834381538
945413.7403881268
944860.4173775367
944860.4173775367
944860.4173775367
944860.4173775367
944860.4173775367
943206.5791202667
943206.5791202667
943206.5791202667
942739.4977641407
942710.8105841267
942710.8105841267
942710.8105841267
942710.8105841267
942710.8105841267
942710.8105841267
942710.8105841267
942084.6243724991
941458.6795630095
941458.6795630095
941458.6795630095
941458.6795630095
941458.6795630095
941436.7254135546
940541.1613383003
940541.1613383003
940541.1613383003
940541.1613383003
940541.1613383003
939081.8455824135
939081.8455824135
938334.5812701985
938334.5812701985
937882.195684322
937882.195684322
937882.195684322
937882.195684322
937882.195684322
937882.195684322
937880.4735703585
937880.4735703585
937880.4735703585
937880.4735703585
937880.4735703585
937880.4735703585
937880.4735703585
937880.4735703585
937880.4735703585
937725.1055282933
937725.1055282933
937725.1055282933
937725.1055282933
937725.1055282933
937725.1055282933
937725.1055282933
937725.1055282933
937725.1055282933
937725.1055282933
937725.1055282933
937725.1055282933
937725.1055282933
937168.5275393584
937168.5275393584
937168.5275393584
937168.5275393584
937168.5275393584
937168.5275393584
937091.5238352132
937091.5238352132
937091.5238352132
937091.5238352132
937091.5238352132
937091.5238352132
937091.5238352132
936509.8262025183
936509.8262025183
935943.5724077411
935943.5724077411
935387.8964467042
933686.0342466102
933686.0342466102
933686.0342466102
933686.0342466102
933686.0342466102
933686.0342466102
933686.0342466102
933686.0342466102
933686.0342466102
933643.4414751187
933643.4414751187
933619.6493919706
933619.6493919706
933619.6493919706
933619.6493919706
933619.6493919706
933619.6493919706
933619.6493919706
933619.6493919706
933619.6493919706
933619.6493919706
933619.6493919706
933619.6493919706
933383.2978287817
933383.2978287817
933383.2978287817
933375.6639459919
933375.6639459919
933375.6639459919
933375.6639459919
933358.5525357511
933208.6809656344
932591.848288426
932591.848288426
932591.848288426
932591.848288426
932591.848288426
932590.2565727872
932590.2565727872
932301.6558555115
932301.6558555115
932301.6558555115
931865.966752084
931865.966752084
931455.6982841049
931455.6982841049
931455.6982841049
931455.6982841049
931455.6982841049
931455.6982841049
931455.6982841049
931455.6982841049
931455.6982841049
931455.6982841049
931455.6982841049
931455.6982841049
931455.6982841049
931146.6506845087
931146.6506845087
930876.3656986598
930876.3656986598
930876.3656986598
930876.3656986598
930280.7335619736
930280.7335619736
930018.0916717341
930018.0916717341
929853.3529458437
929598.8933465993
929598.8933465993
929598.8933465993
929598.8933465993
929598.8933465993
929285.9103237374
929285.9103237374
929285.9103237374
929093.8715126133
929093.8715126133
929093.8715126133
929093.8715126133
929093.8715126133
929093.8715126133
929093.8715126133
929093.8715126133
929093.8715126133
929093.8715126133
929093.8715126133
929093.8715126133
929093.8715126133
929093.8715126133
929093.8715126133
929093.8715126133
929093.8715126133
929093.8715126133
929093.8715126133
929028.1345129353
928682.568425477
928682.568425477
928682.568425477
928682.568425477
928682.568425477
928682.568425477
928682.568425477
928682.568425477
928682.568425477
928682.568425477
928195.1946564885
928195.1946564885
928195.1946564885
928195.1946564885
928195.1946564885
928195.1946564885
928195.1946564885
928195.1946564885
928195.1946564885
927762.1486510786
927309.1745426286
927262.1572965857
927262.1572965857
927262.1572965857
927262.1572965857
927232.0208800356
927232.0208800356
927232.0208800356
927232.0208800356
927232.0208800356
927232.0208800356
927232.0208800356
927232.0208800356
927030.2630319158
927030.2630319158
927030.2630319158
927030.2630319158
927030.2630319158
927030.2630319158
927020.6272924423
927020.6272924423
927020.6272924423
927020.6272924423
926756.5276335117
926756.5276335117
926756.5276335117
926756.5276335117
926756.5276335117
926756.5276335117
926621.2135801718
926621.2135801718
926621.2135801718
926621.2135801718
926621.2135801718
926621.2135801718
926621.2135801718
926621.2135801718
926621.2135801718
926039.3820544984
926039.3820544984
926039.3820544984
925947.6908081716
925947.6908081716
925947.6908081716
925947.6908081716
925947.6908081716
925947.6908081716
925947.6908081716
925947.6908081716
925530.0274620701
925530.0274620701
925530.0274620701
925530.0274620701
925530.0274620701
925530.0274620701
925530.0274620701
925530.0274620701
925530.0274620701
925530.0274620701
925240.1866576618
924973.1865741583
924973.1865741583
924973.1865741583
924867.7669787698
924867.7669787698
924867.7669787698
924335.8014664752
924335.8014664752
924335.8014664752
924335.8014664752
923791.2965891084
923791.2965891084
923791.2965891084
923791.2965891084
923791.2965891084
923791.2965891084
923791.2965891084
923791.2965891084
923791.2965891084
923791.2965891084
923791.2965891084
923791.2965891084
923791.2965891084
923791.2965891084
923791.2965891084
923791.2965891084
923791.2965891084
923791.2965891084
923791.2965891084
923791.2965891084
922952.2828783661
922952.2828783661
922952.2828783661
922952.2828783661
922952.2828783661
922952.2828783661
922952.2828783661
922800.5250374421
922800.5250374421
922699.149880984
922604.9229935637
922604.9229935637
922022.1939134907
922022.1939134907
922006.473741764
921967.8674885858
921967.8674885858
921967.8674885858
921967.8674885858
921967.8674885858
921967.8674885858
921967.8674885858
921967.8674885858
921933.3861475491
921933.3861475491
921933.3861475491
921933.3861475491
921933.3861475491
921058.8495998374
921058.8495998374
920455.7473813565
920455.7473813565
920455.7473813565
920455.7473813565
920106.4196352228
920106.4196352228
919942.898120912
919942.898120912
919942.898120912
919942.898120912
919942.898120912
919942.898120912
919942.898120912
919942.898120912
919942.898120912
919942.898120912
919942.898120912
919942.898120912
919942.898120912
919942.898120912
919942.898120912
919942.898120912
919942.898120912
919723.8716279098
919167.985440691
919167.985440691
919167.985440691
919106.3113323298
919106.3113323298
919106.3113323298
919106.3113323298
919106.3113323298
918820.702765477
918820.702765477
918358.0756672169
918358.0756672169
918283.781987011
918076.0314970315
917366.7536436422
917133.8544747487
917133.8544747487
917133.8544747487
917133.8544747487
917133.8544747487
917133.8544747487
917133.8544747487
917089.7831861589
917089.7831861589
917089.7831861589
917089.7831861589
917089.7831861589
917089.7831861589
917089.7831861589
917089.7831861589
917089.7831861589
916634.0323513849
916368.9644676254
916368.9644676254
916368.9644676254
916368.9644676254
916368.9644676254
916368.9644676254
916368.9644676254
916368.9644676254
916368.9644676254
916368.9644676254
916368.9644676254
916368.9644676254
916195.1294787582
916077.3182434633
915833.8471600134
915833.8471600134
915833.8471600134
915833.8471600134
915644.2541790431
915644.2541790431
915644.2541790431
915644.2541790431
915644.2541790431
915644.2541790431
915644.2541790431
915644.2541790431
915644.2541790431
915009.2337878939
915009.2337878939
915009.2337878939
915009.2337878939
914890.7227708026
914043.4208281743
913845.8341316388
913845.8341316388
913780.6047731403
913780.6047731403
913146.6258112931
912992.5769032424
912992.5769032424
912992.5769032424
912992.5769032424
912992.5769032424
912992.5769032424
912992.5769032424
912992.5769032424
912992.5769032424
912992.5769032424
912992.5769032424
912992.5769032424
912992.5769032424
911999.8586648824
911999.8586648824
911999.8586648824
911962.0182361468
911962.0182361468
911962.0182361468
911186.648070171
910762.2151311499
910762.2151311499
910702.3559668183
910702.3559668183
910702.3559668183
910702.3559668183
910702.3559668183
910702.3559668183
910702.3559668183
910702.3559668183
910702.3559668183
910702.3559668183
910702.3559668183
910702.3559668183
910702.3559668183
910702.3559668183
910702.3559668183
910702.3559668183
910702.3559668183
910702.3559668183
910702.3559668183
910702.3559668183
910498.1866279668
910498.1866279668
910498.1866279668
910498.1866279668
910498.1866279668
910498.1866279668
910326.9817398817
910326.9817398817
909125.864977149
909125.864977149
909125.864977149
908972.4647171797
908972.4647171797
908879.5205843006
908357.2421073234
908357.2421073234
908357.2421073234
908357.2421073234
908357.2421073234
908357.2421073234
908357.2421073234
908357.2421073234
908357.2421073234
908357.2421073234
908357.2421073234
908357.2421073234
908357.2421073234
908357.2421073234
908357.2421073234
908357.2421073234
908298.7294077867
908298.7294077867
908298.7294077867
908298.7294077867
908298.7294077867
908215.2940698646
907755.6240384153
907755.6240384153
907755.6240384153
907755.6240384153
907755.6240384153
907403.9419698839
907403.9419698839
907288.363502016
907288.363502016
907288.363502016
907288.363502016
907288.363502016
907053.4861043075
907053.4861043075
907053.4861043075
907053.4861043075
907053.4861043075
907004.1391038158
907004.1391038158
906909.0560910971
906909.0560910971
906909.0560910971
906851.9975654599
906851.9975654599
906505.5949621459
906505.5949621459
906476.6526190117
906476.6526190117
906476.6526190117
906476.6526190117
906415.9163086168
905330.0354085434
905330.0354085434
905330.0354085434
905330.0354085434
905330.0354085434
905277.3329329742
905277.3329329742
905277.3329329742
905277.3329329742
905277.3329329742
905277.3329329742
905277.3329329742
905044.8713561706
905044.8713561706
904925.1590230358
904925.1590230358
904925.1590230358
904925.1590230358
904925.1590230358
904860.7728292634
904860.7728292634
904860.7728292634
904860.7728292634
904860.7728292634
904860.7728292634
904860.7728292634
904494.0017880207
904494.0017880207
904494.0017880207
904251.5220975769
904251.5220975769
904251.5220975769
904251.5220975769
904251.5220975769
904251.5220975769
904251.5220975769
904251.5220975769
904251.5220975769
904251.5220975769
904251.5220975769
904251.5220975769
904251.5220975769
904251.5220975769
904251.5220975769
904251.5220975769
904251.5220975769
904251.5220975769
904251.5220975769
904251.5220975769
904251.5220975769
904161.1584284215
904161.1584284215
904161.1584284215
904161.1584284215
904161.1584284215
904161.1584284215
903565.2563305139
903335.4127450822
903335.4127450822
903335.4127450822
903335.4127450822
903155.4143755649
903155.4143755649
903155.4143755649
903031.7542203881
902991.0934380352
902991.0934380352
902641.9759678239
902641.9759678239
902641.9759678239
902641.9759678239
902641.9759678239
902641.9759678239
902641.9759678239
902641.9759678239
902641.9759678239
902641.9759678239
902375.5009127121
902375.5009127121
902375.5009127121
902375.5009127121
902375.5009127121
902375.5009127121
902335.4077139804
902335.4077139804
902335.4077139804
902335.4077139804
902335.4077139804
902335.4077139804
902335.4077139804
902335.4077139804
902335.4077139804
902335.4077139804
902063.6606151199
902063.6606151199
902063.6606151199
901844.9358467994
901844.9358467994
901844.9358467994
901844.9358467994
901674.5339614574
901674.5339614574
901674.5339614574
901674.5339614574
901674.5339614574
901674.5339614574
901674.5339614574
901674.5339614574
901674.5339614574
901674.5339614574
901674.5339614574
901610.228654084
901610.228654084
901610.228654084
901610.228654084
901610.228654084
901610.228654084
901610.228654084
901610.228654084
901610.228654084
901610.228654084
901610.228654084
901610.228654084
901610.228654084
901610.228654084
901426.6875636631
900806.943253155
900806.943253155
900806.943253155
900806.943253155
900806.943253155
900806.943253155
900262.4700550181
900262.4700550181
900097.7383147145
900097.7383147145
900097.7383147145
900097.7383147145
900097.7383147145
900097.7383147145
899956.4048994761
899956.4048994761
899956.4048994761
899286.0163441704
899286.0163441704
899286.0163441704
898188.1098948023
898188.1098948023
898188.1098948023
898188.1098948023
898188.1098948023
898188.1098948023
898188.1098948023
898188.1098948023
898188.1098948023
898188.1098948023
898188.1098948023
898188.1098948023
898188.1098948023
898188.1098948023
898188.1098948023
898188.1098948023
898188.1098948023
898188.1098948023
898188.1098948023
898188.1098948023
898188.1098948023
898188.1098948023
898176.952780524
898176.952780524
898176.952780524
898176.952780524
898176.952780524
898176.952780524
898176.952780524
898176.952780524
898176.952780524
898176.952780524
898176.952780524
898176.952780524
898176.952780524
898176.952780524
898176.952780524
898176.952780524
898176.952780524
898176.952780524
898176.952780524
898176.952780524
898176.952780524
898176.952780524
898176.952780524
898176.952780524
898176.952780524
898176.952780524
898176.952780524
898176.952780524
898176.952780524
897986.3382040516
897660.4618570509
897660.4618570509
897660.4618570509
897660.4618570509
897539.2502016503
897539.2502016503
897539.2502016503
897539.2502016503
897539.2502016503
897539.2502016503
897539.2502016503
897539.2502016503
897539.2502016503
897209.8809663148
897209.8809663148
897209.8809663148
897209.8809663148
897209.8809663148
897209.8809663148
897209.8809663148
897209.8809663148
897209.8809663148
897209.8809663148
897209.8809663148
897209.8809663148
897209.8809663148
897209.8809663148
897209.3870226435
897209.3870226435
897202.9982584817
897202.9982584817
897202.9982584817
897202.9982584817
897202.9982584817
896776.8454449744
896561.4542164479
896561.4542164479
896561.4542164479
896561.4542164479
896561.4542164479
896561.4542164479
896417.5725871787
896417.5725871787
896417.5725871787
896417.5725871787
896417.5725871787
896417.5725871787
896417.5725871787
896417.5725871787
896400.2075284648
896400.2075284648
896400.2075284648
896400.2075284648
896400.2075284648
896400.2075284648
896400.2075284648
896400.2075284648
895780.4883074935
895780.4883074935
895780.4883074935
895780.4883074935
895780.4883074935
895780.4883074935
895345.7867539589
895345.7867539589
895345.7867539589
895345.7867539589
895345.7867539589
895345.7867539589
895345.7867539589
895240.686672471
895240.686672471
895191.1147366548
895191.1147366548
894936.116050354
894936.116050354
894847.3598693998
894790.4024104701
894790.4024104701
894790.4024104701
894790.4024104701
894790.4024104701
894471.1718605412
894471.1718605412
894471.1718605412
894471.1718605412
894471.1718605412
894471.1718605412
894400.8456132152
894400.8456132152
894400.8456132152
894208.454227112
894208.454227112
894208.454227112
894208.454227112
894208.454227112
894208.454227112
894208.454227112
894184.387553269
894184.387553269
894184.387553269
894184.387553269
894184.387553269
894184.387553269
894184.387553269
894184.387553269
894184.387553269
894184.387553269
894184.387553269
894184.387553269
894184.387553269
894184.387553269
894174.4604196383
894174.4604196383
894174.4604196383
894174.4604196383
894174.4604196383
894174.4604196383
894174.4604196383
894174.4604196383
894174.4604196383
894174.4604196383
894174.4604196383
894174.4604196383
894174.4604196383
894174.4604196383
894174.4604196383
894174.4604196383
894174.4604196383
894174.4604196383
894174.4604196383
894174.4604196383
894174.4604196383
894174.4604196383
894174.4604196383
894174.4604196383
894174.4604196383
894174.4604196383
894174.4604196383
894174.4604196383
894170.7697177734
893760.9777633152
893760.9777633152
893760.9777633152
893760.9777633152
893760.9777633152
893760.9777633152
893594.8444810605
893594.8444810605
893594.8444810605
893060.3502907059
893060.3502907059
893060.3502907059
893060.3502907059
893060.3502907059
892364.4202100014
892364.4202100014
892364.4202100014
892043.0943226647
892043.0943226647
892043.0943226647
891937.7131055739
891937.7131055739
891937.7131055739
891937.7131055739
891937.7131055739
891937.7131055739
891870.1580615774
891870.1580615774
891864.3053464314
891862.131096364
891729.5199821542
891729.5199821542
891618.4188439738
891618.4188439738
891618.4188439738
891618.4188439738
891618.4188439738
891618.4188439738
891618.4188439738
891618.4188439738
891618.4188439738
891618.4188439738
891618.4188439738
891618.4188439738
891618.4188439738
891618.4188439738
891618.4188439738
891618.4188439738
891618.4188439738
890696.3361498751
890696.3361498751
890696.3361498751
890430.7029947839
890430.7029947839
890393.6534254013
890393.6534254013
890394.0029207037
889307.6214875104
888457.8967789775
888457.8967789775
888457.8967789775
888457.8967789775
888457.8967789775
888437.0330130991
888437.0330130991
888437.0330130991
888437.0330130991
888248.3845760038
888248.3845760038
888248.3845760038
888248.3845760038
888200.1285208415
888200.1285208415
888200.1285208415
888200.1285208415
888125.7536084622
888125.7536084622
888125.7536084622
887949.2888403761
887949.2888403761
887949.2888403761
887949.2888403761
887949.2888403761
887949.2888403761
887791.9952322722
887510.6140938958
887510.6140938958
887162.6178980831
887080.7050905427
887080.7050905427
886998.0473728587
886998.0473728587
886998.0473728587
886998.0473728587
886998.0473728587
886998.0473728587
886998.0473728587
886977.4579105407
886865.9612412247
886865.9612412247
886865.9612412247
886865.9612412247
886865.9612412247
886865.9612412247
886865.9612412247
886865.9612412247
886865.9612412247
886865.9612412247
886865.9612412247
886865.9612412247
886747.2361111966
886747.2361111966
886747.2361111966
886747.2361111966
886747.2361111966
886747.2361111966
886747.2361111966
886747.2361111966
886747.2361111966
886747.2361111966
886747.2361111966
886747.2361111966
886747.2361111966
886747.2361111966
886747.2361111966
886747.2361111966
886747.2361111966
886747.2361111966
886747.2361111966
886747.2361111966
886747.2361111966
886747.2361111966
886747.2361111966
886747.2361111966
886194.8819751303
886194.8819751303
886194.8819751303
886194.8819751303
886194.8819751303
886194.8819751303
886194.8819751303
886194.8819751303
886194.8819751303
886194.8819751303
886194.8819751303
885951.746813705
885951.746813705
885951.746813705
885951.746813705
885951.746813705
885951.746813705
885951.746813705
885916.5855030362
885916.5855030362
885916.5855030362
885265.1364872846
885265.1364872846
885265.1364872846
885265.1364872846
885265.1364872846
885265.1364872846
885265.1364872846
885203.7047420635
885121.61612924
884724.4591583108
884230.4009947547
884104.7159748443
884104.7159748443
884104.7159748443
884104.7159748443
884104.7159748443
883722.5682723316
883722.5682723316
883722.5682723316
883722.5682723316
883722.5682723316
883722.5682723316
883722.5682723316
883722.5682723316
883722.5682723316
883722.5682723316
883722.5682723316
883722.5682723316
883641.674715865
883553.4923631293
883553.4923631293
883517.9548683728
883517.9548683728
883517.9548683728
883517.9548683728
882918.9015887394
882918.9015887394
882918.9015887394
882542.8274375054
882542.8274375054
882542.8274375054
882542.8274375054
882542.8274375054
882542.8274375054
882542.8274375054
882542.8274375054
882542.8274375054
882542.8274375054
882542.8274375054
882542.8274375054
882542.8274375054
881975.3447252652
881706.6875293578
881706.6875293578
881706.6875293578
881706.6875293578
881706.6875293578
881706.6875293578
881706.6875293578
881706.6875293578
881706.6875293578
881706.6875293578
881706.6875293578
881706.6875293578
881706.6875293578
881706.6875293578
881706.6875293578
881706.6875293578
881706.6875293578
881706.6875293578
881269.5942212504
881169.3640638819
881169.3640638819
880558.5320880327
880558.5320880327
880558.5320880327
880558.5320880327
880558.5320880327
880558.5320880327
880558.5320880327
880356.6085107063
880356.6085107063
880356.6085107063
880356.6085107063
880356.6085107063
880356.6085107063
880356.6085107063
880356.6085107063
880356.6085107063
880356.6085107063
880356.6085107063
880356.6085107063
880335.3639205375
880335.3639205375
880335.3639205375
880335.3639205375
880335.3639205375
880335.3639205375
880335.3639205375
880335.3639205375
880335.3639205375
880335.3639205375
880335.3639205375
880335.3639205375
880335.3639205375
880335.3639205375
880335.3639205375
880335.3639205375
880335.3639205375
880335.3639205375
880335.3639205375
880335.3639205375
880335.3639205375
880335.3639205375
879747.3336515895
879747.3336515895
879747.3336515895
879747.3336515895
879747.3336515895
879623.9225282389
879623.9225282389
879623.9225282389
879623.9225282389
879623.9225282389
879623.9225282389
879623.9225282389
879623.9225282389
879623.9225282389
879623.9225282389
879623.9225282389
879623.9225282389
879622.402328968
879622.402328968
879622.402328968
879622.402328968
879622.402328968
879622.402328968
879622.402328968
879622.402328968
879622.402328968
879622.402328968
879622.402328968
879622.402328968
879622.402328968
879622.402328968
879622.402328968
879622.402328968
879622.402328968
879622.402328968
879622.402328968
879622.402328968
879622.402328968
879622.402328968
879622.402328968
879622.402328968
879622.402328968
879622.402328968
879622.402328968
879618.9613578718
879618.9613578718
879618.9613578718
879618.9613578718
879618.9613578718
879618.9613578718
879618.9613578718
879581.483704249
879581.483704249
879581.483704249
879421.4218557527
879255.2002457458
879255.2002457458
879255.2002457458
879255.2002457458
879255.2002457458
879075.9379174976
879075.9379174976
879075.9379174976
879075.9379174976
878573.0320422887
878573.0320422887
878573.0320422887
878573.0320422887
878573.0320422887
878573.0320422887
878573.0320422887
878573.0320422887
878573.0320422887
878565.7082758141
878565.7082758141
878565.7082758141
878565.7082758141
878565.7082758141
878565.7082758141
878056.4795386873
878056.4795386873
878056.4795386873
878056.4795386873
878056.4795386873
878056.4795386873
878056.4795386873
878056.4795386873
878056.4795386873
878056.4795386873
878056.4795386873
878056.4795386873
878056.4795386873
878056.4795386873
877990.3981597032
877990.3981597032
877990.3981597032
877990.3981597032
877990.3981597032
877990.3981597032
877990.3981597032
877990.3981597032
877990.3981597032
877990.3981597032
877990.3981597032
877990.3981597032
877990.3981597032
877990.3981597032
877766.7546950548
877766.7546950548
877766.7546950548
877766.7546950548
877766.7546950548
877766.7546950548
877766.7546950548
877766.7546950548
877766.7546950548
877627.0985822205
877627.0985822205
877627.0985822205
877627.0985822205
877400.8829549083
877400.8829549083
877400.8829549083
877400.8829549083
877377.8179485342
877377.8179485342
877377.8179485342
877115.4664921837
877115.4664921837
877115.4664921837
877115.4664921837
877115.4664921837
877115.4664921837
877115.4664921837
877115.4664921837
877115.4664921837
877115.4664921837
877115.4664921837
877115.4664921837
877115.4664921837
877115.4664921837
877115.4664921837
877115.4664921837
877115.4664921837
877115.4664921837
877115.4664921837
877115.4664921837
877115.4664921837
876999.9106058283
876999.9106058283
876999.9106058283
876999.9106058283
876999.9106058283
876999.9106058283
876999.9106058283
876955.664499446
876955.664499446
876955.664499446
876955.664499446
876955.664499446
876955.664499446
876955.664499446
876955.664499446
876955.664499446
876955.664499446
876955.664499446
876955.664499446
876955.664499446
876955.664499446
876955.664499446
876955.664499446
876955.664499446
876955.664499446
876955.664499446
876955.664499446
876955.664499446
876955.664499446
876955.664499446
876789.0734667506
876789.0734667506
876789.0734667506
876789.0734667506
876789.0734667506
876789.0734667506
876789.0734667506
876789.0734667506
876789.0734667506
876789.0734667506
876789.0734667506
876789.0734667506
876789.0734667506
876789.0734667506
876789.0734667506
876789.0734667506
876789.0734667506
876789.0734667506
876789.0734667506
876508.7989399268
876508.7989399268
876086.1634219807
876086.1634219807
876086.1634219807
876086.1634219807
876086.1634219807
876086.1634219807
876086.1634219807
876086.1634219807
876086.1634219807
876086.1634219807
876086.1634219807
876086.1634219807
876008.8205500403
876008.8205500403
876008.8205500403
876008.8205500403
876008.8205500403
876008.8205500403
875994.9437118844
875994.9437118844
875994.9437118844
875994.9437118844
875994.9437118844
875994.9437118844
875994.9437118844
875994.9437118844
875462.9284660281
875462.9284660281
875308.7620533168
875308.7620533168
875308.7620533168
875308.7620533168
875308.7620533168
875308.7620533168
875308.7620533168
875308.7620533168
875308.7620533168
875308.7620533168
875284.7860832759
875284.7860832759
874695.6125377706
874695.6125377706
874571.4015903677
874571.4015903677
874571.4015903677
874571.4015903677
874571.4015903677
874571.4015903677
874571.4015903677
874571.4015903677
874571.4015903677
874571.4015903677
874571.4015903677
874571.4015903677
874571.4015903677
873698.3616537575
873698.3616537575
873698.3616537575
873698.3616537575
873698.3616537575
873698.3616537575
873698.3616537575
873698.3616537575
873698.3616537575
873698.3616537575
873698.3616537575
873676.8071585826
873676.8071585826
873676.8071585826
873676.8071585826
873676.8071585826
873676.8071585826
873676.8071585826
873676.8071585826
873676.8071585826
873676.8071585826
873676.8071585826
873676.8071585826
873676.8071585826
873676.8071585826
873676.8071585826
873676.8071585826
873676.8071585826
873676.8071585826
873676.8071585826
873255.15278327
873255.15278327
873255.15278327
873255.15278327
873255.15278327
873255.15278327
872997.8273473035
872997.8273473035
872997.8273473035
872997.8273473035
872652.6573240552
872217.7171489223
872217.7171489223
872217.7171489223
872217.7171489223
872217.7171489223
872217.7171489223
872217.7171489223
872103.5016298264
872103.5016298264
872103.5016298264
872103.5016298264
872103.5016298264
871813.0470610659
871813.0470610659
871813.0470610659
871813.0470610659
871813.0470610659
871813.0470610659
871813.0470610659
871813.0470610659
871813.0470610659
871206.7058563821
871206.7058563821
871206.7058563821
871206.7058563821
871206.7058563821
871206.7058563821
871206.7058563821
871093.9796882706
871093.9796882706
871093.9796882706
871093.9796882706
870557.7551504234
870557.7551504234
870557.7551504234
870557.7551504234
870557.7551504234
870557.7551504234
870557.7551504234
870346.6257994147
870346.6257994147
870346.6257994147
870346.6257994147
870346.6257994147
870346.6257994147
870346.6257994147
870346.6257994147
870346.6257994147
870346.6257994147
870346.6257994147
870346.6257994147
870346.6257994147
870346.6257994147
870346.6257994147
870346.6257994147
870346.6257994147
870346.6257994147
870346.6257994147
870346.6257994147
870346.6257994147
870346.6257994147
870346.6257994147
870346.6257994147
870346.6257994147
870346.6257994147
870346.6257994147
870346.6257994147
870346.6257994147
870346.6257994147
870346.6257994147
870346.6257994147
870346.6257994147
870346.6257994147
870074.0223851845
870074.0223851845
870074.0223851845
870074.0223851845
870074.0223851845
870074.0223851845
869805.9613130245
869805.9613130245
869805.9613130245
869805.9613130245
869805.9613130245
869805.9613130245
869805.9613130245
869687.714913879
869687.714913879
869687.714913879
869687.714913879
868847.5985533721
868847.5985533721
868847.5985533721
868778.1716852018
868602.5927558371
868602.5927558371
868384.8549391497
868384.8549391497
868384.8549391497
868384.8549391497
868384.8549391497
868384.8549391497
868384.8549391497
868384.8549391497
868384.8549391497
868384.8549391497
868384.8549391497
868360.7808651557
868360.7808651557
868360.7808651557
868360.7808651557
868360.7808651557
868360.7808651557
868360.7808651557
868360.7808651557
868360.7808651557
868360.7808651557
868360.7808651557
868360.7808651557
868360.7808651557
868360.7808651557
868360.7808651557
868360.7808651557
868360.7808651557
868360.7808651557
868360.7808651557
868207.9616751834
868207.9616751834
868207.9616751834
868207.9616751834
868207.9616751834
868207.9616751834
868207.9616751834
868207.9616751834
868207.9616751834
868207.9616751834
868207.9616751834
868207.9616751834
868207.9616751834
868207.9616751834
868207.9616751834
868207.9616751834
868207.9616751834
867126.0685651957
867126.0685651957
867126.0685651957
867126.0685651957
867126.0685651957
866606.8128745134
866606.8128745134
866606.8128745134
866606.8128745134
866382.6871964729
866382.6871964729
866382.6871964729
866382.6871964729
866382.6871964729
866382.6871964729
866382.6871964729
866382.6871964729
866382.6871964729
866382.6871964729
866382.6871964729
866382.6871964729
866382.6871964729
865783.3515617382
865783.3515617382
865783.3515617382
865783.3515617382
865365.3633683876
865365.3633683876
865365.3633683876
865180.3432888872
865180.3432888872
865180.3432888872
865180.3432888872
865180.3432888872
865180.3432888872
865180.3432888872
865180.3432888872
865180.3432888872
865180.3432888872
865180.3432888872
865180.3432888872
865180.3432888872
865180.3432888872
864512.4387261797
864512.4387261797
864512.4387261797
864512.4387261797
864512.4387261797
864512.4387261797
864512.4387261797
864512.4387261797
864512.4387261797
864512.4387261797
864512.4387261797
863970.2298773868
863970.2298773868
863970.2298773868
863970.2298773868
863654.8218936236
863654.8218936236
863654.8218936236
863654.8218936236
863654.8218936236
863654.8218936236
863654.8218936236
863654.8218936236
863654.8218936236
863453.6779506617
863453.6779506617
863177.0322922587
863177.0322922587
863177.0322922587
863177.0322922587
863177.0322922587
862825.4537685026
862744.2043286492
862744.2043286492
862744.2043286492
862744.2043286492
862744.2043286492
862744.2043286492
862744.2043286492
862543.8407069093
862543.8407069093
862543.8407069093
862543.8407069093
862543.8407069093
862543.8407069093
862543.8407069093
862543.8407069093
862521.0115322719
862521.0115322719
862521.0115322719
862521.0115322719
862521.0115322719
862521.0115322719
862521.0115322719
862521.0115322719
862073.9837492052
861402.3814778327
861402.3814778327
861402.3814778327
861402.3814778327
861195.5833433492
861195.5833433492
861195.5833433492
861180.5039893154
861180.5039893154
861180.5039893154
861180.5039893154
861180.5039893154
861180.5039893154
861180.5039893154
861180.5039893154
861180.5039893154
861180.5039893154
861180.5039893154
861180.5039893154
861180.5039893154
861180.5039893154
861180.5039893154
861180.5039893154
861180.5039893154
861180.5039893154
861180.5039893154
861180.5039893154
861180.5039893154
861180.5039893154
861180.5039893154
861180.5039893154
861180.5039893154
861180.5039893154
861180.5039893154
861180.5039893154
861180.5039893154
861180.5039893154
861180.5039893154
861180.5039893154
861180.5039893154
861180.5039893154
861180.5039893154
861180.5039893154
861180.5039893154
861180.5039893154
861180.5039893154
861180.5039893154
861180.5039893154
861180.5039893154
861180.5039893154
861180.5039893154
861180.5039893154
861180.5039893154
861180.5039893154
861052.7320761797
861052.7320761797
860986.6255815104
860986.6255815104
860986.6255815104
860986.6255815104
860986.6255815104
860986.6255815104
860986.6255815104
860986.6255815104
860986.6255815104
860986.6255815104
860619.9099132001
860619.9099132001
860619.9099132001
860619.9099132001
860619.9099132001
860619.9099132001
860619.9099132001
860619.9099132001
860619.9099132001
860619.9099132001
860619.9099132001
860619.9099132001
860619.9099132001
860554.5187635885
860554.5187635885
860554.5187635885
860554.5187635885
860554.5187635885
860554.5187635885
860403.0008987
860332.5876439835
860129.1288591509
860129.1288591509
860129.1288591509
860129.1288591509
860129.1288591509
860129.1288591509
860129.1288591509
860129.1288591509
860129.1288591509
860129.1288591509
860129.1288591509
860129.1288591509
860129.1288591509
859823.6944807521
859823.6944807521
859823.6944807521
859823.6944807521
859823.6944807521
859823.6944807521
859823.6944807521
859823.6944807521
859823.6944807521
859823.6944807521
859823.6944807521
859823.6944807521
859823.6944807521
859823.6944807521
859391.3071354353
859391.3071354353
859205.7204198886
859205.7204198886
859205.7204198886
859205.7204198886
859205.7204198886
859205.7204198886
859205.7204198886
859205.7204198886
859205.7204198886
859205.7204198886
859205.7204198886
859147.3260891989
859147.3260891989
859147.3260891989
859147.3260891989
859147.3260891989
859147.3260891989
859147.3260891989
858816.4279943762
858816.4279943762
858816.4279943762
858816.4279943762
858816.4279943762
858816.4279943762
858816.4279943762
858816.4279943762
858816.4279943762
858816.4279943762
858816.4279943762
858816.4279943762
858816.4279943762
858816.4279943762
858816.4279943762
858816.4279943762
858816.4279943762
858816.4279943762
858816.4279943762
858816.4279943762
858816.4279943762
858816.4279943762
858816.4279943762
858816.4279943762
858816.4279943762
858816.4279943762
858816.4279943762
858816.4279943762
858816.4279943762
858816.4279943762
858816.4279943762
858816.4279943762
858816.4279943762
858816.4279943762
858647.3071139181
858647.3071139181
858647.3071139181
858647.3071139181
858647.3071139181
858647.3071139181
858647.3071139181
858647.3071139181
858517.3075421306
858517.3075421306
858311.0523784138
858311.0523784138
857581.316201092
857581.316201092
857581.316201092
857581.316201092
857581.316201092
857581.316201092
857581.316201092
857581.316201092
857546.3686166517
857546.3686166517
857546.3686166517
857546.3686166517
857546.3686166517
857546.3686166517
857546.3686166517
857546.3686166517
857546.3686166517
857546.3686166517
857546.3686166517
857386.9909566668
857386.9909566668
857386.9909566668
857386.9909566668
856924.0104596945
856924.0104596945
856924.0104596945
856924.0104596945
856784.245016979
856784.245016979
856784.245016979
856784.245016979
856621.2961939045
856621.2961939045
856438.8680824416
856438.8680824416
856438.8680824416
856438.8680824416
856438.8680824416
856438.8680824416
855653.9041950617
855653.9041950617
855653.9041950617
855653.9041950617
855653.9041950617
855653.9041950617
855653.9041950617
855653.9041950617
855653.9041950617
855653.9041950617
855653.9041950617
855653.9041950617
855653.9041950617
855481.3497334322
855481.3497334322
855481.3497334322
855481.3497334322
855481.3497334322
855481.3497334322
855481.3497334322
855481.3497334322
855481.3497334322
855481.3497334322
855322.6199160002
855322.6199160002
855322.6199160002
855322.6199160002
855322.6199160002
855322.6199160002
855322.6199160002
855322.6199160002
855322.6199160002
855322.6199160002
855322.6199160002
855168.3650617334
855168.3650617334
855168.3650617334
855168.3650617334
855168.3650617334
855168.3650617334
855168.3650617334
855168.3650617334
855143.4917051867
855143.4917051867
855143.4917051867
855098.8490454677
855098.8490454677
855098.8490454677
855098.8490454677
855098.8490454677
855098.8490454677
855098.8490454677
855098.8490454677
855098.8490454677
855098.8490454677
855098.8490454677
855098.8490454677
855098.8490454677
855098.8490454677
855098.8490454677
855098.8490454677
855098.8490454677
855098.8490454677
854867.2651290544
854867.2651290544
854867.2651290544
854581.1155577484
854581.1155577484
854581.1155577484
854581.1155577484
854581.1155577484
854581.1155577484
854581.1155577484
854581.1155577484
854581.1155577484
854581.1155577484
854581.1155577484
854581.1155577484
854206.5216667902
854206.5216667902
854206.5216667902
854206.5216667902
854163.8403506163
854163.8403506163
854163.8403506163
854163.8403506163
854163.8403506163
853425.8994621377
853425.8994621377
853425.8994621377
853359.7589045705
853359.7589045705
853359.7589045705
853359.7589045705
853359.7589045705
853359.7589045705
853359.7589045705
853359.7589045705
853359.7589045705
853359.7589045705
853035.1316453156
853035.1316453156
853035.1316453156
853035.1316453156
853035.1316453156
853035.1316453156
853035.1316453156
853035.1316453156
853009.7444026779
853009.7444026779
853009.7444026779
853009.7444026779
853009.7444026779
852999.8035338846
852999.8035338846
852999.8035338846
852999.8035338846
852999.8035338846
852999.8035338846
852999.8035338846
852999.8035338846
852999.8035338846
852999.8035338846
852711.369439517
852711.369439517
852711.369439517
852711.369439517
852192.2249905127
852192.2249905127
852192.2249905127
852192.2249905127
852192.2249905127
852192.2249905127
852192.2249905127
852192.2249905127
852192.2249905127
852192.2249905127
852192.2249905127
852192.2249905127
852192.2249905127
852192.2249905127
852192.2249905127
851960.6072720973
851960.6072720973
851960.6072720973
851960.6072720973
851841.1083187412
851841.1083187412
851841.1083187412
851798.3920811887
851798.3920811887
851798.3920811887
851798.3920811887
851749.919229097
851749.919229097
851749.919229097
851749.919229097
851749.919229097
851749.919229097
851749.919229097
851749.919229097
851749.919229097
851749.919229097
851749.919229097
851749.919229097
851745.3405736138
851745.3405736138
851745.3405736138
851745.3405736138
851489.2845595554
851489.2845595554
851489.2845595554
851219.9173907002
851219.9173907002
851095.8492098931
850101.4760046202
850101.4760046202
850101.4760046202
850101.4760046202
850101.4760046202
850101.4760046202
850101.4760046202
850101.4760046202
850056.0077298726
849629.9293334202
849629.9293334202
849629.9293334202
849629.9293334202
849629.9293334202
849629.9293334202
849629.9293334202
849629.9293334202
849629.9293334202
849629.9293334202
849629.9293334202
849629.9293334202
849629.9293334202
849629.9293334202
849629.9293334202
849629.9293334202
849629.9293334202
849629.9293334202
849629.9293334202
849629.9293334202
849269.6722786454
849269.6722786454
848955.6510636549
848955.6510636549
848955.6510636549
848955.6510636549
848955.6510636549
848955.6510636549
848955.6510636549
848456.952521497
848456.952521497
848456.952521497
848456.952521497
848456.952521497
848456.952521497
848053.270270378
848053.270270378
848053.270270378
848053.270270378
848053.270270378
848053.270270378
848053.270270378
848053.270270378
848053.270270378
848053.270270378
848053.270270378
848053.270270378
848053.270270378
848053.270270378
848053.270270378
847828.897612368
847828.897612368
847591.0684101856
847591.0684101856
847591.0684101856
847591.0684101856
847591.0684101856
847474.0149901519
847474.0149901519
847474.0149901519
847474.0149901519
847474.0149901519
847474.0149901519
847474.0149901519
847474.0149901519
847474.0149901519
846871.408907596
846871.408907596
846871.408907596
846871.408907596
846871.408907596
846871.408907596
846871.408907596
846871.408907596
846871.408907596
846871.408907596
846871.408907596
846871.408907596
846871.408907596
846871.408907596
846871.408907596
846871.408907596
846871.408907596
846871.408907596
846871.408907596
846871.408907596
846871.408907596
846871.408907596
846871.408907596
846871.408907596
846871.408907596
846871.408907596
846871.408907596
846871.408907596
846871.408907596
846871.408907596
846871.408907596
846871.408907596
846871.408907596
846871.408907596
846871.408907596
846871.408907596
846871.408907596
846486.7333319064
846486.7333319064
846486.7333319064
846486.7333319064
846486.7333319064
846486.7333319064
846486.7333319064
846486.7333319064
846410.7039835185
846410.7039835185
846410.7039835185
846410.7039835185
846410.7039835185
846410.7039835185
846410.7039835185
846410.7039835185
846410.7039835185
846410.7039835185
846410.7039835185
845656.664145229
845656.664145229
845656.664145229
845656.664145229
845656.664145229
845245.17052161
845245.17052161
845245.17052161
845245.17052161
845245.17052161
844681.0180286849
844681.0180286849
844681.0180286849
844556.4857266434
844556.4857266434
844556.4857266434
844446.3130168042
844446.3130168042
844446.3130168042
844000.5934608837
844000.5934608837
844000.5934608837
844000.5934608837
844000.5934608837
844000.5934608837
844000.5934608837
844000.5934608837
844000.5934608837
844000.5934608837
843256.5647010403
843256.5647010403
843256.5647010403
843256.5647010403
843256.5647010403
843256.5647010403
843256.5647010403
843256.5647010403
843256.5647010403
843256.5647010403
843256.5647010403
843256.5647010403
843256.5647010403
843256.5647010403
843256.5647010403
843256.5647010403
843256.5647010403
843256.5647010403
843256.5647010403
843256.5647010403
843256.5647010403
843256.5647010403
843256.5647010403
843256.5647010403
843256.5647010403
843256.5647010403
843256.5647010403
843256.5647010403
843256.5647010403
843256.5647010403
843256.5647010403
843256.5647010403
843256.5647010403
843256.5647010403
843119.1389563482
843119.1389563482
843119.1389563482
843119.1389563482
843119.1389563482
843092.4142011823
843092.4142011823
843092.4142011823
843092.4142011823
843092.4142011823
843092.4142011823
843092.4142011823
842963.9728265309
842963.9728265309
842963.9728265309
842963.9728265309
842963.9728265309
842963.9728265309
842963.9728265309
842963.9728265309
842963.9728265309
842963.9728265309
842963.9728265309
842963.9728265309
842963.9728265309
842963.9728265309
842963.9728265309
842963.9728265309
842963.9728265309
842963.9728265309
842963.9728265309
842963.9728265309
842963.9728265309
842963.9728265309
842963.9728265309
842963.9728265309
842598.2749701268
842598.2749701268
842598.2749701268
842598.2749701268
842598.2749701268
842598.2749701268
842598.2749701268
842598.2749701268
842598.2749701268
842598.2749701268
842598.2749701268
842598.2749701268
842598.2749701268
842598.2749701268
842598.2749701268
842375.7212022608
842375.7212022608
842375.7212022608
842375.7212022608
842375.7212022608
842340.3015822852
842340.3015822852
842340.3015822852
842340.3015822852
842323.9968246657
842323.9968246657
842323.9968246657
842323.9968246657
842323.9968246657
842323.9968246657
842000.3096705626
842000.3096705626
842000.3096705626
842000.3096705626
842000.3096705626
842000.3096705626
842000.3096705626
841811.7484653417
841811.7484653417
841811.7484653417
841811.7484653417
841811.7484653417
841811.7484653417
841811.7484653417
841811.7484653417
841811.7484653417
841811.7484653417
841811.7484653417
841811.7484653417
841811.7484653417
841811.7484653417
841811.7484653417
841811.7484653417
841811.7484653417
841811.7484653417
841811.7484653417
841811.7484653417
841811.7484653417
841811.7484653417
841811.7484653417
841811.7484653417
841811.7484653417
841811.7484653417
841811.7484653417
841588.0075296878
841588.0075296878
841588.0075296878
841588.0075296878
841588.0075296878
841588.0075296878
841588.0075296878
841588.0075296878
841588.0075296878
841588.0075296878
841588.0075296878
841588.0075296878
841451.85162086
841451.85162086
841451.85162086
841451.85162086
841252.3091514409
841159.7660622575
841159.7660622575
841159.7660622575
841159.7660622575
841159.7660622575
840913.1760750066
840913.1760750066
840913.1760750066
840913.1760750066
840913.1760750066
840913.1760750066
840913.1760750066
840913.1760750066
840913.1760750066
840913.1760750066
840913.1760750066
840592.7242370073
840386.3204575329
840386.3204575329
840386.3204575329
840386.3204575329
840386.3204575329
840386.3204575329
840386.3204575329
840386.3204575329
840386.3204575329
840386.3204575329
840386.3204575329
840386.3204575329
840386.3204575329
840386.3204575329
840386.3204575329
840386.3204575329
840386.3204575329
840386.3204575329
840386.3204575329
840386.3204575329
840119.4809572109
840119.4809572109
840119.4809572109
840119.4809572109
840119.4809572109
840119.4809572109
839590.2688708638
839590.2688708638
839590.2688708638
839590.2688708638
839513.2813658806
839513.2813658806
839513.2813658806
839513.2813658806
839513.2813658806
839513.2813658806
839513.2813658806
839513.2813658806
839495.0496141113
839495.0496141113
839495.0496141113
839495.0496141113
839495.0496141113
839495.0496141113
839495.0496141113
839495.0496141113
839495.0496141113
839495.0496141113
839495.0496141113
839495.0496141113
839495.0496141113
839104.4263989414
839104.4263989414
839104.4263989414
839104.4263989414
839104.4263989414
839104.4263989414
839104.4263989414
839104.4263989414
838955.2955201364
838955.2955201364
838955.2955201364
838955.2955201364
838955.2955201364
838802.7719244533
838802.7719244533
838802.7719244533
838679.0339544605
838679.0339544605
838635.0882477827
838232.6594424177
838232.6594424177
838232.6594424177
838232.6594424177
838232.6594424177
838232.6594424177
838232.6594424177
838232.6594424177
838232.6594424177
838232.6594424177
838232.6594424177
838232.6594424177
838232.6594424177
838232.6594424177
838232.6594424177
838232.6594424177
838232.6594424177
838232.6594424177
838109.2265456202
838109.2265456202
838109.2265456202
838109.2265456202
838109.2265456202
838109.2265456202
838109.2265456202
838109.2265456202
837363.9570712738
837363.9570712738
837363.9570712738
837363.9570712738
837363.9570712738
837363.9570712738
837363.9570712738
837363.9570712738
837363.9570712738
837363.9570712738
837363.9570712738
837363.9570712738
837363.9570712738
837363.9570712738
837363.9570712738
837363.9570712738
837363.9570712738
837363.9570712738
837341.1147841304
837341.1147841304
837341.1147841304
837341.1147841304
837341.1147841304
837341.1147841304
837341.1147841304
837341.1147841304
837341.1147841304
837341.1147841304
837341.1147841304
837341.1147841304
837341.1147841304
837341.1147841304
837341.1147841304
837341.1147841304
837341.1147841304
837341.1147841304
837341.1147841304
837341.1147841304
837341.1147841304
837341.1147841304
837341.1147841304
837297.233229107
837297.233229107
837297.233229107
837297.233229107
837297.233229107
837165.4864689654
837165.4864689654
837165.4864689654
837165.4864689654
837165.4864689654
837165.4864689654
837165.4864689654
837165.4864689654
837165.4864689654
837165.4864689654
837165.4864689654
837165.4864689654
837165.4864689654
837026.0409756603
837026.0409756603
837026.0409756603
837026.0409756603
837026.0409756603
837026.0409756603
837026.0409756603
837026.0409756603
837026.0409756603
836877.0500303771
836239.4457583876
836239.4457583876
836239.4457583876
836239.4457583876
836239.4457583876
836239.4457583876
836239.4457583876
836239.4457583876
836239.4457583876
836239.4457583876
836239.4457583876
836239.4457583876
836239.4457583876
836239.4457583876
836239.4457583876
836239.4457583876
836239.4457583876
836239.4457583876
836239.4457583876
836239.4457583876
836239.4457583876
836239.4457583876
836239.4457583876
836239.4457583876
836239.4457583876
836239.4457583876
836239.4457583876
836239.4457583876
836239.4457583876
836239.4457583876
836239.4457583876
836239.4457583876
836239.4457583876
836239.4457583876
836239.4457583876
836239.4457583876
836239.4457583876
836239.4457583876
836239.4457583876
836239.4457583876
836239.4457583876
835848.952514838
835848.952514838
835848.952514838
835848.952514838
835848.952514838
835848.952514838
835848.952514838
835848.952514838
835848.952514838
835848.952514838
835848.952514838
835848.952514838
835848.952514838
835848.952514838
835848.952514838
835848.952514838
835848.952514838
835848.952514838
835848.952514838
835848.952514838
835848.952514838
835848.952514838
835848.952514838
835084.1228645167
835084.1228645167
835084.1228645167
835084.1228645167
835084.1228645167
835084.1228645167
835084.1228645167
835084.1228645167
835084.1228645167
835084.1228645167
835084.1228645167
835084.1228645167
835084.1228645167
835084.1228645167
835084.1228645167
835084.1228645167
835084.1228645167
834516.9219925193
834516.9219925193
834516.9219925193
834516.9219925193
834516.9219925193
834516.9219925193
834516.9219925193
834516.9219925193
834516.9219925193
834516.9219925193
834516.9219925193
834516.9219925193
834516.9219925193
834516.9219925193
834361.326430295
834361.326430295
834361.326430295
834361.326430295
834361.326430295
834361.326430295
834113.1192266739
834113.1192266739
834113.1192266739
834113.1192266739
834113.1192266739
834113.1192266739
834113.1192266739
834011.6575485386
834011.6575485386
834011.6575485386
834011.6575485386
834011.6575485386
834011.6575485386
834011.6575485386
834011.6575485386
834011.6575485386
834011.6575485386
834011.6575485386
834011.6575485386
834011.6575485386
834011.6575485386
834011.6575485386
834011.6575485386
834011.6575485386
834011.6575485386
834011.6575485386
834011.6575485386
834011.6575485386
834011.6575485386
834011.6575485386
834011.6575485386
834011.6575485386
833969.6050087347
833969.6050087347
833969.6050087347
833969.6050087347
833969.6050087347
833969.6050087347
833969.6050087347
833900.1678465826
833900.1678465826
833900.1678465826
833900.1678465826
833900.1678465826
833900.1678465826
833900.1678465826
833900.1678465826
833900.1678465826
833332.1870327119
833006.4858143588
833006.4858143588
833006.4858143588
833006.4858143588
833006.4858143588
833006.4858143588
832338.27661347
832338.27661347
832338.27661347
832338.27661347
832131.3026178393
831563.2269358231
831563.2269358231
831563.2269358231
831563.2269358231
831563.2269358231
831563.2269358231
831563.2269358231
831563.2269358231
831563.2269358231
831563.2269358231
831563.2269358231
831563.2269358231
831563.2269358231
831563.2269358231
831563.2269358231
831539.7862133607
831539.7862133607
831401.6998034839
831401.6998034839
831401.6998034839
831401.6998034839
831401.6998034839
831401.6998034839
831401.6998034839
831401.6998034839
831401.6998034839
831401.6998034839
831401.6998034839
831401.6998034839
831401.6998034839
831401.6998034839
831401.6998034839
831401.6998034839
831401.6998034839
831401.6998034839
831383.0343664
831383.0343664
831383.0343664
831383.0343664
831383.0343664
831383.0343664
830679.3911918434
830679.3911918434
830679.3911918434
830679.3911918434
830679.3911918434
830529.3278957038
830529.3278957038
830529.3278957038
830529.3278957038
830529.3278957038
830529.3278957038
830211.971767041
830211.971767041
830211.971767041
830211.971767041
830211.971767041
830211.971767041
830211.971767041
830211.971767041
830211.971767041
830211.971767041
830211.971767041
830211.971767041
830211.971767041
830211.971767041
830211.971767041
830211.971767041
830211.971767041
830211.971767041
830211.971767041
830211.971767041
830211.971767041
830211.971767041
830211.971767041
830211.971767041
830211.971767041
830211.971767041
830211.971767041
830211.971767041
830211.971767041
830211.971767041
830043.1664786667
830043.1664786667
830043.1664786667
830043.1664786667
830043.1664786667
830043.1664786667
830043.1664786667
830043.1664786667
830043.1664786667
830043.1664786667
830043.1664786667
830043.1664786667
830043.1664786667
830043.1664786667
830043.1664786667
830043.1664786667
830043.1664786667
830043.1664786667
830043.1664786667
830043.1664786667
830043.1664786667
830043.1664786667
830043.1664786667
830043.1664786667
830002.9228066176
830002.9228066176
830002.9228066176
830002.9228066176
829974.6150172898
829974.6150172898
829974.6150172898
829974.6150172898
829974.6150172898
829974.6150172898
829813.1667315771
829813.1667315771
829813.1667315771
829813.1667315771
829813.1667315771
829813.1667315771
829813.1667315771
829813.1667315771
829813.1667315771
829556.0305816456
829556.0305816456
829556.0305816456
829556.0305816456
829556.0305816456
829556.0305816456
829556.0305816456
829556.0305816456
829556.0305816456
829556.0305816456
829556.0305816456
829556.0305816456
829556.0305816456
829556.0305816456
829032.370691203
829032.370691203
