4444037.440565563
4339709.815414471
4223030.138932473
4140077.2300150944
4055050.68387811
3969634.572267413
3902460.1409265753
3826939.1528902254
3780403.5193661465
3697058.111606444
3634734.147861265
3570881.3314681244
3515709.362977544
3485964.676599062
3430353.041198753
3373336.6103068073
3317061.4442936517
3287208.8782134806
3251926.453561764
3199185.603275081
3157259.5289940056
3116355.301568472
3083323.2678147224
3052304.8693937575
3018837.6221132902
2980796.8153080484
2944524.32327082
2907331.131955973
2879380.2362045553
2843818.400220194
2820438.567258344
2790138.9486381933
2761294.190709253
2733196.4946664586
2706594.0412024837
2687986.930213687
2656415.3530719317
2637698.8272611867
2629858.365352208
2599762.69478923
2572109.5998117286
2556315.710205919
2524494.5046936916
2513807.4377264446
2489563.3201992293
2479710.773499999
2467019.1107645864
2449548.804755659
2434172.025514396
2417904.529980421
2399821.5006770277
2382902.765684002
2364529.8015571935
2349796.052752764
2329938.3396417266
2313347.4912169767
2301325.0386459874
2279940.7601331575
2258950.409142589
2247301.4592098184
2235214.813250635
2222046.399169528
2207627.381646314
2199672.493901513
2186568.0685065007
2176034.6719074696
2163734.2278604996
2151968.8166408865
2135481.9719654964
2124596.007146338
2116287.947575993
2104530.354256318
2092541.017315048
2082829.6358957223
2075829.7420946953
2069783.0827476154
2059248.4281112016
2050833.6980760659
2038531.574914842
2034549.302881267
2025785.698680488
2018595.1358321812
2011430.6013611802
2001179.7119685202
1995304.5848190312
1988865.9268087223
1983238.480175081
1976495.3671782538
1968785.259450818
1965676.8656679033
1961452.5225194045
1951576.3085568864
1946348.5945753576
1940756.0840885034
1935379.599839447
1932840.64437737
1925897.2718300647
1917389.8752254415
1910196.448585073
1903896.2019685928
1898458.968657624
1893332.6519574507
1888317.4448334766
1879478.254768748
1872757.4394746707
1863528.6524202921
1855506.8426448647
1851588.3906630692
1845413.0082447394
1839597.4088637512
1836346.266154515
1833550.5948316175
1829112.1677206038
1822778.165433116
1819147.5860638735
1814356.2686409124
1806443.074752158
1801215.2808639621
1798294.3854163426
1796417.00272047
1791740.6637016407
1789644.4750422249
1785355.1366172044
1779007.6100201048
1773765.2167333448
1771716.8835883741
1770797.500382965
1764337.275778667
1761789.5019999547
1759494.594634492
1756316.5719954674
1750945.0723352889
1745190.89791991
1741571.1963550053
1739645.692281634
1738757.0180265987
1736770.589724631
1732568.0978756105
1729814.0836452048
1726303.4892207554
1725369.5356136872
1722804.220295865
1719363.7012840211
1715177.907191703
1712238.7954223286
1708537.6044225139
1703160.6206087084
1701456.5245155897
1698671.0452087927
1695274.171195833
1692648.5523990197
1691265.8636569434
1683950.6090624826
1679948.7545658548
1679855.3828649602
1676277.7252818889
1672797.1687676872
1668070.0838629543
1666791.59264461
1665190.3555314997
1659544.6277065997
1655510.6405831124
1650881.3987763585
1647012.9134534178
1644261.1399307498
1640842.05459766
1636902.9371111938
1633861.791341839
1633284.894894109
1630635.818265603
1628861.3959702447
1625102.0347937709
1622384.0705449532
1620179.9797728132
1617250.1698165638
1615435.8577535702
1613352.1547143236
1611913.0959077706
1611870.0521857904
1608671.8188123372
1606496.5166391726
1603639.9921830618
1598459.9900892286
1597457.934495937
1596438.5110228043
1593212.9455770086
1587029.417333088
1585573.6741164615
1584667.1660258411
1583299.5085383086
1581613.203930524
1579459.5851727012
1577177.063696357
1572527.9747058135
1572132.0962151908
1570458.7992823566
1567356.4074595363
1565328.6691212568
1563582.3511188915
1561051.6101702177
1555573.7594513758
1552864.353256764
1549067.2569547808
1546506.1772351903
1543892.9004699786
1540227.7849398132
1539650.2509400728
1539029.1092695002
1537881.0011803955
1535333.4849832768
1532912.6928459457
1531068.70962008
1529095.3661026051
1529039.390740444
1527730.619078936
1526768.49286096
1525622.694395786
1524126.5733630734
1523926.286189116
1523725.9971509324
1520934.2203549512
1519974.227716069
1519786.1296932276
1517869.146288908
1517402.262916566
1516340.6075969785
1514760.9044971005
1513246.7338481431
1511944.4152893077
1511649.3701630638
1510491.5208264075
1509639.47559382
1507964.2667320077
1505945.1360102869
1504233.3630682281
1501785.431760593
1500749.0920717157
1500749.0920717157
1498690.0575431427
1496188.2531079142
1495594.9317666306
1495263.1444798838
1492786.3765624042
1490998.9880286623
1489822.931377707
1486670.8496696597
1482816.3390294139
1482779.2354172994
1480664.683756
1479463.846224361
1477628.9927351219
1474040.2312616485
1473097.1771425663
1470012.8133153953
1469270.039258468
1468700.6091597634
1467944.43728039
1464417.1053445209
1462962.5322540908
1462576.9273638898
1461337.7879746999
1459444.7026159842
1457588.7516458123
1455417.3171565922
1455417.3171565922
1453521.5217929403
1450003.2534271795
1448546.5323837928
1448546.5323837928
1447179.395169181
1446989.1666851537
1445720.1700208555
1444834.8653319203
1442680.8767666102
1442184.423310197
1441783.0083206315
1439457.3042105515
1438809.1685303184
1437863.5022683488
1436535.3749046829
1434776.5709367401
1432446.246232986
1432188.7520666819
1430910.0985766049
1429671.7121241335
1427983.181512829
1426204.1401925818
1425038.9238663947
1424100.5255681528
1419826.5836248281
1419806.5970707503
1418961.8177750688
1418470.6986831035
1417680.6578488564
1416577.2081922384
1415508.7507568328
1415106.1226625713
1412282.5731008146
1411183.9409340774
1407424.0249899381
1402581.0140930656
1401619.8409574335
1401043.5396329938
1399310.9220831185
1398257.6201716482
1398183.7476485702
1398079.4352963325
1397273.5810542344
1396301.1843981557
1394772.0981543316
1394448.09057216
1391999.1708848632
1390354.228027734
1389433.918143972
1387954.1022322588
1386005.5038491846
1383489.4795722687
1383474.2443449546
1383197.240329409
1382273.3704493418
1381544.7736751316
1380801.380452859
1379809.5321671343
1378080.0448267786
1374183.2097188593
1373543.3266298478
1373475.1712803757
1373135.3914618576
1371553.5690982575
1370868.650461693
1369648.9813753036
1368571.605399456
1367480.3559554638
1366740.8846031716
1365543.4987071496
1364495.9670233182
1364495.9670233182
1364495.9670233182
1362376.6455325752
1362376.6455325752
1359725.7708951721
1358994.208437155
1356034.073204201
1354148.6671976526
1352129.038115689
1351959.9709568238
1351403.0129978813
1350079.9642657752
1350079.9642657752
1350079.9642657752
1350001.6817213784
1347931.1869498487
1346218.6484150882
1344873.2624190687
1341835.0923105748
1340736.4216584943
1340736.4216584943
1339598.108704348
1339563.0603180693
1338414.6928089198
1336967.9751464431
1335032.9944747565
1333382.0333182332
1333382.0333182332
1333382.0333182332
1333033.9032517099
1333033.9032517099
1330643.9576845155
1330634.671559928
1328028.1509433778
1326997.4567336584
1325771.6416064368
1325771.6416064368
1325552.449326086
1323650.1624430327
1322966.6575936838
1321247.3200803422
1321247.3200803422
1318678.344267129
1318106.5652337405
1317735.022663325
1313802.9110514699
1313413.238231524
1313039.6488426565
1312515.8410557962
1312515.8410557962
1312238.2307532588
1311700.8785956835
1308660.9143043912
1308660.9143043912
1308316.1755944653
1308316.1755944653
1306829.962446713
1305472.4044676349
1303223.7372367322
1301888.237561747
1301888.237561747
1301405.824134002
1301405.824134002
1300882.8717723372
1300322.9489444555
1298917.1696165404
1298395.9967050613
1297820.69911783
1296834.7058515311
1295631.007880852
1295445.2153768144
1295268.994571526
1295268.994571526
1295268.994571526
1295006.6879083836
1294959.4251283489
1294818.2241972154
1294818.2241972154
1292849.2173964242
1292256.9825672777
1291197.5513212713
1289900.8801301562
1288870.4111593605
1288428.5966366588
1288277.8869297325
1286342.9503188613
1285722.7700397521
1284592.9084660464
1283917.8880129457
1283625.4970568041
1281789.6170806303
1281470.1210013838
1280996.771385864
1279243.5614997447
1276725.4992851513
1275569.4653133769
1275124.2645675144
1274888.5050676223
1274308.2903256314
1273416.5321684657
1273416.5321684657
1273153.7424329994
1271338.6678045457
1270469.3378443066
1268666.6956824262
1268428.2741652618
1268428.2741652618
1268428.2741652618
1268003.8947229162
1267515.7490678993
1265712.208622856
1265138.0900191152
1264618.3462417102
1263538.4324622073
1259222.1570963436
1258903.4635555032
1258009.343435991
1256035.4851321182
1255417.623855496
1255388.8876382038
1254619.9386018384
1254619.9386018384
1254015.9510446223
1253830.1730485687
1253476.4292228713
1251136.5191031534
1250909.2774259874
1250909.2774259874
1250279.288262681
1249612.006381152
1249265.733578447
1249265.733578447
1248862.777034257
1248465.2950199526
1248200.7893195273
1247788.3132806737
1247741.7397478363
1246708.5608324492
1246708.5608324492
1246329.0829814712
1245938.5841928942
1244469.1846532645
1242832.9285532814
1242832.9285532814
1242832.9285532814
1241743.1667846418
1240296.9279842433
1240296.9279842433
1240296.9279842433
1240296.9279842433
1239756.3660736838
1238812.9022327662
1238583.8256365194
1238427.0251105512
1238148.7363681071
1237631.6340293135
1236916.9279866433
1236873.4522095576
1236303.433610884
1236303.433610884
1234702.1924597179
1233840.032274013
1231305.7296397244
1230593.4680682898
1230486.4056999544
1230255.2940983728
1229552.424377846
1229080.1923434136
1228748.0118511142
1228066.3492100327
1228066.3492100327
1228066.3492100327
1226898.220711941
1226794.5819278448
1226635.2067860814
1226635.2067860814
1226635.2067860814
1226167.3195867883
1225684.6225182628
1225258.9877571259
1224181.4643949834
1223756.7472954933
1223756.7472954933
1223548.9082043506
1222419.3108402025
1222231.4630264188
1222231.4630264188
1222117.1650838007
1220873.1195947584
1220764.0895549248
1219078.9693620116
1217608.0857787682
1216884.6479078713
1216798.3428480586
1215753.0519616746
1215753.0519616746
1214716.912485898
1213804.7727071391
1213508.135273126
1213225.0934923128
1213225.0934923128
1212977.4760672967
1212627.0687081686
1211886.6276580575
1211886.6276580575
1210231.5504361154
1210231.5504361154
1209803.1753453715
1209803.1753453715
1209161.6479546211
1209161.6479546211
1209161.6479546211
1208242.593091279
1207878.0567603747
1206931.1672503385
1206211.0416571696
1206211.0416571696
1205798.9729025
1204512.0436539478
1203517.2595827677
1202696.0249712944
1202696.0249712944
1202538.115381366
1200212.6539264116
1199537.2267670599
1199277.4381308537
1198591.5199599997
1197838.2488002554
1197838.2488002554
1197569.1759161921
1196585.1586879338
1196585.1586879338
1196585.1586879338
1196018.0875171823
1195767.5758281471
1195171.661875167
1194206.141553725
1194206.141553725
1194029.6579396538
1193125.4238760364
1193125.4238760364
1193100.7585255625
1191713.351260174
1190366.8365221461
1190366.8365221461
1189628.4034993034
1189108.0136367106
1189108.0136367106
1188145.7195950858
1187974.9958702838
1187377.7084043424
1186977.245677234
1186528.5951654995
1186528.5951654995
1186528.5951654995
1186292.5315722898
1185402.7084613366
1185400.9733971572
1183984.763234754
1183984.763234754
1183984.763234754
1183528.7547284737
1183460.747219967
1183460.747219967
1183360.5551835105
1182523.0551152127
1182232.6385438968
1182232.6385438968
1182232.6385438968
1181578.8772788816
1181578.8772788816
1181504.3330252597
1181312.085069705
1181161.5221095402
1180910.2079841723
1180910.2079841723
1180910.2079841723
1180910.2079841723
1179924.6516516872
1179033.565094571
1177451.8183479013
1176669.7132398249
1176669.7132398249
1176362.7013693326
1176362.7013693326
1176284.3719181814
1176284.3719181814
1176284.3719181814
1176258.6693345534
1176258.6693345534
1176258.6693345534
1175673.336062172
1175673.336062172
1175557.5731631485
1175557.5731631485
1175557.5731631485
1175557.5731631485
1175518.2817445411
1175518.2817445411
1174777.346988496
1174777.346988496
1174768.615269932
1173152.7066426668
1173152.7066426668
1171271.3462699973
1171021.0693702197
1170180.6109076256
1169499.987057617
1169485.724617769
1169355.7460693512
1167377.4679810638
1166912.8601363902
1166912.8601363902
1166912.8601363902
1166764.0072489206
1166764.0072489206
1166764.0072489206
1166374.5354668344
1166209.687324253
1166207.83214065
1166146.917040831
1166122.3666063724
1166122.3666063724
1166122.3666063724
1164842.7696793727
1163853.2785761654
1163831.48807768
1163283.8934008868
1162165.9524926897
1162165.9524926897
1162090.4091621363
1161734.627776675
1161380.4851255768
1161171.1214847614
1160844.1945189754
1160104.5313193456
1159819.7753227716
1159403.5708631836
1159336.6942886424
1159336.6942886424
1159046.7069913954
1159046.7069913954
1157577.694831508
1157577.694831508
1157136.3914640534
1156815.79539457
1156689.5698673972
1156689.5698673972
1155632.8812198523
1155578.3270265618
1155469.541062453
1155469.541062453
1155176.6320198195
1155176.6320198195
1154527.933906288
1153999.1089851593
1153999.1089851593
1153581.870350368
1153581.870350368
1152443.6857161468
1152443.6857161468
1152443.6857161468
1152443.6857161468
1152443.6857161468
1152443.6857161468
1152443.6857161468
1152443.6857161468
1152356.6987286387
1152034.5196679616
1152034.5196679616
1150791.8746132413
1150791.8746132413
1150791.8746132413
1150420.4938039905
1150115.16795394
1150115.16795394
1149432.1259405767
1148931.8916964582
1147600.708802537
1146867.6162046203
1146867.6162046203
1146867.6162046203
1146155.269535059
1146107.0044111954
1145244.0003963136
1144357.8355691843
1143814.5723612357
1143679.1356795318
1143679.1356795318
1143138.2699609157
1143138.2699609157
1142360.3116039576
1142211.7753279083
1142211.7753279083
1141991.1337353978
1141116.659049418
1140748.3518422144
1139160.513324505
1139160.513324505
1138929.8979924978
1138855.098757965
1138855.098757965
1138285.3129337311
1138254.1201652477
1138063.5149757753
1137850.884285916
1137850.884285916
1137613.5372123048
1137613.5372123048
1136848.132154146
1136848.132154146
1136071.6959304712
1135996.2164966583
1135996.2164966583
1135045.572174983
1135045.572174983
1135045.572174983
1135036.9494346664
1135036.9494346664
1134052.3930155113
1133175.2435530322
1132696.2582735615
1132285.5567767068
1132285.5567767068
1132081.4201370939
1131735.4737841026
1131735.4737841026
1130297.6160368172
1129270.3374445725
1127811.341122495
1127530.7407199102
1127530.7407199102
1127530.7407199102
1126775.0746004095
1126775.0746004095
1126352.8592154002
1126167.36064934
1126167.36064934
1126167.36064934
1126167.36064934
1125838.7834662215
1125838.7834662215
1125437.512229634
1125437.512229634
1125437.512229634
1124014.524830494
1124014.524830494
1123850.2865827577
1123739.9879562422
1123236.7479617703
1123236.7479617703
1122921.1400669795
1122921.1400669795
1121965.2513723243
1121710.740119092
1120909.9000519444
1120190.594977109
1119591.4717095816
1119111.8032810565
1118124.072300751
1117528.712400072
1117528.712400072
1116532.8194466194
1116532.8194466194
1116532.8194466194
1116532.8194466194
1116532.8194466194
1116133.7348224488
1116133.7348224488
1116133.7348224488
1116133.7348224488
1115454.7976616067
1115281.5437628967
1115281.5437628967
1114795.4667157142
1114795.4667157142
1114795.4667157142
1114795.4667157142
1114795.4667157142
1114795.4667157142
1113993.37093717
1113993.37093717
1113993.37093717
1113793.8503923006
1113601.1978166194
1113316.2769020712
1112510.5961693479
1110747.9739962365
1110747.9739962365
1110747.9739962365
1109754.746982947
1109754.746982947
1109682.6299185664
1109682.6299185664
1109682.6299185664
1109328.5141101887
1108494.555273354
1108494.555273354
1108143.3676098345
1108106.8629494265
1107451.3013546858
1107451.3013546858
1107451.3013546858
1107035.216228167
1107035.216228167
1107035.216228167
1106311.3645434515
1106038.6375943169
1106038.6375943169
1106038.6375943169
1105622.6758751268
1105622.6758751268
1105622.6758751268
1105259.0522628287
1105259.0522628287
1104757.3799917698
1104757.3799917698
1104011.8910244205
1103806.61210723
1103181.836401091
1103181.836401091
1103181.836401091
1102993.4286234295
1102993.4286234295
1102993.4286234295
1102229.9355727984
1101065.56912091
1101065.56912091
1101065.56912091
1101042.8691695267
1100917.542598814
1100917.542598814
1100367.1681684426
1099914.988252779
1099914.988252779
1099277.3949792995
1099045.9337234972
1098916.4950502745
1097761.4692590702
1097761.4692590702
1097761.4692590702
1097023.5636839925
1097023.5636839925
1097023.5636839925
1097023.5636839925
1097023.5636839925
1097023.5636839925
1096412.8216536648
1096392.2080111208
1096265.8387985965
1096265.8387985965
1096174.228238693
1096174.228238693
1096031.330241635
1096031.330241635
1095964.4099738412
1095801.8025135526
1095468.0179125417
1095468.0179125417
1095322.9738954226
1095322.9738954226
1095069.0819790987
1094871.2418424767
1094871.2418424767
1094871.2418424767
1094808.8117386124
1094413.4891936292
1094413.4891936292
1094413.4891936292
1094413.4891936292
1093785.0621909313
1093785.0621909313
1093785.0621909313
1093360.7538681263
1093360.7538681263
1093360.7538681263
1093360.7538681263
1093360.7538681263
1093186.457462773
1093186.457462773
1093186.457462773
1092676.9271743349
1092676.9271743349
1092676.9271743349
1092676.9271743349
1092163.200720264
1092163.200720264
1092160.8470507516
1092144.0362525946
1092133.7959596156
1092133.7959596156
1092133.7959596156
1091085.0010399893
1090559.7708443757
1090559.7708443757
1090559.7708443757
1090559.7708443757
1089896.6226444026
1089896.6226444026
1089697.6265929965
1089560.0302521833
1089560.0302521833
1089317.1390820506
1089024.788390798
1088934.7046105382
1088352.3008957794
1087552.5804264492
1087552.5804264492
1087552.5804264492
1087552.5804264492
1087552.5804264492
1087552.5804264492
1087552.5804264492
1087552.5804264492
1087533.1310187897
1086807.9978186358
1086784.5071072995
1086784.5071072995
1086784.5071072995
1086628.4831665545
1086085.321489369
1086085.321489369
1086085.321489369
1086085.321489369
1085816.6319247792
1085752.217333496
1085092.6001401276
1085092.6001401276
1084296.626285458
1084202.9857084109
1084202.9857084109
1084202.9857084109
1083875.9761993336
1083875.9761993336
1083612.7557233735
1083059.5354904914
1082606.8252976104
1082606.8252976104
1082606.8252976104
1082606.8252976104
1082530.7648339719
1081927.1021360545
1081927.1021360545
1081927.1021360545
1081927.1021360545
1081927.1021360545
1081376.3290750305
1081376.3290750305
1081376.3290750305
1080361.5088256076
1080086.0860503777
1080086.0860503777
1079968.9675624634
1079545.6353791114
1079545.6353791114
1079545.6353791114
1079545.6353791114
1079225.054838722
1079009.1147930115
1078797.9530620573
1078797.9530620573
1078451.6582069844
1078311.8292482267
1077581.1248647603
1077581.1248647603
1076584.3190358696
1075647.1650064336
1075423.4502723755
1075385.070088809
1075385.070088809
1075385.070088809
1075239.1506064646
1075147.6041658816
1075147.6041658816
1074935.2812349047
1074322.0259480206
1072963.0025314316
1072963.0025314316
1072963.0025314316
1072580.9938062362
1072580.9938062362
1072580.9938062362
1072256.7504203147
1072225.0008143822
1071798.4735690937
1071798.4735690937
1071798.4735690937
1071798.4735690937
1070528.2517305221
1070528.2517305221
1070028.717172491
1069680.6343509068
1069614.9852410215
1069614.9852410215
1069555.7075601511
1069532.3096060064
1069532.3096060064
1069532.3096060064
1069532.3096060064
1069532.3096060064
1069532.3096060064
1069532.3096060064
1069532.3096060064
1069532.3096060064
1069532.3096060064
1069532.3096060064
1069296.342788621
1068826.085946091
1068826.085946091
1067866.6969091778
1067750.3765649009
1067627.1391199785
1067045.01114291
1067045.01114291
1066817.131599594
1066817.131599594
1066817.131599594
1066817.131599594
1066533.7205881148
1066483.9995045168
1066483.9995045168
1066483.9995045168
1066483.9995045168
1065673.536509461
1065673.536509461
1064761.0926994327
1064761.0926994327
1064567.1834534444
1064567.1834534444
1064567.1834534444
1064480.383189489
1064480.383189489
1064480.383189489
1064480.383189489
1064115.8118976923
1064115.8118976923
1064115.8118976923
1064115.8118976923
1064115.8118976923
1064115.8118976923
1064115.8118976923
1064115.8118976923
1064115.8118976923
1064115.8118976923
1063421.311580501
1063421.311580501
1063421.311580501
1063421.311580501
1063239.500010421
1063239.500010421
1062419.2272050271
1061841.8163438519
1061841.8163438519
1061841.8163438519
1061054.6291617749
1061054.6291617749
1060395.0878492224
1060395.0878492224
1060194.475915756
1060194.475915756
1060194.475915756
1059997.0710803554
1058701.040786963
1057740.6131616759
1057397.479733361
1057269.371326035
1056991.6910900124
1056411.0040862137
1056411.0040862137
1056411.0040862137
1056411.0040862137
1056207.6560007408
1055612.6726957625
1055363.145341712
1054958.0419502743
1054958.0419502743
1054355.1592720798
1053810.1276951032
1053810.1276951032
1053810.1276951032
1053810.1276951032
1053810.1276951032
1053810.1276951032
1053809.7690342828
1053561.571982418
1053561.571982418
1053561.571982418
1053561.571982418
1053561.571982418
1052810.6296758836
1052810.6296758836
1052791.177962328
1052791.177962328
1052791.177962328
1052791.177962328
1051863.277741356
1051863.277741356
1051863.277741356
1051709.1132181382
1051709.1132181382
1051420.2460931665
1051420.2460931665
1051385.4288806154
1050927.7204330473
1050927.7204330473
1050926.7926205639
1050926.7926205639
1050926.7926205639
1050926.7926205639
1050680.0816612013
1050680.0816612013
1050676.5728204907
1050388.1687622368
1050275.7507985267
1050275.7507985267
1050210.3766069522
1050210.3766069522
1050210.3766069522
1049970.099644347
1049970.099644347
1049572.2289426257
1049572.2289426257
1049572.2289426257
1049572.2289426257
1049323.8343966263
1048767.2839345743
1048271.9676219907
1048271.9676219907
1048271.9676219907
1048271.9676219907
1048271.9676219907
1048271.9676219907
1048210.7582956362
1048210.7582956362
1048210.7582956362
1047465.4795238348
1047465.4795238348
1047465.4795238348
1047465.4795238348
1047465.4795238348
1047291.6190148552
1046888.6074728877
1045350.6861650266
1045164.637053765
1044853.0477897334
1044244.6943669657
1044244.6943669657
1044244.6943669657
1044244.6943669657
1044244.6943669657
1043647.0010814313
1043647.0010814313
1043584.6332755641
1043584.6332755641
1042977.3449806962
1042888.2659900712
1042888.2659900712
1042133.9986404944
1042089.4360339801
1042038.7486430294
1041885.3704306347
1041825.7444120089
1041825.7444120089
1041403.870743179
1041403.870743179
1041403.870743179
1041403.870743179
1041097.5906362074
1041040.4473315147
1041040.4473315147
1041040.4473315147
1040861.4990156369
1040861.4990156369
1040861.4990156369
1040861.4990156369
1040861.4990156369
1040861.4990156369
1040197.8039087029
1040141.3530930614
1040141.3530930614
1040141.3530930614
1040141.3530930614
1040141.3530930614
1040141.3530930614
1040141.3530930614
1040031.0816243519
1040031.0816243519
1040031.0816243519
1040031.0816243519
1039601.0680108318
1039601.0680108318
1039601.0680108318
1039312.5181007772
1038774.7700947924
1038737.2255063441
1038496.0162479777
1038496.0162479777
1037810.7179386086
1037810.7179386086
1037810.7179386086
1037267.5229455662
1037267.5229455662
1037267.5229455662
1037267.5229455662
1037267.5229455662
1037267.5229455662
1037267.5229455662
1037267.5229455662
1037267.5229455662
1036730.3172712722
1036730.3172712722
1036730.3172712722
1036461.4173261574
1036461.4173261574
1035963.885501988
1035286.5685397016
1035289.0486581211
1033963.1005045671
1033963.1005045671
1032135.8966152342
1032135.8966152342
1032114.5233906895
1031746.6537343848
1031746.6537343848
1031392.6382978435
1031317.2139760371
1031317.2139760371
1031317.2139760371
1031317.2139760371
1031317.2139760371
1031317.2139760371
1031317.2139760371
1031317.2139760371
1031020.0279419769
1031020.0279419769
1030921.6895302666
1030921.6895302666
1030921.6895302666
1030895.0322080704
1030895.0322080704
1030895.0322080704
1030895.0322080704
1030480.2530334282
1030400.4436326614
1030400.4436326614
1030400.4436326614
1030400.4436326614
1030400.4436326614
1030400.4436326614
1030400.4436326614
1030400.4436326614
1030400.4436326614
1030400.4436326614
1030400.4436326614
1030400.4436326614
1030400.4436326614
1030400.4436326614
1030400.4436326614
1030400.4436326614
1030400.4436326614
1030400.4436326614
1030400.4436326614
1030400.4436326614
1030400.4436326614
1030400.4436326614
1029670.3613631465
1029670.3613631465
1029670.3613631465
1029670.3613631465
1029670.3613631465
1028996.7289123263
1028446.0326725726
1028446.0326725726
1028446.0326725726
1028446.0326725726
1028368.5386426214
1028368.5386426214
1028204.6942635814
1028084.4322014695
1027809.6278066701
1027450.2533371698
1027450.2533371698
1027450.2533371698
1027450.2533371698
1026868.3686758231
1026868.3686758231
1026751.1635646722
1026069.981545436
1025877.042439803
1025877.042439803
1025877.042439803
1025877.042439803
1025877.042439803
1025877.042439803
1025570.3094081746
1025570.3094081746
1025502.3060520194
1025289.6854165166
1025082.7756126076
1025082.7756126076
1025082.7756126076
1025082.7756126076
1025082.7756126076
1025082.7756126076
1025082.7756126076
1025082.7756126076
1024844.2189252769
1024844.2189252769
1024844.2189252769
1024844.2189252769
1024844.2189252769
1024844.2189252769
1024844.2189252769
1024844.2189252769
1024538.1028692396
1024346.3426015549
1022999.6156142121
1022342.7149762232
1022310.9537712417
1022310.9537712417
1022310.9537712417
1022310.9537712417
1022310.9537712417
1022310.9537712417
1022310.9537712417
1022310.9537712417
1022310.9537712417
1022310.9537712417
1022310.9537712417
1022310.9537712417
1022310.9537712417
1021688.8033578995
1021585.6493742825
1021585.6493742825
1021585.6493742825
1021208.770731258
1021095.2771478114
1021084.4779959228
1020608.283844342
1020605.8951869681
1020043.8056939213
1020043.8056939213
1020043.8056939213
1020043.8056939213
1020043.8056939213
1020043.8056939213
1019154.7820076046
1019154.7820076046
1019154.7820076046
1019154.7820076046
1019154.7820076046
1019154.7820076046
1018771.4710347825
1018403.8112361602
1018403.8112361602
1018097.634122679
1017480.0375752052
1017480.0375752052
1017480.0375752052
1017480.0375752052
1017480.0375752052
1017480.0375752052
1017480.0375752052
1017452.6536860224
1017452.6536860224
1017452.6536860224
1017074.9517155965
1017074.9517155965
1017074.9517155965
1016982.7531599572
1016845.4841741913
1016845.4841741913
1016600.0973774549
1016600.0973774549
1016600.0973774549
1016474.8204023747
1016439.0415260807
1016439.0415260807
1015835.7227522344
1015835.7227522344
1015835.7227522344
1015835.7227522344
1015835.7227522344
1015835.7227522344
1015835.7227522344
1015835.7227522344
1015835.7227522344
1015835.7227522344
1015835.7227522344
1015580.8039598408
1015331.0705192937
1015331.0705192937
1014456.8686210811
1014406.1758097629
1014279.6040612949
1014279.6040612949
1013598.730680619
1013598.730680619
1013465.0556553067
1012958.9716909636
1012958.9716909636
1012958.9716909636
1012958.9716909636
1012814.0020699028
1012814.0020699028
1012814.0020699028
1012814.0020699028
1012553.4257490891
1012553.4257490891
1012553.4257490891
1012553.4257490891
1012231.7164242209
1012003.9679900074
1012003.9679900074
1012003.9679900074
1011663.9658213552
1011663.9658213552
1011663.9658213552
1010906.0728334468
1010685.5820391017
1010616.779296089
1010616.779296089
1010371.1298690193
1010371.1298690193
1010173.9074706079
1010034.9451610646
1010034.9451610646
1009384.2092976082
1009384.2092976082
1009384.2092976082
1009384.2092976082
1009384.2092976082
1009384.2092976082
1009384.2092976082
1009384.2092976082
1009113.0065632651
1008967.3465493742
1008967.3465493742
1008712.9798095755
1008712.9798095755
1008712.9798095755
1008712.9798095755
1008712.9798095755
1008712.9798095755
1008625.5910535838
1008625.5910535838
1008465.7385087574
1008160.2153349645
1008160.2153349645
1007376.7282561865
1007376.7282561865
1007376.7282561865
1007376.7282561865
1007155.2831244664
1006667.5976417523
1006667.5976417523
1006667.5976417523
1006667.5976417523
1006667.5976417523
1006667.5976417523
1006667.5976417523
1006073.2841032972
1005807.3570069112
1005652.9164364155
1005652.9164364155
1005652.9164364155
1005652.9164364155
1005652.9164364155
1005652.9164364155
1005595.648401517
1005595.648401517
1005595.648401517
1005595.648401517
1005266.5571469464
1005266.5571469464
1005266.5571469464
1005179.2972110475
1005179.2972110475
1005179.2972110475
1005179.2972110475
1005001.0008109098
1005001.0008109098
1004875.7353170852
1004875.7353170852
1004875.7353170852
1004875.7353170852
1004782.5477205727
1004552.4712787219
1004552.4712787219
1004552.4712787219
1004552.4712787219
1004552.4712787219
1004348.8092350079
1004056.9025493818
1003889.4833589845
1003889.4833589845
1003889.4833589845
1002919.3965301206
1002919.3965301206
1002919.3965301206
1002919.3965301206
1002919.3965301206
1002919.3965301206
1002919.3965301206
1002919.3965301206
1002919.3965301206
1002383.3266832455
1002350.4755663767
1002212.0302128985
1002206.5290615036
1002206.5290615036
1002206.5290615036
1002206.5290615036
1002206.5290615036
1002206.5290615036
1000861.7940213076
1000101.6377945857
1000101.6377945857
1000101.6377945857
999453.4324478375
999453.4324478375
999453.4324478375
999453.4324478375
999414.8043170825
999234.7260116742
999234.7260116742
999234.7260116742
998675.4252456508
998029.3714120938
998029.3714120938
997473.6294900158
997473.6294900158
997473.6294900158
997473.6294900158
997473.6294900158
997396.9221649177
997396.9221649177
997396.9221649177
997396.9221649177
997056.8649150077
997056.8649150077
997056.8649150077
996298.8315923358
996298.8315923358
995874.6449447444
995874.6449447444
995874.6449447444
995874.6449447444
995874.6449447444
995874.6449447444
995874.6449447444
995874.6449447444
995780.8456320296
995715.4338872028
995715.4338872028
995715.4338872028
995715.4338872028
995326.5440266351
995326.5440266351
995326.5440266351
994977.0946347644
994741.8267914939
994741.8267914939
994741.8267914939
994558.3443177361
994558.3443177361
994558.3443177361
994062.5520536641
994062.5520536641
993998.501821831
993998.501821831
993998.501821831
993932.9514504462
993932.9514504462
993910.5553707825
993826.766906803
993322.3627267429
993103.2697065745
993103.2697065745
993028.9305514868
993028.9305514868
993028.9305514868
993028.9305514868
993028.9305514868
993028.9305514868
993028.9305514868
993028.9305514868
993028.9305514868
993028.9305514868
992590.1498546987
991277.2660098133
991277.2660098133
991277.2660098133
991277.2660098133
991276.9655642448
991276.9655642448
991237.6529629296
990285.0448245083
990285.0448245083
990285.0448245083
990211.3559153853
990211.3559153853
990211.3559153853
990196.1224272649
990196.1224272649
990196.1224272649
989715.5678001307
989715.5678001307
989711.1226600228
989711.1226600228
989662.1231296535
989387.2478662282
989195.0663001158
989195.0663001158
989195.0663001158
989141.2325736771
989141.2325736771
989141.2325736771
989141.2325736771
989141.2325736771
989141.2325736771
989141.2325736771
989085.0250506991
988630.4245329909
988630.4245329909
988630.4245329909
988630.4245329909
988630.4245329909
988630.4245329909
988587.9518206893
988587.9518206893
988263.4927412979
988263.4927412979
988263.4927412979
988263.4927412979
988263.4927412979
988019.3676517003
988019.3676517003
988019.3676517003
988019.3676517003
988019.3676517003
987354.9398371102
987354.9398371102
987354.9398371102
987354.9398371102
986700.4091537513
986700.4091537513
986440.3346062507
986258.8645669643
986258.8645669643
986094.2965843588
986094.2965843588
986094.2965843588
986094.2965843588
986094.2965843588
986094.2965843588
986094.2965843588
986094.2965843588
986094.2965843588
986022.0265246454
986022.0265246454
986022.0265246454
985102.3116741335
984958.984136416
984958.984136416
984958.984136416
984958.984136416
984958.984136416
984958.984136416
984740.4862392603
984740.4862392603
984740.4862392603
984740.4862392603
984740.4862392603
984603.5610131613
983983.4746101932
983983.4746101932
983983.4746101932
983983.4746101932
983983.4746101932
983757.3045656604
983665.6990797635
983621.6477386986
983621.6477386986
983304.4342891979
983304.4342891979
983304.4342891979
982657.9509933782
982657.9509933782
982657.9509933782
982327.349067891
982327.349067891
982327.349067891
982327.349067891
981735.2237812867
981735.2237812867
980799.1870398145
980799.1251516611
980799.1251516611
980799.1251516611
980799.1251516611
980799.1251516611
980799.1251516611
980799.1251516611
980799.1251516611
980799.1251516611
980799.1251516611
980799.1251516611
980799.1251516611
980799.1251516611
980378.279941667
980378.279941667
980198.4787522743
980198.4787522743
980198.4787522743
980198.4787522743
979986.5190579928
979986.5190579928
979986.5190579928
979986.5190579928
979604.4344011119
979604.4344011119
979604.4344011119
979604.4344011119
979604.4344011119
979604.4344011119
979604.4344011119
979264.0307903753
979264.0307903753
979264.0307903753
979264.0307903753
979264.0307903753
979264.0307903753
979264.0307903753
979239.2133624381
979239.2133624381
979239.2133624381
979239.2133624381
979239.2133624381
979239.2133624381
979239.2133624381
979239.2133624381
979239.2133624381
979239.2133624381
979184.8872957414
979184.8872957414
979182.2549158742
979182.2549158742
979182.2549158742
978960.3337095904
978960.3337095904
978853.3812840309
978853.3812840309
978853.3812840309
978853.3812840309
978604.8221106309
978604.8221106309
978550.4128795853
978081.0701300947
978081.0701300947
978081.0701300947
978081.0701300947
977782.2874111953
977602.0470542
977602.0470542
977369.1595148883
977369.1595148883
977369.1595148883
976352.7835405782
975501.5635898901
975233.0747472676
974334.9592114195
974334.9592114195
973799.524688116
973799.524688116
973799.524688116
972294.3080539996
972294.3080539996
972294.3080539996
971731.1652280116
971731.1652280116
971731.1652280116
971731.1652280116
971731.1652280116
971731.1652280116
971731.1652280116
971731.1652280116
971731.1652280116
971709.2385979001
971709.2385979001
971709.2385979001
971709.2385979001
971158.7921891375
971158.7921891375
971158.7921891375
971158.7921891375
971158.7921891375
971158.7921891375
971158.7921891375
971158.7921891375
971087.8543915728
971021.2947550655
970819.2250305477
970819.2250305477
970819.2250305477
970819.2250305477
970819.2250305477
970819.2250305477
970819.2250305477
970819.2250305477
970819.2250305477
970819.2250305477
970819.2250305477
970665.6715606335
970665.6715606335
970665.6715606335
970665.6715606335
970665.6715606335
970591.4594938463
970591.4594938463
970591.4594938463
970591.4594938463
970550.7495583084
970550.7495583084
969211.7584066883
969197.984380838
969170.4453248995
968848.2782863653
968848.2782863653
968848.2782863653
968848.2782863653
968848.2782863653
968848.2782863653
968848.2782863653
968684.2185497344
968684.2185497344
968684.2185497344
968235.4373015774
968235.4373015774
967997.9637910244
967914.8509651159
967914.8509651159
967914.8509651159
967914.8509651159
967432.2772298332
967432.2772298332
967432.2772298332
967432.2772298332
967432.2772298332
967432.2772298332
967432.2772298332
967432.2772298332
966194.1295884179
966194.1295884179
966194.1295884179
966194.1295884179
966078.910341985
966078.910341985
966004.040953445
966004.040953445
965899.7254223884
965899.7254223884
965814.4468587184
965814.4468587184
965814.4468587184
965399.7033927784
965399.7033927784
965158.3012110181
965158.3012110181
964419.6927958786
964419.6927958786
964419.6927958786
964217.0624104973
964217.0624104973
964217.0624104973
964217.0624104973
964217.0624104973
964217.0624104973
964105.8057139218
964105.8057139218
964105.8057139218
964027.3979149731
964027.3979149731
963890.4749530007
963890.4749530007
963890.4749530007
963890.4749530007
963890.4749530007
963890.4749530007
963890.4749530007
963890.4749530007
963890.4749530007
963890.4749530007
963890.4749530007
963890.4749530007
963814.8838529435
963814.8838529435
963814.8838529435
963814.8838529435
963814.8838529435
963814.8838529435
963768.588432986
963685.4714066405
962513.1318604685
962513.1318604685
962513.1318604685
962513.1318604685
962509.8913466828
962509.8913466828
962509.8913466828
962423.9879520754
962423.9879520754
962423.9879520754
962423.9879520754
962423.9879520754
962423.9879520754
962423.9879520754
962423.9879520754
962423.9879520754
962423.9879520754
962246.6009400862
962246.6009400862
962246.6009400862
962246.6009400862
961872.1267095943
961872.1267095943
961872.1267095943
961872.1267095943
961872.1267095943
961872.1267095943
961872.1267095943
961803.6450892184
961803.6450892184
961517.3589510978
961517.3589510978
961517.3589510978
961136.899865909
961138.1587113127
961138.1587113127
961138.1587113127
960804.1061565378
959984.6232541143
959843.7510688191
959843.7510688191
959615.3140840672
959615.3140840672
959615.3140840672
959615.3140840672
959615.3140840672
959615.3140840672
959615.3140840672
959615.3140840672
959615.3140840672
959519.9311519038
959519.9311519038
959519.9311519038
959416.3599739532
959416.3599739532
959416.3599739532
959388.785311042
959388.785311042
959388.785311042
959388.785311042
959388.785311042
959388.785311042
959388.785311042
958776.4936166562
958776.4936166562
958776.4936166562
958456.8063686015
958456.8063686015
958456.8063686015
958456.8063686015
958456.8063686015
958456.8063686015
958456.8063686015
958456.8063686015
958456.8063686015
958285.920628693
958285.920628693
958189.1405007388
958189.1405007388
958189.1405007388
958189.1405007388
958189.1405007388
958189.1405007388
958189.1405007388
958189.1405007388
958114.7183263594
957978.2799287331
957978.2799287331
957978.2799287331
957967.8820491238
957341.9407860602
957341.9407860602
957273.1034737255
957273.1034737255
957273.1034737255
957273.1034737255
957273.1034737255
957273.1034737255
957273.1034737255
957273.1034737255
957273.1034737255
957273.1034737255
956815.4923972064
956815.4923972064
956815.4923972064
956815.4923972064
956815.4923972064
956815.4923972064
956729.0541938569
956729.0541938569
956729.0541938569
956729.0541938569
956729.0541938569
956729.0541938569
956676.6191737815
956676.6191737815
956676.6191737815
955959.2460470967
955959.2460470967
955959.2460470967
955959.2460470967
955534.8102785026
955503.6209525445
955503.6209525445
955503.6209525445
955283.1401881443
955283.1401881443
955150.7932143863
955150.7932143863
955150.7932143863
955150.7932143863
955150.7932143863
955150.7932143863
955150.7932143863
955150.7932143863
955150.7932143863
955150.7932143863
955150.7932143863
955150.7932143863
955150.7932143863
955150.7932143863
955150.7932143863
955150.7932143863
955150.7932143863
955150.7932143863
955150.7932143863
955150.7932143863
955150.7932143863
954864.2276366885
954864.2276366885
954864.2276366885
954864.2276366885
954857.0849064023
954857.0849064023
954228.6740718682
954228.6740718682
954228.6740718682
954228.6740718682
953858.0000996211
953352.3870531432
953352.3870531432
953352.3870531432
953352.3870531432
953352.3870531432
953352.3870531432
953352.3870531432
952126.5161023655
952126.5161023655
952126.5161023655
952126.5161023655
951999.3107226186
951982.1563064796
951698.6006722586
951057.5084205384
951057.5084205384
951057.5084205384
951057.5084205384
951044.2567972916
951044.2567972916
951044.2567972916
950886.001462549
950886.001462549
950886.001462549
950881.0560188803
950528.4147045814
949403.4610598756
949270.1766150455
949270.1766150455
949270.1766150455
949270.1766150455
948989.2394603081
948989.2394603081
948989.2394603081
948989.2394603081
948989.2394603081
948866.2394897242
948866.2394897242
948866.2394897242
948866.2394897242
948866.2394897242
948866.2394897242
948863.6728304736
948863.6728304736
948641.8437676248
948641.8437676248
948492.9064514432
947976.5226835228
947976.5226835228
947976.5226835228
947976.5226835228
947976.5226835228
947889.6525202446
947889.6525202446
947889.6525202446
947889.6525202446
947889.6525202446
947839.9856593169
947677.2138932776
947677.2138932776
947677.2138932776
947677.2138932776
947677.2138932776
947677.2138932776
947677.2138932776
947677.2138932776
947677.2138932776
947677.2138932776
947534.8315426956
947407.3521731356
947407.3521731356
946873.8074699724
946815.7961451132
946412.159295409
946412.159295409
946206.8735833113
945856.2293232708
945856.2293232708
945856.2293232708
945856.2293232708
945826.4928139925
945826.4928139925
945826.4928139925
945826.4928139925
945826.4928139925
945024.1400708902
945024.1400708902
944758.7833907873
944544.6413428653
944544.6413428653
944544.6413428653
944544.6413428653
944544.6413428653
944544.6413428653
944544.6413428653
944544.6413428653
944460.738833125
944460.738833125
943706.9871642482
943041.1335703214
943041.1335703214
943041.1335703214
943041.1335703214
943041.1335703214
943041.1335703214
943041.1335703214
943041.1335703214
943041.1335703214
943041.1335703214
943041.1335703214
943041.1335703214
942592.5704365453
942592.5704365453
942592.5704365453
942592.5704365453
942408.0463683931
942170.6669626909
942170.6669626909
942170.6669626909
942170.6669626909
941968.2163630417
941915.2848327172
941915.2848327172
941915.2848327172
941915.2848327172
941915.2848327172
941915.2848327172
941915.2848327172
941537.0211735092
941537.0211735092
941451.7459507838
941451.7459507838
941451.7459507838
941451.7459507838
941176.9342831556
941176.9342831556
941176.9342831556
941176.9342831556
941176.9342831556
941145.2989045365
941145.2989045365
941145.2989045365
941145.2989045365
941145.2989045365
941145.2989045365
941145.2989045365
941145.2989045365
940166.0039583467
940166.0039583467
939267.3922410868
938597.9334379863
938597.9334379863
938597.9334379863
938597.9334379863
938356.8161567249
938356.8161567249
938356.8161567249
938356.8161567249
938356.8161567249
938356.8161567249
938356.8161567249
938356.8161567249
938356.8161567249
938356.8161567249
938356.8161567249
938356.8161567249
938270.780046035
938270.780046035
938270.780046035
938270.780046035
938270.780046035
938270.780046035
938270.780046035
938220.186306509
938206.2105165545
938206.2105165545
938206.2105165545
938206.2105165545
938206.2105165545
938206.2105165545
938206.2105165545
938206.2105165545
937632.4269373151
937632.4269373151
937632.4269373151
937585.6006015115
937585.6006015115
937585.6006015115
937585.6006015115
937585.6006015115
937585.6006015115
937583.7355324167
937314.1824949037
937017.5197236021
937017.5197236021
936926.1316455875
936907.9883905717
936907.9883905717
936907.9883905717
936907.9883905717
936907.9883905717
936907.9883905717
936907.9883905717
936907.9883905717
936907.9883905717
936907.9883905717
936907.9883905717
936907.9883905717
936907.9883905717
936907.9883905717
936807.0785930033
936807.0785930033
936807.0785930033
936807.0785930033
936807.0785930033
936807.0785930033
936807.0785930033
936807.0785930033
936617.315492253
936617.315492253
936617.315492253
936617.315492253
936617.315492253
936617.315492253
936617.315492253
936617.315492253
936277.0866432344
936277.0866432344
936277.0866432344
936277.0866432344
936277.0866432344
936277.0866432344
936277.0866432344
935586.2393563106
935586.2393563106
935586.2393563106
935586.2393563106
935586.2393563106
935586.2393563106
935586.2393563106
935586.2393563106
935283.964954779
935283.964954779
935283.964954779
935283.964954779
934525.5098207401
934525.5098207401
933858.6247677137
933858.6247677137
933778.393328654
933778.393328654
933731.9478826771
933731.9478826771
933731.9478826771
933598.7553682743
933598.7553682743
933311.137093428
932803.5649330273
932803.5649330273
932580.0388093668
932580.0388093668
932580.0388093668
932580.0388093668
932580.0388093668
932580.0388093668
932466.7815419562
931570.4140673738
931570.4140673738
931570.4140673738
931570.4140673738
931570.4140673738
931570.4140673738
931527.5434485287
930802.5684175574
930802.5684175574
930802.5684175574
930758.058135231
930326.6025360355
930013.3135167405
929732.7488686226
929654.710786591
929654.710786591
929654.710786591
929008.4723258448
928828.1216942038
928828.1216942038
928828.1216942038
928828.1216942038
928828.1216942038
928828.1216942038
928828.1216942038
928828.1216942038
928828.1216942038
928173.1471635317
928173.1471635317
928173.1471635317
927142.5048138325
927142.5048138325
927142.5048138325
926918.9845770289
926918.9845770289
926918.9845770289
926918.9845770289
926918.9845770289
926918.9845770289
926918.9845770289
926918.9845770289
926918.9845770289
926918.9845770289
926918.9845770289
926918.9845770289
926918.9845770289
926918.9845770289
926918.9845770289
926918.9845770289
926918.9845770289
926918.9845770289
926918.9845770289
926918.9845770289
926918.9845770289
926643.1752505524
926643.1752505524
926643.1752505524
926643.1752505524
926643.1752505524
926643.1752505524
926643.1752505524
926643.1752505524
926643.1752505524
926643.1752505524
926269.3857516277
926269.3857516277
926269.3857516277
926269.3857516277
926269.3857516277
926269.3857516277
926269.3857516277
926269.3857516277
926269.3857516277
926269.3857516277
926269.3857516277
925967.9812625059
925967.9812625059
925967.9812625059
925967.9812625059
925911.9005746208
925660.8605240756
925660.8605240756
925660.8605240756
925660.8605240756
925511.6687328834
925511.6687328834
925511.6687328834
925511.6687328834
925511.6687328834
925511.6687328834
925511.6687328834
925511.6687328834
925511.6687328834
925511.6687328834
925511.6687328834
925511.6687328834
925511.6687328834
925511.6687328834
925252.3576045402
925252.3576045402
925055.2341430747
924865.7894672413
924153.337215638
924153.337215638
924153.337215638
924153.337215638
924153.337215638
924153.337215638
922624.7751902402
922624.7751902402
922624.7751902402
922624.7751902402
922492.4745843421
922492.4745843421
922492.4745843421
922492.4745843421
922492.4745843421
921986.0635824588
921986.0635824588
921940.3438177106
921940.3438177106
921940.3438177106
921940.3438177106
921940.3438177106
921940.3438177106
921940.3438177106
921940.3438177106
921758.9556957672
921758.9556957672
921758.9556957672
921758.9556957672
921758.9556957672
921758.9556957672
921758.9556957672
920241.7226215532
920241.7226215532
920241.7226215532
919882.5900416181
919362.5327933982
919362.5327933982
919362.5327933982
919362.5327933982
919362.5327933982
919362.5327933982
919362.5327933982
918825.1856753641
918825.1856753641
918822.2114009112
918822.2114009112
918822.2114009112
918708.8465411132
918708.8465411132
918708.8465411132
918708.8465411132
918708.8465411132
918593.5751056864
918152.0258705784
918152.0258705784
918152.0258705784
918152.0258705784
918152.0258705784
918152.0258705784
918152.0258705784
918152.0258705784
917852.1734635757
917852.1734635757
917852.1734635757
917852.1734635757
917852.1734635757
917852.1734635757
917852.1734635757
917852.1734635757
917817.8304683315
917817.8304683315
917817.8304683315
917817.8304683315
917817.8304683315
917817.8304683315
917213.9363838296
917213.9363838296
917213.9363838296
917213.9363838296
917213.9363838296
917213.9363838296
916650.2690199029
916650.2690199029
916650.2690199029
916650.2690199029
916650.2690199029
916650.2690199029
916650.2690199029
916650.2690199029
916650.2690199029
916650.2690199029
916650.2690199029
916650.2690199029
916650.2690199029
916650.2690199029
916650.2690199029
916650.2690199029
916650.2690199029
916005.8775394554
915974.6705396859
915974.6705396859
915974.6705396859
915974.6705396859
915880.4374510426
915880.4374510426
915880.4374510426
915880.4374510426
915880.4374510426
915880.4374510426
915880.4374510426
915880.4374510426
915619.1630975606
915619.1630975606
915619.1630975606
915619.1630975606
915619.1630975606
915007.2402300268
915007.2402300268
915007.2402300268
915007.2402300268
915007.2402300268
915007.2402300268
915007.2402300268
915007.2402300268
915007.2402300268
915007.2402300268
915007.2402300268
915005.4143395403
915005.4143395403
915005.4143395403
915005.4143395403
915005.4143395403
915005.4143395403
915005.4143395403
915005.4143395403
915005.4143395403
915005.4143395403
915005.4143395403
915005.4143395403
915005.4143395403
914734.3903116072
914667.2099637162
914667.2099637162
914667.2099637162
914667.2099637162
914667.2099637162
914538.9432278136
914229.6772788323
914229.6772788323
914229.6772788323
914229.6772788323
914208.4495298753
914208.4495298753
914208.4495298753
914091.4377451965
914091.4377451965
914091.4377451965
914091.4377451965
914091.4377451965
914091.4377451965
914091.4377451965
914091.4377451965
913874.841973329
912873.309687339
912873.309687339
912873.309687339
912873.309687339
912780.1131810579
912780.1131810579
912780.1131810579
912780.1131810579
912780.1131810579
912780.1131810579
912780.1131810579
912780.1131810579
912595.4773376576
912595.4773376576
912595.4773376576
912595.4773376576
912595.4773376576
912595.4773376576
912595.4773376576
912480.3527399532
912480.3527399532
912480.3527399532
912480.3527399532
912285.6942064373
912285.6942064373
912285.6942064373
912285.6942064373
912285.6942064373
912285.6942064373
912285.6942064373
912285.6942064373
912285.6942064373
911638.3569713982
911638.3569713982
911638.3569713982
911603.3731750329
911603.3731750329
911603.3731750329
911603.3731750329
911603.3731750329
911298.4203984272
911297.9999814837
911297.9999814837
911297.9999814837
911297.9999814837
911297.9999814837
911297.9999814837
911297.9999814837
911297.9999814837
911297.9999814837
911297.9999814837
911297.9999814837
911053.7218303635
911053.7218303635
910931.2295335265
910931.2295335265
910931.2295335265
910593.5760973516
910593.5760973516
910358.5678563997
910358.5678563997
910358.5678563997
910335.3185013438
910332.5543762342
910332.5543762342
910131.261026596
910131.261026596
910131.261026596
910131.261026596
910131.261026596
909533.8297663212
909533.8297663212
909533.8297663212
909533.8297663212
909533.8297663212
909533.8297663212
909533.8297663212
909533.8297663212
909533.8297663212
909429.8770450805
909429.8770450805
909140.6072099764
909140.6072099764
909140.6072099764
909140.6072099764
909140.6072099764
909140.6072099764
908836.4830366829
908836.4830366829
908836.4830366829
908836.4830366829
908836.4830366829
908836.4830366829
908836.4830366829
908836.4830366829
908836.4830366829
908836.4830366829
908836.4830366829
908836.4830366829
908836.4830366829
908836.4830366829
908836.4830366829
908836.4830366829
908836.4830366829
908836.4830366829
908836.4830366829
908836.4830366829
908836.4830366829
908767.0823875853
908767.0823875853
908767.0823875853
908767.0823875853
908349.5048550039
908349.5048550039
908349.5048550039
908349.5048550039
908349.5048550039
908349.5048550039
908349.5048550039
908349.5048550039
908241.8481426471
908176.7447108538
908176.7447108538
907782.598803356
907782.598803356
907782.598803356
907500.5407624163
907428.8293017785
907428.8293017785
907428.8293017785
907428.8293017785
907428.8293017785
907417.2091669784
907417.2091669784
907417.2091669784
907417.2091669784
907417.2091669784
907417.2091669784
907417.2091669784
907417.2091669784
907417.2091669784
907417.2091669784
907417.2091669784
907417.2091669784
907417.2091669784
907417.2091669784
907323.4283833151
906521.8829791918
906521.8829791918
906521.8829791918
906209.0621641991
906209.0621641991
906209.0621641991
906209.0621641991
905682.48004911
905682.48004911
905682.48004911
905682.48004911
905682.48004911
905682.48004911
905535.8865943092
905535.8865943092
905312.7233277685
904617.8049331482
904617.8049331482
904617.8049331482
904617.8049331482
904617.8049331482
904617.8049331482
904617.8049331482
904617.8049331482
904617.8049331482
904617.8049331482
904617.8049331482
904617.8049331482
904617.8049331482
904375.1420731479
904375.1420731479
904375.1420731479
904375.1420731479
904375.1420731479
904142.8016820928
904142.8016820928
903963.8635727114
903963.8635727114
903432.5634300518
903432.5634300518
903432.5634300518
903432.5634300518
903432.5634300518
903432.5634300518
903432.5634300518
903432.5634300518
903432.5634300518
903432.5634300518
903432.5634300518
903432.5634300518
903432.5634300518
903432.5634300518
903432.5634300518
903432.5634300518
903269.3570378309
903166.2168460119
903055.2128770578
903055.2128770578
903055.2128770578
903055.2128770578
903008.5008257045
903008.5008257045
903008.5008257045
902980.4376897686
902980.4376897686
902980.4376897686
902980.4376897686
902980.4376897686
902980.4376897686
902980.4376897686
902980.4376897686
902836.361445611
902836.361445611
902831.9256158695
902831.9256158695
902831.9256158695
902831.9256158695
902831.9256158695
902831.9256158695
902831.9256158695
902831.9256158695
902831.9256158695
902831.9256158695
902831.9256158695
902601.7758773386
902601.7758773386
902601.7758773386
902601.7758773386
902601.7758773386
902601.7758773386
902601.7758773386
902601.7758773386
902601.7758773386
902561.167178027
902561.167178027
902561.167178027
902561.167178027
902561.167178027
902285.4565375145
902285.4565375145
902023.6105974155
902023.6105974155
902023.6105974155
902023.6105974155
902023.6105974155
902023.6105974155
902023.6105974155
902023.6105974155
902023.6105974155
902023.6105974155
901971.5395986182
901971.5395986182
901971.5395986182
901971.5395986182
901971.5395986182
901777.8744978345
901777.8744978345
901777.8744978345
901231.2210676679
901231.2210676679
901231.2210676679
901231.2210676679
901231.2210676679
900927.1665940051
900927.1665940051
900927.1665940051
900927.1665940051
900890.7724934495
900890.7724934495
900890.7724934495
900890.7724934495
900617.889805407
900605.2234595874
900430.3988417871
900430.3988417871
900118.9180143821
900118.9180143821
900118.9180143821
900118.9180143821
900118.9180143821
900118.9180143821
900118.9180143821
900118.9180143821
900118.9180143821
900118.9180143821
900118.9180143821
900118.9180143821
900118.9180143821
900118.9180143821
900118.9180143821
900118.9180143821
900118.9180143821
900118.9180143821
900069.1635224422
900069.1635224422
900069.1635224422
900069.1635224422
900069.1635224422
899779.8793594947
899779.8793594947
899779.8793594947
899724.9501302101
899724.9501302101
899724.9501302101
899724.9501302101
899724.9501302101
899724.9501302101
899724.9501302101
899724.9501302101
899724.9501302101
899724.9501302101
899724.9501302101
899724.9501302101
899724.9501302101
899724.9501302101
899724.9501302101
899224.7257222382
899224.7257222382
899224.7257222382
899224.7257222382
899085.6693665353
899085.6693665353
899085.6693665353
898620.1770176988
898552.5920993427
898552.5920993427
898552.5920993427
898552.5920993427
898552.5920993427
898552.5920993427
898552.5920993427
898552.5920993427
898552.5920993427
898552.5920993427
898552.5920993427
898552.5920993427
898460.5040139732
898460.5040139732
898460.5040139732
898460.5040139732
898460.5040139732
898460.5040139732
898460.5040139732
898460.5040139732
898460.5040139732
898255.2361044679
898255.2361044679
898255.2361044679
898078.0944258498
898078.0944258498
897817.1086442269
897817.1086442269
897817.1086442269
897817.1086442269
897817.1086442269
897668.2590202275
897668.2590202275
897668.2590202275
897668.2590202275
897668.2590202275
897668.2590202275
897668.2590202275
897668.2590202275
897668.2590202275
897612.7880792466
897612.7880792466
897612.7880792466
897612.7880792466
897612.7880792466
897612.7880792466
897612.7880792466
897612.7880792466
897612.7880792466
897612.7880792466
897612.7880792466
897612.7880792466
896981.7386738971
896981.7386738971
896981.7386738971
896981.7386738971
896882.330457898
896882.330457898
896882.330457898
896882.330457898
896882.330457898
896882.330457898
896882.330457898
896882.330457898
896882.330457898
896882.330457898
896882.330457898
896882.330457898
896882.330457898
896882.330457898
896882.330457898
896882.330457898
896882.330457898
896882.330457898
896882.330457898
896836.4949386579
896836.4949386579
896836.4949386579
896836.4949386579
896761.0844270936
896657.8952795154
896657.8952795154
896657.8952795154
896657.8952795154
896657.8952795154
896657.8952795154
896524.3326770607
896524.3326770607
896524.3326770607
896524.3326770607
896213.6234694195
896213.6234694195
896213.6234694195
896213.6234694195
896213.6234694195
896213.6234694195
896213.6234694195
896213.6234694195
895984.8580425234
895984.8580425234
895984.8580425234
895984.8580425234
895984.8580425234
895984.8580425234
895984.8580425234
895984.8580425234
895984.8580425234
895984.8580425234
895984.8580425234
895984.8580425234
895984.8580425234
895984.8580425234
895984.8580425234
895984.8580425234
895984.8580425234
895984.8580425234
895984.8580425234
895984.8580425234
895984.8580425234
895984.8580425234
895984.8580425234
895984.8580425234
895984.8580425234
895984.8580425234
895984.8580425234
895984.8580425234
895984.8580425234
895984.8580425234
895984.8580425234
895984.8580425234
895948.9853074877
895948.9853074877
895948.9853074877
895948.9853074877
895948.9853074877
895948.9853074877
895948.9853074877
895948.9853074877
895948.9853074877
895948.9853074877
895948.9853074877
895948.9853074877
895948.9853074877
895948.9853074877
895948.9853074877
895948.9853074877
895948.9853074877
894257.618239484
894257.618239484
894257.618239484
894083.3597272686
894083.3597272686
894083.3597272686
894083.3597272686
894083.3597272686
894083.3597272686
894083.3597272686
894083.3597272686
894083.3597272686
894083.3597272686
894083.3597272686
893844.7705356719
893844.7705356719
893844.7705356719
893844.7705356719
893844.7705356719
893844.7705356719
893844.7705356719
893844.7705356719
893844.7705356719
893844.7705356719
893564.3778528598
893564.3778528598
893564.3778528598
893426.5975466374
893426.5975466374
893426.5975466374
893426.5975466374
893426.5975466374
893126.6857704828
893004.763373919
893004.763373919
893004.763373919
893004.763373919
892607.034539318
892607.034539318
892607.034539318
892607.034539318
892607.034539318
892607.034539318
892607.034539318
892607.034539318
892423.6684912639
892423.6684912639
892423.6684912639
892423.6684912639
892287.587937664
892287.587937664
892287.587937664
892287.587937664
892287.587937664
892287.587937664
892115.764834914
892115.764834914
892115.764834914
892115.764834914
892115.764834914
891797.4563355837
891797.4563355837
891797.4563355837
891797.4563355837
891797.4563355837
891797.4563355837
891797.4563355837
891797.4563355837
891567.4017894755
891567.4017894755
891567.4017894755
891563.1571956107
891563.1571956107
891563.1571956107
891563.1571956107
891563.1571956107
891563.1571956107
891563.1571956107
891415.091377544
891415.091377544
891415.091377544
891415.091377544
891353.2088152454
891353.2088152454
891353.2088152454
891138.2017871381
891138.2017871381
891138.2017871381
891138.2017871381
891138.2017871381
891138.2017871381
891138.2017871381
891138.2017871381
891138.2017871381
891138.2017871381
891138.2017871381
891138.2017871381
891138.2017871381
891138.2017871381
891138.2017871381
890855.4443524738
890855.4443524738
890855.4443524738
890855.4443524738
890855.4443524738
890855.4443524738
890855.4443524738
890855.4443524738
890424.729032816
890424.729032816
890424.729032816
890424.729032816
890424.729032816
890424.729032816
890424.729032816
890424.729032816
890424.729032816
890424.729032816
890424.729032816
890241.8040335254
890241.8040335254
890241.8040335254
890241.8040335254
890241.8040335254
890241.8040335254
890209.1027646912
890209.1027646912
890209.1027646912
890209.1027646912
889852.5868992442
889852.5868992442
889852.5868992442
889515.7253918169
889296.9196865535
889296.9196865535
889296.9196865535
889296.9196865535
889296.9196865535
889186.9210673766
889186.9210673766
889186.9210673766
889186.9210673766
889186.9210673766
889186.9210673766
889147.9786670441
889120.9229390791
889120.9229390791
889120.9229390791
889120.9229390791
889120.9229390791
888572.9878077388
888572.9878077388
888572.9878077388
888572.9878077388
888572.9878077388
888572.9878077388
888572.9878077388
888572.9878077388
888572.9878077388
888572.9878077388
888356.0345030583
888356.0345030583
888356.0345030583
888356.0345030583
887765.4533407227
887765.4533407227
887765.4533407227
887765.4533407227
887765.4533407227
887765.4533407227
887765.4533407227
887765.4533407227
887765.4533407227
887765.4533407227
887765.4533407227
887765.4533407227
887379.9210285717
887379.9210285717
887379.9210285717
887379.9210285717
887379.9210285717
887379.9210285717
887379.9210285717
887379.9210285717
887379.9210285717
887379.9210285717
887379.9210285717
887379.9210285717
887379.9210285717
886852.0918086087
886852.0918086087
886852.0918086087
886852.0918086087
886852.0918086087
886852.0918086087
886852.0918086087
886852.0918086087
886852.0918086087
886852.0918086087
886852.0918086087
886782.8250501712
886782.8250501712
886782.8250501712
886782.8250501712
886629.9095743172
886629.9095743172
886629.9095743172
886629.9095743172
886629.9095743172
886629.9095743172
886629.9095743172
886629.9095743172
886507.7718914795
886507.7718914795
886087.0665663528
886087.0665663528
886087.0665663528
886087.0665663528
886087.0665663528
886087.0665663528
886087.0665663528
886087.0665663528
886087.0665663528
886087.0665663528
886087.0665663528
886087.0665663528
886087.0665663528
886087.0665663528
886087.0665663528
886087.0665663528
886087.0665663528
886087.0665663528
886087.0665663528
886087.0665663528
886087.0665663528
886087.0665663528
886087.0665663528
885641.7992363255
885641.7992363255
885641.7992363255
885360.735309869
885360.735309869
885360.735309869
885360.735309869
885033.9778037356
885033.9778037356
884326.427588617
884326.427588617
883729.9454208224
883729.9454208224
883729.9454208224
883729.9454208224
883729.9454208224
883729.9454208224
883729.9454208224
883631.6438187516
883631.6438187516
883631.6438187516
883631.6438187516
883631.6438187516
883631.6438187516
883631.6438187516
883631.6438187516
883483.0312777363
883483.0312777363
883483.0312777363
883483.0312777363
883483.0312777363
883483.0312777363
883483.0312777363
883483.0312777363
883483.0312777363
883483.0312777363
883483.0312777363
883483.0312777363
883483.0312777363
883483.0312777363
883483.0312777363
883483.0312777363
883483.0312777363
883290.3012888188
883199.0058386179
883199.0058386179
883199.0058386179
883199.0058386179
883199.0058386179
883199.0058386179
882708.8041445091
882708.8041445091
882660.7709724156
882660.7709724156
882321.2777222351
882321.2777222351
882321.2777222351
882321.2777222351
882185.711940638
882185.711940638
882185.711940638
882010.8379829723
881875.3507374614
881875.3507374614
881875.3507374614
881875.3507374614
881875.3507374614
881875.3507374614
881875.3507374614
881875.3507374614
881875.3507374614
881875.3507374614
881875.3507374614
881875.3507374614
881875.3507374614
881875.3507374614
881439.1742358089
881439.1742358089
881439.1742358089
881439.1742358089
881439.1742358089
881439.1742358089
881439.1742358089
881439.1742358089
881439.1742358089
881439.1742358089
881439.1742358089
881439.1742358089
881407.0318251939
881407.0318251939
881407.0318251939
881059.8700488636
881059.8700488636
881059.8700488636
881059.8700488636
881059.8700488636
881059.8700488636
880764.3418992788
880764.3418992788
880764.3418992788
880764.3418992788
880764.3418992788
880764.3418992788
880764.3418992788
880764.3418992788
880764.3418992788
880764.3418992788
880764.3418992788
880475.1263075849
880475.1263075849
880475.1263075849
880475.1263075849
880154.835749707
880154.835749707
880154.835749707
880154.835749707
880154.835749707
880154.835749707
880154.835749707
880154.835749707
880154.835749707
880154.835749707
880154.835749707
880154.835749707
880154.835749707
880154.835749707
880154.835749707
880154.835749707
880154.835749707
880154.835749707
880154.835749707
880154.835749707
880154.835749707
880154.835749707
880154.835749707
879770.8928858784
879770.8928858784
879770.8928858784
879770.8928858784
879770.8928858784
879770.8928858784
879770.8928858784
879630.8539252933
879630.8539252933
879630.8539252933
879630.8539252933
879630.8539252933
879630.8539252933
879630.8539252933
879630.8539252933
879630.8539252933
879630.8539252933
879630.8539252933
879630.8539252933
879630.8539252933
879630.8539252933
879517.4774142932
879517.4774142932
879517.4774142932
879517.4774142932
879517.4774142932
879517.4774142932
879517.4774142932
879517.4774142932
879310.9949353656
879310.9949353656
879310.9949353656
879310.9949353656
879310.9949353656
879310.9949353656
879310.9949353656
879310.9949353656
879310.9949353656
879310.9949353656
879310.9949353656
879310.9949353656
879310.9949353656
879047.5206386152
879047.5206386152
879047.5206386152
879047.5206386152
879047.5206386152
878858.9462337154
878858.9462337154
878858.9462337154
878858.9462337154
878858.9462337154
878858.9462337154
878858.9462337154
878858.9462337154
878858.9462337154
878858.9462337154
878858.9462337154
878858.9462337154
878858.9462337154
878858.9462337154
878858.9462337154
878858.9462337154
878858.9462337154
878858.9462337154
878858.9462337154
878858.9462337154
878799.1186697653
878799.1186697653
878799.1186697653
878799.1186697653
878541.8740735158
878541.8740735158
878541.8740735158
878541.8740735158
878541.8740735158
878541.8740735158
878535.0216067337
878535.0216067337
878535.0216067337
878535.0216067337
878535.0216067337
878535.0216067337
878535.0216067337
878513.2699259946
878513.2699259946
878513.2699259946
878513.2699259946
878513.2699259946
878513.2699259946
878513.2699259946
878513.2699259946
878174.0915978808
878174.0915978808
878174.0915978808
878174.0915978808
878174.0915978808
878174.0915978808
877332.8945180378
877332.8945180378
877332.8945180378
877332.8945180378
877332.8945180378
877332.8945180378
877332.8945180378
877332.8945180378
877332.8945180378
877332.8945180378
877301.0938042435
877301.0938042435
877301.0938042435
877301.0938042435
877301.0938042435
877301.0938042435
877301.0938042435
877074.6850166519
877074.6850166519
877074.6850166519
877074.6850166519
877074.6850166519
877074.6850166519
877074.6850166519
877074.6850166519
877074.6850166519
877074.1337903597
877074.1337903597
877074.1337903597
877074.1337903597
877074.1337903597
877074.1337903597
875900.0448478486
875900.0448478486
875900.0448478486
875900.0448478486
875900.0448478486
875900.0448478486
875900.0448478486
875500.3269500331
875500.3269500331
875500.3269500331
875500.3269500331
875500.3269500331
875500.3269500331
875500.3269500331
875500.3269500331
875500.3269500331
875500.3269500331
875500.3269500331
875500.3269500331
875500.3269500331
875500.3269500331
875500.3269500331
875500.3269500331
875500.3269500331
875189.945600502
875189.945600502
875189.945600502
875170.7961361161
875170.7961361161
875170.7961361161
875170.7961361161
874554.4367736597
874554.4367736597
874554.4367736597
874554.4367736597
874554.4367736597
874554.4367736597
874554.4367736597
874554.4367736597
874554.4367736597
874554.4367736597
874554.4367736597
874554.4367736597
874554.4367736597
874554.4367736597
874554.4367736597
874554.4367736597
874554.4367736597
874554.4367736597
874554.4367736597
874554.4367736597
874089.580815754
873693.4271586654
873693.4271586654
873693.4271586654
873598.8511958206
873598.8511958206
873598.8511958206
873598.8511958206
873598.8511958206
873598.8511958206
873598.8511958206
873489.3597568865
873489.3597568865
873489.3597568865
873489.3597568865
873119.3593887587
873119.3593887587
873119.3593887587
873119.3593887587
873119.3593887587
873119.3593887587
873119.3593887587
872916.215556714
872763.0907369608
872763.0907369608
872763.0907369608
872763.0907369608
872763.0907369608
872763.0907369608
872763.0907369608
872335.1798007583
872335.1798007583
872335.1798007583
872335.1798007583
872335.1798007583
872335.1798007583
872335.1798007583
872335.1798007583
872335.1798007583
872335.1798007583
872335.1798007583
872335.1798007583
872335.1798007583
872335.1798007583
871956.1295074685
871956.1295074685
871956.1295074685
871956.1295074685
871809.0294151886
871809.0294151886
871809.0294151886
871809.0294151886
871809.0294151886
871809.0294151886
871809.0294151886
871809.0294151886
870990.0304670653
870990.0304670653
870990.0304670653
870990.0304670653
870990.0304670653
870990.0304670653
870990.0304670653
870942.7855209956
870942.7855209956
870942.7855209956
870942.7855209956
870942.7855209956
870942.7855209956
870942.7855209956
870942.7855209956
870942.7855209956
870942.7855209956
870942.7855209956
870942.7855209956
870942.7855209956
870942.7855209956
870942.7855209956
870942.7855209956
870942.7855209956
870942.7855209956
870942.7855209956
870942.7855209956
870942.7855209956
870942.7855209956
870942.7855209956
870942.7855209956
870942.7855209956
870942.7855209956
870942.7855209956
870942.7855209956
870942.7855209956
870942.7855209956
870942.7855209956
870942.7855209956
870942.7855209956
870938.9362481986
870938.9362481986
870938.9362481986
870938.9362481986
870938.9362481986
870938.9362481986
870938.9362481986
870938.9362481986
870522.7562585878
870522.7562585878
870522.7562585878
870084.8002993972
870084.8002993972
870084.8002993972
870084.8002993972
870084.8002993972
870084.8002993972
870084.8002993972
870084.8002993972
870084.8002993972
870084.8002993972
870084.8002993972
870084.8002993972
870084.8002993972
870084.8002993972
870084.8002993972
870084.8002993972
870084.8002993972
870084.8002993972
870084.8002993972
870084.8002993972
869903.4679356357
869903.4679356357
869903.4679356357
869903.4679356357
869903.4679356357
869903.4679356357
869903.4679356357
869903.4679356357
869903.4679356357
869903.4679356357
869903.4679356357
869903.4679356357
869903.4679356357
869903.4679356357
869903.4679356357
869903.4679356357
869903.4679356357
869903.4679356357
869903.4679356357
869903.4679356357
869903.4679356357
869903.4679356357
869814.5547342412
869814.5547342412
869814.5547342412
869814.5547342412
869814.5547342412
869814.5547342412
869814.5547342412
869814.5547342412
869814.5547342412
869814.5547342412
869814.5547342412
869814.5547342412
869814.5547342412
869814.5547342412
869814.5547342412
869814.5547342412
869814.5547342412
869814.5547342412
869814.5547342412
869814.5547342412
869814.5547342412
869814.5547342412
868757.9982029457
868555.800401958
868422.4711505098
868422.4711505098
868422.4711505098
868373.6391210974
868373.6391210974
868373.6391210974
868373.6391210974
868373.6391210974
868373.6391210974
868373.6391210974
868373.6391210974
868373.6391210974
868373.6391210974
867715.3554749843
867715.3554749843
867715.3554749843
867715.3554749843
867715.3554749843
867715.3554749843
867715.3554749843
867715.3554749843
867647.7058329257
867647.7058329257
867297.4333117557
867297.4333117557
867297.4333117557
866704.436921715
866704.436921715
866497.4711657494
866497.4711657494
866497.4711657494
866153.7576225133
866153.7576225133
866153.7576225133
866153.7576225133
865981.8290367032
865981.8290367032
865981.8290367032
865981.8290367032
865981.8290367032
865928.8404109044
865928.8404109044
865928.8404109044
865838.3891430201
865838.3891430201
865838.3891430201
865838.3891430201
865838.3891430201
865838.3891430201
865838.3891430201
865838.3891430201
865838.3891430201
865838.3891430201
865838.3891430201
865838.3891430201
865838.3891430201
865625.8912479538
865259.4044416248
865259.4044416248
865259.4044416248
865259.4044416248
865259.4044416248
865105.155775743
865105.155775743
865105.155775743
865105.155775743
865105.155775743
865105.155775743
865105.155775743
865105.155775743
865105.155775743
865105.155775743
865105.155775743
864822.3509289625
864822.3509289625
864822.3509289625
864822.3509289625
864822.3509289625
864822.3509289625
864822.3509289625
864822.3509289625
864822.3509289625
864822.3509289625
864822.3509289625
864822.3509289625
864822.3509289625
864822.3509289625
864822.3509289625
864822.3509289625
864822.3509289625
864822.3509289625
864822.3509289625
864822.3509289625
864822.3509289625
864463.8350283976
864463.8350283976
864463.8350283976
864092.7064008734
864092.7064008734
864092.7064008734
864092.7064008734
864092.7064008734
864092.7064008734
864015.0108079271
864015.0108079271
864015.0108079271
863240.6262394825
863240.6262394825
863240.6262394825
863240.6262394825
863240.6262394825
863240.6262394825
862931.1460514017
862931.1460514017
862931.1460514017
862931.1460514017
862931.1460514017
862931.1460514017
862931.1460514017
862931.1460514017
862931.1460514017
862874.970081961
862874.970081961
862874.970081961
862874.970081961
862874.970081961
862874.970081961
862874.970081961
862874.970081961
862874.970081961
862874.970081961
862874.970081961
862874.970081961
862874.970081961
862874.970081961
862874.970081961
862874.970081961
862874.970081961
862874.970081961
862874.970081961
862874.970081961
862874.970081961
861819.0509228001
861819.0509228001
861819.0509228001
861819.0509228001
861819.0509228001
861819.0509228001
861819.0509228001
861483.4901779514
861483.4901779514
860668.6973063905
860668.6973063905
860668.6973063905
860668.6973063905
860668.6973063905
860504.8174958685
860410.2685953041
860277.1402838468
860277.1402838468
859790.4198830996
859790.4198830996
859790.4198830996
859790.4198830996
859649.7958656437
859649.7958656437
859267.0363072471
859267.0363072471
859159.7186867306
859159.7186867306
859159.7186867306
859159.7186867306
859159.7186867306
859159.7186867306
859159.7186867306
859159.7186867306
859159.7186867306
859159.7186867306
859159.7186867306
859159.7186867306
859159.7186867306
858893.1466199231
858893.1466199231
858893.1466199231
858893.1466199231
858893.1466199231
858893.1466199231
858893.1466199231
858893.1466199231
858893.1466199231
858893.1466199231
858807.7961207979
858807.7961207979
858807.7961207979
858807.7961207979
858723.4439336119
858723.4439336119
858723.4439336119
858199.8082374656
858199.8082374656
858199.8082374656
858199.8082374656
858199.8082374656
858199.8082374656
858199.8082374656
858199.8082374656
858199.8082374656
858199.8082374656
858199.8082374656
858199.8082374656
858199.8082374656
858110.4136544118
857795.6439924926
857795.6439924926
857795.6439924926
857795.6439924926
857795.6439924926
857735.3604184906
857735.3604184906
857735.3604184906
857653.3461665615
857653.3461665615
857424.4736254594
857424.4736254594
857424.4736254594
857424.4736254594
857424.4736254594
857424.4736254594
856991.377166369
856991.377166369
856991.377166369
856991.377166369
856991.377166369
856991.377166369
856867.989496877
856867.989496877
856867.989496877
856867.989496877
856867.989496877
856051.7687860278
856051.7687860278
855887.6226647744
855887.6226647744
855887.6226647744
855887.6226647744
855887.6226647744
855757.2591981827
855757.2591981827
855757.2591981827
855757.2591981827
855757.2591981827
855757.2591981827
855757.2591981827
855757.2591981827
855757.2591981827
855757.2591981827
855757.2591981827
855757.2591981827
855757.2591981827
855757.2591981827
855757.2591981827
855757.2591981827
855757.2591981827
855757.2591981827
855757.2591981827
855422.1671210738
855422.1671210738
854893.4400206053
854893.4400206053
854893.4400206053
854893.4400206053
854893.4400206053
854893.4400206053
854893.4400206053
854893.4400206053
854893.4400206053
854893.4400206053
853714.9506791764
853714.9506791764
853714.9506791764
853625.6274059708
852431.5363257488
852431.5363257488
852431.5363257488
852431.5363257488
852431.5363257488
852431.5363257488
852431.5363257488
852431.5363257488
852431.5363257488
852431.5363257488
852431.5363257488
852431.5363257488
852431.5363257488
852431.5363257488
852431.5363257488
852431.5363257488
852431.5363257488
852431.5363257488
852368.5525699735
852368.5525699735
852368.5525699735
852368.5525699735
852368.5525699735
852368.5525699735
852368.5525699735
852368.5525699735
852368.5525699735
852368.5525699735
852368.5525699735
852368.5525699735
852368.5525699735
852368.5525699735
852368.5525699735
852368.5525699735
852368.5525699735
852368.5525699735
852368.5525699735
852368.5525699735
852368.5525699735
852368.5525699735
852368.5525699735
852368.5525699735
852368.5525699735
852368.5525699735
852368.5525699735
852368.5525699735
852368.5525699735
852368.5525699735
852368.5525699735
852368.5525699735
852368.5525699735
852368.5525699735
852368.5525699735
852368.5525699735
852368.5525699735
852362.863694641
852362.863694641
852362.863694641
851978.6652295552
851978.6652295552
851978.6652295552
851978.6652295552
851978.6652295552
851978.6652295552
851978.6652295552
851978.6652295552
851978.6652295552
851978.6652295552
851862.0643105141
851862.0643105141
851862.0643105141
851862.0643105141
851862.0643105141
851862.0643105141
851862.0643105141
851613.1572946813
851193.5018738674
851193.5018738674
851193.5018738674
851193.5018738674
851193.5018738674
850913.6685782606
850913.6685782606
850913.6685782606
850913.6685782606
850913.6685782606
850913.6685782606
850304.6920029433
850304.6920029433
850304.6920029433
850304.6920029433
850304.6920029433
850166.3451804556
850166.3451804556
850166.3451804556
850166.3451804556
850166.3451804556
850166.3451804556
850166.3451804556
850166.3451804556
850166.3451804556
850166.3451804556
850166.3451804556
850166.3451804556
850166.3451804556
850166.3451804556
850166.3451804556
849819.5006533661
849819.5006533661
849819.5006533661
849819.5006533661
849819.5006533661
849819.5006533661
849819.5006533661
849819.5006533661
849819.5006533661
849819.5006533661
849819.5006533661
849819.5006533661
849819.5006533661
849819.5006533661
849819.5006533661
849819.5006533661
849819.5006533661
849819.5006533661
849819.5006533661
849819.5006533661
849819.5006533661
849819.5006533661
849819.5006533661
849819.5006533661
849819.5006533661
849819.5006533661
849819.5006533661
849819.5006533661
849819.5006533661
849819.5006533661
849819.5006533661
849819.5006533661
849819.5006533661
849819.5006533661
849819.5006533661
849819.5006533661
849819.5006533661
849802.0319483194
849234.7545393149
849020.8939394642
849020.8939394642
849020.8939394642
849020.8939394642
849020.8939394642
849020.8939394642
849020.8939394642
848810.3441085881
848810.3441085881
848810.3441085881
848810.3441085881
848810.3441085881
848531.2395364917
848531.2395364917
848531.2395364917
848531.2395364917
848531.2395364917
848531.2395364917
848247.7696468937
848247.7696468937
848247.7696468937
848247.7696468937
848247.7696468937
848247.7696468937
848184.0041422222
848184.0041422222
848184.0041422222
848184.0041422222
848184.0041422222
848184.0041422222
848184.0041422222
848184.0041422222
848184.0041422222
848180.361913672
848180.361913672
848180.361913672
848180.361913672
848180.361913672
848180.361913672
848180.361913672
848180.361913672
848180.361913672
848074.1421612871
848074.1421612871
847640.3129331686
847640.3129331686
847640.3129331686
847640.3129331686
847640.3129331686
847640.3129331686
847640.3129331686
847640.3129331686
847640.3129331686
847640.3129331686
847640.3129331686
847640.3129331686
847640.3129331686
847640.3129331686
847640.3129331686
847640.3129331686
847640.3129331686
847640.3129331686
847640.3129331686
847640.3129331686
847640.3129331686
847640.3129331686
847640.3129331686
847640.3129331686
847640.3129331686
847640.3129331686
847640.3129331686
847640.3129331686
847171.904255124
847171.904255124
847171.904255124
847171.904255124
847171.904255124
846821.6256289745
846821.6256289745
846821.6256289745
846821.6256289745
846771.9025493157
846771.9025493157
846771.9025493157
846771.9025493157
846771.9025493157
846771.9025493157
846771.9025493157
846771.9025493157
846771.9025493157
846771.9025493157
846771.9025493157
846771.9025493157
846771.9025493157
846771.9025493157
846720.7497515932
846720.7497515932
846324.6579509315
846324.6579509315
846324.6579509315
846145.9643272511
846145.9643272511
845969.0067738557
845969.0067738557
845969.0067738557
845969.0067738557
845969.0067738557
845969.0067738557
845969.0067738557
845969.0067738557
845969.0067738557
845969.0067738557
845783.4260298999
845530.1288065142
845530.1288065142
845530.1288065142
845530.1288065142
845530.1288065142
845530.1288065142
845530.1288065142
845530.1288065142
845530.1288065142
845530.1288065142
845530.1288065142
845530.1288065142
845530.1288065142
845530.1288065142
845530.1288065142
845530.1288065142
845530.1288065142
845530.1288065142
845530.1288065142
845530.1288065142
845530.1288065142
845530.1288065142
845530.1288065142
845530.1288065142
845530.1288065142
845469.241654257
845469.241654257
845469.241654257
845469.241654257
845469.241654257
845469.241654257
845469.241654257
845469.241654257
845469.241654257
845469.241654257
845469.241654257
845469.241654257
845469.241654257
845469.241654257
845469.241654257
845469.241654257
845469.241654257
845469.241654257
845469.241654257
845469.241654257
845469.241654257
845404.3028455896
845404.3028455896
845404.3028455896
845404.3028455896
845404.3028455896
845404.3028455896
845404.3028455896
845404.3028455896
845404.3028455896
845404.3028455896
845404.3028455896
845404.3028455896
845404.3028455896
845404.3028455896
845404.3028455896
845404.3028455896
845404.3028455896
845404.3028455896
845404.3028455896
845404.3028455896
845404.3028455896
845404.3028455896
845404.3028455896
845404.3028455896
845404.3028455896
845404.3028455896
845404.3028455896
845404.3028455896
845404.3028455896
845404.3028455896
845404.3028455896
845404.3028455896
845404.3028455896
845404.3028455896
845404.3028455896
845404.3028455896
845404.3028455896
845404.3028455896
845404.3074117865
845404.3074117865
845404.3074117865
845404.3074117865
845404.3074117865
845404.3074117865
845404.3074117865
845404.3074117865
845404.3074117865
845404.3074117865
845404.3074117865
845404.3074117865
845404.3074117865
845404.3074117865
845404.3074117865
845404.3074117865
845404.3074117865
845404.3074117865
845404.3074117865
845404.3074117865
845404.3074117865
845165.0600505144
844889.3518480728
844889.3518480728
844889.3518480728
844889.3518480728
844889.3518480728
844889.3518480728
844889.3518480728
844889.3518480728
844889.3518480728
844889.3518480728
844889.3518480728
844889.3518480728
844889.3518480728
844889.3518480728
844889.3518480728
844889.3518480728
844889.3518480728
844889.3518480728
844889.3518480728
844889.3518480728
844889.3518480728
844889.3518480728
844889.3518480728
844889.3518480728
844889.3518480728
844889.3518480728
844889.3518480728
844889.3518480728
844889.3518480728
844889.3518480728
844889.3518480728
844889.3518480728
844889.3518480728
844889.3518480728
844889.3518480728
844889.3518480728
844889.3518480728
844889.3518480728
844671.6636396083
844571.343759459
844571.343759459
844571.343759459
844571.343759459
844571.343759459
844571.343759459
844571.343759459
844571.343759459
844571.343759459
844571.343759459
844571.343759459
844556.8781299075
844556.8781299075
844556.8781299075
844556.8781299075
844556.8781299075
844556.8781299075
844556.8781299075
844556.8781299075
844556.8781299075
844556.8781299075
844556.8781299075
844556.8781299075
844556.8781299075
844556.8781299075
844556.8781299075
844556.8781299075
844435.4210426662
844435.4210426662
844435.4210426662
844316.3264026883
844316.3264026883
844316.3264026883
844316.3264026883
844316.3264026883
844316.3264026883
843835.3771673405
843835.3771673405
843835.3771673405
843596.6814639436
843596.6814639436
843596.6814639436
843596.6814639436
843596.6814639436
843596.6814639436
843596.6814639436
843596.6814639436
843596.6814639436
843596.6814639436
843596.6814639436
843596.6814639436
843242.9830821624
843242.9830821624
843051.8529141238
843051.8529141238
843051.8529141238
843051.8529141238
843051.8529141238
843051.8529141238
843051.8529141238
843051.8529141238
843051.8529141238
843051.8529141238
843051.8529141238
843051.8529141238
843051.8529141238
843051.8529141238
843051.8529141238
843051.8529141238
842568.2072875265
842568.2072875265
842568.2072875265
842568.2072875265
842568.2072875265
842568.2072875265
842568.2072875265
842568.2072875265
842568.2072875265
842568.2072875265
842568.2072875265
842568.2072875265
842568.2072875265
842568.2072875265
842568.2072875265
842568.2072875265
842568.2072875265
842568.2072875265
842568.2072875265
842568.2072875265
842568.2072875265
842568.2072875265
842568.2072875265
842568.2072875265
842568.2072875265
842568.2072875265
842568.2072875265
842367.6031325746
842367.6031325746
842367.6031325746
842367.6031325746
842367.6031325746
842367.6031325746
842367.6031325746
842367.6031325746
842367.6031325746
842367.6031325746
842367.6031325746
842367.6031325746
842367.6031325746
842367.6031325746
842367.6031325746
842367.6031325746
842367.6031325746
842367.6031325746
842367.6031325746
842367.6031325746
842367.6031325746
842367.6031325746
842367.6031325746
842367.6031325746
842265.6969717002
842265.6969717002
842265.6969717002
842265.6969717002
842265.6969717002
842265.6969717002
842265.6969717002
842265.6969717002
842265.6969717002
842265.6969717002
842265.6969717002
842265.6969717002
842265.6969717002
841940.4945977968
841940.4945977968
841940.4945977968
841940.4945977968
841940.4945977968
841940.4945977968
841464.3775423884
841464.3775423884
841464.3775423884
841464.3775423884
841464.3775423884
841464.3775423884
841464.3775423884
841464.3775423884
841464.3775423884
841464.3775423884
841464.3775423884
841464.3775423884
841464.3775423884
841464.3775423884
841277.3115367835
841277.3115367835
841277.3115367835
841277.3115367835
841209.0247946392
841209.0247946392
841209.0247946392
841209.0247946392
841209.0247946392
841209.0247946392
841209.0247946392
841209.0247946392
841209.0247946392
841209.0247946392
841209.0247946392
841209.0247946392
841209.0247946392
841209.0247946392
841209.0247946392
841209.0247946392
841209.0247946392
841209.0247946392
841209.0247946392
841209.0247946392
841209.0247946392
841209.0247946392
841209.0247946392
841209.0247946392
841209.0247946392
841209.0247946392
841209.0247946392
841209.0247946392
841209.0247946392
841209.0247946392
841209.0247946392
841209.0247946392
841209.0247946392
841209.0247946392
841209.0247946392
841209.0247946392
841209.0247946392
841209.0247946392
841209.0247946392
841209.0247946392
841209.0247946392
841209.0247946392
841209.0247946392
841209.0247946392
841209.0247946392
841209.0247946392
841209.0247946392
841209.0247946392
841209.0247946392
841209.0247946392
841209.0247946392
