4441385.334744191
4343895.206043255
4226371.747421537
4138618.2816767227
4046281.6319400044
3944443.0931332735
3862641.3068858534
3803172.7418077537
3741445.2338436376
3674097.5388550377
3619486.2617144436
3544841.751700431
3480210.82061111
3428109.4346794914
3367093.5878805695
3310998.9353546854
3254877.2450141488
3209108.244729588
3183704.706034745
3152530.346457769
3121303.8925565407
3067095.9369129725
3029932.947638397
3001457.295265832
2972237.2906318796
2939535.7996303313
2904384.1680522636
2877240.4502702616
2841702.5634449883
2814325.4500514865
2788728.966911057
2766351.2867707964
2733399.258464494
2710887.6118347943
2684847.6760102827
2662338.1805370394
2634898.26814787
2610019.764882683
2591066.6250008065
2572501.4362807306
2551810.8416028777
2525595.664692452
2506327.2587598627
2490603.2093267143
2469707.452662337
2449605.7251145863
2434739.375004352
2423435.873510509
2409475.842199763
2393008.136274421
2367216.8466254883
2353735.7074371465
2335849.47701091
2316869.595984666
2301757.4194595087
2291198.76681739
2265725.943115979
2253437.1548179667
2247522.2402857654
2231173.306287665
2220819.148420994
2209964.4559618784
2201108.0694462764
2194888.0299450997
2185876.614552061
2173616.081728035
2170633.285938265
2159476.456539687
2145410.2338421233
2142004.5971220434
2136690.677435389
2127770.4993405454
2115811.4550342513
2107687.4295289065
2100242.487003007
2091065.8936353335
2080934.1060537663
2070527.2627116772
2063085.4746229649
2057958.3821004198
2048244.0957540195
2038969.0958944021
2033406.4569142545
2022034.6810116093
2015376.7685234828
2009819.9785772767
2003077.0376864462
1994481.4682085158
1988689.4823372152
1982845.025134238
1972677.4140498855
1959325.359449977
1955709.3134943512
1949877.1029986693
1945099.531902485
1940262.5180627503
1934139.1251857867
1926795.867073576
1918711.9395930963
1912783.953735222
1909059.4779054807
1904171.2232455786
1900574.750559964
1891101.5805495381
1883293.690500934
1879550.6746418683
1876149.7286407005
1872059.7851387188
1870384.9657869264
1870384.9657869264
1866353.1909553697
1860930.902628468
1854517.929881555
1848317.232970514
1843911.4518241594
1835578.9597961265
1828907.7537462185
1823143.758176045
1819319.838564747
1814890.3908980906
1809723.6161822095
1808577.9686904186
1804562.1832379585
1800530.3070941572
1793766.5002842974
1785544.8228232127
1780342.1400666907
1768902.7740782928
1766134.7876939727
1763501.7316696597
1757800.936042627
1754496.0769165156
1752627.2021907247
1750321.5814038578
1747747.2249204307
1746718.7721187903
1745982.3826925298
1743893.5167919113
1739538.5770378932
1735754.3521725077
1731202.2289426918
1728409.5641077687
1724083.4273079599
1721669.2248555622
1715700.0379820978
1712488.3735009134
1709850.9683593945
1704751.9844184965
1699015.9186485172
1696536.772977171
1692929.379138919
1692339.756450255
1687975.8376202718
1684175.193032816
1680783.76539417
1677321.216512966
1674258.562831737
1670075.8962379475
1667930.7707555378
1663925.0729805874
1661997.9115205011
1658624.2406391292
1655580.785792131
1651455.5805917934
1647008.8310749754
1643173.7899433775
1642077.6057760916
1637450.583719478
1631876.4283690643
1629548.4999530716
1624462.1500599221
1617005.1393717364
1616522.1026590695
1616267.4857403971
1613892.8077316177
1612783.0698832204
1609894.1802581386
1607384.5500302683
1606715.4060511666
1606306.6040267125
1603774.6495280426
1601513.442805423
1600165.5190048947
1596179.3822376742
1592657.5971840024
1589701.6879410115
1588143.7276971168
1585062.9297968806
1583646.1477930804
1582094.107634144
1580270.5159455414
1577508.4424833683
1577187.8120177097
1575882.4079487368
1574735.1440935417
1569787.0531702857
1566940.120174508
1566083.8473639933
1565116.0122801135
1564506.7042985884
1562288.8770064204
1558747.4687773308
1556722.5510957926
1553974.1798862033
1553879.4939662511
1550451.9190027467
1546662.1255846173
1544549.7038540374
1543331.4798688474
1540329.7665561326
1536737.7623075678
1536720.1714579384
1534488.099814059
1533101.1673789
1531714.9415390487
1530600.5363769303
1530502.885441593
1529383.1598405077
1527612.8221618526
1525061.042857764
1523727.5168948125
1520326.5027330213
1519299.959007598
1519137.3224811265
1518567.7805424188
1515887.0016972937
1513786.753684917
1506036.8234570592
1505700.66575226
1504410.0671847854
1503117.5487589813
1502388.4552299469
1499004.0643094075
1498798.0408910427
1495213.5299976806
1493393.2775761173
1490783.5289809308
1489324.9680772726
1487955.1452666498
1486897.7257507658
1481727.647665964
1479941.505988679
1479903.7142040108
1478602.089464664
1477711.0236403176
1475963.6946137496
1475318.3149504552
1474914.8459526347
1473261.4738382758
1469961.4818900905
1467236.7813914942
1466349.5588245199
1465194.7151931068
1463163.9949734744
1462576.8451896603
1462391.2217058465
1462104.363659354
1460619.3488765503
1458870.8732243571
1456864.3009386996
1454478.257406222
1453024.9689382478
1452429.5440895767
1451889.5724472941
1448959.4845179173
1448050.9335693433
1446879.0028343152
1446634.5542503817
1444791.251882627
1443459.4151628807
1443216.3113346524
1442749.7995768483
1439838.1482495968
1438531.708928481
1436839.0773294517
1435360.485402622
1434859.9278868954
1432167.5665150844
1428069.135325003
1427195.2165038423
1426178.2281314381
1424413.222244673
1423039.796279645
1422607.7100897722
1422556.6136089568
1422172.1976684094
1420390.4280987335
1419800.0310753833
1416832.6634639646
1415839.4737028524
1415255.2358731017
1415116.6114408677
1413937.2820342563
1412778.4366744976
1411965.4888714505
1410762.337678927
1408908.562571222
1407470.7349541953
1404874.1012589678
1404612.1190889464
1403447.575968283
1403431.6948343567
1403038.7032687496
1400706.319914462
1399251.2251149626
1399177.9853003551
1398589.646872437
1397023.2141338484
1397023.2141338484
1395231.2222199743
1395231.2222199743
1393427.9202275597
1393412.4137312346
1391296.222757951
1390711.0278700073
1390519.2579672234
1389151.7999154315
1388555.7425437667
1386390.1896070987
1385907.0046722486
1384141.699246145
1383753.8631162453
1382838.7982692958
1380946.9697970692
1380572.1003835062
1379073.0316283717
1378585.5419398039
1378585.5419398039
1376102.927181641
1374378.6089880173
1372715.6220835964
1371712.8900163267
1369880.4755680996
1368822.5641561714
1368467.8740224917
1367593.7589542088
1364175.3853555317
1364175.3853555317
1362773.3911668793
1362773.3911668793
1362452.2146981948
1361239.8202389092
1359093.0352108867
1356097.6253995174
1354379.7323852358
1352751.8967460073
1352122.7395026218
1351838.2071390077
1351024.90632109
1350140.7503061886
1349909.6526403097
1349296.9905057847
1348418.0490243179
1347125.403429024
1346537.6698517676
1345746.4651537177
1345054.4434529468
1344244.8941469467
1343079.9524080618
1342824.3463459348
1340989.4964736188
1340560.9320272082
1340560.9320272082
1339429.6104443714
1338947.9838719768
1337367.7549357426
1336558.6751206159
1333319.8618477387
1332917.785521869
1332727.7416779762
1332149.4072377533
1329994.0064021347
1329994.0064021347
1329044.6690183296
1327588.946014008
1327478.2718657707
1326419.7260383354
1325100.464617844
1325100.464617844
1323582.9442951102
1322034.2375310336
1321978.9852334242
1320873.9769654232
1320718.4228134165
1319013.7434528347
1316246.1028848325
1315565.5031266322
1315456.5473503447
1314366.8755965047
1314256.8878540304
1314033.9598543514
1312992.5580890873
1312438.1149886763
1311730.1113668818
1311730.1113668818
1311275.9936996843
1309449.0013329305
1308785.088936226
1308188.7186569222
1307534.4082762399
1307504.7436117819
1306659.1817419005
1304053.2214922437
1304008.4686049954
1302633.1764446232
1301328.8410634585
1299927.5967396921
1299116.132392569
1297719.0177217284
1297507.7291623824
1296287.506298011
1295445.5191118307
1295008.940559921
1295008.940559921
1294156.3953159703
1293562.8336585192
1293106.299248883
1293021.2730906345
1292428.6805620054
1292428.6805620054
1290827.5499483123
1290397.6327403258
1289376.9426832353
1289189.9441851017
1289189.9441851017
1288287.795805676
1287369.467904625
1286010.3101938053
1284272.883976282
1283981.0201099073
1283039.1676299535
1282914.4972668556
1282881.936271559
1282580.9749658532
1282580.9749658532
1281731.0783702238
1281371.919129859
1280999.261548102
1280822.388455886
1280453.1009291965
1280453.1009291965
1280384.994381311
1278961.089474132
1277284.779115994
1277284.779115994
1277284.779115994
1276384.2429957911
1274239.994425587
1274210.0441192593
1274210.0441192593
1273873.5053440728
1271547.0353474056
1270755.0226072709
1270343.8386017806
1269901.0005632946
1269901.0005632946
1269500.372597872
1269500.372597872
1268551.5631770478
1267545.4901116586
1266305.0369999935
1266305.0369999935
1266305.0369999935
1266130.4510214578
1265620.3580587318
1264478.718406728
1263982.0201304057
1263235.7678673724
1263093.924804612
1262853.9619377672
1259110.1784001822
1259108.195901604
1258700.3266235352
1258640.9887613284
1258632.0632707775
1258086.8787628338
1257062.6432047896
1256427.9550393228
1255582.8248666304
1255582.8248666304
1254589.9176805774
1254474.5636188234
1254474.5636188234
1254474.5636188234
1254342.743846096
1253670.9403685613
1251708.7434790495
1250670.5259874738
1249974.9858082726
1249065.603398918
1249065.603398918
1247318.0039061308
1246113.9024873732
1245795.9355610302
1244723.0688201245
1244582.0629721177
1241993.4672260212
1241812.5182271597
1241812.5182271597
1241289.800476081
1238828.3827035567
1238140.440943326
1237719.3784451885
1237719.3784451885
1237116.3480285318
1237107.6231692065
1234630.1672733491
1234393.0858434022
1233979.1642873948
1233148.449550192
1233021.8559048357
1232279.4461674693
1232240.066168309
1232037.342615996
1231741.9759673285
1231382.047848702
1231382.047848702
1230904.000269147
1230631.5783691101
1229931.9508129382
1229179.744474707
1229179.744474707
1229179.744474707
1228780.3955936064
1228780.3955936064
1228780.3955936064
1228780.3955936064
1227953.8734580232
1227000.7668470303
1226839.6666163085
1226673.243103234
1226079.1035524243
1225869.0872336407
1225412.4434708934
1224496.2615092988
1223779.966562268
1223581.6606990625
1222911.9551775963
1222524.7916312637
1222524.7916312637
1222262.2676846078
1220782.293011861
1220782.293011861
1220782.293011861
1220754.2054680204
1220499.1786415307
1219973.6968635032
1219973.6968635032
1219492.0382006874
1218987.87676694
1218427.2502710295
1218427.2502710295
1218354.6443042997
1217656.0355144013
1216994.3176193817
1215797.0971510478
1215502.9392473977
1214669.960410566
1213361.2432549517
1211267.3805626081
1211012.5879997774
1210098.1126061329
1208776.6279376857
1208748.779311717
1208440.87828376
1207383.2604231685
1207201.5877999975
1207078.7539100223
1205982.493762495
1205982.493762495
1205851.047880169
1205851.047880169
1205851.047880169
1205597.1767360417
1202895.3662471243
1202037.9699178908
1200120.89625662
1199170.7666163035
1198679.9169854857
1198633.4167666403
1197770.280452447
1197583.6602683656
1197212.0143803973
1197047.3059156288
1197047.3059156288
1196805.129121399
1196805.129121399
1196587.0862748735
1196500.5685563863
1196500.5685563863
1196500.5685563863
1195989.2061493818
1195853.663751706
1195853.663751706
1195111.6566623556
1194647.7742628627
1194258.1544937573
1193667.9257766162
1193667.9257766162
1193667.9257766162
1193422.4169575488
1193372.5459508626
1193041.7743028908
1193041.7743028908
1193041.7743028908
1192502.947674286
1192035.584847613
1190868.0946558563
1190427.221906968
1190347.0243018088
1189702.0126328422
1189702.0126328422
1189702.0126328422
1189088.0745133748
1188925.68861631
1187639.4814519344
1187154.484387719
1186722.644805767
1186083.6273772225
1186083.6273772225
1185347.0303737898
1184085.632166206
1184085.632166206
1182707.9869821107
1182670.3650851413
1182591.7792280973
1182591.7792280973
1181910.7571436707
1181910.7571436707
1181045.1379624915
1181045.1379624915
1181045.1379624915
1179169.2748864517
1178545.888738552
1178545.888738552
1177089.6324340058
1177089.6324340058
1176964.7609924013
1175829.3258458981
1175303.2642726619
1175036.79886845
1175013.2203590516
1174464.4071588344
1174464.4071588344
1172716.0427171853
1172716.0427171853
1172348.4365703205
1171702.2855741251
1171702.2855741251
1171702.2855741251
1171702.2855741251
1171636.261082735
1170519.6274904786
1170503.3641971825
1169868.4921105294
1168455.77965619
1168455.77965619
1168455.77965619
1168455.77965619
1168456.0498421197
1168456.0498421197
1168456.0498421197
1168456.0498421197
1168456.0498421197
1168456.0498421197
1168456.0498421197
1168456.0498421197
1168456.0498421197
1168456.0498421197
1168456.0498421197
1168456.0498421197
1168456.0498421197
1168456.0498421197
1168456.0498421197
1168456.0498421197
1168456.0498421197
1168456.0498421197
1168456.0498421197
1168456.0498421197
1168456.0498421197
1168456.0498421197
1168456.0498421197
1168456.0498421197
1168456.0498421197
1168456.0498421197
1168456.0498421197
1168456.0498421197
1168456.0498421197
1168456.0498421197
1168456.0498421197
1168456.0498421197
1168456.0498421197
1168456.0498421197
1168342.9883707939
1168243.1846234268
1167933.6316401104
1167465.9425910586
1167465.9425910586
1167465.9425910586
1167465.9425910586
1166521.188213642
1166521.188213642
1166521.188213642
1166521.188213642
1166315.7918225117
1166217.2226913762
1166092.6820171387
1165672.4358701126
1164788.2072400008
1164788.2072400008
1164641.5158514401
1163673.080227632
1163673.080227632
1163480.2208169536
1162922.2363555697
1162151.2904826396
1161681.94031046
1161681.94031046
1161039.490166565
1161039.490166565
1161039.490166565
1160531.0083258399
1158752.0068980283
1158752.0068980283
1158686.2685040445
1158686.2685040445
1158450.7855017516
1158360.3269591602
1158215.8695101726
1157929.339267232
1157100.779633112
1156481.4198615912
1156191.0714372245
1155782.3551668772
1155524.8971632533
1155290.9051715608
1155290.9051715608
1153862.619779681
1153862.619779681
1153862.619779681
1153862.619779681
1153862.619779681
1152782.3333295726
1150329.3828681433
1149875.6263653263
1149539.6959956966
1149539.6959956966
1149257.2100740937
1148944.263232227
1148944.263232227
1148944.263232227
1148944.263232227
1147961.4585344808
1147892.4961671578
1147803.9673836026
1147505.232717436
1147316.097204012
1146952.4115310414
1146952.4115310414
1146952.4115310414
1145985.0565014638
1145985.0565014638
1144682.4249616126
1143989.5441392139
1143649.0596776335
1143473.4801723822
1143376.3469758094
1143231.6220150255
1143231.6220150255
1142709.438958072
1142028.3047632459
1141770.598552051
1141770.598552051
1141770.598552051
1141770.598552051
1141501.4897458768
1141501.4897458768
1141501.2714793547
1141501.2714793547
1141482.358915765
1141001.362287235
1139938.1295789508
1139938.1295789508
1139780.957849877
1139066.631855587
1138041.6102954866
1137029.2117652404
1136873.0435973005
1136579.8582375327
1136158.0491350098
1135875.5019172626
1135875.5019172626
1135875.5019172626
1135875.5019172626
1135875.5019172626
1135875.5019172626
1135845.7547144068
1135845.7547144068
1135845.7547144068
1135391.4945960813
1134871.2089898414
1133897.1142818243
1133897.1142818243
1133897.1142818243
1133897.1142818243
1133897.1142818243
1132666.5847762316
1132666.5847762316
1131111.1000382015
1130617.9561961936
1130274.0135748293
1130274.0135748293
1130274.0135748293
1129952.2697513292
1129952.2697513292
1129952.2697513292
1129725.2483226792
1129725.2483226792
1129725.2483226792
1129725.2483226792
1129269.5403021937
1129269.5403021937
1128704.9366588364
1128451.0530942292
1128381.4948387262
1128381.4948387262
1128381.4948387262
1128304.7442122386
1126699.322474522
1126699.322474522
1125652.2818619781
1125652.2818619781
1125293.1594580286
1125293.1594580286
1124958.7502261624
1124958.7502261624
1124389.4535685722
1124389.4535685722
1124389.4535685722
1124389.4535685722
1124064.4856639006
1124064.4856639006
1124064.4856639006
1123743.8717335481
1123743.8717335481
1123743.8717335481
1122894.6855194424
1122894.6855194424
1122894.6855194424
1122894.6855194424
1122549.3374600732
1122239.2754142997
1122239.2754142997
1121513.7530205597
1121425.4251713175
1121425.4251713175
1121425.4251713175
1121425.4251713175
1121425.4251713175
1121425.4251713175
1121425.4251713175
1120928.4547820822
1120928.4547820822
1120928.4547820822
1120928.4547820822
1120928.4547820822
1120737.6411018954
1120697.9461624976
1120697.9461624976
1119294.0729870908
1118651.4691167283
1118567.641762354
1118466.153568614
1118052.3995173732
1117808.421398832
1117156.409886528
1117113.598115418
1117113.598115418
1117113.598115418
1117113.598115418
1117113.598115418
1117024.8103835625
1116116.0187713974
1115401.7522741032
1115401.7522741032
1115401.7522741032
1115141.892606155
1115141.892606155
1114417.9332782384
1114417.9332782384
1114337.8126640655
1114337.8126640655
1114337.8126640655
1114337.8126640655
1114014.710077737
1113134.9789221962
1112652.0373811037
1112652.0373811037
1111887.1627761866
1111767.6135149575
1111767.6135149575
1111767.6135149575
1111538.2881233317
1111538.2881233317
1111538.2881233317
1110884.3264147881
1110130.5844125487
1109743.8724011513
1109743.8724011513
1109532.7016167187
1109532.7016167187
1109532.7016167187
1109532.7016167187
1109319.0235621613
1108115.0002349294
1106956.9396396782
1106877.868085022
1106877.868085022
1105823.4701053232
1105823.4701053232
1105823.4701053232
1105823.4701053232
1104901.6221486188
1104901.6221486188
1104901.6221486188
1104083.4693057411
1103167.9029761117
1102839.705647118
1102839.705647118
1102674.5476944568
1101123.7017387978
1101123.7017387978
1100441.567312447
1100441.567312447
1100441.567312447
1100441.567312447
1100250.7487763222
1100250.7487763222
1100250.7487763222
1100250.7487763222
1100250.7487763222
1100250.7487763222
1100109.4323657262
1100109.4323657262
1099395.077442779
1099395.077442779
1098976.5859097266
1097993.190957075
1097993.190957075
1097595.1186931923
1097197.7835355778
1097197.7835355778
1097013.387155081
1096638.1749231191
1096638.1749231191
1095518.1577201416
1094378.8724244144
1094378.8724244144
1094378.8724244144
1094378.8724244144
1094154.470042386
1093900.2855801636
1093325.5687180976
1092863.4087878452
1092770.0318459873
1092047.6668486157
1091520.7835286446
1091520.2741043908
1090654.88909218
1090654.88909218
1090654.88909218
1089891.570664677
1089144.1154047258
1089144.1154047258
1089144.1154047258
1089144.1154047258
1088808.1008492252
1088684.171784204
1088684.171784204
1088684.171784204
1088684.171784204
1088449.1205248279
1088449.1205248279
1088090.0827449625
1088090.0827449625
1088090.0827449625
1087769.7899120767
1087769.7899120767
1087769.7899120767
1087580.5920005888
1087280.377694293
1087280.377694293
1087280.377694293
1087280.377694293
1086783.37739731
1086783.37739731
1086527.149343326
1086527.149343326
1086284.0817994017
1085025.689069565
1084802.080103153
1083998.7140992128
1083998.7140992128
1083998.7140992128
1083968.7337355674
1083491.087668666
1083491.087668666
1083491.087668666
1083491.087668666
1083366.6860541343
1083067.5033756318
1082835.731738616
1082835.731738616
1082772.2445617472
1082772.2445617472
1082634.1053710643
1082634.1053710643
1082634.1053710643
1082634.1053710643
1082634.1053710643
1082634.1053710643
1081852.961462229
1081852.961462229
1081852.961462229
1081661.5399241494
1080011.2341403174
1080011.2341403174
1080011.2341403174
1080011.2341403174
1080011.2341403174
1079670.1592989368
1079670.1592989368
1079670.1592989368
1078965.0138378863
1078965.0138378863
1078965.0138378863
1078958.725589733
1078958.725589733
1078657.0189731466
1078657.0189731466
1078657.0189731466
1078657.0189731466
1078657.0189731466
1077826.3373379065
1077826.3373379065
1077826.3373379065
1077755.213870526
1077755.213870526
1077755.213870526
1077755.213870526
1077563.8236492388
1077563.8236492388
1076233.2075455894
1076233.2075455894
1076233.2075455894
1076233.2075455894
1076002.7009977228
1075962.1883717985
1075032.3894789116
1075032.3894789116
1074927.9014873356
1074576.9903071243
1074576.9903071243
1074576.9903071243
1074576.9903071243
1074576.9903071243
1074576.9903071243
1074497.800701269
1073376.6396384176
1073017.181601746
1072966.3819964842
1072594.5312477874
1072130.0856817004
1072130.0856817004
1072130.0856817004
1072130.0856817004
1072130.0856817004
1071395.067824365
1071060.2025547125
1070849.0463300096
1070796.7620947736
1070796.7620947736
1070796.7620947736
1069758.142716208
1069758.142716208
1069200.0842236294
1067928.6700445174
1067928.6700445174
1067928.6700445174
1067495.2466292828
1067495.2466292828
1066942.2589581884
1066903.7275674099
1066903.7275674099
1066471.9603143937
1066471.9603143937
1066471.9603143937
1066471.9603143937
1066316.8050028256
1066265.6115043173
1065798.6976432074
1065798.6976432074
1065798.6976432074
1065662.0601652982
1065662.0601652982
1065662.0601652982
1065662.0601652982
1065444.3506541513
1065137.177607005
1065137.177607005
1065137.177607005
1065137.177607005
1064678.084782362
1064520.8257317655
1064274.4410577593
1064274.4410577593
1064274.4410577593
1063735.5513658496
1063735.5513658496
1063630.4417197518
1061905.6272536968
1061905.6272536968
1061905.6272536968
1061662.512429906
1061662.512429906
1061662.512429906
1061379.0990481153
1060983.0926343051
1060983.0926343051
1060825.4803599243
1060562.942097653
1060562.942097653
1060293.3669933495
1060185.7412618287
1058517.2729799086
1058517.2729799086
1058517.2729799086
1058517.2729799086
1058517.2729799086
1058253.9386139303
1058253.9386139303
1058253.9386139303
1057345.1313008803
1057345.1313008803
1057345.1313008803
1057345.1313008803
1057345.1313008803
1057345.1313008803
1057345.1313008803
1055948.385434215
1055684.4939105231
1055684.4939105231
1055454.697496775
1055135.6684608052
1055135.6684608052
1054067.8444091124
1053796.2571636022
1053796.2571636022
1053796.2571636022
1053796.2571636022
1053796.2571636022
1053796.2571636022
1053796.2571636022
1053796.2571636022
1053796.2571636022
1053770.3170909188
1053191.0717451582
1053191.0717451582
1052354.5226899623
1052354.5226899623
1052354.5226899623
1052354.5226899623
1052354.5226899623
1052319.0866398036
1052319.0866398036
1052319.0866398036
1052319.0866398036
1052319.0866398036
1052316.8678587463
1052316.8678587463
1052316.8678587463
1052316.8678587463
1052316.8678587463
1052316.8678587463
1052316.8678587463
1051799.2288374268
1051799.2288374268
1051799.2288374268
1050470.2448807221
1050363.6077469182
1049947.7562664538
1049423.904801521
1049423.904801521
1049423.904801521
1049423.904801521
1049423.904801521
1049423.904801521
1049423.904801521
1049423.904801521
1049423.904801521
1049423.904801521
1048307.8508728801
1047766.4041192995
1047721.5307746901
1047721.5307746901
1046421.9371434825
1046421.9371434825
1045987.8241118686
1045677.1121390399
1045677.1121390399
1045604.4760478679
1045604.4760478679
1045583.0001681632
1045106.8802930295
1045106.8802930295
1045106.8802930295
1045095.2765364401
1044470.1383886986
1044030.5324522548
1044030.5324522548
1044030.5324522548
1044030.5324522548
1043752.7550200666
1043752.7550200666
1043752.7550200666
1043752.7550200666
1043449.8729237807
1043141.0123888842
1043104.4207042649
1043104.4207042649
1043104.4207042649
1041983.5065502754
1041748.1869492462
1041748.1869492462
1041748.1869492462
1041748.1869492462
1041748.1869492462
1041748.1869492462
1041617.8799594596
1040785.6151448867
1040785.6151448867
1040785.6151448867
1040785.6151448867
1040743.2667000771
1040507.2009476051
1040259.7150999885
1040259.7150999885
1039996.9313159644
1039996.9313159644
1039996.9313159644
1039222.5769712051
1039222.5769712051
1039222.5769712051
1039222.5769712051
1039222.5769712051
1039222.5769712051
1039222.5769712051
1039222.5769712051
1039222.5769712051
1039141.3001177603
1039141.3001177603
1038885.1703049946
1038051.4103628916
1038051.4103628916
1038051.4103628916
1038051.4103628916
1038051.4103628916
1038051.4103628916
1037768.5175183051
1037635.8909907929
1037635.8909907929
1037635.8909907929
1037273.8860270425
1037273.8860270425
1037273.8860270425
1037273.8860270425
1036617.9654753297
1036371.6836984529
1036311.3585871287
1035986.4572067336
1035986.4572067336
1035543.5471511674
1035543.5471511674
1035299.8271010628
1034317.3040969127
1034317.3040969127
1034317.3040969127
1034187.7025315671
1034187.7025315671
1034151.542688892
1034151.542688892
1033795.311856264
1033346.0033727023
1033346.0033727023
1033346.0033727023
1032859.877212271
1032859.877212271
1032859.877212271
1031332.294994571
1031332.294994571
1030720.6874600179
1030426.9711577693
1030426.9711577693
1030426.9711577693
1029339.1256670165
1027822.1541227123
1027822.1541227123
1027822.1541227123
1027822.1541227123
1027251.1495705645
1027251.1495705645
1027085.8529525421
1026574.7489877769
1026574.7489877769
1026218.4188889447
1025417.649476951
1025417.649476951
1025077.7562591664
1024953.4178569454
1024953.4178569454
1024953.4178569454
1024378.5236933953
1024233.4091913605
1023603.4940449608
1023603.4940449608
1023330.4341667786
1023319.5617669122
1023319.5617669122
1022702.4122487293
1022562.457947121
1022562.457947121
1022215.5444905246
1022215.5444905246
1021739.0400298403
1020397.0854387474
1020397.0854387474
1020363.2127962383
1020363.2127962383
1020363.2127962383
1020363.2127962383
1020363.2127962383
1020363.2127962383
1020298.1191076855
1020098.0367184521
1020098.0367184521
1020098.0367184521
1020098.0367184521
1020096.2419033734
1019685.2863817904
1019648.7558538015
1019305.3110665651
1019305.3110665651
1018945.6818313445
1018787.5794528774
1018394.8847758495
1018375.5885396083
1018375.5885396083
1017765.491854989
1017624.6226820321
1017624.6226820321
1017624.6226820321
1017624.6226820321
1017547.8580615014
1016565.124185165
1016565.124185165
1016240.4655246702
1016240.4655246702
1015554.0805577472
1015350.9192728567
1015350.9192728567
1015350.9192728567
1015350.9192728567
1015350.9192728567
1015350.9192728567
1015350.9192728567
1015080.7196534906
1014933.6468070154
1014828.3002506002
1014633.8029100634
1014633.8029100634
1014245.6672517399
1014245.6672517399
1014245.6672517399
1014245.6672517399
1014245.6672517399
1014245.6672517399
1013206.692340296
1013154.9953576413
1012923.2211116209
1012828.0356151063
1012828.0356151063
1012555.3033026461
1012555.3033026461
1012555.3033026461
1012555.3033026461
1012555.3033026461
1012045.1040489862
1012045.1040489862
1012045.1040489862
1012045.1040489862
1011495.9075450723
1011317.9086618082
1011317.9086618082
1011317.9086618082
1011317.9086618082
1011317.9086618082
1011317.9086618082
1011317.9086618082
1011288.4803108391
1011288.4803108391
1011288.4803108391
1011288.4803108391
1011288.4803108391
1011225.3165930181
1011225.3165930181
1011069.6987250457
1010978.4208370497
1010978.4208370497
1010746.5986063867
1010610.0458712783
1010610.0458712783
1010610.0458712783
1010610.0458712783
1010610.0458712783
1010610.0458712783
1010610.0458712783
1010373.9503448285
1010373.9503448285
1010373.9503448285
1010373.9503448285
1010373.9503448285
1010373.9503448285
1010373.9503448285
1010373.9503448285
1010373.9503448285
1010373.9503448285
1010170.2975638679
1010170.2975638679
1009610.2934473832
1009437.7892630664
1009166.6278565327
1008529.0441051897
1008529.0441051897
1008529.0441051897
1008461.6460626372
1008461.6460626372
1008461.6460626372
1008461.6460626372
1008461.6460626372
1008461.6460626372
1008305.3517760091
1008305.3517760091
1008073.0777334822
1008073.0777334822
1008073.0777334822
1007532.6401009571
1007532.6401009571
1007235.8461558216
1007235.8461558216
1007235.8461558216
1007235.8461558216
1007235.8461558216
1007235.8461558216
1007235.8461558216
1007235.8461558216
1007235.8461558216
1007145.9416044948
1007145.9416044948
1007145.9416044948
1006879.3227463795
1006879.3227463795
1006788.086851742
1006788.086851742
1006410.787240627
1006188.2871608537
1005628.993830607
1005628.993830607
1005612.9787286457
1005612.9787286457
1005612.9787286457
1005578.6130608531
1005578.6130608531
1005355.3026998127
1005269.7058935009
1005269.7058935009
1005269.7058935009
1005269.7058935009
1004449.9123672261
1004449.9123672261
1004327.1191800218
1004327.1191800218
1004002.8127922184
1004002.8127922184
1002511.0243278597
1002511.0243278597
1002511.0243278597
1001967.493940712
1001967.493940712
1001967.493940712
1001967.493940712
1001967.493940712
1001967.493940712
1001968.312726007
1001968.312726007
1001968.312726007
1001968.312726007
1001968.312726007
1001968.312726007
1001968.312726007
1001968.312726007
1001968.312726007
1001968.312726007
1001968.312726007
1001968.312726007
1001968.312726007
1001968.312726007
1001968.312726007
1001968.312726007
1001968.312726007
1001968.312726007
1001968.312726007
1001968.312726007
1001968.312726007
1001968.312726007
1001968.312726007
1001968.312726007
1001968.312726007
1001965.5345437068
1001965.5345437068
1001868.4797557483
1001868.4797557483
1001868.4797557483
1001868.4797557483
1001516.9690428551
1001487.4189398726
1001487.4189398726
1000972.6824078804
1000972.6824078804
1000097.6990331381
1000097.6990331381
1000097.6990331381
1000097.6990331381
1000097.6990331381
1000061.6046567056
1000061.6046567056
1000061.6046567056
1000061.6046567056
1000061.6046567056
1000061.6046567056
1000061.6046567056
1000061.6046567056
1000061.6046567056
1000061.6046567056
1000061.6046567056
1000061.6046567056
999752.4260794972
999436.6679313157
999436.6679313157
999436.6679313157
999420.3515145757
999420.3515145757
999420.3515145757
999282.0818930389
998904.7000220848
998904.7000220848
998765.4617751043
998332.3435201722
997858.1959260226
997858.1959260226
997858.1959260226
997858.1959260226
997858.1959260226
997858.1959260226
997858.1959260226
997858.1959260226
997858.1959260226
997858.1959260226
997858.1959260226
997858.1959260226
997858.1959260226
997428.2863210542
997428.2863210542
997204.8764995389
997163.5915982295
997163.5915982295
997163.5915982295
997163.5915982295
997163.5915982295
995965.1136301068
995965.1136301068
995965.1136301068
995965.1136301068
995965.1136301068
995965.1136301068
995965.1136301068
995571.4421292725
995571.4421292725
995435.9804720657
995435.9804720657
995435.9804720657
994713.3758737696
994379.897317032
994379.897317032
994379.897317032
993652.2619087762
993046.8788292961
992816.8436569227
992816.8436569227
992816.8436569227
992488.0413295627
992488.0413295627
992375.6479401947
992375.6479401947
991766.7559190048
991766.7559190048
991766.7559190048
991585.7278412275
991315.0383419555
991315.0383419555
991315.0383419555
991315.0383419555
991315.0383419555
991315.0383419555
991315.0383419555
991221.8117056817
991221.8117056817
991221.8117056817
990101.3367747664
990101.3367747664
990101.3367747664
990101.3367747664
990101.3367747664
990101.3367747664
990101.3367747664
990101.3367747664
990101.3367747664
990101.3367747664
990033.900279954
990033.900279954
990033.900279954
990033.900279954
989644.2365655086
989644.2365655086
989644.2365655086
989644.2365655086
989644.2365655086
989644.2365655086
989644.2365655086
989644.2365655086
989644.2365655086
989644.2365655086
989520.7375106477
989520.7375106477
989520.7375106477
989366.7831653913
989366.7831653913
989017.1294551964
989017.1294551964
989017.1294551964
989017.1294551964
988040.8532637148
988040.8532637148
988040.8532637148
987767.8111125127
987767.8111125127
987767.8111125127
987767.8111125127
987746.123490569
987746.123490569
987746.123490569
987746.123490569
987532.7168530015
987532.7168530015
987532.7168530015
987532.7168530015
987532.7168530015
987532.7168530015
986692.2620320409
986419.3338238902
986050.7300251318
986050.7300251318
986050.7300251318
985687.4605514118
985592.8086528145
985592.8086528145
985592.8086528145
985592.8086528145
985592.8086528145
985592.8086528145
985592.8086528145
985592.8086528145
985592.8086528145
985592.8086528145
985592.8086528145
985592.8086528145
985218.3140699962
985218.3140699962
985218.3140699962
985218.3140699962
985218.3140699962
985218.3140699962
985218.3140699962
985218.3140699962
985218.3140699962
985218.3140699962
985218.3140699962
985068.561508263
985068.561508263
985068.561508263
985068.561508263
985068.561508263
983777.1016431643
983777.1016431643
983031.8631465731
982916.2291248946
982916.2291248946
982916.2291248946
982916.2291248946
982916.2291248946
982916.2291248946
982487.1632481839
982487.1632481839
982487.1632481839
982487.1632481839
982487.1632481839
982487.1632481839
982006.5834295719
982006.5834295719
982006.5834295719
982006.5834295719
982006.5834295719
981967.6603163898
981909.188823336
981714.8554351603
981582.1480488635
981332.5143481243
981155.1384326753
980993.5024406253
980715.7107848402
980715.7107848402
980715.7107848402
980715.7107848402
980525.1292090471
980525.1292090471
980525.1292090471
980459.6965621794
980459.6965621794
980387.13337438
979973.3580178961
979973.3580178961
979871.7186982832
979871.7186982832
979871.7186982832
979871.7186982832
979871.7186982832
979871.7186982832
979518.9912769014
979518.9912769014
979462.0225200504
979462.0225200504
978854.1390884775
978854.1390884775
978854.1390884775
978854.1390884775
978813.3593818713
978813.3593818713
978322.0221840168
978062.3781945311
978062.3781945311
978062.3781945311
978062.3781945311
977541.6225400176
977541.6225400176
977541.6225400176
977541.6225400176
977541.6225400176
977516.7041826928
977516.7041826928
977516.7041826928
976816.1189312214
976816.1189312214
976620.2481555627
976488.7345959921
976488.7345959921
976488.7345959921
976488.7345959921
976488.7345959921
976488.7345959921
976473.558293928
975694.2509167608
975694.2509167608
975694.2509167608
975401.6124407733
975401.6124407733
975401.6124407733
975348.5855735845
975348.5855735845
975348.5855735845
975322.0677463755
975322.0677463755
975322.0677463755
975322.0677463755
975322.0677463755
975322.0677463755
974751.5717564111
974366.0970301856
973553.4347386308
973553.4347386308
973546.6238669041
973546.6238669041
973467.2814740809
973462.0775128761
973462.0775128761
973301.0504116596
973144.6334863976
973144.6334863976
973144.6334863976
973144.6334863976
973144.6334863976
973144.6334863976
973144.6334863976
973144.6334863976
973144.6334863976
973144.6334863976
972913.9027802825
972437.1073037164
971883.376023266
971883.376023266
971857.5941270452
971857.5941270452
971857.5941270452
971857.5941270452
971857.5941270452
971857.5941270452
971857.5941270452
971857.5941270452
970983.538548805
970983.538548805
970861.733628107
970861.733628107
970861.733628107
970134.1436450586
970134.1436450586
970134.1436450586
970110.4944380792
970110.4944380792
970110.4944380792
970110.4944380792
970107.0264265445
970107.0264265445
970107.0264265445
970107.0264265445
970107.0264265445
970107.0264265445
970107.0264265445
970107.0264265445
970107.0264265445
970107.0264265445
970107.0264265445
970107.0264265445
970107.0264265445
970107.0264265445
970107.0264265445
970107.0264265445
970107.0264265445
970107.0264265445
970107.0264265445
970107.0264265445
970107.0264265445
970107.0264265445
970107.0264265445
970107.0264265445
970107.0264265445
969839.5388467594
969839.5388467594
969839.5388467594
969839.5388467594
969839.5388467594
969412.685059552
969156.1072231024
968780.8692098109
968322.1306328087
968215.3290406677
968215.3290406677
968215.3290406677
967064.1771650986
967064.1771650986
967064.1771650986
967064.1771650986
967064.1771650986
967064.1771650986
967064.1771650986
967064.1771650986
967064.1771650986
967064.1771650986
967064.1771650986
966722.4153156641
966722.4153156641
966722.4153156641
966722.4153156641
966722.4153156641
966649.9191985385
966649.9191985385
966649.9191985385
966649.9191985385
966649.9191985385
966649.9191985385
966359.0602323632
966359.0602323632
966359.0602323632
966359.0602323632
966359.0602323632
965577.3828795652
965538.1379759609
965538.1379759609
965447.127724574
965447.127724574
965447.127724574
965206.3660592169
965206.3660592169
965184.0808986371
965184.0808986371
965184.0808986371
964996.2338541613
964816.4746771737
964816.4746771737
964383.6179829291
964284.8823923401
964284.8823923401
964221.8416257235
964221.8416257235
964221.8416257235
964221.8416257235
964221.8416257235
964210.3485070529
964210.3485070529
964210.3485070529
963404.026128519
962551.3920633132
962551.3920633132
962499.8921126963
962013.535354394
961177.0581988303
961177.0581988303
960853.2909718428
960853.2909718428
960853.2909718428
960812.1987394516
960812.1987394516
960812.1987394516
960812.1987394516
960812.1987394516
960812.1987394516
960812.1987394516
960812.1987394516
960812.1987394516
960812.1987394516
960812.1987394516
959889.6363725995
959889.6363725995
959889.6363725995
959889.6363725995
959773.3558734247
959773.3558734247
959773.3558734247
959773.3558734247
959773.3558734247
959581.99111613
959581.99111613
959266.3307327353
959223.3792428026
959223.3792428026
959166.948955196
959166.948955196
959128.3287950607
958592.1016085469
958592.1016085469
958592.1016085469
958055.9148754658
958055.9148754658
957543.9943722333
957543.9943722333
957057.6509838693
956661.3016822893
956661.3016822893
956661.3016822893
956661.3016822893
956661.3016822893
956661.3016822893
956661.3016822893
956661.3016822893
954833.0649572087
954833.0649572087
954833.0649572087
954833.0649572087
954774.6890166632
954774.6890166632
954774.6890166632
954774.6890166632
954682.9884181046
954556.4778304473
954556.4778304473
954556.4778304473
954556.4778304473
953672.8268701311
953653.1640694351
953653.1640694351
953653.1640694351
953653.1640694351
953653.1640694351
953653.1640694351
953653.1640694351
953653.1640694351
953653.1640694351
953653.1640694351
953245.6348193998
952568.5359684475
952568.5359684475
952568.5359684475
951824.3764079257
951824.3764079257
951824.3764079257
951344.8067949862
951344.8067949862
950923.0778021829
950923.0778021829
950893.0566057318
950858.8713620969
950858.8713620969
950858.8713620969
950858.8713620969
950858.8713620969
950858.8713620969
950858.8713620969
950858.8713620969
950858.8713620969
950858.8713620969
950858.8713620969
950225.4180449573
950225.4180449573
949995.6410322529
949995.6410322529
949995.6410322529
949995.6410322529
949995.6410322529
949995.6410322529
949995.6410322529
949908.3646138039
949908.3646138039
949484.2344200963
949484.2344200963
949484.2344200963
949484.2344200963
949484.2344200963
949484.2344200963
949484.2344200963
949160.6870790267
949025.2108335898
949025.2108335898
948778.6486616081
948733.8594948773
948414.6687698928
948414.6687698928
948414.6687698928
948414.6687698928
948414.6687698928
948414.6687698928
948296.1229533852
948117.1114343489
948117.1114343489
948025.9509214046
948018.9168067108
948018.9168067108
948018.9168067108
948018.9168067108
947773.1660392499
947773.1660392499
947773.1660392499
947773.1660392499
947773.1660392499
947362.6187831876
947362.6187831876
947228.4053399866
947228.4053399866
947228.4053399866
947228.4053399866
947228.4053399866
947168.0936369456
947132.4420006578
947132.4420006578
947132.4420006578
947132.4420006578
947126.4945220714
947126.4945220714
947126.4945220714
947126.4945220714
947126.4945220714
947126.4945220714
947126.4945220714
946915.7094176577
946915.7094176577
946915.7094176577
946633.0698554993
946633.0698554993
946633.0698554993
946633.0698554993
946633.0698554993
945910.0402489133
945910.0402489133
945814.1513219601
945814.1513219601
945814.1513219601
945814.1513219601
945440.128641439
945440.128641439
945171.8951154866
945171.8951154866
945171.8951154866
945171.8951154866
945171.8951154866
945171.8951154866
945171.8951154866
945171.8951154866
945171.8951154866
945171.8951154866
945171.8951154866
945099.4439824693
945099.4439824693
945099.4439824693
945099.4439824693
944890.2051153369
944890.2051153369
944890.2051153369
944890.2051153369
944890.2051153369
944890.2051153369
944890.2051153369
944687.9505012475
944687.9505012475
944687.9505012475
944687.9505012475
944687.9505012475
944244.7951334433
944116.778266456
944116.778266456
944116.778266456
944116.778266456
944116.778266456
944116.778266456
944116.778266456
944054.8434821211
944054.8434821211
944054.8434821211
944054.8434821211
944054.8434821211
944054.8434821211
943919.0242132831
943919.0242132831
943919.0242132831
943744.1415921393
943744.1415921393
943523.997252229
943523.997252229
943502.2738911422
943502.2738911422
943502.2738911422
943502.2738911422
943502.2738911422
943502.2738911422
943502.2738911422
943502.2738911422
943245.9689071437
943245.9689071437
943245.9689071437
943245.9689071437
943245.9689071437
943052.2283206831
943047.9344698421
943047.9344698421
942918.1518535176
942918.1518535176
942918.1518535176
942918.1518535176
942918.1518535176
942918.1518535176
942918.1518535176
942918.1518535176
942918.1518535176
942918.1518535176
942918.1518535176
942918.1518535176
942918.1518535176
942918.1518535176
942918.1518535176
942918.1518535176
942918.1518535176
942910.2898512047
942910.2898512047
942910.2898512047
942910.2898512047
942910.2898512047
942910.2898512047
942910.2898512047
942910.2898512047
942910.2898512047
942910.2898512047
942733.0742186483
942733.0742186483
942733.0742186483
942733.0742186483
942733.0742186483
942733.0742186483
942733.0742186483
942733.0742186483
942733.0742186483
942733.0742186483
941211.8839448635
941211.8839448635
941211.8839448635
941211.8839448635
941211.8839448635
941211.8839448635
941211.8839448635
941076.160843197
941060.382560219
941060.382560219
941060.382560219
941060.382560219
941036.8137829463
940972.9826875282
940972.9826875282
940972.9826875282
940972.9826875282
940972.9826875282
940535.1695845432
940535.1695845432
940535.1695845432
940535.1695845432
940535.1695845432
940535.1695845432
940509.172013289
940509.172013289
940509.172013289
940356.3936551261
940356.3936551261
940356.3936551261
940164.4290452779
940164.4290452779
940164.4290452779
940164.4290452779
940164.4290452779
940164.4290452779
940164.4290452779
940164.4290452779
940164.4290452779
940164.4290452779
940164.4290452779
940164.4290452779
939889.1468166749
939889.1468166749
939889.1468166749
939889.1468166749
939889.1468166749
939749.8834866405
939749.8834866405
939735.9584290269
939735.9584290269
939735.9584290269
939735.9584290269
939735.9584290269
939616.1070995443
939616.1070995443
939616.1070995443
939616.1070995443
939449.7155331383
939449.7155331383
939358.7655853179
939358.7655853179
939358.7655853179
939358.7655853179
939358.7655853179
938631.3072454752
938631.3072454752
938631.3072454752
938631.3072454752
938631.3072454752
938631.3072454752
938631.3072454752
938631.3072454752
937635.6007602412
937278.5384736757
937278.5384736757
937278.5384736757
937278.5384736757
937278.5384736757
937278.5384736757
937278.5384736757
937278.5384736757
937107.0408873816
937107.0408873816
936597.6831826007
936597.6831826007
936597.6831826007
936597.6831826007
936242.8968825089
936242.8968825089
936242.8968825089
936242.8968825089
936242.8968825089
935689.649372448
934956.615080615
934956.615080615
934956.615080615
934956.615080615
934956.615080615
934956.615080615
934443.7845134693
934443.7845134693
934443.7845134693
933971.4306647278
933971.4306647278
933971.4306647278
933891.5147500266
933891.5147500266
933891.5147500266
933891.5147500266
933891.5147500266
933891.5147500266
933891.5147500266
933764.363753198
933764.363753198
933764.363753198
933764.363753198
933764.363753198
933764.363753198
933764.363753198
933254.3997366513
933254.3997366513
933231.8859866888
933231.8859866888
933231.8859866888
932361.4241353745
932361.4241353745
932361.4241353745
932361.4241353745
932361.4241353745
932361.4241353745
932361.4241353745
932361.4241353745
932361.4241353745
932361.4241353745
932361.4241353745
932361.4241353745
931888.7974179131
931888.7974179131
931640.4616651176
931640.4616651176
931640.4616651176
931640.4616651176
931347.6796034178
931347.6796034178
931347.6796034178
930963.7153749072
930963.7153749072
930963.7153749072
930963.7153749072
930963.7153749072
930205.1277840615
930168.1161256282
930168.1161256282
930168.1161256282
930168.1161256282
930168.1161256282
930168.1161256282
930168.1161256282
930168.1161256282
930168.1161256282
930168.1161256282
929850.6036670518
929850.6036670518
929850.6036670518
929850.6036670518
929288.400725631
929063.47481994
929063.47481994
929063.47481994
929063.47481994
929063.47481994
928442.2154327144
928442.2154327144
928442.2154327144
928442.2154327144
928442.2154327144
928442.2154327144
928442.2154327144
928442.2154327144
928248.97365697
928248.97365697
928248.97365697
928248.97365697
928248.97365697
927366.4760297042
927366.4760297042
926871.3713441815
926871.3713441815
926871.3713441815
926871.3713441815
926228.4068206262
926079.6130756291
925629.2745791378
925629.2745791378
925629.2745791378
925629.2745791378
925629.2745791378
925629.2745791378
925351.3879176428
925351.3879176428
925351.3879176428
925351.3879176428
924994.5771019267
924771.401112506
924771.401112506
924771.401112506
924771.401112506
924771.401112506
924771.401112506
924771.401112506
924771.401112506
924449.552687769
924449.552687769
924449.552687769
924449.552687769
924449.552687769
924219.9559475221
923646.5754375295
923646.5754375295
923646.5754375295
923646.5754375295
923646.5754375295
923646.5754375295
923290.2429244553
923290.2429244553
923290.2429244553
923290.2429244553
922669.0502723849
922669.0502723849
922669.0502723849
922669.0502723849
922669.0502723849
922669.0502723849
922669.0502723849
922669.0502723849
922669.0502723849
922669.0502723849
922669.0502723849
922567.6171993681
922567.6171993681
922567.6171993681
922567.6171993681
922567.6171993681
922567.6171993681
922567.6171993681
921770.3339354981
921770.3339354981
921770.3339354981
921280.4212913822
921280.4212913822
921280.4212913822
921280.4212913822
921280.4212913822
921280.4212913822
921280.4212913822
921280.4212913822
921280.4212913822
921280.4212913822
921280.4212913822
921234.9652954212
921042.552209856
921042.552209856
920706.9423092338
920706.9423092338
920706.9423092338
920706.9423092338
920706.9423092338
920324.4718277904
920324.4718277904
920324.4718277904
920324.4718277904
920324.4718277904
920324.4718277904
920273.1798508387
920273.1798508387
920273.1798508387
920273.1798508387
920273.1798508387
920273.1798508387
920273.1798508387
920273.1798508387
920228.0733723057
920228.0733723057
920228.0733723057
920228.0733723057
920228.0733723057
920228.0733723057
920228.0733723057
920209.3242001638
920209.3242001638
920209.3242001638
920209.3242001638
920209.3242001638
920209.3242001638
920209.3242001638
920084.4755342647
920084.4755342647
920084.4755342647
920084.4755342647
920084.4755342647
920084.4755342647
920084.4755342647
920084.4755342647
920084.4755342647
919660.5710172495
919660.5710172495
919660.5710172495
919660.5710172495
919660.5710172495
919660.5710172495
919660.5710172495
919660.5710172495
919422.673790014
919422.673790014
919422.673790014
919422.673790014
919422.673790014
919422.673790014
919269.1764744543
919269.1764744543
919269.1764744543
919269.1764744543
919269.1764744543
919269.1764744543
919269.1764744543
919269.1764744543
919269.1764744543
918898.0150074952
918898.0150074952
918898.0150074952
918898.0150074952
918898.0150074952
918898.0150074952
918898.0150074952
918898.0150074952
918898.0150074952
918724.1184489429
918724.1184489429
918724.1184489429
918724.1184489429
918724.1184489429
918724.1184489429
918724.1184489429
918724.1184489429
918714.8354720832
918714.8354720832
918410.6223271639
918410.6223271639
918410.6223271639
918410.6223271639
918410.6223271639
918410.6223271639
918410.6223271639
918410.6223271639
917610.1086186442
917610.1086186442
917610.1086186442
917414.5357260399
917414.5357260399
917414.5357260399
917414.5357260399
917414.5357260399
917414.5357260399
917378.0517566868
917378.0517566868
917378.0517566868
917378.0517566868
917378.0517566868
917378.0517566868
917378.0517566868
917378.0517566868
917214.2208721455
917214.2208721455
917214.2208721455
917214.2208721455
917214.2208721455
917214.2208721455
917079.4574859892
916828.5306842532
916828.5306842532
916828.5306842532
916828.5306842532
916828.5306842532
916828.5306842532
916828.5306842532
916828.5306842532
916828.5306842532
916828.5306842532
916828.5306842532
916828.5306842532
916664.7457355328
916664.7457355328
916664.7457355328
916664.7457355328
916664.7457355328
916664.7457355328
916664.7457355328
916645.8243439054
916452.4519771303
916452.4519771303
915907.7926605787
915907.7926605787
915907.7926605787
915907.7926605787
915907.7926605787
915907.7926605787
915907.7926605787
915839.3827177424
915839.3827177424
915839.3827177424
915839.3827177424
915717.3252296958
915717.3252296958
915717.3252296958
915458.5483632719
915458.5483632719
915458.5483632719
915458.5483632719
915458.5483632719
915458.5483632719
915458.5483632719
915458.5483632719
915458.5483632719
915458.5483632719
915458.5483632719
915458.5483632719
915458.5483632719
915458.5483632719
915458.5483632719
915458.5483632719
914842.3225947958
914842.3225947958
914667.0197824114
914667.0197824114
914359.9652346768
914359.9652346768
914359.9652346768
914359.9652346768
913909.3451072383
913909.3451072383
913909.3451072383
913909.3451072383
913909.3451072383
913909.3451072383
913909.3451072383
913909.3451072383
913854.8856783103
913854.8856783103
913854.8856783103
913854.8856783103
913854.8856783103
913854.8856783103
913854.8856783103
913854.8856783103
913854.8856783103
913854.8856783103
913854.8856783103
913226.0010911863
913226.0010911863
913226.0010911863
913226.0010911863
913226.0010911863
913226.0010911863
913120.5812074305
913120.5812074305
913120.5812074305
913120.5812074305
913120.5812074305
913120.5812074305
913120.5812074305
913120.5812074305
913120.5812074305
913120.5812074305
913120.5812074305
913120.5812074305
912953.1618745608
912730.2100520731
912686.1013114919
912686.1013114919
912686.1013114919
912686.1013114919
912686.1013114919
912177.4454393869
912177.4454393869
912177.4454393869
912177.4454393869
912177.4454393869
912177.4454393869
912101.431097945
912101.431097945
912101.431097945
912101.431097945
912101.431097945
912076.8277531106
912076.8277531106
912076.8277531106
911404.3756569054
911222.2116856496
911222.2116856496
911222.2116856496
911222.2116856496
911222.2116856496
911222.2116856496
911222.2116856496
911222.2116856496
911222.2116856496
911222.2116856496
911222.2116856496
911222.2116856496
910465.1766872816
910465.1766872816
909961.3353017574
909961.3353017574
909538.3707258804
909538.3707258804
909538.3707258804
909538.3707258804
909538.3707258804
909538.3707258804
909107.8222694505
909107.8222694505
909107.8222694505
909107.8222694505
909107.8222694505
909107.8222694505
909107.8222694505
909107.8222694505
908457.3629061979
908457.3629061979
908457.3629061979
908457.3629061979
908457.3629061979
908176.8917962457
908176.8917962457
908176.8917962457
908176.8917962457
908176.8917962457
908176.8917962457
908176.8917962457
908176.8917962457
908176.8917962457
908176.8917962457
908176.8917962457
908149.3962559176
908149.3962559176
908149.3962559176
908149.3962559176
908149.3962559176
908085.6847926569
908085.6847926569
908085.6847926569
908085.6847926569
908085.6847926569
908085.6847926569
908085.6847926569
907832.7424792429
907828.1863943811
907828.1863943811
907828.1863943811
907828.1863943811
907828.1863943811
907713.613930996
907713.613930996
907713.613930996
907713.613930996
907713.613930996
907713.613930996
907713.613930996
907713.613930996
906504.7562760819
906504.7562760819
906320.7442457352
906320.7442457352
906308.9139300839
906308.9139300839
906308.9139300839
906308.9139300839
906308.9139300839
906308.9139300839
906308.9139300839
906308.9139300839
906308.9139300839
906308.9139300839
906308.9139300839
906308.9139300839
906308.9139300839
906308.9139300839
906308.9139300839
906308.9139300839
906173.7861976144
906173.7861976144
906173.7861976144
906173.7861976144
906173.7861976144
906173.7861976144
906173.7861976144
906173.7861976144
906173.7861976144
906173.7861976144
906173.7861976144
906173.7861976144
905845.7596509845
905845.7596509845
905845.7596509845
905845.7596509845
905845.7596509845
905845.7596509845
905845.7596509845
905845.7596509845
905845.7596509845
905845.7596509845
905845.7596509845
905845.7596509845
905845.7596509845
905845.7596509845
904710.2624481902
904710.2624481902
904422.8436093866
904406.236936555
904162.6362860681
904162.6362860681
904162.6362860681
904162.6362860681
904162.6362860681
904162.6362860681
904162.6362860681
903658.1980306236
903658.1980306236
903658.1980306236
903658.1980306236
903118.1320842786
903118.1320842786
903118.1320842786
903118.1320842786
903118.1320842786
903118.1320842786
903118.1320842786
903118.1320842786
903118.1320842786
903118.1320842786
903118.1320842786
903118.1320842786
903118.1320842786
903118.1320842786
903092.247024532
903092.247024532
903092.247024532
903092.247024532
903092.247024532
903092.247024532
903092.247024532
902946.104000276
902946.104000276
902946.104000276
902946.104000276
902946.104000276
902946.104000276
902946.104000276
902386.5304056514
902386.5304056514
902386.5304056514
902386.5304056514
902386.5304056514
902386.5304056514
902386.5304056514
902191.2140683683
902191.2140683683
902191.2140683683
902191.2140683683
902191.2140683683
902191.2140683683
902191.2140683683
902191.2140683683
902191.2140683683
902191.2140683683
902191.2140683683
902191.2140683683
902191.2140683683
902191.2140683683
902191.2140683683
902191.2140683683
902191.2140683683
902191.2140683683
901886.0494568736
901886.0494568736
901886.0494568736
901886.0494568736
901737.8178624929
901737.8178624929
901737.8178624929
901737.8178624929
901444.248874134
901192.3743564016
901192.3743564016
901089.3347962816
901089.3347962816
901089.3347962816
901089.3347962816
901027.8193244337
899942.0654743613
899851.2092519668
899851.2092519668
899851.2092519668
899851.2092519668
899524.2335332483
899524.2335332483
899524.2335332483
899524.2335332483
899524.2335332483
899489.3975670147
899489.3975670147
899485.0020351575
899485.0020351575
899485.0020351575
898767.9411947257
898767.9411947257
897766.609664801
897766.609664801
897613.5393885437
897613.5393885437
897613.5393885437
897613.5393885437
897613.5393885437
897613.5393885437
897613.5393885437
897613.5393885437
897613.5393885437
897613.5393885437
897613.5393885437
897613.5393885437
897613.5393885437
897240.6240085028
897240.6240085028
897240.6240085028
897240.6240085028
897240.6240085028
897240.6240085028
897240.6240085028
897240.6240085028
896713.9590120614
896651.6117691976
896505.1720527596
896505.1720527596
896505.1720527596
896505.1720527596
896505.1720527596
896495.3108083641
896428.8564712802
896428.8564712802
896428.8564712802
896428.8564712802
896428.8564712802
896428.8564712802
896294.695265024
896294.695265024
896294.695265024
896249.5386189435
896249.5386189435
896249.5386189435
896249.5386189435
896249.5386189435
896249.5386189435
896249.5386189435
896249.5386189435
896249.5386189435
896249.5386189435
896249.5386189435
896249.5386189435
896036.7267960984
896036.7267960984
896036.7267960984
896036.7267960984
896036.7267960984
896036.7267960984
896036.7267960984
896005.4126750508
896005.4126750508
896005.4126750508
896005.4126750508
896005.4126750508
895918.7390568424
895918.7390568424
895918.7390568424
895918.7390568424
895572.1680063352
895572.1680063352
895572.1680063352
895572.1680063352
895191.7166508618
895191.7166508618
895191.7166508618
895191.7166508618
895191.7166508618
895191.7166508618
895191.7166508618
895191.7166508618
895191.7166508618
894978.0935527375
894978.0935527375
894978.0935527375
894978.0935527375
894978.0935527375
894978.0935527375
894978.0935527375
894978.0935527375
894892.383630817
894892.383630817
894892.383630817
894770.1340007151
894770.1340007151
894770.1340007151
894770.1340007151
894770.1340007151
894057.1925002693
894057.1925002693
894057.1925002693
893960.0275257204
893960.0275257204
893960.0275257204
893960.0275257204
893944.0973425158
893944.0973425158
893944.0973425158
893762.1394060511
893762.1394060511
893762.1394060511
893762.1394060511
893762.1394060511
893762.1394060511
893762.1394060511
893762.1394060511
893762.1394060511
893762.1394060511
893762.1394060511
893762.1394060511
893762.1394060511
893762.1394060511
893762.1394060511
893416.1427095335
893416.1427095335
892995.4669913414
892995.4669913414
892995.4669913414
892478.2997715545
892478.2997715545
891963.0284915536
891963.0284915536
891963.0284915536
891963.0284915536
891963.0284915536
891963.0284915536
891963.0284915536
891963.0284915536
891963.0284915536
891963.0284915536
891963.0284915536
891833.6413381305
891775.1668535082
891775.1668535082
891775.1668535082
891775.1668535082
891775.1668535082
891775.1668535082
891775.1668535082
891775.1668535082
891775.1668535082
891775.1668535082
891775.1668535082
891775.1668535082
891752.8201280015
891752.8201280015
891310.1084580304
891310.1084580304
891310.1084580304
891310.1084580304
891310.1084580304
891101.403838366
891101.403838366
891101.403838366
891101.403838366
891101.403838366
891101.403838366
891101.403838366
891101.403838366
891101.403838366
891101.403838366
891101.403838366
891101.403838366
891101.403838366
891101.403838366
891101.403838366
890125.4456827887
890125.4456827887
890125.4456827887
890125.4456827887
889420.9447737661
889420.9447737661
889195.4305078663
889195.4305078663
889195.4305078663
889195.4305078663
889195.4305078663
889173.2454574932
889173.2454574932
889173.2454574932
889173.2454574932
889173.2454574932
889173.2454574932
889019.300402845
889019.300402845
889019.300402845
889019.300402845
888540.2858196918
888507.5263857614
888507.5263857614
888297.1995550699
888297.1995550699
888297.1995550699
888297.1995550699
888297.1995550699
887912.5233657467
887912.5233657467
887912.5233657467
887762.5094862593
887762.5094862593
887762.5094862593
887762.5094862593
887762.5094862593
887059.3801590863
887059.3801590863
887059.3801590863
887059.3801590863
887059.3801590863
887059.3801590863
886925.0651655118
886767.2963250021
886767.2963250021
886767.2963250021
886767.2963250021
886767.2963250021
886767.2963250021
886767.2963250021
886767.2963250021
886767.2963250021
886767.2963250021
886767.2963250021
886767.2963250021
886767.2963250021
886767.2963250021
886767.2963250021
886197.7228285852
886197.7228285852
886197.7228285852
886197.7228285852
885837.9018478161
885594.0224580448
885594.0224580448
885594.0224580448
885594.0224580448
885594.0224580448
885594.0224580448
885594.0224580448
885594.0224580448
885594.0224580448
885594.0224580448
885594.0224580448
885594.0224580448
885351.6455030405
885351.6455030405
885351.6455030405
884711.1898338996
884711.1898338996
884711.1898338996
884711.1898338996
884711.1898338996
884711.1898338996
884711.1898338996
884711.1898338996
884711.1898338996
884711.1898338996
884711.1898338996
884711.1898338996
884711.1898338996
884711.1898338996
884711.1898338996
884711.1898338996
884711.1898338996
884711.1898338996
884711.1898338996
884711.1898338996
884504.9777263849
884504.9777263849
884504.9777263849
884504.9777263849
884504.9777263849
884504.9777263849
884504.9777263849
884504.9777263849
884504.9777263849
884504.9777263849
884504.9777263849
884504.9777263849
884423.6543296437
884423.6543296437
884423.6543296437
884423.6543296437
884423.6543296437
884423.6543296437
884423.6543296437
884423.6543296437
884423.6543296437
884423.6543296437
884423.6543296437
884423.6543296437
884423.6543296437
884423.6543296437
884423.6543296437
884423.6543296437
884423.6543296437
884423.6543296437
884423.6543296437
884423.6543296437
884423.6543296437
884423.6543296437
884423.6543296437
884423.6543296437
884423.6543296437
884423.6543296437
884423.6543296437
884423.6543296437
884423.6543296437
884423.6543296437
884423.6543296437
884423.6543296437
884414.4584660308
884414.4584660308
884212.076840447
884212.076840447
884212.076840447
884212.076840447
884212.076840447
884212.076840447
884212.076840447
884212.076840447
884212.076840447
884212.076840447
884212.076840447
884212.076840447
884212.076840447
883212.8790790379
883212.8790790379
883212.8790790379
883212.8790790379
883212.8790790379
883195.5703742174
883195.5703742174
883195.5703742174
883195.5703742174
882791.4999887827
882791.4999887827
882791.4999887827
882791.4999887827
882791.4999887827
882791.4999887827
882791.4999887827
882791.4999887827
882400.0805323558
882400.0805323558
882400.0805323558
882400.0805323558
882400.0805323558
882400.0805323558
882400.0805323558
882400.0805323558
882400.0805323558
882400.0805323558
882400.0805323558
882400.0805323558
882400.0805323558
882400.0805323558
881980.6908046475
881980.6908046475
881980.6908046475
881980.6908046475
881980.6908046475
881980.6908046475
881980.6908046475
881980.6908046475
881980.6908046475
881980.6908046475
881980.6908046475
881689.9675537387
881689.9675537387
881689.9675537387
881689.9675537387
881689.9675537387
881689.9675537387
881689.9675537387
881689.9675537387
881689.9675537387
881689.9675537387
881689.9675537387
881689.9675537387
881689.9675537387
881689.9675537387
881689.9675537387
881689.9675537387
881689.9675537387
881689.9675537387
881689.9675537387
881689.9675537387
881505.9274941374
881505.9274941374
881505.9274941374
881505.9274941374
881505.9274941374
881258.6139373996
881257.4314639437
881257.4314639437
881257.4314639437
881257.4314639437
881257.4314639437
881257.4314639437
881257.4314639437
881257.4314639437
881257.4314639437
881257.4314639437
881257.4314639437
881257.4314639437
881257.4314639437
881257.4314639437
881257.4314639437
881167.5222695787
881167.5222695787
880707.536346653
880707.536346653
880707.536346653
880707.536346653
880707.536346653
880707.536346653
880707.536346653
880707.536346653
880707.536346653
880707.536346653
880707.536346653
880707.536346653
880707.536346653
880707.536346653
880707.536346653
880707.536346653
880707.536346653
880707.536346653
880707.536346653
880707.536346653
880707.536346653
880707.536346653
880707.536346653
880707.536346653
880707.536346653
880707.536346653
880707.536346653
880707.536346653
880707.536346653
880707.536346653
880707.536346653
880707.536346653
880669.8340158837
880465.9883092495
880465.9883092495
880465.9883092495
880465.9883092495
880395.9772553775
880395.9772553775
879484.8252333265
879484.8252333265
879484.8252333265
879484.8252333265
879484.8252333265
879387.570154241
879387.570154241
879387.570154241
879387.570154241
879387.570154241
879387.570154241
879387.570154241
879387.570154241
879130.7906159287
878996.4620102223
878996.4620102223
878996.4620102223
878996.4620102223
878947.7986799448
878947.7986799448
878947.7986799448
878947.7986799448
878947.7986799448
878947.7986799448
878947.7986799448
878947.7986799448
878947.7986799448
878947.7986799448
878890.915146003
878890.915146003
878890.915146003
878890.915146003
878890.915146003
878890.915146003
878890.915146003
878768.0955034464
878768.0955034464
878768.0955034464
878723.0727313721
878723.0727313721
878723.0727313721
877898.8698723188
877898.8698723188
877898.8698723188
877898.8698723188
877898.8698723188
877898.8698723188
877898.8698723188
877898.8698723188
877898.8698723188
877843.377232796
877607.8804549021
877163.8505951316
877163.8505951316
877163.8505951316
877088.6443602389
877088.6443602389
877088.6443602389
877088.6443602389
877088.6443602389
877088.6443602389
877088.6443602389
877088.6443602389
877088.6443602389
877088.6443602389
877088.6443602389
876832.8449745515
876832.8449745515
876290.847820045
876290.847820045
876290.847820045
876290.847820045
875833.4150966567
875833.4150966567
875833.4150966567
875833.4150966567
875833.4150966567
875833.4150966567
875833.4150966567
875833.4150966567
875588.5220827825
875588.5220827825
875588.5220827825
875588.5220827825
875588.5220827825
875588.5220827825
875588.5220827825
875588.5220827825
875214.7252241778
875214.7252241778
874965.4852424343
874965.4852424343
874965.4852424343
874965.4852424343
874965.4852424343
874671.0768110384
874671.0768110384
874671.0768110384
874671.0768110384
874061.8153105978
874061.8153105978
874061.8153105978
874061.8153105978
874061.8153105978
874061.8153105978
873521.2612948891
873367.4637536705
873367.4637536705
873367.4637536705
873367.4637536705
873367.4637536705
873367.4637536705
873367.4637536705
873367.4637536705
873367.4637536705
873354.746514352
873354.746514352
873354.746514352
873354.746514352
873354.746514352
873354.746514352
873354.746514352
873354.746514352
873354.746514352
873290.8983618066
873290.8983618066
873290.8983618066
873290.8983618066
873290.8983618066
873290.8983618066
873290.8983618066
873290.8983618066
873290.8983618066
873290.8983618066
873290.8983618066
873211.9292512327
873211.9292512327
873211.9292512327
873211.9292512327
873211.9292512327
873211.9292512327
873211.9292512327
873211.9292512327
873211.9292512327
873211.9292512327
873211.9292512327
873211.9292512327
873211.9292512327
873211.9292512327
873211.9292512327
873211.9292512327
871969.4752704308
871969.4752704308
871969.4752704308
871969.4752704308
871969.4752704308
871969.4752704308
871969.4752704308
871969.4752704308
871969.4752704308
871725.5487463933
871725.5487463933
871677.165983861
871677.165983861
871677.165983861
871677.165983861
871677.165983861
871677.165983861
871677.165983861
871677.165983861
871677.165983861
871677.165983861
871677.165983861
871677.165983861
871677.165983861
871677.165983861
871677.165983861
871677.165983861
871575.5337446483
871575.5337446483
871575.5337446483
871575.5337446483
871575.5337446483
871575.5337446483
871575.5337446483
871575.5337446483
871575.5337446483
871439.4954181218
871439.4954181218
871439.4954181218
871439.4954181218
871439.4954181218
871439.4954181218
871439.4954181218
871439.4954181218
871439.4954181218
871439.4954181218
871439.4954181218
871420.4537859982
871420.4537859982
871420.4537859982
871420.4537859982
871420.4537859982
870897.6764814148
870897.6764814148
870897.6764814148
870897.6764814148
870897.6764814148
870897.6764814148
870897.6764814148
870897.6764814148
870897.6764814148
870897.6764814148
870897.6764814148
870897.6764814148
870897.6764814148
870897.6764814148
870897.6764814148
870897.6764814148
870897.6764814148
870897.6764814148
870897.6764814148
870897.6764814148
870897.6764814148
870594.1479815054
870594.1479815054
870594.1479815054
870594.1479815054
870594.1479815054
870594.1479815054
870594.1479815054
870594.1479815054
870594.1479815054
870594.1479815054
870594.1479815054
870531.0534581324
870531.0534581324
870531.0534581324
870531.0534581324
870531.0534581324
870531.0534581324
870410.4222064978
870063.625297256
870023.280767984
870023.280767984
870023.280767984
870023.280767984
870023.280767984
870023.280767984
870023.280767984
870023.280767984
870023.280767984
870023.280767984
870023.280767984
870023.280767984
870023.280767984
870023.280767984
869576.5808140808
869576.5808140808
869576.5808140808
869576.5808140808
869576.5808140808
869576.5808140808
869576.5808140808
869576.5808140808
869576.5808140808
869576.5808140808
869576.5808140808
869576.5808140808
869576.5808140808
869576.5808140808
869576.5808140808
869576.5808140808
869576.5808140808
869576.5808140808
869576.5808140808
869576.5808140808
869576.5808140808
869576.5808140808
869576.5808140808
869576.5808140808
869576.5808140808
869576.5808140808
869576.5808140808
869576.5808140808
869435.3141729461
869435.3141729461
869435.3141729461
869435.3141729461
869435.3141729461
869252.4301770631
869252.4301770631
869252.4301770631
869252.4301770631
869252.4301770631
869252.4301770631
869252.4301770631
869252.4301770631
868828.0985928781
868828.0985928781
868828.0985928781
868828.0985928781
868828.0985928781
868828.0985928781
868828.0985928781
868828.0985928781
868487.6004458731
868487.6004458731
868487.6004458731
868487.6004458731
868487.6004458731
868487.6004458731
868487.6004458731
868487.6004458731
868487.6004458731
868487.6004458731
868487.6004458731
868487.6004458731
868487.6004458731
868487.6004458731
868487.6004458731
868487.6004458731
868487.6004458731
868487.6004458731
868487.6004458731
868304.7768940574
868304.7768940574
868304.7768940574
868304.7768940574
868304.7768940574
868304.7768940574
868304.7768940574
868304.7768940574
868304.7768940574
868304.7768940574
868304.7768940574
868304.7768940574
868304.7768940574
868304.7768940574
868304.7768940574
868304.7768940574
868304.7768940574
868304.7768940574
868304.7768940574
868304.7768940574
868304.7768940574
868271.0422045003
868271.0422045003
868271.0422045003
868271.0422045003
868271.0422045003
868271.0422045003
868271.0422045003
868271.0422045003
868271.0422045003
868244.9850054339
868244.9850054339
868244.9850054339
868244.9850054339
868244.9850054339
868244.9850054339
868244.9850054339
868244.9850054339
868244.9850054339
868244.9850054339
868124.0980793268
868124.0980793268
868124.0980793268
868124.0980793268
868124.0980793268
868124.0980793268
868124.0980793268
868124.0980793268
868124.0980793268
868124.0980793268
868124.0980793268
868124.0980793268
868124.0980793268
867733.8344072582
867733.8344072582
867385.6871066078
866986.6967395952
866986.6967395952
866986.6967395952
866986.6967395952
866986.6967395952
866986.6967395952
866986.6967395952
866486.9240638561
866486.9240638561
866486.9240638561
866089.2808723847
866089.2808723847
866089.2808723847
866089.2808723847
865819.4087301667
865819.4087301667
865819.4087301667
865819.4087301667
865819.4087301667
865819.4087301667
865693.9626422854
865693.9626422854
865693.9626422854
865693.9626422854
865693.9626422854
865693.9626422854
865693.9626422854
865693.9626422854
865693.9626422854
865693.9626422854
865693.9626422854
865693.9626422854
865693.9626422854
865693.9626422854
864963.5122488646
864963.5122488646
864963.5122488646
864963.5122488646
864963.5122488646
864963.5122488646
864963.5122488646
864963.5122488646
864963.5122488646
864963.5122488646
864963.5122488646
864963.5122488646
864963.5122488646
864963.5122488646
864963.5122488646
864963.5122488646
864963.5122488646
864963.5122488646
864963.5122488646
864963.5122488646
864963.5122488646
864963.5122488646
864963.5122488646
864963.5122488646
864963.5122488646
864963.5122488646
864963.5122488646
864963.5122488646
864963.5122488646
864963.5122488646
864963.5122488646
864963.5122488646
864963.5122488646
864963.5122488646
864622.8488975281
864622.8488975281
864622.8488975281
864622.8488975281
864622.8488975281
864622.8488975281
864622.8488975281
864093.0972695462
864093.0972695462
864093.0972695462
864093.0972695462
864093.0972695462
864008.248197739
864008.248197739
863812.3020519498
863543.231136302
863543.231136302
863543.231136302
863543.231136302
863543.231136302
862812.697135644
862812.697135644
862812.697135644
862812.697135644
862812.697135644
862812.697135644
862812.697135644
862812.697135644
862812.697135644
862812.697135644
862812.697135644
862812.697135644
862812.697135644
862812.697135644
862812.697135644
862812.697135644
862812.697135644
862812.697135644
862812.697135644
862812.697135644
862812.697135644
862812.697135644
862812.697135644
862812.697135644
862812.697135644
862812.697135644
862812.697135644
862718.1612872372
862718.1612872372
862388.0629127386
862388.0629127386
862146.0249322075
862146.0249322075
862146.0249322075
862146.0249322075
862146.0249322075
862146.0249322075
862146.0249322075
862146.0249322075
862146.0249322075
862146.0249322075
862146.0249322075
862146.0249322075
862146.0249322075
862146.0249322075
862146.0249322075
862146.0249322075
862146.0249322075
862146.0249322075
862146.0249322075
862146.0249322075
862146.0249322075
862146.0249322075
862146.0249322075
862146.0249322075
862146.0249322075
862146.0249322075
862146.0249322075
861890.5081787334
861890.5081787334
861890.5081787334
861890.5081787334
861890.5081787334
861890.5081787334
861890.5081787334
861890.5081787334
861890.5081787334
861890.5081787334
861890.5081787334
861890.5081787334
861890.5081787334
861505.3589916367
861505.3589916367
861505.3589916367
861505.3589916367
861505.3589916367
861505.3589916367
861505.3589916367
861505.3589916367
861505.3589916367
861505.3589916367
861505.3589916367
861505.3589916367
861505.3589916367
861505.3589916367
861505.3589916367
861505.3589916367
861505.3589916367
861505.3589916367
861505.3589916367
861505.3589916367
861505.3589916367
861505.3589916367
861505.3589916367
861279.6573032297
861279.6573032297
861191.2826829364
861191.2826829364
861096.5137282828
860498.5365454785
860283.2083230132
860283.2083230132
860283.2083230132
859622.4808554964
859622.4808554964
859456.0276856187
859456.0276856187
859456.0276856187
859456.0276856187
859456.0276856187
859456.0276856187
859456.0276856187
859456.0276856187
859456.0276856187
859456.0276856187
858221.5923255289
858221.5923255289
858221.5923255289
858221.5923255289
858221.5923255289
858221.5923255289
858221.5923255289
858221.5923255289
858221.5923255289
858221.5923255289
858221.5923255289
858221.5923255289
858221.5923255289
858221.5923255289
858221.5923255289
858221.5923255289
858221.5923255289
858221.5923255289
858221.5923255289
858221.5923255289
858221.5923255289
858221.5923255289
858221.5923255289
858221.5923255289
858221.5923255289
858221.5923255289
858221.5923255289
858221.5923255289
857429.0835681662
856927.684411666
856927.684411666
856927.684411666
856927.684411666
856927.684411666
856927.684411666
856840.574484534
856840.574484534
856840.574484534
856840.574484534
856840.574484534
856840.574484534
856840.574484534
856840.574484534
856840.574484534
856840.574484534
856840.574484534
856840.574484534
856840.574484534
856840.574484534
856840.574484534
856840.574484534
856840.574484534
856840.574484534
856840.574484534
856840.574484534
856840.574484534
856840.574484534
856840.574484534
856840.574484534
856840.574484534
856840.574484534
856840.574484534
856840.574484534
856840.574484534
856840.574484534
856840.574484534
856840.574484534
856804.5290059106
856804.5290059106
856417.0770976357
856417.0770976357
856417.0770976357
856417.0770976357
856417.0770976357
856417.0770976357
856058.3503790088
856058.3503790088
856058.3503790088
856058.3503790088
856058.3503790088
856058.3503790088
856058.3503790088
856058.3503790088
856058.3503790088
856058.3503790088
856058.3503790088
856058.3503790088
856058.3503790088
856058.3503790088
856058.3503790088
856058.3503790088
856058.3503790088
856058.3503790088
856058.3503790088
856058.3503790088
856058.3503790088
856058.3503790088
856058.3503790088
856058.3503790088
856058.3503790088
856058.3503790088
856058.3503790088
856058.3503790088
856058.3503790088
856058.3503790088
856058.3503790088
856058.3503790088
856058.3503790088
856058.3503790088
856058.3503790088
856058.3503790088
856058.3503790088
856058.3503790088
856058.3503790088
856058.3503790088
856058.3503790088
856058.3503790088
856058.3503790088
856058.3503790088
856058.3503790088
856058.3503790088
856058.3503790088
856058.3503790088
856058.3503790088
856058.3503790088
856058.3503790088
