4494925.392908667
4391520.447715145
4289894.464098645
4191099.878363783
4088854.4191687973
3994810.9043516372
3879285.0735083846
3802530.6360174925
3725242.7486537667
3655459.45739877
3598300.058943318
3540337.526292602
3485327.905562359
3428363.076458847
3378926.3235493563
3321658.3641513563
3273494.2629347723
3216313.8962827604
3169439.535042972
3124324.996844529
3085141.0651669735
3059464.5378662962
3008769.3180185175
2975152.781658491
2946581.6877290714
2908749.623756092
2886409.10473584
2854920.679794753
2829031.647746733
2799221.7198885772
2765088.9034585515
2730184.6763276816
2710850.188152182
2690909.9325262224
2662464.655071446
2640487.9673925797
2623729.6972650103
2588432.6286654724
2563908.268169649
2545445.4217663296
2523054.466490617
2493197.1309823813
2477415.2918039067
2462439.181281382
2442178.8250616356
2420041.7761717523
2413181.8346019536
2396895.2701646723
2381643.6403240534
2363098.5297891907
2349551.0158879636
2336881.279008013
2318331.4361959063
2308360.7757715387
2288660.2915110523
2273126.6273918343
2260813.2502197716
2245811.3435261073
2230790.2750929203
2219415.02206083
2204727.943288442
2197000.3956408785
2189982.6957073035
2180341.4890029393
2173298.0215023244
2164126.692275745
2157456.886949044
2148264.1698712287
2136795.3225584277
2129515.0829220526
2122393.05498416
2117062.457762887
2113384.1828837283
2105057.337487097
2093642.7056154243
2086505.1804231666
2078140.8345875014
2069908.839235038
2060332.5702233547
2050190.6935113708
2045678.410027679
2035523.2649425515
2028549.708373461
2020419.073309555
2009419.167447948
2001788.5551706655
1991100.2125453325
1987808.4453033644
1984503.3490829035
1980763.737007697
1968927.4216858489
1957782.4590759093
1952541.027000231
1945426.6151824803
1935775.9825795186
1931809.9850616762
1926942.7394441809
1919520.8332275522
1913659.3434524229
1905197.162191399
1898165.6953944217
1894134.1922863792
1888042.7245856572
1881931.8269192344
1877779.2946471283
1871763.2483489516
1868443.515709438
1864701.0760054626
1857220.2375975142
1853385.3053117783
1848698.259737741
1842199.6748090605
1839689.8449999182
1837682.5943829
1833166.680628201
1827086.6628605416
1820534.4530169885
1809762.2069035617
1804667.6959776778
1796950.9022097066
1794883.6315140817
1791218.5939518132
1786017.8159581292
1783493.2728468776
1779941.3263597824
1776899.7475664667
1771838.4268117573
1768715.0729952338
1766109.5731631443
1763879.5469149267
1759592.6434919816
1758013.539999206
1752358.1421667626
1748124.7017064302
1746844.158253246
1743383.5647263452
1741328.9023370198
1736900.5597621263
1732286.0663115743
1727785.6094196956
1725516.3772579022
1722499.3327986985
1722158.3470295004
1718410.1531533604
1715814.7387431832
1712951.5246964395
1709069.3665303767
1705725.5489017768
1702717.2594073964
1696831.2932353665
1694241.109067459
1693472.9669473686
1690201.1363717706
1686488.6754971053
1683838.3825877649
1679991.2692507566
1677037.1781717758
1675341.2353035475
1670535.8736876491
1665362.8010989982
1662643.1095736613
1659631.2112758583
1657507.209252147
1654723.8679803952
1654231.276260889
1653480.186638794
1651886.3521064
1647865.496564602
1641848.7607561152
1634561.2900281595
1630895.7608435864
1629669.1904977758
1628195.6494337083
1626568.6806584536
1621482.9691146277
1617892.466731478
1615316.112838352
1609728.6441389169
1606122.1876415452
1603799.86575001
1601534.618638378
1599639.8807046944
1598324.1477833884
1594895.0727823516
1594471.7316967533
1592388.2800461636
1591120.6336556969
1589420.0383749926
1588998.0699783461
1588452.3244458868
1587010.3378936949
1584227.251050564
1583156.540151186
1582597.7275389263
1578772.8918022625
1577997.8912221068
1576470.0776534854
1573999.2183452004
1570051.32107964
1567867.6845564926
1565573.1315598052
1565165.779594466
1562140.039191621
1560403.8429658562
1559292.7120459187
1556472.5025969073
1553398.4098102716
1552698.7025847314
1551807.7362096007
1550776.2337971015
1548644.133017006
1547345.4086224788
1545905.3064434913
1544132.2709541402
1542755.8322045011
1540345.1803628546
1536561.8699632552
1535251.9416747263
1530701.8437505765
1527009.623129659
1526855.582550534
1525308.438320139
1523501.6353212376
1519935.5239330737
1519074.224138326
1518370.2101819287
1516232.3955845935
1515181.120355152
1510659.1435422623
1509551.3915337042
1507213.9500941439
1505922.7425079818
1504468.4225784894
1502435.6904190495
1500403.1992675685
1497737.4667147184
1496154.7657892397
1493400.9359802206
1491373.6331478674
1487759.4603037587
1485501.4900526134
1483508.213418811
1483064.933827199
1483023.023277639
1480391.4172415726
1478963.4347324786
1477002.4760314845
1476760.959089967
1476760.959089967
1475921.749923853
1475304.9222434042
1472520.8228652808
1472060.4620526785
1469903.9144549537
1469541.9874304554
1469259.1408767563
1468238.1583961016
1465959.3831410226
1463604.3886795773
1463051.7893323633
1460860.0745326749
1458605.0848497902
1457748.047073459
1456606.625629624
1453339.658887842
1452330.054175008
1451129.662477625
1448462.981587206
1447262.218329296
1447118.4418586153
1446373.4235001146
1446190.0890558553
1443758.578112471
1442809.9754292953
1441115.1773631542
1440224.4560721307
1440133.9502182612
1440006.0725079933
1438922.958160219
1436969.645981267
1435593.3242401993
1433507.1166183117
1428377.696354886
1428263.785077707
1427461.468406857
1426241.3672894638
1424930.928971936
1424752.2313186806
1423722.8773742365
1421324.1954248936
1420478.7022367995
1418888.830777512
1417471.9644124391
1416724.655769687
1413978.9013500758
1413190.0649496354
1411503.4767379123
1410575.4767799089
1408520.4293009718
1407177.3666294646
1406265.7048493489
1405264.9354155762
1403911.3898984813
1403109.246226509
1402420.5398858334
1400990.7611086485
1400589.6719043464
1399814.2890116954
1399245.254390264
1398948.096453755
1396208.4403193924
1395719.3013999104
1394745.8376115244
1394243.3764841566
1394020.8062730115
1393541.5379393632
1392870.950860247
1392122.182974039
1390730.3792676048
1390431.0932251797
1389778.78156207
1388795.3929162074
1388268.5101759913
1387402.2531512575
1385073.745564344
1385073.745564344
1383560.6763035974
1382411.120145082
1381452.5580825992
1380927.4006812433
1380611.2789007965
1380611.2789007965
1380060.1318744002
1380060.1318744002
1380060.1318744002
1378439.8003748565
1374822.3531922475
1374665.6875769142
1374408.096397384
1373974.1489916581
1372926.570354476
1372315.684128197
1372130.6390796355
1370798.2341008033
1368173.9797849406
1366834.5760608604
1364673.0891585369
1364302.02477402
1363132.5528908647
1361646.4557703726
1359634.9772836873
1359459.0483339923
1357943.42184734
1357634.231233546
1357220.9955623099
1356512.0828000503
1355868.5440182928
1354941.1311067508
1354635.2305807045
1353867.98249844
1353232.0117258627
1352248.0734130593
1351387.503015235
1351206.1321353214
1349417.6692050558
1348658.152744639
1348642.0317928982
1347296.1999250883
1347228.9468042788
1346452.6106065803
1346452.6106065803
1345705.2926568198
1344091.907014744
1343419.3237186165
1341575.0609507067
1341146.0194582772
1340605.593920657
1339047.2079169618
1338219.019103979
1337140.5702025897
1336105.594755455
1334315.650657636
1332609.23060766
1332596.8204511134
1331837.0023154705
1331262.7811115289
1330204.8961738274
1328422.2487009289
1327656.3451934594
1327656.3451934594
1327654.2664027023
1326790.630587926
1325107.5168380742
1325107.5168380742
1325011.0889853875
1325011.0889853875
1324301.2539569084
1323954.8513950387
1323944.7276423147
1323882.7271310955
1322806.78370824
1322133.4888020083
1321629.7020406737
1320907.4371571532
1320094.2061218792
1320058.0136141377
1319410.8251002473
1317279.2508119775
1315746.728895384
1314642.3083115993
1314516.2877592174
1312169.0527715913
1311752.4201204826
1311399.6848342977
1310293.6032692527
1309903.5196843445
1309485.0286504715
1309065.2426909644
1308849.9645382282
1308260.1446616857
1306841.2794731762
1306819.0963873132
1306799.350461178
1305891.8523173244
1305891.8523173244
1305304.1472716886
1305304.1472716886
1304125.0138624886
1303868.4715162388
1302806.5092187747
1300287.9471067188
1300012.3358854526
1299924.225977991
1299872.4467166017
1298739.3866990758
1298126.0987445016
1296387.8939785655
1295783.9279333162
1295168.31992135
1293931.1217806889
1293913.0585438353
1293913.0585438353
1293677.8737958644
1293374.160441828
1293374.160441828
1293204.960237619
1293204.960237619
1291536.0211013397
1291346.4439996877
1290465.977561979
1289182.3237878722
1288441.1283608584
1287488.7085322682
1286863.4226127982
1286727.479774369
1286727.479774369
1285959.4274685304
1284880.367700629
1284561.2673609112
1284305.3723774543
1283179.7753908944
1281334.1015042907
1281034.806123129
1281034.806123129
1278660.0344227285
1278557.1544810347
1277883.02969134
1277883.02969134
1277883.02969134
1275869.7458330998
1275869.7458330998
1275869.7458330998
1273861.9888919936
1273012.1843215872
1272788.9143077012
1270737.6785199032
1270051.691689928
1269737.2834962835
1268881.1447678022
1268473.3763662823
1268133.5635848106
1266243.9349136972
1265913.8272881843
1264308.247053509
1262162.067885425
1262042.3364473367
1262042.3364473367
1262008.4816638704
1261419.5423651496
1260559.4234516362
1260215.266974059
1260031.9078530998
1259601.5376096119
1259374.0268183711
1258370.8534474864
1258370.8534474864
1257856.8353468264
1257498.3623187402
1257498.3623187402
1256609.2188920102
1256523.1355746333
1256523.1355746333
1255434.1015165257
1255434.1015165257
1255310.518075467
1255029.32918176
1253173.527972391
1252976.4651785675
1252976.4651785675
1251988.3635210264
1251988.3635210264
1251757.1147748497
1251583.9125464596
1250406.6103976804
1250313.007925502
1250171.774087877
1249548.312582458
1249436.4502822142
1248720.133432479
1248700.7217874813
1248404.8877940876
1248061.3818728817
1247314.9404519696
1245697.2621246427
1245696.2348153093
1244959.0108049773
1244959.0108049773
1244302.8621834675
1244219.804840603
1244219.804840603
1242462.3762576235
1242024.4890152526
1241847.6996021827
1241847.6996021827
1241796.534572929
1240633.7213728
1240633.7213728
1240633.7213728
1240463.4298959319
1239878.4967939146
1239499.8296226407
1239317.0823745439
1239106.5721168616
1238401.1656526527
1238210.2689125193
1238210.2689125193
1236978.7888639928
1236978.7888639928
1236978.7888639928
1236692.6963561648
1236692.6963561648
1236521.6381502254
1235213.7927453236
1235213.7927453236
1234576.4074119614
1234576.4074119614
1234522.3306755289
1234144.7248091209
1233982.9628449366
1233580.3891310866
1233326.1187208192
1233143.6783733172
1232813.324789753
1232813.324789753
1231224.7452559536
1230997.8839741314
1230997.8839741314
1230849.5017593116
1230849.5017593116
1230205.602509117
1230205.602509117
1229969.9108147598
1229527.0220286623
1229143.9606502936
1229131.7087374288
1229112.6507595787
1228721.8981652854
1227176.3556115748
1226680.524470951
1226680.524470951
1226587.1463589203
1226587.1463589203
1226132.387676852
1224984.0763674937
1223946.411063434
1223478.343990678
1223365.1720931896
1222197.7408518456
1221777.1940563421
1221492.5082399785
1221303.3990237522
1221303.3990237522
1221303.3990237522
1220515.5413569866
1220258.2330345872
1219956.8614352148
1219597.0721392478
1219181.2880014703
1218816.941952688
1217599.7344042067
1217599.7344042067
1217599.7344042067
1217386.5294529996
1217093.583838589
1217006.3053032209
1215921.804886834
1215354.2756863476
1215354.2756863476
1215274.2353711005
1214929.8787206013
1214608.549753101
1214147.2199548606
1214147.2199548606
1213654.063612886
1213017.9645836279
1212178.7910046084
1211879.4661437748
1211879.4661437748
1211842.491939071
1211842.491939071
1210858.817588571
1210858.817588571
1210858.817588571
1210517.777024338
1209368.7113731871
1209217.8379705404
1209085.783226094
1208993.5975155537
1208993.5975155537
1208460.6614304078
1207508.803276936
1207032.1095807848
1205808.361715501
1205767.8581127762
1205010.2709985767
1204377.092292408
1204377.092292408
1204288.0254579673
1202838.7445721612
1202008.8083433022
1200615.7409115674
1200615.7409115674
1199866.4907390734
1199260.616719724
1198935.6131937304
1198935.6131937304
1198875.1051604138
1198010.5103106387
1197928.5264157406
1197244.844005064
1196592.9597302221
1194283.2329204255
1194283.2329204255
1194283.2329204255
1194283.2329204255
1194248.1986233604
1194248.1986233604
1194248.1986233604
1194248.1986233604
1194248.1986233604
1193208.024194566
1192672.8963930486
1192635.0332642267
1192635.0332642267
1192236.1715074093
1190523.8330632746
1190523.8330632746
1190409.2169252583
1189975.8390464124
1189113.5028793574
1188722.9188439655
1188354.7259005043
1188122.7894905987
1187538.528916391
1187509.4269173197
1187509.4269173197
1187509.4269173197
1186743.2068661198
1186743.2068661198
1186743.2068661198
1186743.2068661198
1186565.6895080558
1186506.3878330279
1186506.3878330279
1186506.3878330279
1186506.3878330279
1186247.0618490097
1186247.0618490097
1186247.0618490097
1185807.2675553006
1185444.2605639335
1185444.2605639335
1185189.8382945322
1184428.4291715617
1184140.4375241087
1183904.2164576778
1183904.2164576778
1183791.8912731837
1182497.3098471547
1182425.9085217677
1182101.4304798727
1181729.790373949
1181565.8892680448
1180205.7323994199
1180205.7323994199
1180205.7323994199
1179438.3013310963
1178892.85525474
1178292.2602813225
1178292.2602813225
1178292.2602813225
1178292.2602813225
1178292.2602813225
1178292.2602813225
1178292.2602813225
1178075.347455083
1178053.8657645327
1177905.8282379517
1177802.629727529
1177802.629727529
1176708.1850936462
1176708.1850936462
1176181.6121420662
1176181.6121420662
1175216.979944524
1175216.979944524
1175000.4893476614
1175000.4893476614
1173779.5711619556
1173624.6299856035
1172962.5327113909
1172810.7109970038
1172597.950038015
1172597.950038015
1172597.950038015
1172597.950038015
1171199.873317765
1171199.873317765
1171000.3573387186
1170335.5386636874
1169652.5851672133
1169652.5851672133
1169374.7862450704
1167436.2334803785
1167036.8256359696
1166798.704210666
1166798.704210666
1166357.2151902528
1164763.4202086767
1164441.3058373104
1164441.3058373104
1164441.3058373104
1163623.9020372457
1162567.4783552014
1162567.4783552014
1162567.4783552014
1162398.9003655585
1161389.877954413
1160670.826457142
1160573.792425726
1160573.792425726
1160573.792425726
1160444.3160151201
1159953.161628349
1159608.6906129117
1159319.4385703404
1159284.8597970274
1159284.8597970274
1159202.8591049383
1159202.8591049383
1158293.4116422427
1158293.4116422427
1158258.3161346929
1157978.674311575
1157751.1683955041
1156960.0772009706
1156486.9614457996
1156235.1030503665
1156235.1030503665
1156235.1030503665
1156235.1030503665
1156235.1030503665
1155714.9934596051
1155714.9934596051
1154679.8084908118
1153754.112315154
1153557.3008674514
1151468.1183641292
1151468.1183641292
1151274.6012786462
1151274.6012786462
1151185.072003372
1150983.8789780487
1150756.5058955252
1148889.0241536754
1148889.0241536754
1148846.966606387
1147744.6210035514
1146806.0283930998
1146024.7118659513
1145521.6988271445
1145009.061631699
1145009.061631699
1143630.3067479718
1142104.1926103893
1141886.6290303762
1141475.899878467
1141292.6543857916
1140931.131932272
1140654.8401744855
1140654.8401744855
1140448.3624303346
1140448.3624303346
1140167.905796846
1140167.905796846
1140167.905796846
1139849.1025236775
1139849.1025236775
1139849.1025236775
1139849.1025236775
1139849.1025236775
1138951.2679953277
1138786.6157374638
1138786.6157374638
1138237.850604643
1138237.850604643
1137310.9508864144
1137310.9508864144
1137310.9508864144
1137165.2266433556
1136462.4147058628
1135992.8473077635
1135471.4651257666
1135471.4651257666
1135471.4651257666
1134725.5392926023
1134474.4555425602
1132918.1502812577
1132918.1502812577
1132918.1502812577
1132360.8453756096
1131746.9808001833
1131303.9146056017
1131303.9146056017
1130885.643281631
1130885.643281631
1129643.1554233388
1129071.1450125729
1128928.6037951566
1127854.831322991
1127598.2067324284
1127598.2067324284
1127574.746384867
1127219.2454046728
1126594.6948763484
1126436.8319359964
1124835.2682620315
1124835.2682620315
1124315.9625550893
1123974.6276095766
1123164.9337978307
1123008.0839640752
1122861.818052933
1122459.7793033035
1122429.6089508384
1121793.0646547847
1121208.7586653812
1121208.7586653812
1120988.5221561305
1120173.2855631532
1119552.932071779
1119552.932071779
1118896.7408989272
1118483.2725762469
1118483.2725762469
1118116.0242761872
1117806.8863973413
1117806.8863973413
1117059.2838581414
1117059.2838581414
1117059.2838581414
1116673.3370476826
1116673.3370476826
1116458.048017017
1116059.5774490084
1116059.5774490084
1116021.644522342
1116021.644522342
1115958.578457458
1115536.9527634166
1115536.9527634166
1115528.0988167417
1114451.2862919802
1114052.0754247229
1114052.0754247229
1114052.0754247229
1114052.0754247229
1114052.0754247229
1114052.0754247229
1114052.0754247229
1113299.9102722546
1113299.9102722546
1113299.9102722546
1111946.8369561601
1111901.729602208
1110363.8865992506
1110136.3308842797
1110136.3308842797
1110136.3308842797
1110136.3308842797
1110136.3308842797
1109671.8711027866
1109317.1458775154
1107843.3797357476
1107831.8833227598
1107831.8833227598
1107266.4244679674
1106838.9305534046
1106472.102866298
1106472.102866298
1105968.4251674046
1105968.4251674046
1105757.5631089818
1105757.5631089818
1105757.5631089818
1105757.5631089818
1104923.7732582116
1104004.2185488667
1104004.2185488667
1104004.2185488667
1103682.938517888
1102258.1749835964
1102258.1749835964
1101672.8734936963
1101672.8734936963
1101533.5558389379
1098390.4647612316
1098390.4647612316
1097787.3241556985
1097625.2667950466
1097507.9739676872
1097507.9739676872
1097507.9739676872
1097507.9739676872
1097507.9739676872
1096915.538477105
1096915.538477105
1096915.538477105
1096915.538477105
1096915.538477105
1095936.555840006
1095936.555840006
1095435.0910186716
1094694.381690943
1094694.381690943
1094560.1124737216
1094560.1124737216
1094095.8309367024
1094095.8309367024
1093425.5092270086
1092647.1362995119
1092148.8571783379
1091350.2923673354
1091138.0120756128
1090661.8585812373
1090661.8585812373
1090398.164803091
1090398.164803091
1090398.164803091
1089863.4909809702
1089863.4909809702
1089863.4909809702
1089863.4909809702
1089648.1491038427
1089197.9103803835
1089197.9103803835
1089197.9103803835
1089197.9103803835
1088827.6384629828
1088819.3211131967
1088819.3211131967
1088819.3211131967
1088819.3211131967
1088317.8009470017
1088317.8009470017
1087999.5150760284
1086704.3558134558
1086623.236838534
1086623.236838534
1086623.236838534
1086449.9156808578
1086273.4785365448
1086273.4785365448
1086273.4785365448
1086273.4785365448
1086135.407411242
1085959.489162099
1085959.489162099
1085959.489162099
1085902.262527369
1085681.5269882493
1085681.5269882493
1085333.5668281473
1085333.5668281473
1085333.5668281473
1085066.9163384235
1085066.9163384235
1084805.3132570372
1084773.8083802704
1084773.8083802704
1084773.8083802704
1084559.0245967843
1084559.0245967843
1084121.0202682903
1083111.0888585902
1081588.5638992393
1081588.5638992393
1081588.5638992393
1081092.7123471438
1080372.7116081803
1080372.7116081803
1080372.7116081803
1080372.7116081803
1079966.642524018
1079966.642524018
1078908.1913047365
1078908.1913047365
1078908.1913047365
1078822.521724067
1078822.521724067
1078736.4939724135
1078267.5323420153
1078267.5323420153
1078197.6357927122
1077934.4797683437
1077934.4797683437
1077101.1085894553
1076211.3763758496
1076211.3763758496
1076211.3763758496
1075942.388041357
1075942.388041357
1075769.8952382826
1075759.204975744
1075759.204975744
1075759.204975744
1075759.204975744
1075673.7829540009
1075673.7829540009
1075673.7829540009
1075673.7829540009
1075330.13061451
1075058.0277139172
1075058.0277139172
1075041.397797327
1074969.6427140706
1074969.6427140706
1074819.514542692
1074819.514542692
1074819.514542692
1074819.514542692
1073964.371925922
1073564.4731531008
1073438.739765603
1072771.2327611079
1072771.2327611079
1072771.2327611079
1072771.2327611079
1072771.2327611079
1072771.2327611079
1071961.1026949445
1071961.1026949445
1071961.1026949445
1071961.1026949445
1071174.5643093013
1070787.1717897644
1070787.1717897644
1070787.1717897644
1070721.0971706973
1070696.2921365192
1070696.2921365192
1070696.2921365192
1070696.2921365192
1070200.6554255807
1070200.6554255807
1070200.6554255807
1070200.6554255807
1069725.8046878655
1069697.300643092
1067540.6430229284
1067038.5163671519
1066514.4014789595
1066514.4014789595
1065954.7062762827
1065881.0616704575
1065743.2977834386
1065743.2977834386
1065743.2977834386
1065670.7518153563
1065453.8061724743
1065453.8061724743
1065453.8061724743
1065453.8061724743
1065453.8061724743
1065453.8061724743
1065453.8061724743
1065453.950159884
1065121.1558071575
1064825.8388800682
1064825.8388800682
1063779.0613533272
1063779.0613533272
1063779.0613533272
1063622.3956334519
1063622.3956334519
1063528.610368563
1063528.610368563
1063528.610368563
1063434.0614219583
1063434.0614219583
1063434.0614219583
1063045.6178448363
1063045.6178448363
1062510.6927013365
1062447.4290553378
1062447.4290553378
1061965.8130320169
1061965.8130320169
1061885.2322003923
1061436.1069673197
1061436.1069673197
1061436.1069673197
1061075.5185142243
1061075.5185142243
1061075.5185142243
1061062.8618055838
1061062.8618055838
1061062.8618055838
1061062.8618055838
1059902.0032660349
1059495.081252073
1059495.081252073
1059406.181558135
1058546.7269262795
1058546.7269262795
1058503.6538711821
1058503.6538711821
1058503.6538711821
1058503.6538711821
1058503.6538711821
1058366.222010949
1058250.9903487526
1058250.9903487526
1058250.9903487526
1056872.6880370004
1056070.731312533
1056070.731312533
1056070.731312533
1056070.731312533
1055899.9649402713
1055899.9649402713
1055899.9649402713
1055899.9649402713
1054973.6574157653
1054136.701899281
1053342.0693303985
1053342.0693303985
1053342.0693303985
1052588.7551657245
1052588.7551657245
1052588.7551657245
1052588.7551657245
1052588.7551657245
1052588.7551657245
1052170.7059760764
1051722.3768359472
1051722.3768359472
1051512.3904219437
1050821.5831316363
1050621.082618916
1050621.082618916
1050386.140064978
1050364.82789194
1050364.82789194
1050364.82789194
1050364.82789194
1050364.82789194
1050364.82789194
1050364.82789194
1050364.82789194
1050364.82789194
1050364.82789194
1050364.82789194
1049308.550623498
1048620.2296136431
1048620.2296136431
1047760.5205957894
1047760.5205957894
1047255.6373709043
1047140.8140239799
1046667.9731095593
1046106.1352922505
1045764.126941346
1045693.6219992144
1045693.6219992144
1045693.6219992144
1045693.6219992144
1045181.7721184804
1045181.7721184804
1045181.7721184804
1045181.7721184804
1045181.7721184804
1045181.7721184804
1044637.7638418569
1044637.7638418569
1043484.2284113037
1043484.2284113037
1043013.9689055969
1043013.9689055969
1042267.6647073408
1042267.6647073408
1041345.5220990852
1041217.6543437731
1040199.1779469699
1040199.1779469699
1039329.7892009825
1039153.564249947
1038441.9342597086
1038441.9342597086
1038441.9342597086
1037654.472586375
1037591.8326612691
1037591.8326612691
1037591.8326612691
1037591.8326612691
1037591.8326612691
1037591.8326612691
1037582.0414967198
1037582.0414967198
1037582.0414967198
1037077.5715637419
1037077.5715637419
1037052.9194667232
1037052.9194667232
1037052.9194667232
1037052.9194667232
1037052.9194667232
1037052.9194667232
1037052.9194667232
1036701.1891374358
1036618.9799062911
1036618.9799062911
1036618.9799062911
1036467.892508724
1036467.892508724
1036467.892508724
1036080.425998284
1036080.425998284
1035945.2805728199
1035540.6352590104
1035423.992251935
1035423.992251935
1035423.992251935
1035410.6783256963
1035410.6783256963
1034025.4783628108
1033921.7029055511
1033212.7173164901
1032880.208357054
1032654.8546752126
1032347.1597780907
1032062.7211569226
1032062.7211569226
1032062.7211569226
1032062.7211569226
1031724.8044586848
1031724.8044586848
1031724.8044586848
1031724.8044586848
1031388.2418517994
1031329.9123990064
1031329.9123990064
1030434.4545154254
1030146.8301207542
1030146.8301207542
1030146.8301207542
1030129.9667196091
1029283.6756580137
1029283.6756580137
1029283.6756580137
1029283.6756580137
1029283.6756580137
1029283.6756580137
1029283.6756580137
1029283.6756580137
1029283.6756580137
1029283.6756580137
1028779.1082978348
1028779.1082978348
1027754.0901433446
1027754.0901433446
1027460.1013612879
1027007.711065931
1027007.711065931
1027007.711065931
1026328.5497117166
1026043.8298341341
1026043.8298341341
1026043.8298341341
1026043.8298341341
1026043.8298341341
1026043.8298341341
1025855.4768942315
1025515.3887732374
1024558.4780053596
1024386.3619457108
1024386.3619457108
1024386.3619457108
1024386.3619457108
1024386.3619457108
1024386.3619457108
1024386.3619457108
1024386.3619457108
1024189.1058370143
1024189.1058370143
1023984.9274346433
1023851.6396745066
1023851.6396745066
1023851.6396745066
1023851.6396745066
1023851.6396745066
1023813.1197077052
1023813.1197077052
1023813.1197077052
1023760.5287228981
1023668.2699441703
1023668.2699441703
1023305.1167416638
1022190.9235121836
1021035.2680184981
1021035.2680184981
1020965.491744888
1020965.491744888
1020403.8466202328
1020403.8466202328
1019876.3183175297
1019040.9061100348
1019040.9061100348
1017874.644990004
1017874.644990004
1017807.8008772911
1017779.4830689512
1017172.7009033256
1017078.7955560032
1016607.8396916317
1016003.282996604
1016003.282996604
1016003.282996604
1015541.3897869344
1015541.3897869344
1015541.3897869344
1015541.3897869344
1014886.6798887452
1014886.6798887452
1014886.6798887452
1014717.740030959
1014506.7034289795
1014276.9804807944
1014276.9804807944
1014276.9804807944
1014276.9804807944
1012902.3381556249
1012902.3381556249
1012902.3381556249
1012902.3381556249
1012902.3381556249
1012902.3381556249
1012902.3381556249
1012902.3381556249
1012902.3381556249
1012902.3381556249
1012517.6396599591
1011591.621321464
1011591.621321464
1011591.621321464
1011591.621321464
1011591.621321464
1011563.9215103353
1011313.7961111513
1010645.156622424
1010645.156622424
1010645.156622424
1010645.156622424
1009806.7691886307
1009543.6224824593
1009543.6224824593
1009234.6885404552
1009043.7713823444
1009043.7713823444
1009043.7713823444
1008886.5008404613
1008689.4344015904
1008689.4344015904
1007567.8197178768
1007567.8197178768
1007567.8197178768
1007567.8197178768
1007280.5382994325
1007181.0100836421
1007181.0100836421
1007181.0100836421
1007181.0100836421
1007181.0100836421
1007181.0100836421
1007181.0100836421
1007181.0100836421
1007158.703303047
1007158.703303047
1007158.703303047
1007158.703303047
1007158.703303047
1007158.703303047
1007003.2527873365
1007003.2527873365
1007003.2527873365
1007003.2527873365
1007003.2527873365
1007003.2527873365
1007003.2527873365
1007003.2527873365
1007003.2527873365
1007003.2527873365
1007003.2527873365
1007003.2527873365
1007003.2527873365
1007003.2527873365
1006813.6955951318
1006813.6955951318
1006799.2904731525
1006799.2904731525
1006799.2904731525
1006520.9047806626
1006450.741501148
1006450.741501148
1005940.6552510981
1005940.6552510981
1005940.6552510981
1005940.6552510981
1005940.6552510981
1005940.6552510981
1005940.6552510981
1005278.3185947326
1005278.3185947326
1005278.3185947326
1004074.8595366214
1004074.8595366214
1004074.8595366214
1003168.1166666308
1003073.7478937744
1003073.7478937744
1003073.7478937744
1003073.7478937744
1002687.5571638372
1002687.5571638372
1002687.5571638372
1002687.5571638372
1002687.5571638372
1002683.4251673776
1002359.1752909468
1001894.0293351328
1001894.0293351328
1001894.0293351328
1001894.0293351328
1001894.0293351328
1001894.0293351328
1001894.0293351328
1001894.0293351328
1001770.7330560839
1001770.7330560839
1001770.7330560839
1001770.7330560839
1001770.7330560839
1001770.7330560839
1001770.7330560839
1001770.7330560839
1001770.7330560839
1001770.7330560839
1001690.5911266163
1001690.5911266163
1001537.1625185735
1000867.8827504969
1000117.2498532562
1000117.2498532562
1000117.2498532562
1000117.2498532562
999247.3509242174
999247.3509242174
999247.3509242174
999247.3509242174
999247.3509242174
999247.3509242174
999247.3509242174
999247.3509242174
999247.3509242174
998373.070310855
998373.070310855
998099.8560404594
997774.3445208195
997745.2030844595
997394.1934627187
997394.1934627187
997394.1934627187
997025.5534845446
997025.5534845446
997025.5534845446
996704.6296043291
996579.4004000822
995867.3920945887
995447.1558329534
995313.3413865427
995313.3413865427
995187.6864360542
995187.6864360542
995187.6864360542
995187.6864360542
995187.6864360542
995187.6864360542
995187.6864360542
995127.538752174
994876.5295625664
994876.5295625664
994876.5295625664
994194.3586298468
994194.3586298468
994194.3586298468
994194.3586298468
994194.3586298468
994194.3586298468
994194.3586298468
993869.0167843802
993799.3996144325
993789.786553241
993789.786553241
993520.8102271154
993520.8102271154
992669.7929042676
992669.7929042676
991829.0532127826
991829.0532127826
991829.0532127826
991829.0532127826
991829.0532127826
991829.0532127826
991829.0532127826
991795.0381009248
991795.0381009248
991795.0381009248
991795.0381009248
991600.703332958
991468.967927861
991468.967927861
991443.7502331176
991443.7502331176
991443.7502331176
991281.3508430406
991136.1994995141
991136.1994995141
991136.1994995141
991136.1994995141
991136.1994995141
991136.1994995141
991136.1994995141
991136.1994995141
991136.1994995141
991136.1994995141
991136.1994995141
990927.1885588409
990888.648612679
990646.2266478679
990646.2266478679
990646.2266478679
990646.2266478679
990646.2266478679
990643.8339680013
990504.2934886422
990504.2934886422
990504.2934886422
990357.7011769447
990357.7011769447
990357.7011769447
989907.9331635255
989907.9331635255
989907.9331635255
989907.9331635255
989907.9331635255
989443.6505555046
989443.6505555046
989443.6505555046
989433.3993490449
989433.3993490449
989433.3993490449
989202.2723499173
988687.3220105793
988245.8597567258
988245.8597567258
988245.8597567258
987392.8587149379
987392.8587149379
987392.8587149379
987253.4702203026
987253.4702203026
987253.4702203026
987253.4702203026
987109.4545701892
987109.4545701892
987109.4545701892
987109.4545701892
987109.4545701892
987076.8276653092
987076.8276653092
987076.8276653092
987076.8276653092
987076.8276653092
987076.8276653092
987076.8276653092
987076.8276653092
987076.8276653092
987076.8276653092
987076.8276653092
986697.6306709806
985939.3126723788
985939.3126723788
985939.3126723788
985939.3126723788
985939.3126723788
985939.3126723788
985684.5086393614
985684.5086393614
985684.5086393614
985684.5086393614
984681.5666536161
984681.5666536161
984549.703637518
984135.0615512189
984135.0615512189
984135.0615512189
983335.3752440593
982572.2137844991
982572.2137844991
982572.2137844991
982572.2137844991
982572.2137844991
982550.1089852015
982550.1089852015
982550.1089852015
982550.1089852015
982550.1089852015
982550.1089852015
982550.1089852015
982550.1089852015
982487.5995738737
982353.2249754514
982353.2249754514
982353.2249754514
982320.9266443284
982236.222344729
982236.222344729
982236.222344729
982236.222344729
982236.222344729
981810.9035315316
981810.9035315316
981810.9035315316
981810.9035315316
981810.9035315316
981021.9661892734
981021.9661892734
981021.9661892734
981021.9661892734
980076.3434811827
980076.3434811827
980076.3434811827
980076.3434811827
980055.2617154286
980055.2617154286
980055.2617154286
980055.2617154286
980055.2617154286
979793.631293917
979793.631293917
978850.9152837867
978578.6061141996
978578.6061141996
978578.6061141996
978578.6061141996
978547.4343143229
978547.4343143229
978547.4343143229
978104.6252512544
978104.6252512544
978104.6252512544
978104.6252512544
978104.6252512544
978104.6252512544
978104.6252512544
977550.3992908797
977550.3992908797
977190.2368972688
977190.2368972688
977190.2368972688
977190.2368972688
977190.2368972688
977190.2368972688
977190.2368972688
977190.2368972688
977190.2368972688
977190.2368972688
977190.2368972688
977190.2368972688
977190.2368972688
977190.2368972688
977126.4954414557
977126.4954414557
976318.4642348338
976318.4642348338
976318.4642348338
975946.5282263254
975217.4182272949
974856.697377007
974856.697377007
974856.697377007
974856.697377007
974856.697377007
974693.8681075461
974693.8681075461
974693.8681075461
974693.8681075461
974693.8681075461
974693.8681075461
974445.1155759706
974445.1155759706
974445.1155759706
974243.3083699832
973581.1656813526
973581.1656813526
973581.1656813526
973581.1656813526
973581.1656813526
972762.6333925276
972696.3311197518
972696.3311197518
972696.3311197518
972696.3311197518
972572.9803623732
972572.9803623732
972572.9803623732
972572.9803623732
972572.9803623732
972572.9803623732
971970.0224189756
971961.3094326442
971732.9101421994
971732.9101421994
971732.9101421994
971670.2125978603
971537.4862074293
971461.5291578339
971461.5291578339
971461.5291578339
971461.5291578339
971461.5291578339
971441.6669612072
970615.3712445347
970615.3712445347
970565.8807692856
970565.8807692856
969621.9080165355
969503.5416348825
969503.5416348825
969503.5416348825
969503.5416348825
969503.5416348825
969503.5416348825
969503.5416348825
969503.5416348825
968689.0542876406
968490.4861514651
967539.5416203791
967539.5416203791
967539.5416203791
967539.5416203791
967539.5416203791
967173.5782848895
966554.7577326043
966554.7577326043
966554.7577326043
966554.7577326043
966554.7577326043
966554.7577326043
966554.7577326043
966554.7577326043
966554.7577326043
966386.9510605577
966386.9510605577
966052.9579080085
965874.3004139236
965874.3004139236
965874.3004139236
965874.3004139236
965626.0161211696
965626.0161211696
965626.0161211696
965626.0161211696
964717.0089392132
964717.0089392132
964717.0089392132
964545.1741048035
964545.1741048035
963910.1743794386
963910.1743794386
963872.8247614127
963872.8247614127
963657.6014145494
963657.6014145494
963657.6014145494
963295.7376286557
963295.7376286557
963295.7376286557
963295.7376286557
962862.1446424329
962862.1446424329
962862.1446424329
962862.1446424329
962644.542261376
962644.542261376
962644.542261376
962644.542261376
962644.542261376
962644.542261376
962644.542261376
962644.542261376
961680.6461473096
961680.6461473096
961680.6461473096
961680.6461473096
961680.6461473096
961537.3602774199
961537.3602774199
961269.2401124961
961269.2401124961
961269.2401124961
960922.5745302517
960922.5745302517
960922.5745302517
960922.5745302517
960922.5745302517
960922.5745302517
960922.5745302517
960922.5745302517
960922.5745302517
960922.5745302517
960922.5745302517
960922.5745302517
960922.5745302517
960829.0699528271
960829.0699528271
960829.0699528271
960829.0699528271
960798.5184192201
960798.5184192201
960798.5184192201
960570.8123463341
960570.8123463341
960570.8123463341
960570.8123463341
960570.8123463341
960570.8123463341
960263.0767766488
960263.0767766488
959079.4908506783
959079.4908506783
959079.4908506783
959079.4908506783
959079.4908506783
958873.3961668805
958873.3961668805
958789.3939472164
958789.3939472164
958387.5430384369
958387.5430384369
958387.5430384369
958387.5430384369
958387.5430384369
958387.5430384369
958387.5430384369
958387.5430384369
958387.5430384369
958387.5430384369
958387.5430384369
958387.5430384369
958286.7272253791
958286.7272253791
958286.7272253791
958286.7272253791
958286.7272253791
958286.7272253791
958286.7272253791
958286.7272253791
958286.7272253791
958277.7251155558
958176.6033331536
958176.6033331536
958176.6033331536
958176.6033331536
958120.4388729852
958120.4388729852
958120.4388729852
958120.4388729852
958120.4388729852
958120.4388729852
958120.4388729852
958120.4388729852
958120.4388729852
958120.4388729852
958120.4388729852
958120.4388729852
958120.4388729852
958120.4388729852
958120.4388729852
958120.4388729852
958038.8770707096
958038.8770707096
957330.100795418
957160.5135086417
957160.5135086417
957160.5135086417
957160.5135086417
957160.5135086417
957160.5135086417
957160.5135086417
957160.5135086417
957160.5135086417
957160.5135086417
957160.5135086417
957160.5135086417
957160.5135086417
957147.4884461592
957147.4884461592
957147.4884461592
957147.4884461592
957066.5525642515
957066.5525642515
957066.5525642515
956269.343761874
956269.343761874
956269.343761874
956269.343761874
956269.343761874
956269.343761874
956269.343761874
956269.343761874
956269.343761874
956269.343761874
956269.343761874
956269.343761874
956158.9911401204
956158.9911401204
956158.9911401204
956158.9911401204
956158.9911401204
955851.6010145402
955851.6010145402
955851.6010145402
955851.6010145402
955851.6010145402
955851.6010145402
955851.6010145402
955851.6010145402
955578.9015850334
954550.0860118542
954550.0860118542
954550.0860118542
954550.0860118542
954550.0860118542
954550.0860118542
954550.0860118542
954352.7610972812
954352.7610972812
954352.7610972812
954352.7610972812
954352.7610972812
954352.7610972812
954352.7610972812
954352.7610972812
954337.0213496948
954337.0213496948
954337.0213496948
954337.0213496948
954337.0213496948
954337.0213496948
954337.0213496948
954337.0213496948
954008.2307941135
954008.2307941135
954008.2307941135
954008.2307941135
954008.2307941135
954001.0569499508
953659.2135844462
953659.2135844462
953659.2135844462
953659.2135844462
953659.2135844462
953192.9338603793
953192.9338603793
952664.6575561843
952319.5827443777
952042.1439822037
951892.4941686083
951892.4941686083
951892.4941686083
951892.4941686083
951847.1764951401
951847.1764951401
951823.7702422981
951823.7702422981
951823.7702422981
951823.7702422981
951823.7702422981
951823.7702422981
951436.7288445672
951436.7288445672
951436.7288445672
951436.7288445672
951436.7288445672
951307.5186560715
951307.5186560715
951307.5186560715
951307.5186560715
951307.5186560715
951307.5186560715
951307.5186560715
950947.9331753149
950947.9331753149
950805.1945000803
950690.5961839448
950690.5961839448
950690.5961839448
950599.8544014832
950599.8544014832
950599.8544014832
950599.8544014832
950599.8544014832
950599.8544014832
950599.8544014832
950599.8544014832
950599.8544014832
950599.8544014832
950599.8544014832
950599.8544014832
950599.8544014832
950459.7621042853
949789.7590397279
949397.2727922298
949397.2727922298
949397.2727922298
949397.2727922298
949397.2727922298
949397.2727922298
949196.9512349442
949196.9512349442
949196.9512349442
949196.9512349442
949086.2146799407
949086.2146799407
949086.2146799407
948652.1409302927
948652.1409302927
948629.1477766385
948629.1477766385
948629.1477766385
948566.5638955432
948566.5638955432
948566.5638955432
948566.5638955432
948481.5212750753
948333.7838528433
948333.7838528433
948333.7838528433
948333.7838528433
948333.7838528433
948026.2617711
948026.2617711
948026.2617711
948026.2617711
948026.2617711
948026.2617711
948026.2617711
948026.2617711
948026.2617711
948026.2617711
948026.2617711
948026.2617711
948026.2617711
948026.2617711
948026.2617711
948026.2617711
947775.4746327284
947775.4746327284
947028.376274026
947028.376274026
947028.376274026
947028.376274026
947028.376274026
946966.5212007118
946550.5420951488
946550.5420951488
946550.5420951488
946550.5420951488
946550.5420951488
946550.5420951488
946550.5420951488
946550.5420951488
946550.5420951488
946550.5420951488
946550.5420951488
946550.5420951488
946550.5420951488
946550.5420951488
945723.9197224401
945723.9197224401
945723.9197224401
945702.1727484689
945702.1727484689
945702.1727484689
945702.1727484689
945702.1727484689
945399.6027096321
945399.6027096321
944651.8159189114
944539.2721398759
944539.2721398759
944539.2721398759
944539.2721398759
944144.9570854856
944144.9570854856
944099.797450826
944099.797450826
944099.797450826
944099.797450826
944099.797450826
944099.797450826
944099.797450826
944099.797450826
944099.797450826
944099.797450826
944099.797450826
943882.3752523797
942712.1969923757
942712.1969923757
942712.1969923757
942712.1969923757
942712.1969923757
942712.1969923757
942712.1969923757
942712.1969923757
942712.1969923757
942712.1969923757
942709.2700280616
942709.2700280616
942709.2700280616
942709.2700280616
942421.425664756
942421.425664756
941913.0406077146
941913.0406077146
941913.0406077146
941913.0406077146
941787.6937945192
941422.0340959171
941422.0340959171
941422.0340959171
941422.0340959171
941399.6331244063
941300.7060456878
941300.7060456878
941300.7060456878
941300.7060456878
940772.1149384014
940772.1149384014
940772.1149384014
940772.1149384014
940772.1149384014
940772.1149384014
940772.1149384014
940772.1149384014
940772.1149384014
940772.1149384014
940772.1149384014
940772.1149384014
940772.1149384014
939965.1853329381
939965.1853329381
939965.1853329381
939965.1853329381
939677.4576708094
939677.4576708094
939677.4576708094
939677.4576708094
939677.4576708094
939677.4576708094
939677.4576708094
939334.0170249885
939334.0170249885
939334.0170249885
939334.0170249885
939303.8855946788
939303.8855946788
939303.8855946788
939089.470148729
939089.470148729
939016.0637126057
937756.2918726748
937756.2918726748
937756.2918726748
937756.2918726748
937756.2918726748
937756.2918726748
937166.5333056545
937166.5333056545
937166.5333056545
937166.5333056545
937166.5333056545
937097.9654483751
936452.2496561427
936452.2496561427
936452.2496561427
936452.2496561427
936452.2496561427
936452.2496561427
935954.3206075493
935954.3206075493
934929.7005270529
934929.7005270529
934929.7005270529
934929.7005270529
934929.7005270529
934929.7005270529
934929.7005270529
934929.7005270529
934929.7005270529
934929.7005270529
934929.7005270529
934929.7005270529
934929.7005270529
934929.7005270529
934929.7005270529
934929.7005270529
934865.564179966
934865.564179966
934632.172490579
934632.172490579
934632.172490579
934632.172490579
934632.172490579
934167.941155485
934167.941155485
934167.941155485
934167.941155485
934167.941155485
933764.3726889363
933764.3726889363
933764.3726889363
933764.3726889363
933550.5926821671
933550.5926821671
933550.5926821671
932755.6228621206
932755.6228621206
932450.0668588746
932450.0668588746
932450.0668588746
932439.1816539154
932439.1816539154
931951.7948962791
931951.7948962791
931951.7948962791
931951.7948962791
931951.7948962791
931654.2878660655
931654.2878660655
931654.2878660655
931654.2878660655
931654.2878660655
931654.2878660655
931654.2878660655
931654.2878660655
931637.7690679459
931637.7690679459
931637.7690679459
931637.7690679459
931637.7690679459
931637.7690679459
931637.7690679459
931637.7690679459
931637.7690679459
931637.7690679459
931637.7690679459
931637.7690679459
931637.7690679459
931637.7690679459
931637.7690679459
931637.7690679459
931637.7690679459
931637.7690679459
931637.7690679459
931637.7690679459
931637.7690679459
931552.7395499813
931552.7395499813
931552.7395499813
931552.7395499813
931552.7395499813
931552.7395499813
931552.7395499813
931552.7395499813
931552.7395499813
931552.7395499813
931552.7395499813
931552.7395499813
931320.4785580807
931320.4785580807
931320.4785580807
931241.1942785197
931241.1942785197
931241.1942785197
931241.1942785197
931241.1942785197
931241.1942785197
931241.1942785197
931241.0212898976
931241.0212898976
931241.0212898976
931229.0675761676
931229.0675761676
931229.0675761676
931229.0675761676
931229.0675761676
931229.0675761676
931229.0675761676
931229.0675761676
931229.0675761676
931229.0675761676
931229.0675761676
931229.0675761676
931229.0675761676
931229.0675761676
931229.0675761676
931229.0675761676
931229.0675761676
931229.0675761676
931229.0675761676
931229.0675761676
931184.5420635433
931184.5420635433
931184.5420635433
931184.5420635433
930788.128272783
930301.6656570815
929919.0345379913
929667.3058536749
929361.0500821571
929361.0500821571
929361.0500821571
929361.0500821571
929361.0500821571
929361.0500821571
929361.0500821571
929361.0500821571
929361.0500821571
929361.0500821571
929361.0500821571
929361.0500821571
929361.0500821571
928973.307627816
928973.307627816
928973.307627816
928881.1056771367
928881.1056771367
928881.1056771367
928641.2423693317
928641.2423693317
928641.2423693317
928641.2423693317
928641.2423693317
928641.2423693317
928641.2423693317
928641.2423693317
928641.2423693317
928641.2423693317
928641.2423693317
928641.2423693317
928641.2423693317
928641.2423693317
928449.9810360403
928449.9810360403
928449.9810360403
928357.9696224532
928357.9696224532
928357.9696224532
928357.9696224532
928082.9864527383
928082.9864527383
928082.9864527383
927768.2926824656
927768.2926824656
927748.6478823335
927748.6478823335
927748.6478823335
927515.4660450451
926901.0926745431
926901.0926745431
926787.751337704
926265.3080738764
926265.3080738764
926265.3080738764
926265.3080738764
926167.4169886049
926167.4169886049
925414.120758328
925414.120758328
925414.120758328
925414.120758328
925414.120758328
925414.120758328
925414.120758328
925414.120758328
925414.120758328
925414.120758328
925349.1619239547
925349.1619239547
925334.8526518021
925334.8526518021
925334.8526518021
925334.8526518021
925082.2586565171
924661.3370258914
924661.3370258914
924661.3370258914
924661.3370258914
924031.4020110709
924031.4020110709
924031.4020110709
923955.2772759306
923955.2772759306
923955.2772759306
923918.7538587803
923918.7538587803
923532.9556370918
923532.9556370918
923532.9556370918
923532.9556370918
923532.9556370918
923532.9556370918
923532.9556370918
923532.9556370918
923532.9556370918
923532.9556370918
923532.9556370918
923288.1250846584
923288.1250846584
923288.1250846584
923288.1250846584
923288.1250846584
923017.7519753478
922524.0693365756
922524.0693365756
922524.0693365756
922446.7807174803
922446.7807174803
922446.7807174803
922446.7807174803
922446.7807174803
922446.7807174803
921948.5317106926
921947.9660134818
921947.9660134818
921947.9660134818
921947.9660134818
921947.9660134818
921947.9660134818
921947.9660134818
921947.9660134818
921947.9660134818
921947.9660134818
921947.9660134818
921876.1780752232
921876.1780752232
921876.1780752232
921876.1780752232
921876.1780752232
921876.1780752232
921876.1780752232
921876.1780752232
921811.2509887598
921737.7014027983
921737.7014027983
921737.7014027983
921737.7014027983
921710.0283392188
921710.0283392188
921710.0283392188
921710.0283392188
921710.0283392188
921516.4935884423
921516.4935884423
921516.4935884423
921516.4935884423
921516.4935884423
921516.4935884423
921248.790606942
921248.790606942
921178.610973051
921178.610973051
921178.610973051
921039.5245383963
920766.7758454941
920766.7758454941
920766.7758454941
920766.7758454941
920766.7758454941
920766.7758454941
920668.8250809914
920668.8250809914
920555.8687309445
920555.8687309445
920555.8687309445
920555.8687309445
920555.8687309445
920555.8687309445
920555.8687309445
920555.8687309445
920555.8687309445
920272.0131547926
920272.0131547926
920272.0131547926
920272.0131547926
920272.0131547926
920272.0131547926
920272.0131547926
920272.0131547926
920272.0131547926
920272.0131547926
920272.0131547926
920240.892988113
920240.892988113
920240.892988113
920240.892988113
920240.892988113
920093.5292877797
920093.5292877797
919962.1660416371
919962.1660416371
919962.1660416371
919962.1660416371
919962.1660416371
919962.1660416371
919962.1660416371
919962.1660416371
919962.1660416371
919618.2803680865
919618.2803680865
919618.2803680865
919019.9804722556
919019.9804722556
919019.9804722556
919019.9804722556
918654.0997236395
918654.0997236395
918654.0997236395
918602.7853335561
918602.7853335561
918602.7853335561
918602.7853335561
918602.7853335561
918602.7853335561
918602.7853335561
918550.0814399906
918550.0814399906
917485.9009140166
916907.1782650459
916907.1782650459
916907.1782650459
916907.1782650459
916907.1782650459
916907.1782650459
916907.1782650459
916907.1782650459
916601.6519955655
916601.6519955655
916601.6519955655
916601.6519955655
916601.6519955655
916432.29417149
916432.29417149
916432.29417149
916432.29417149
916432.29417149
916432.29417149
916432.29417149
916184.3719319983
916184.3719319983
916184.3719319983
916184.3719319983
916184.3719319983
916184.3719319983
916184.3719319983
915658.7729533568
915658.7729533568
915658.7729533568
915658.7729533568
915188.7454023659
915188.7454023659
915188.7454023659
915188.7454023659
914528.5933535891
914496.5512850728
913609.1629251677
913609.1629251677
913609.1629251677
913609.1629251677
913298.0159144956
913298.0159144956
913298.0159144956
913298.0159144956
913298.0159144956
913298.0159144956
913298.0159144956
913298.0159144956
913298.0159144956
913270.777322626
913270.777322626
913270.777322626
913270.777322626
913270.777322626
913270.777322626
913270.777322626
913270.777322626
913270.777322626
913270.777322626
913270.777322626
912986.2032215461
912986.2032215461
912986.2032215461
912793.0717954234
912750.8876792677
912750.8876792677
912525.9045965001
912525.9045965001
912439.6555812447
912439.6555812447
912439.6555812447
912439.6555812447
912439.6555812447
912439.6555812447
912439.6555812447
912439.6555812447
912439.6555812447
912439.6555812447
912439.6555812447
912322.8403071663
912322.8403071663
912322.8403071663
912306.08000586
912306.08000586
912306.08000586
912306.08000586
911884.323693926
911884.323693926
911884.323693926
911884.323693926
911527.2024805625
911527.2024805625
911527.2024805625
911527.2024805625
911527.2024805625
911527.2024805625
911527.2024805625
911527.2024805625
911527.2024805625
911527.2024805625
911527.2024805625
911527.2024805625
911478.9217275484
911478.9217275484
911478.9217275484
911478.9217275484
911478.9217275484
911478.9217275484
911284.7471561879
911284.7471561879
911151.7034214882
911151.7034214882
911018.3140404695
911018.3140404695
910965.1517276004
910965.1517276004
910965.1517276004
910965.1517276004
910735.4639952572
910676.2086244286
910676.2086244286
910342.5815468422
910342.5815468422
910342.5815468422
910342.5815468422
910342.5815468422
910342.5815468422
910316.0362859205
910316.0362859205
910316.0362859205
910200.4692150687
910200.4692150687
910200.4692150687
910200.4692150687
909996.7771404372
909996.7771404372
909996.7771404372
909996.7771404372
909996.7771404372
909996.7771404372
909357.0320864383
909357.0320864383
909322.9647151199
909322.9647151199
909322.9647151199
909322.9647151199
909322.9647151199
909322.9647151199
909322.9647151199
909322.9647151199
909322.9647151199
908378.6280936504
908378.6280936504
907654.7818760445
907654.7818760445
907654.7818760445
907654.7818760445
907654.7818760445
907432.7580703008
907215.7799971148
907179.9663439407
907179.9663439407
907179.9663439407
907105.9846060137
907105.9846060137
907105.9846060137
907105.9846060137
907105.9846060137
907009.011790251
907009.011790251
907009.011790251
907009.011790251
907009.011790251
907009.011790251
907009.011790251
906946.1152195489
906946.1152195489
905800.6369336542
905800.6369336542
905800.6369336542
905800.6369336542
905800.6369336542
905800.6369336542
905508.4136872393
905508.4136872393
905505.6150394261
905345.568568312
905345.568568312
905285.4040539532
905285.4040539532
905285.4040539532
905285.4040539532
905285.4040539532
905285.4040539532
905285.4040539532
905285.4040539532
905285.4040539532
905191.8628709686
905191.8628709686
904993.0886256389
904993.0886256389
904993.0886256389
904993.0886256389
904993.0886256389
904993.0886256389
904878.4396259589
904878.4396259589
904878.4396259589
904878.4396259589
904878.4396259589
904878.4396259589
904878.4396259589
904878.4396259589
904878.4396259589
904878.4396259589
904878.4396259589
903934.6611582778
903934.6611582778
903934.6611582778
903145.112521777
903145.112521777
903145.112521777
903145.112521777
903145.112521777
903145.112521777
903145.112521777
903145.112521777
903145.112521777
903145.112521777
903145.112521777
903145.112521777
903145.112521777
903124.7305488645
903124.7305488645
903124.7305488645
903124.7305488645
903124.7305488645
903124.7305488645
903124.7305488645
903124.7305488645
903080.0549438918
903080.0549438918
902929.6768033057
902929.6768033057
902929.6768033057
902929.6768033057
902929.6768033057
902929.6768033057
902929.6768033057
902929.6768033057
902929.6768033057
902929.6768033057
902929.6768033057
902929.6768033057
902929.6768033057
902929.6768033057
902929.6768033057
902929.6768033057
902929.6768033057
902785.1451226671
902785.1451226671
902725.3531849791
902725.3531849791
902613.2043675808
902613.2043675808
902613.2043675808
902613.2043675808
902613.2043675808
902613.2043675808
902613.2043675808
902220.5182233475
902220.5182233475
902220.5182233475
902220.5182233475
902153.5288767107
902153.5288767107
902153.5288767107
902153.5288767107
902153.5288767107
902153.5288767107
902153.5288767107
902064.8373704003
901880.1271420384
901880.1271420384
901880.1271420384
901880.1271420384
901880.1271420384
901581.2617530716
901223.0313721638
901223.0313721638
901223.0313721638
901215.436068964
901215.436068964
901215.436068964
901181.7020256654
901181.7020256654
901181.7020256654
901181.7020256654
901181.7020256654
901181.7020256654
901181.7020256654
901181.7020256654
901181.7020256654
901181.7020256654
901181.7020256654
901181.7020256654
901181.7020256654
901181.7020256654
901181.7020256654
901181.7020256654
901181.7020256654
901181.7020256654
901181.7020256654
901181.7020256654
901181.7020256654
901075.0172940575
901075.0172940575
901075.0172940575
901075.0172940575
901075.0172940575
901075.0172940575
901075.0172940575
901075.0172940575
901075.0172940575
901075.0172940575
901075.0172940575
901063.4563254017
901063.4563254017
901063.4563254017
900701.8614551156
900548.2838343838
900328.932528322
900328.932528322
900328.932528322
900328.932528322
900328.932528322
899606.028313387
899606.028313387
899606.028313387
898912.1183829284
897955.9076133774
897955.9076133774
897894.6531456034
897894.6531456034
897894.6531456034
897894.6531456034
897726.6201967217
897726.6201967217
897726.6201967217
897726.6201967217
897726.6201967217
897726.6201967217
897726.6201967217
897656.5059443247
897656.5059443247
897656.5059443247
897656.5059443247
897617.5827738061
897617.5827738061
897617.5827738061
897445.5532131031
897445.5532131031
897445.5532131031
896740.3324538108
896740.3324538108
896740.3324538108
896740.3324538108
896725.2554236522
896725.2554236522
896725.2554236522
896725.2554236522
896725.2554236522
896531.4012493768
896531.4012493768
896531.4012493768
896531.4012493768
896531.4012493768
896531.4012493768
896531.4012493768
896531.4012493768
896379.9016435222
896379.9016435222
896379.9016435222
896379.9016435222
896212.4788510653
895712.5816165823
895712.5816165823
895712.5816165823
895712.5816165823
895712.5816165823
895712.5816165823
895647.9506979396
895400.9969122768
895400.9969122768
895400.9969122768
894942.1623445256
894942.1623445256
894637.1683382031
894637.1683382031
894637.1683382031
894636.7895572986
894636.7895572986
894636.7895572986
894636.7895572986
894636.7895572986
894636.7895572986
894636.7895572986
894636.7895572986
894636.7895572986
894636.7895572986
894288.5509048037
894288.5509048037
893246.9004715565
893183.1237859521
893183.1237859521
893183.1237859521
893183.1237859521
893183.1237859521
893183.1237859521
893183.1237859521
893183.1237859521
893183.1237859521
893096.212689537
893096.212689537
893096.212689537
892978.8578668702
892978.8578668702
892978.8578668702
892978.8578668702
892684.8925293795
892684.8925293795
892684.8925293795
892684.8925293795
892614.9896982112
891931.3225666393
891931.3225666393
891931.3225666393
891931.3225666393
891587.7983323848
891587.7983323848
891587.7983323848
891587.7983323848
891587.7983323848
891486.647821655
891486.647821655
891486.647821655
891486.647821655
891486.647821655
891486.647821655
891486.647821655
891486.647821655
891486.647821655
891486.647821655
891486.647821655
891486.647821655
891486.647821655
891486.647821655
891486.647821655
891486.647821655
891486.647821655
891486.647821655
891486.647821655
891486.647821655
891486.647821655
891486.647821655
891486.647821655
891486.647821655
891486.647821655
891486.647821655
891486.647821655
891215.2702409086
891215.2702409086
891215.2702409086
891215.2702409086
891215.2702409086
891215.2702409086
891215.2702409086
891215.2702409086
891215.2702409086
891215.2702409086
891215.2702409086
891215.2702409086
891215.2702409086
891215.2702409086
891215.2702409086
891215.2702409086
891215.2702409086
891215.2702409086
891215.2702409086
891215.2702409086
891074.9234686147
891074.9234686147
890776.2029402951
890776.2029402951
890621.7221311183
890621.7221311183
890621.7221311183
890621.7221311183
890621.7221311183
890621.7221311183
890621.7221311183
890621.7221311183
890621.7221311183
890621.7221311183
890621.7221311183
890621.7221311183
890621.7221311183
890621.7221311183
890101.256152337
890101.256152337
888936.6361796868
888936.6361796868
888914.4039152176
888914.4039152176
888849.1617893942
888849.1617893942
888849.1617893942
888849.1617893942
888849.1617893942
888849.1617893942
888849.1617893942
888849.1617893942
888849.1617893942
888786.1326158489
888786.1326158489
888786.1326158489
888786.1326158489
888543.0206284504
888543.0206284504
888543.0206284504
888543.0206284504
888543.0206284504
888543.0206284504
888543.0206284504
888543.0206284504
888543.0206284504
888543.0206284504
888543.0206284504
888543.0206284504
888062.6796972208
887747.2902424491
887747.2902424491
887747.2902424491
887747.2902424491
887747.2902424491
887747.2902424491
887747.2902424491
887747.2902424491
887306.3686245593
887009.749061571
887009.749061571
887009.749061571
887009.749061571
887009.749061571
887009.749061571
887009.749061571
887009.749061571
887009.749061571
887009.749061571
887009.749061571
887009.749061571
887009.749061571
887009.749061571
887009.749061571
887009.749061571
887009.749061571
887009.749061571
887009.749061571
886959.7229547093
886959.7229547093
886953.2511574224
886953.2511574224
886953.2511574224
886953.2511574224
886953.2511574224
886953.2511574224
886953.2511574224
886467.5626757513
886467.5626757513
886257.1485461902
886257.1485461902
886257.1485461902
886257.1485461902
886257.1485461902
885993.1214904276
885968.796182846
885968.796182846
885471.4693345621
885471.4693345621
885407.2680821465
885407.2680821465
885407.2680821465
885407.2680821465
885407.2680821465
885407.2680821465
885407.2680821465
885407.2680821465
885407.2680821465
885216.9247346607
885216.9247346607
885216.9247346607
885216.9247346607
885216.9247346607
883831.8530842102
883831.8530842102
883831.8530842102
883831.8530842102
883518.8547367451
883518.8547367451
883518.8547367451
883518.8547367451
883518.8547367451
883518.8547367451
883518.8547367451
883518.8547367451
883518.8547367451
883518.8547367451
883518.8547367451
883518.8547367451
883518.8547367451
883518.8547367451
883518.8547367451
883518.8547367451
883518.8547367451
883518.8547367451
883518.8547367451
883518.8547367451
883518.8547367451
883518.8547367451
883518.8547367451
883518.8547367451
883518.8547367451
883322.3813920594
882517.1656745576
882517.1656745576
882517.1656745576
882517.1656745576
882517.1656745576
882517.1656745576
882517.1656745576
882517.1656745576
882517.1656745576
882517.1656745576
882517.1656745576
882517.1656745576
882517.1656745576
882517.1656745576
882517.1656745576
882517.1656745576
882517.1656745576
882517.1656745576
882517.1656745576
882517.1656745576
882517.1656745576
882394.1300181675
882394.1300181675
882394.1300181675
882394.1300181675
882394.1300181675
882394.1300181675
882394.1300181675
882394.1300181675
882394.1300181675
882394.1300181675
882394.1300181675
882394.1300181675
882394.1300181675
882288.7547458726
882288.7547458726
882288.7547458726
882288.7547458726
882288.7547458726
882288.7547458726
882288.7547458726
882174.6062043393
882174.6062043393
882174.6062043393
882174.6062043393
882174.6062043393
882174.6062043393
882174.6062043393
882174.6062043393
882174.6062043393
882174.6062043393
882174.6062043393
882174.6062043393
882174.6062043393
882174.6062043393
882174.6062043393
881861.2361962504
881861.2361962504
881861.2361962504
881861.2361962504
881861.2361962504
881861.2361962504
881861.2361962504
881861.2361962504
881861.2361962504
881861.2361962504
881861.2361962504
881861.2361962504
881861.2361962504
881861.2361962504
881861.2361962504
881861.2361962504
881861.2361962504
881861.2361962504
881707.3171099297
881521.7566115012
881521.7566115012
881521.7566115012
881521.7566115012
881521.7566115012
881521.7566115012
881521.7566115012
881521.7566115012
881521.7566115012
881521.7566115012
881521.7566115012
881521.7566115012
881521.7566115012
881521.7566115012
881521.7566115012
881521.7566115012
881521.7566115012
881521.7566115012
881521.7566115012
881521.7566115012
881284.419803587
881284.419803587
881284.419803587
881284.419803587
881284.419803587
881284.419803587
881284.419803587
881284.419803587
881284.419803587
881284.419803587
881284.419803587
881284.419803587
881284.419803587
881284.419803587
880940.5722603316
880940.5722603316
880940.5722603316
880357.8917524593
880357.8917524593
880357.8917524593
880357.8917524593
880199.901877231
880199.901877231
880199.901877231
880199.901877231
880199.901877231
880199.901877231
880199.901877231
880199.901877231
880199.901877231
880199.901877231
880131.667879889
880131.667879889
880131.667879889
880131.667879889
880131.667879889
880131.667879889
880131.667879889
880131.667879889
880131.667879889
880131.667879889
880131.667879889
880131.667879889
880131.667879889
880131.667879889
880131.667879889
879491.350391658
879491.350391658
879491.350391658
879491.350391658
878551.4478318415
878551.4478318415
878551.4478318415
878551.4478318415
878551.4478318415
878551.4478318415
878551.4478318415
878551.4478318415
878551.4478318415
878551.4478318415
878551.4478318415
878551.4478318415
878551.4478318415
878551.4478318415
878551.4478318415
878551.4478318415
878551.4478318415
878551.4478318415
878442.0987618165
878442.0987618165
878287.6266900719
878287.6266900719
878287.6266900719
878287.6266900719
878287.6266900719
878287.6266900719
878287.6266900719
878287.6266900719
878287.6266900719
878287.6266900719
878287.6266900719
878287.6266900719
878287.6266900719
878287.6266900719
877358.3130081422
877358.3130081422
877358.3130081422
877358.3130081422
877323.4585500325
877323.4585500325
877323.4585500325
877153.6929729972
877153.6929729972
877153.6929729972
877153.6929729972
877040.127301676
877040.127301676
877040.127301676
877040.127301676
877040.127301676
877040.127301676
877040.127301676
877040.127301676
877040.127301676
877040.127301676
877040.127301676
877040.127301676
877040.127301676
877040.127301676
876978.6135400173
876978.6135400173
876978.6135400173
876978.6135400173
876978.6135400173
876978.6135400173
876978.6135400173
876978.6135400173
876978.6135400173
876763.7820398872
876763.7820398872
876730.2180596904
876730.2180596904
876730.2180596904
876730.2180596904
876730.2180596904
876730.2180596904
876730.2180596904
876730.2180596904
876730.2180596904
876730.2180596904
876730.2180596904
876730.2180596904
876651.5562976731
876651.5562976731
876651.5562976731
876651.5562976731
876651.5562976731
876381.8289951197
876381.8289951197
876381.8289951197
876292.3937834677
876292.3937834677
876292.3937834677
876292.3937834677
876127.9511557976
875646.3945995562
875646.3945995562
875646.3945995562
875646.3945995562
875646.3945995562
875646.3945995562
875646.3945995562
875646.3945995562
875646.3945995562
875646.3945995562
875646.3945995562
875623.6485829324
875623.6485829324
875623.6485829324
875623.6485829324
875623.6485829324
875623.6485829324
875215.4399391492
875215.4399391492
875125.1855764918
875125.1855764918
875125.1855764918
875125.1855764918
875125.1855764918
875125.1855764918
875125.1855764918
874366.3319230017
874366.3319230017
874366.3319230017
874366.3319230017
874298.4432643254
874298.4432643254
874298.4432643254
874136.4473024308
874136.4473024308
874136.4473024308
874136.4473024308
874136.4473024308
874136.4473024308
874136.4473024308
874136.4473024308
874136.4473024308
874136.4473024308
874136.4473024308
874136.4473024308
872914.3000951447
872914.3000951447
872914.3000951447
872914.3000951447
872914.3000951447
872553.9107817635
872067.8021024499
871922.6428127341
871922.6428127341
871922.6428127341
871922.6428127341
871922.6428127341
871922.6428127341
871922.6428127341
871922.6428127341
871922.6428127341
871230.2661578404
871230.2661578404
871230.2661578404
871230.2661578404
871230.2661578404
871230.2661578404
871230.2661578404
871230.2661578404
871230.2661578404
871230.2661578404
871230.2661578404
871212.2121152508
871212.2121152508
871212.2121152508
871212.2121152508
870658.9357817277
870658.9357817277
870658.9357817277
870658.9357817277
870614.6208558509
870614.6208558509
870614.6208558509
870125.7679797197
870125.7679797197
870125.7679797197
870125.7679797197
870125.7679797197
870125.7679797197
870125.7679797197
870125.7679797197
870125.7679797197
870125.7679797197
870125.7679797197
870125.7679797197
869853.1321154925
869853.1321154925
869853.1321154925
869853.1321154925
869853.1321154925
869771.7027846077
869771.7027846077
869771.7027846077
869771.7027846077
869771.7027846077
869029.2581921045
869029.2581921045
868156.1014707859
868156.1014707859
868156.1014707859
868156.1014707859
868156.1014707859
867548.2121163635
867485.746471641
867281.8022031705
867281.8022031705
867281.8022031705
867117.8165129668
867117.8165129668
867117.8165129668
867047.2353808767
867047.2353808767
866791.2206458217
866791.2206458217
866791.2206458217
866791.2206458217
866772.98344396
866772.98344396
866492.3628177159
866492.3628177159
866492.3628177159
866492.3628177159
866492.3628177159
866492.3628177159
866492.3628177159
866480.4180145002
866480.4180145002
866480.4180145002
866480.4180145002
866480.4180145002
866480.4180145002
866480.4180145002
866480.4180145002
866480.4180145002
866480.4180145002
866480.4180145002
866480.4180145002
866480.4180145002
866480.4180145002
866480.4180145002
866480.4180145002
866480.4180145002
866480.4180145002
866480.4180145002
866480.4180145002
866480.4180145002
866480.4180145002
866480.4180145002
866480.4180145002
866294.0736427724
866294.0736427724
866294.0736427724
866294.0736427724
866294.0736427724
866294.0736427724
866294.0736427724
866265.8737026659
866265.8737026659
866265.8737026659
866265.8737026659
866265.8737026659
866178.6773304357
866178.6773304357
866178.6773304357
866178.6773304357
866178.6773304357
866178.6773304357
866178.6773304357
866178.6773304357
866178.6773304357
866056.2635425522
866056.2635425522
866056.2635425522
866056.2635425522
866056.2635425522
866056.2635425522
866056.2635425522
866056.2635425522
866056.2635425522
866056.2635425522
866056.2635425522
866056.2635425522
866056.2635425522
866056.2635425522
866056.2635425522
866056.2635425522
866056.2635425522
866005.1292857565
866005.1292857565
866005.1292857565
866005.1292857565
865769.5953401837
864621.6612363523
864621.6612363523
864621.6612363523
863958.5775917486
863958.5775917486
863958.5775917486
863958.5775917486
863958.5775917486
863958.5775917486
863958.5775917486
863958.5775917486
863958.5775917486
863621.7975652909
863621.7975652909
862513.9657348563
862513.9657348563
862513.9657348563
862458.0855241218
862458.0855241218
862188.4555796576
862188.4555796576
862188.4555796576
862188.4555796576
862188.4555796576
862188.4555796576
862188.4555796576
862188.4555796576
862151.805221351
862151.805221351
862151.805221351
862151.805221351
862151.805221351
862042.0656123299
862042.0656123299
862042.0656123299
862042.0656123299
862042.0656123299
862042.0656123299
862042.0656123299
862042.0656123299
862042.0656123299
862042.0656123299
862042.0656123299
862042.0656123299
862042.0656123299
862042.0656123299
862042.0656123299
862042.0656123299
862042.0656123299
862042.0656123299
862042.0656123299
862042.0656123299
862042.0656123299
862042.0656123299
862042.0656123299
862042.0656123299
862042.0656123299
862042.0656123299
861748.3390250532
861748.3390250532
861748.3390250532
861748.3390250532
861748.3390250532
861748.3390250532
861748.3390250532
861748.3390250532
861748.3390250532
861748.3390250532
861748.3390250532
861748.3390250532
861667.856896614
861667.856896614
861667.856896614
860979.9741137354
860979.9741137354
860979.9741137354
860979.9741137354
860979.9741137354
860979.9741137354
860979.9741137354
860979.9741137354
860979.9741137354
860979.9741137354
860964.3169645765
860888.3085119819
860888.3085119819
860888.3085119819
860888.3085119819
860888.3085119819
860773.3475108232
860773.3475108232
860773.3475108232
860357.5882792037
860357.5882792037
860357.5882792037
860357.5882792037
860357.5882792037
860357.5882792037
860357.5882792037
860357.5882792037
860357.5882792037
860357.5882792037
860357.5882792037
860357.5882792037
860357.5882792037
860357.5882792037
860357.5882792037
860357.5882792037
860357.5882792037
859662.9979114381
859662.9979114381
859662.9979114381
859662.9979114381
859662.9979114381
859508.9647183567
859508.9647183567
859508.9647183567
859508.9647183567
859508.9647183567
859508.9647183567
859225.2091009654
859225.2091009654
859225.2091009654
859225.2091009654
859225.2091009654
859225.2091009654
859225.2091009654
859225.2091009654
859225.2091009654
859225.2091009654
859225.2091009654
859225.2091009654
859225.2091009654
859225.2091009654
859225.2091009654
859225.2091009654
859225.2091009654
859225.2091009654
859225.2091009654
859225.2091009654
859225.2091009654
859225.2091009654
859225.2091009654
858871.2502632363
858871.2502632363
858871.2502632363
858871.2502632363
858871.2502632363
858871.2502632363
858694.1665336253
858694.1665336253
858694.1665336253
858694.1665336253
858694.1665336253
858694.1665336253
858694.1665336253
858694.1665336253
858694.1665336253
858694.1665336253
858694.1665336253
858548.3564649366
858548.3564649366
858548.3564649366
858536.7009753201
858536.7009753201
858536.7009753201
858430.5215616376
858430.5215616376
858430.5215616376
858430.5215616376
858430.5215616376
858430.5215616376
858430.5215616376
857813.8178303054
857813.8178303054
857813.8178303054
857813.8178303054
857087.6611219044
857087.6611219044
856986.1210255539
856986.1210255539
856986.1210255539
856986.1210255539
856683.9855954091
856541.1239849285
856541.1239849285
856507.9611712237
856507.9611712237
856507.9611712237
856507.9611712237
856507.9611712237
856507.9611712237
856507.9611712237
856507.9611712237
856507.9611712237
856507.9611712237
856507.9611712237
856507.9611712237
856507.9611712237
856136.1090501694
856136.1090501694
856136.1090501694
856136.1090501694
856136.1090501694
856136.1090501694
856136.1090501694
856136.1090501694
856136.1090501694
856136.1090501694
856136.1090501694
856136.1090501694
856136.1090501694
856136.1090501694
856136.1090501694
856136.1090501694
856136.1090501694
856136.1090501694
856136.1090501694
856069.0375744749
856069.0375744749
856069.0375744749
856069.0375744749
856069.0375744749
856069.0375744749
856069.0375744749
856069.0375744749
856069.0375744749
856069.0375744749
856069.0375744749
856069.0375744749
856069.0375744749
856069.0375744749
856069.0375744749
856069.0375744749
856069.0375744749
854603.1961919704
854603.1961919704
854603.1961919704
854603.1961919704
854603.1961919704
854563.5613152181
854563.5613152181
854563.5613152181
854563.5613152181
854563.5613152181
854563.5613152181
854334.561933961
854334.561933961
854334.561933961
854334.561933961
854334.561933961
854334.561933961
854334.561933961
854140.2277494613
854140.2277494613
854140.2277494613
854140.2277494613
854140.2277494613
854140.2277494613
854140.2277494613
854140.2277494613
854140.2277494613
854140.2277494613
854140.2277494613
854140.2277494613
854140.2277494613
854140.2277494613
854140.2277494613
854140.2277494613
854140.2277494613
854140.2277494613
854140.2277494613
854140.2277494613
854140.2277494613
854140.2277494613
853956.823800137
853956.823800137
853956.823800137
853956.823800137
853956.823800137
853956.823800137
853956.823800137
853956.823800137
853894.8836051811
853894.8836051811
853894.8836051811
853894.8836051811
853894.8836051811
853894.8836051811
853894.8836051811
853894.8836051811
853894.8836051811
853894.8836051811
853894.8836051811
853894.8836051811
853894.8836051811
853894.8836051811
853894.8836051811
853868.6353929524
853868.6353929524
853868.6353929524
853868.6353929524
853744.6878739464
853744.6878739464
853744.6878739464
853744.6878739464
853744.6878739464
853744.6878739464
853744.6878739464
853175.7907168851
853159.7714979104
853159.7714979104
853159.7714979104
853159.7714979104
853159.7714979104
853159.7714979104
853159.7714979104
853159.7714979104
853159.7714979104
853159.7714979104
853159.7714979104
853159.7714979104
853159.7714979104
853104.6889420268
852983.0877743941
852983.0877743941
852983.0877743941
852780.8443429301
852780.8443429301
852780.8443429301
852780.8443429301
852780.8443429301
852780.8443429301
852780.8443429301
852780.8443429301
852780.8443429301
852310.9661467741
852229.5445428393
852001.3897279438
852001.3897279438
852001.3897279438
852001.3897279438
852001.3897279438
852001.3897279438
852001.3897279438
852001.3897279438
852001.3897279438
852001.3897279438
852001.3897279438
852001.3897279438
852001.3897279438
852001.3897279438
852001.3897279438
852001.3897279438
852001.3897279438
852001.3897279438
852001.3897279438
852001.3897279438
852001.3897279438
852001.3897279438
852001.3897279438
852001.3897279438
852001.3897279438
851681.5872485752
851681.5872485752
851681.5872485752
851681.5872485752
851681.5872485752
851681.5872485752
851681.5872485752
851681.5872485752
851681.5872485752
851681.5872485752
851681.5872485752
851681.5872485752
851681.5872485752
851681.5872485752
851275.1441172417
851275.1441172417
851275.1441172417
851275.1441172417
851275.1441172417
851275.1441172417
851275.1441172417
851275.1441172417
851275.1441172417
851275.1441172417
851275.1441172417
851275.1441172417
851275.1441172417
851275.1441172417
851275.1441172417
851275.1441172417
851275.1441172417
851275.1441172417
851197.494512348
851197.494512348
851197.494512348
851197.494512348
851197.494512348
851197.494512348
851197.494512348
851197.494512348
851197.494512348
851197.494512348
851112.5015734716
851112.5015734716
851112.5015734716
851112.5015734716
851112.5015734716
851112.5015734716
850173.9805975377
850173.9805975377
850173.9805975377
850173.9805975377
850173.9805975377
850173.9805975377
850173.9805975377
850173.9805975377
850173.9805975377
850173.9805975377
850173.9805975377
850173.9805975377
850173.9805975377
850173.9805975377
850173.9805975377
849670.6614064995
849670.6614064995
849670.6614064995
849670.6614064995
849670.6614064995
849670.6614064995
849662.9331396476
849662.9331396476
849662.9331396476
849662.9331396476
849662.9331396476
849662.9331396476
849662.9331396476
849662.9331396476
849106.3487030128
849106.3487030128
849106.3487030128
849106.3487030128
849106.3487030128
849106.3487030128
849106.3487030128
849106.3487030128
849106.3487030128
849106.3487030128
849106.3487030128
849106.3487030128
849106.3487030128
849106.3487030128
849106.3487030128
849106.3487030128
849106.3487030128
849106.3487030128
849106.3487030128
849106.3487030128
849100.9327834053
849048.4932067522
849048.4932067522
848560.5400613949
848560.5400613949
848560.5400613949
848560.5400613949
848560.5400613949
848560.5400613949
848560.5400613949
848560.5400613949
848560.5400613949
848560.5400613949
848558.871833667
848558.871833667
848558.871833667
848558.871833667
848558.871833667
848558.871833667
848558.871833667
848558.871833667
848558.871833667
848558.871833667
848558.871833667
848558.871833667
848558.871833667
848558.871833667
848558.871833667
848558.871833667
848558.871833667
848558.871833667
848558.871833667
848558.871833667
848558.871833667
848558.871833667
848558.871833667
848558.871833667
848558.871833667
848558.871833667
848558.871833667
848558.871833667
848558.871833667
848558.871833667
848558.871833667
848558.871833667
848558.871833667
848558.871833667
848558.871833667
848558.871833667
848558.871833667
848558.871833667
848558.871833667
848558.871833667
848558.871833667
848558.871833667
848558.871833667
848558.871833667
848558.871833667
848558.871833667
848558.871833667
848558.871833667
848558.871833667
848558.871833667
848558.871833667
