4534523.391990575
4427101.942954047
4322303.39613486
4237148.952982232
4132928.094985511
4047093.7682770994
3964084.1387210675
3890508.978846346
3818503.986542657
3758620.721965008
3678412.5937362267
3612165.1084387796
3536714.469101821
3477587.08631457
3420506.0948901405
3366933.7133687767
3327899.278351098
3272645.4993662722
3223751.9803895275
3190098.0713881063
3140559.842283723
3102225.87791287
3063571.008256731
3028172.117777996
2984403.389448831
2950782.178600633
2923078.4223545548
2894524.255213711
2870993.8520347597
2845431.577897343
2813445.0937984874
2790241.626939599
2761343.615938927
2736297.6583824856
2716313.2198174237
2699178.5767573453
2670559.4998969818
2637614.987761838
2615412.591917012
2599640.4842501516
2577044.967929409
2557979.096692125
2536318.690222876
2524414.9756607506
2507635.368308664
2495539.6314502023
2472980.1481681587
2449044.7135730432
2429210.7273626113
2413260.02420679
2405370.9992927257
2388666.34582406
2373938.622211459
2361275.7025831994
2349394.369890128
2340631.460290932
2325075.6054135826
2312354.1601794455
2293069.6428668573
2285013.8728230377
2273230.332249119
2265593.4334109416
2253252.8441932267
2243841.4189824453
2237089.638876849
2224181.1309762867
2217539.110028523
2203152.426189173
2195452.3153117104
2189872.109984264
2182306.8287064815
2168654.8928405526
2160774.470022277
2148816.611065356
2136576.920469031
2132489.848519681
2119832.932695818
2114328.1566885314
2103769.1926410645
2091886.435895505
2082975.088230674
2075945.6900754506
2066839.1213873378
2060183.4678290593
2048338.6344935116
2041526.1556267203
2034523.298279473
2022960.8864766292
2019810.6448407297
2015322.5024587987
2008611.127713187
1994450.158192542
1986001.607677069
1977315.3304212894
1966231.944747361
1961208.8120255023
1953639.7408846493
1946425.5671218336
1941076.4045527114
1935836.7328780442
1928635.9015526418
1922197.3338357136
1911837.933970693
1907414.9407023783
1898159.8004117443
1894259.7815169822
1892230.1413432173
1884782.7126138848
1878897.1806639587
1872387.3847514673
1864166.3180356375
1861231.4969116608
1857182.8840917135
1850688.658465789
1847907.3880953663
1841092.0607099226
1833906.4938649805
1830404.753769836
1823369.6042165805
1819156.2699565378
1817077.7540359576
1813997.411257811
1810271.3051832097
1804619.2111954747
1802589.9623258978
1800728.205364694
1797475.7097726092
1789767.3294771672
1778210.3547976795
1776476.2911796505
1773640.8210521145
1769983.1765378513
1768470.4056642812
1760029.4006667514
1757036.7687156508
1753714.1481444545
1751293.7795666577
1747447.1210664771
1742156.2011315606
1738128.5596649274
1733628.3478535083
1726058.0267780158
1720224.3279870532
1718471.3792289165
1715120.2069652355
1712065.9197008135
1707958.4301171089
1706475.3278776226
1702930.787792664
1699498.3260865037
1694530.1272953828
1690535.0585480896
1688603.0636382452
1684871.2324715757
1681864.8599785422
1677245.5215542435
1676090.9646395317
1671702.6328924885
1671168.8250475922
1668338.493078518
1667031.9348190336
1666223.939160974
1659411.1858352069
1655962.3196289744
1653711.5262975572
1651348.7667332878
1648570.8523841898
1645368.0018462262
1642360.108957301
1640468.648359028
1637361.4986937568
1633215.343285021
1631906.9053996522
1629071.159117933
1624944.5809873873
1623343.141137409
1619653.618241521
1616383.856691293
1613148.0151244868
1609681.6593536986
1605803.5299646533
1603300.0678570892
1602371.59531762
1600159.4960833879
1599872.6384960618
1595714.4292600183
1593554.0838231193
1590507.1766927657
1586779.4943784124
1582554.107688405
1581157.6650169094
1578701.537125509
1575396.3144930403
1574290.7474245033
1570005.9635596618
1567711.676921668
1566584.0092751156
1564855.2685911395
1560975.2843438038
1558775.7411763412
1553738.3312195144
1551827.1042610048
1548933.9967978112
1547714.6968346927
1546705.4405588668
1546047.2076520137
1540865.8282821602
1538850.2781824882
1537583.838474995
1534961.4812351307
1534674.3209977343
1533594.5745608164
1528619.0921490467
1527885.91272566
1526638.761022258
1524776.4567522102
1524549.2502049408
1524549.2502049408
1523470.7257308904
1523128.6610073713
1518081.801667837
1516911.5029255487
1515971.367985553
1514292.4317617011
1513287.9672964008
1510247.8969088139
1509126.173179088
1508506.6375040337
1503996.0894013247
1500913.5326161303
1498987.066031855
1497952.930199795
1497104.7558701038
1496809.1454724555
1494880.906601673
1492740.7563300966
1491551.4334927523
1487841.8412780329
1485908.9795908588
1484149.7534898268
1481087.2273907633
1480892.0411239376
1479761.1801446734
1479304.2101520563
1477393.105200943
1476001.8143093947
1473384.1752104263
1469584.1689507877
1467819.126780283
1467127.6330013704
1465378.670078931
1462820.4766710424
1461687.2957915333
1461365.3311710325
1459545.4891143786
1456084.6771183102
1453705.0618768386
1452834.6506136807
1451422.7576861074
1451028.101942928
1450687.453669018
1449111.6026547733
1448681.5637240615
1447496.390558131
1443249.5198752289
1442547.173673496
1439526.7873860803
1438376.4796560535
1436092.9778892961
1434031.1547070523
1432870.2772207872
1432683.6825525132
1430787.692124479
1430106.746995693
1427444.7179256366
1425977.38268158
1425221.138452267
1424284.1807489973
1424284.1807489973
1423874.985079872
1420733.1358575008
1418670.8194753279
1418055.7941574964
1416617.5923372204
1414974.1470676884
1414322.4999849936
1413356.918228311
1411882.2107919152
1411487.6666107336
1411329.315362657
1411105.788776555
1411040.6656254116
1410140.3421120367
1409918.1564125454
1407509.5705947839
1406764.95623744
1405565.2172869276
1402199.9661366818
1402199.9661366818
1401057.0390865821
1399461.3254470704
1396723.431990886
1396723.431990886
1396352.812226839
1393940.5638564946
1391311.524098379
1389926.9293088932
1389926.9293088932
1387217.9964772195
1386492.5546454545
1384874.802657825
1383370.248754937
1383035.3732049307
1380804.896841193
1379610.5895471834
1377555.311374017
1375825.0357754442
1373352.288974611
1373192.7540273126
1373068.7084917715
1371461.160077792
1366085.6056786384
1364363.4896533452
1364137.1756181838
1364137.1756181838
1363824.0530056553
1362961.6350721095
1362168.3984499392
1360660.1924006012
1359775.1166853076
1359026.979772416
1358002.6969796754
1357175.3675624835
1356832.038790875
1356596.1313711572
1355243.2848214754
1355243.2848214754
1355243.2848214754
1354774.8146143216
1354604.4193270318
1354120.166930907
1352940.3302875794
1350656.0753176222
1348914.3178429732
1348813.7784845813
1348532.3472460178
1345491.3636798095
1341750.650849707
1340959.0111169615
1340954.4538643593
1338301.2123369854
1337003.1813694397
1336780.505254338
1336780.505254338
1336174.4162631207
1335878.1062480102
1333956.8093105205
1333956.8093105205
1333126.6842934396
1331179.50464048
1329216.1659182245
1327593.7586488193
1327308.6329265493
1326578.1474395827
1326130.310960743
1325141.0581711857
1322977.9620149024
1320259.4029581947
1320041.386193592
1319603.0600703908
1318936.1141209423
1317047.6766723667
1315861.7271133703
1313501.9609869048
1313101.284220797
1311777.736630693
1310218.5864817863
1308798.3145176754
1304923.594256496
1304923.594256496
1303433.3656638125
1303144.440585291
1297467.3185693
1296866.5313001864
1296055.1690097481
1296055.1690097481
1295982.8378729452
1295847.3111957214
1295099.668015265
1295065.3424291725
1293532.2835314723
1292873.2080875696
1292873.2080875696
1291116.7660804642
1290042.0538134389
1288840.493646147
1287959.7234380958
1287580.2432735479
1286256.0754766506
1285939.5766716832
1283839.851289081
1283308.4080600808
1281741.2793289619
1281340.4573005112
1281340.4573005112
1281340.4573005112
1281149.1888157837
1280201.670030532
1279996.900803167
1279996.900803167
1278684.3002486408
1278351.5604202913
1278045.1837259985
1276922.367596646
1275115.9035325637
1272320.674985256
1271924.610283961
1271777.3233206326
1271777.3233206326
1270202.7467540712
1269596.8260528664
1269596.8260528664
1269020.735540061
1267682.1223027147
1267682.1223027147
1267682.1223027147
1267682.1223027147
1267425.8577339982
1267425.8577339982
1266079.4876547782
1266079.4876547782
1265377.6514141115
1264767.526081213
1263123.1325236093
1262996.019173705
1262963.3127392856
1260208.1282377937
1259821.6544555866
1259145.142508137
1257776.633416617
1257340.963748034
1257340.963748034
1257340.963748034
1255744.593654825
1255553.1254577395
1254836.348176463
1254120.6831979677
1253254.8757164613
1253239.438901132
1252917.6615404973
1252764.0325651881
1252550.5812531647
1252550.5812531647
1252550.5812531647
1252430.8595341532
1251861.609055695
1250780.5308540605
1250780.5308540605
1250780.5308540605
1249933.9457238438
1249933.9457238438
1249423.5431327957
1248430.4984648612
1248307.991889734
1247610.182590855
1247610.182590855
1247354.6590301609
1247115.7047567908
1246279.1635837387
1246133.9537954065
1245756.4250741
1245302.2092358563
1245302.2092358563
1243958.7324565547
1242548.6384107405
1241973.6332055489
1241973.6332055489
1240873.5290415331
1240873.5290415331
1240240.4498257842
1239842.1410359656
1237410.0503744953
1237410.0503744953
1236851.7024065023
1236335.7611138234
1235547.4209913188
1235547.4209913188
1235547.4209913188
1235547.4209913188
1235547.4209913188
1235547.4209913188
1235402.9495985385
1233591.7212126378
1233344.7913132608
1233344.7913132608
1232517.0133120294
1232275.1132717547
1230011.6212931296
1230011.6212931296
1229882.0894055618
1229882.0894055618
1229882.0894055618
1229882.0894055618
1229706.0281124131
1229393.9296690729
1228338.2314028507
1228311.471661421
1227806.2799059693
1227475.743724049
1227123.7174080368
1227123.7174080368
1227055.9096655748
1226499.2418603725
1225633.694651142
1225600.6303416677
1223743.845536041
1223691.4984328253
1222732.1731360352
1222577.9450555886
1222577.9450555886
1221713.0284439987
1221406.0578973726
1221337.1790063377
1220487.2947966359
1220362.6222640732
1219064.6524847974
1219064.6524847974
1219064.6524847974
1219064.6524847974
1218403.481764603
1217185.8964152853
1216160.9967279418
1216092.364584984
1215151.9321617447
1215125.5059595213
1214154.1958536883
1212236.2688998913
1212027.888267266
1211825.3736722127
1211608.9606226222
1211607.188662339
1211535.4237073646
1211056.480131856
1210639.6914388246
1210639.6914388246
1209277.811244363
1208918.7144742887
1208918.7144742887
1208918.7144742887
1205919.2295693683
1205919.2295693683
1205428.4566788403
1205428.4566788403
1205367.315927472
1205367.315927472
1205251.9311679392
1205119.0418596545
1204792.1395174614
1204235.1725582476
1202139.1826533866
1202033.7185704298
1202033.7185704298
1202033.7185704298
1202033.7185704298
1201016.039950288
1200754.6164678806
1199106.9429908362
1199106.9429908362
1199106.9429908362
1198822.8697188087
1198211.5637970797
1197216.2165107604
1197216.2165107604
1197216.2165107604
1197216.2165107604
1197216.2165107604
1196873.280143449
1195313.0758546595
1195313.0758546595
1194835.1603109392
1194835.1603109392
1194835.1603109392
1193293.419479726
1192658.1618346963
1191541.9062791276
1191541.9062791276
1191541.9062791276
1191093.1271637408
1191093.1271637408
1190527.70204416
1188472.6951701953
1188146.3541315873
1187962.977115607
1187962.977115607
1187170.5022386399
1186998.399654556
1185976.9471042613
1184706.9685305713
1184706.9685305713
1184706.9685305713
1184114.8813911832
1184114.8813911832
1184114.8813911832
1184114.8813911832
1183758.7881685311
1182569.4730666056
1181698.9097529443
1181159.1395048804
1181159.1395048804
1181130.5509264574
1180722.761114732
1180722.761114732
1180722.761114732
1180722.761114732
1180722.761114732
1180452.9320691284
1179888.377840369
1179888.377840369
1178485.4219764397
1178485.4219764397
1178485.4219764397
1178485.4219764397
1177065.4654551276
1176264.53498211
1176264.53498211
1176264.53498211
1176264.53498211
1175451.4673386393
1174882.781927052
1174882.781927052
1174766.9168710632
1174766.9168710632
1174764.5011626203
1174682.4266585275
1174349.674900987
1173848.1225440842
1172860.190988111
1171510.102940749
1171279.913923962
1171156.4342615693
1171039.8529904624
1170871.3054796862
1170699.2637796437
1170488.399499798
1170488.399499798
1170120.6200195213
1170120.6200195213
1169618.3688100828
1169143.0572365078
1169143.0572365078
1168564.6258568508
1168564.6258568508
1168564.6258568508
1168414.441899951
1168201.0704573935
1168201.0704573935
1168192.7498995455
1168192.7498995455
1167087.328105467
1166274.8002825025
1165710.815301297
1165645.8729172153
1165645.8729172153
1164423.8900566755
1164238.5289407098
1163612.6974448161
1163243.5121533843
1163116.7013656595
1163116.7013656595
1163116.7013656595
1162298.3414328147
1161473.8829636702
1160550.809438781
1160302.8662084774
1160302.8662084774
1160185.326562991
1159968.7873239403
1159571.242904598
1159454.4853616413
1159024.9047371675
1159010.2562280637
1159010.2562280637
1158544.950607928
1158544.950607928
1157950.9548051264
1156713.1160609203
1156290.3812559103
1156290.3812559103
1156290.3812559103
1155269.386818498
1154977.5085378918
1154977.5085378918
1154977.5085378918
1154977.5085378918
1154877.7362007503
1154772.8504542639
1154024.7828958274
1153791.944477443
1153384.7736825647
1152209.07030916
1151372.2746753718
1151372.2746753718
1150733.0983392727
1150275.5438067191
1148365.501095863
1148365.501095863
1148365.501095863
1147019.5126149198
1147019.5126149198
1147019.5126149198
1147019.5126149198
1147019.5126149198
1147019.5126149198
1147019.5126149198
1146778.0936271593
1146778.0936271593
1146049.0063920475
1145690.5900141043
1145585.8724311397
1145585.8724311397
1145209.4625334088
1145209.4625334088
1145209.4625334088
1144450.1014655228
1143036.3760589396
1141834.3157637431
1141707.7188687157
1141707.7188687157
1141512.3568945518
1141512.3568945518
1141512.3568945518
1140109.8857857087
1140109.8857857087
1140109.8857857087
1139005.4550999294
1138259.383341956
1138259.383341956
1138259.383341956
1137759.5203277327
1137489.0146594415
1137489.0146594415
1137489.0146594415
1137489.0146594415
1137425.0551753226
1136589.2822817382
1136459.8851647042
1136459.8851647042
1136364.2027732555
1136364.2027732555
1136364.2027732555
1136364.2027732555
1136364.2027732555
1135708.182612451
1135578.753327676
1135578.753327676
1135388.6099662236
1135388.6099662236
1135388.6099662236
1135388.6099662236
1135388.6099662236
1135388.6099662236
1135388.6099662236
1135267.7900163368
1134854.2280334607
1134768.5079650742
1134768.5079650742
1134768.5079650742
1134768.5079650742
1134431.4067859384
1133916.9015521286
1133413.2859488935
1132963.3070237911
1132963.3070237911
1132238.4838255108
1131901.6994097265
1131478.7778657037
1131478.7778657037
1131478.7778657037
1130752.927054606
1129785.3123178114
1129426.2895472152
1128233.6636871928
1128216.5587098151
1128216.5587098151
1128216.5587098151
1128216.5587098151
1128216.5587098151
1128182.6481444782
1128030.5919243656
1127020.7994449825
1126871.6942587777
1126457.2907001697
1126457.2907001697
1126457.2907001697
1126227.649331483
1126227.649331483
1125376.2579125038
1125376.2579125038
1124398.9218872678
1124398.9218872678
1124398.9218872678
1124398.9218872678
1123912.844794954
1123912.844794954
1123912.844794954
1123812.0537173464
1123239.3171749604
1123239.3171749604
1122814.420609992
1122108.5851920533
1122108.5851920533
1122108.5851920533
1120890.638049237
1120890.638049237
1120757.5239036055
1120699.1865170263
1120699.1865170263
1119757.3524528174
1118112.7280848608
1118112.7280848608
1118112.7280848608
1117438.8980978741
1117438.8980978741
1116989.5901740505
1116644.2124105813
1116434.9070085953
1116434.9070085953
1116434.9070085953
1116434.9070085953
1116320.5639012228
1115976.3477924392
1115799.912665687
1115383.8761570435
1115383.8761570435
1115152.2780292325
1115152.2780292325
1115134.1409007274
1115134.1409007274
1114518.815107618
1114518.815107618
1113273.3034165646
1111733.6084944422
1111595.499185457
1110306.65842858
1110090.2405234869
1110090.2405234869
1109742.926141278
1109276.1474241666
1108954.4761644395
1108033.24893296
1108033.24893296
1108033.24893296
1108033.24893296
1108033.24893296
1107465.5935396259
1107465.5935396259
1107068.8461248525
1107068.8461248525
1106552.3214658103
1106552.3214658103
1106068.722322668
1106068.722322668
1105543.8232708303
1105306.6190888952
1105306.6190888952
1105306.6190888952
1105306.6190888952
1104922.1902628643
1104922.1902628643
1104778.2533018552
1104778.2533018552
1104778.2533018552
1104480.823344917
1104480.823344917
1104480.823344917
1104469.3645364898
1104165.6963477063
1104165.6963477063
1104165.6963477063
1103563.0724601715
1102751.737416712
1102475.3383980577
1101705.9086885254
1101705.9086885254
1101377.9744239324
1100489.0686481623
1100489.0686481623
1100489.0686481623
1100489.0686481623
1100288.134670069
1099536.5478623956
1099536.5478623956
1099536.5478623956
1099536.5478623956
1098610.7150551663
1098610.7150551663
1098585.850617603
1098585.850617603
1097994.0254153437
1097385.265190034
1097254.6884938264
1097158.6759383208
1097158.6759383208
1097158.6759383208
1096903.9812787462
1096841.565882076
1096770.107067412
1096065.3113887392
1096065.3113887392
1096065.3113887392
1096065.3113887392
1095602.685044725
1095602.685044725
1095602.685044725
1095602.685044725
1095602.685044725
1095025.060492292
1094243.5865702955
1094243.5865702955
1093995.4423599255
1092935.8822815486
1092935.8822815486
1092935.8822815486
1092935.8822815486
1092377.1008582786
1092196.143739543
1092155.0760907205
1091977.3596366069
1091686.3006924386
1091686.3006924386
1090337.6844696135
1090337.6844696135
1090337.6844696135
1090306.268373
1090306.268373
1090140.6489283594
1089880.3763317284
1089880.3763317284
1089880.3763317284
1089880.3763317284
1089880.3763317284
1089880.3763317284
1089880.3763317284
1089880.3763317284
1089408.117930434
1089393.0868785996
1089047.5459073482
1089047.5459073482
1089047.5459073482
1088717.2016969428
1088717.2016969428
1088717.2016969428
1088717.2016969428
1088244.794787578
1087973.9469456973
1087973.9469456973
1087854.9129253912
1087299.3755866215
1087299.3755866215
1086752.8072161
1086752.8072161
1086625.2606193505
1086126.7618784378
1086126.7618784378
1086126.7618784378
1086074.9424534137
1086026.8672905895
1085137.0740526943
1085137.0740526943
1084860.7794112505
1084668.5164769096
1084412.9813316395
1084412.9813316395
1084412.9813316395
1084269.2216826088
1084269.2216826088
1084269.2216826088
1083646.6704905403
1083646.6704905403
1083646.6704905403
1083457.3222474656
1082809.8750919304
1081725.3270384236
1081297.7874613027
1081297.7874613027
1081297.7874613027
1081297.7874613027
1080131.5100064771
1080131.5100064771
1080131.5100064771
1080131.5100064771
1080131.5100064771
1080131.5100064771
1080131.5100064771
1079719.6772572275
1079719.6772572275
1079719.6772572275
1079719.6772572275
1078878.1112282155
1077443.2994603738
1077443.2994603738
1076194.1685951976
1076194.1685951976
1075772.3939483846
1075772.3939483846
1075070.3458573327
1074713.2229903839
1074713.2229903839
1074713.2229903839
1074713.2229903839
1074713.2229903839
1074713.2229903839
1074713.2229903839
1073760.184463936
1073760.184463936
1073579.1998997256
1073529.780735228
1073529.780735228
1073529.780735228
1073529.780735228
1073152.796667132
1073055.8495446574
1073055.8495446574
1073055.8495446574
1073055.8495446574
1072819.105266361
1072518.4644583375
1072518.4644583375
1071948.2917138468
1071856.6119062277
1071856.6119062277
1071810.587863097
1071810.587863097
1071810.587863097
1071562.4662311843
1071562.4662311843
1071520.633602819
1071444.077438882
1071354.1485842168
1071354.1485842168
1071354.1485842168
1071354.1485842168
1071354.1485842168
1071055.55207098
1071055.55207098
1071055.55207098
1070510.7365623591
1070210.4152248786
1070210.4152248786
1070059.9832165514
1070028.6596524818
1069875.4437252919
1069875.4437252919
1069875.4437252919
1069764.6726408696
1069093.5114559536
1069024.2011524942
1067730.1075797519
1067092.7333642598
1067092.7333642598
1067092.7333642598
1066559.5674985177
1066559.5674985177
1066559.5674985177
1066417.9652827093
1066417.9652827093
1066417.9652827093
1066143.3818382984
1066143.3818382984
1065524.7056157307
1065524.7056157307
1065524.7056157307
1065524.7056157307
1065374.1532220056
1065374.1532220056
1065374.1532220056
1064753.5074165333
1064726.3473720523
1064687.6366451015
1064687.6366451015
1064546.1758970409
1063753.2142611016
1063544.356766093
1063372.0808120216
1062746.1311876192
1062690.948682764
1062690.948682764
1061676.4482576223
1061676.4482576223
1061676.4482576223
1061650.3015074579
1061311.0139727625
1061311.0139727625
1061296.772324687
1061296.772324687
1061199.3534518043
1061199.3534518043
1061199.3534518043
1061199.3534518043
1061199.3534518043
1060371.6954956613
1060371.6954956613
1060371.6954956613
1060371.6954956613
1060101.3124908162
1059461.4327057605
1059461.4327057605
1059461.4327057605
1059461.4327057605
1059064.3546271618
1058721.1200001712
1058621.9824306467
1058621.9824306467
1058621.9824306467
1058403.0090333493
1058403.0090333493
1058403.0090333493
1058403.0090333493
1056824.540385348
1056824.540385348
1056756.5846723882
1056155.0911708209
1055668.6037230769
1055668.6037230769
1055668.6037230769
1055668.6037230769
1055668.6037230769
1055418.814744615
1055360.644144286
1054337.802732572
1054087.8908537219
1054087.8908537219
1053755.2383635438
1053621.5540046073
1053621.5540046073
1053621.5540046073
1053621.5540046073
1053600.866941826
1053600.866941826
1053600.866941826
1053376.7620044611
1053376.7620044611
1053219.7156599532
1053219.7156599532
1052977.3978211507
1051915.756556288
1051915.756556288
1051915.756556288
1051915.756556288
1051915.756556288
1051745.3358660836
1051745.3358660836
1051745.3358660836
1050855.5247987323
1050855.5247987323
1050855.5247987323
1050855.5247987323
1050455.7069496757
1050370.738879472
1050370.738879472
1050370.738879472
1050370.738879472
1050370.738879472
1050370.738879472
1050370.738879472
1050370.738879472
1050370.738879472
1050370.738879472
1050019.7837810214
1050019.7837810214
1050019.7837810214
1049246.912329515
1049246.912329515
1049246.912329515
1049246.912329515
1049246.912329515
1049059.2079307805
1048665.5622394462
1048665.5622394462
1048665.5622394462
1048665.5622394462
1048665.5622394462
1048491.6238384994
1048435.9504598757
1048435.9504598757
1048435.9504598757
1048435.9504598757
1048435.9504598757
1048264.359667589
1048264.359667589
1048264.359667589
1048264.359667589
1047878.6771568591
1047878.6771568591
1047824.3870405742
1046949.2133491973
1046772.5773398554
1046772.5773398554
1045170.6268090991
1045170.6268090991
1045170.6268090991
1044163.7126895436
1043990.1377025233
1043990.1377025233
1043754.5427379217
1043754.5427379217
1042745.8752684789
1042745.8752684789
1042745.8752684789
1041789.908923486
1041309.9795403284
1041246.5771159162
1041246.5771159162
1041246.5771159162
1041246.5771159162
1041153.7228840024
1041153.7228840024
1041153.7228840024
1041153.7228840024
1041153.7228840024
1041153.7228840024
1041153.7228840024
1041153.7228840024
1041153.7228840024
1041153.7228840024
1041153.7228840024
1040918.2370753873
1040763.9676521169
1040763.9676521169
1039955.9142108763
1039955.9142108763
1039955.9142108763
1039728.9669140356
1039728.9669140356
1039333.9099943043
1039333.9099943043
1039333.9099943043
1038778.988881553
1038214.6080891913
1038214.6080891913
1038214.6080891913
1038214.6080891913
1038051.2973614761
1037816.1340257099
1037816.1340257099
1036687.975561844
1036687.975561844
1036687.975561844
1036687.975561844
1036687.975561844
1036502.3729716472
1036502.3729716472
1035667.8158520783
1035667.8158520783
1035667.8158520783
1035667.8158520783
1035540.7193624275
1035540.7193624275
1035540.7193624275
1034530.482514089
1034530.482514089
1034530.482514089
1034151.3188915323
1034151.3188915323
1033891.5749665414
1033891.5749665414
1033891.5749665414
1033594.9626421384
1033557.4244967592
1033557.4244967592
1033557.4244967592
1033557.4244967592
1033480.7286510756
1033335.396793182
1033003.410343742
1032990.0713884644
1032990.0713884644
1032090.6629418081
1032090.6629418081
1032090.6629418081
1031485.0976262684
1031123.929853416
1030997.4297796044
1030997.4297796044
1030997.4297796044
1030997.4297796044
1030513.1670851611
1030513.1670851611
1030513.1670851611
1030513.1670851611
1030513.1670851611
1030513.1670851611
1030429.675538554
1030429.675538554
1030429.675538554
1029672.3223694034
1029672.3223694034
1029450.0364274771
1029450.0364274771
1029288.7592513965
1028311.2190925381
1028311.2190925381
1027972.7033612541
1027950.030088726
1027746.1361609414
1027746.1361609414
1027746.1361609414
1027317.087588211
1027317.087588211
1027194.5215711212
1027194.5215711212
1027170.0303755756
1027170.0303755756
1027170.0303755756
1027170.0303755756
1027170.0303755756
1027170.0303755756
1027170.0303755756
1026832.2875853523
1026527.4077814564
1026527.4077814564
1026244.1134044707
1025081.0727777428
1025081.0727777428
1025081.0727777428
1025081.0727777428
1025081.0727777428
1024894.1190271182
1024894.1190271182
1024894.1190271182
1024894.1190271182
1024894.1190271182
1024817.0611429792
1024817.0611429792
1024817.0611429792
1024686.7143049163
1024686.7143049163
1024686.7143049163
1023879.3676360479
1023879.3676360479
1023879.3676360479
1023879.3676360479
1023879.3676360479
1023417.8956919501
1023417.8956919501
1023417.8956919501
1023417.8956919501
1023386.1018473774
1023386.1018473774
1022260.1279781044
1022260.1279781044
1022260.1279781044
1021778.7186827696
1021636.0193677235
1021636.0193677235
1021636.0193677235
1021636.0193677235
1021457.0783728752
1021457.0783728752
1021457.0783728752
1021457.0783728752
1021457.0783728752
1020900.9223927457
1020884.7327057323
1020397.4769045901
1020274.6397213496
1020010.054443828
1019806.7259790595
1019806.7259790595
1019806.7259790595
1019806.7259790595
1019282.0205995587
1019282.0205995587
1019282.0205995587
1019282.0205995587
1019282.0205995587
1018802.7199214043
1018557.9602270796
1018352.7964488578
1018352.7964488578
1018352.7964488578
1017888.1296481249
1017404.6981071997
1017404.6981071997
1017404.6981071997
1017404.6981071997
1017404.6981071997
1017404.6981071997
1017404.6981071997
1016900.2085623681
1016480.4170919965
1016480.4170919965
1016480.4170919965
1016480.4170919965
1014957.9404671381
1014957.9404671381
1014787.7672680181
1014787.7672680181
1014787.7672680181
1014787.7672680181
1014787.7672680181
1014787.7672680181
1014787.7672680181
1014787.7672680181
1014549.7098525413
1014549.7098525413
1014549.7098525413
1014525.8266456445
1013438.4351173835
1013254.6334728198
1013254.6334728198
1013254.6334728198
1013254.6334728198
1013254.6334728198
1013254.6334728198
1013189.8033682135
1013189.8033682135
1013189.8033682135
1013189.8033682135
1013189.8033682135
1012863.2202688812
1012863.2202688812
1012863.2202688812
1012863.2202688812
1012863.2202688812
1012863.2202688812
1012863.2202688812
1012863.2202688812
1012863.2202688812
1012863.2202688812
1012821.0040679076
1012821.0040679076
1012179.1939144625
1011585.746832581
1011585.746832581
1011585.746832581
1011585.746832581
1011585.746832581
1011460.2876818657
1011158.565763933
1011158.565763933
1011141.4586421808
1011141.4586421808
1011141.4586421808
1011141.4586421808
1011141.4586421808
1011062.8655477336
1010835.3949312
1010835.3949312
1010657.0096349372
1010657.0096349372
1010657.0096349372
1010657.0096349372
1010054.5023523027
1010054.5023523027
1010054.5023523027
1010054.5023523027
1010037.1213137971
1010037.1213137971
1010037.1213137971
1009887.65916657
1009210.3343933889
1009210.3343933889
1009052.8955139787
1009052.8955139787
1009052.8955139787
1009052.8955139787
1009052.8955139787
1008754.0718229369
1008754.0718229369
1008754.0718229369
1007954.2240555827
1007954.2240555827
1007954.2240555827
1007954.2240555827
1007954.2240555827
1007915.7685024508
1007880.7017586707
1007880.7017586707
1007880.7017586707
1007599.9996585194
1007511.884466538
1007511.884466538
1006955.7353962774
1006955.7353962774
1006955.7353962774
1006526.9609120439
1006526.9609120439
1005697.1818096946
1005642.8849989967
1005642.8849989967
1005642.8849989967
1005597.9640127565
1005597.9640127565
1005374.0968518986
1005374.0968518986
1005288.9573444303
1005288.9573444303
1005288.9573444303
1005288.9573444303
1005288.9573444303
1005041.8131388552
1005041.8131388552
1004936.8142019301
1004936.8142019301
1004936.8142019301
1004625.1518161852
1004625.1518161852
1004625.1518161852
1004625.1518161852
1004625.1518161852
1004625.1518161852
1004625.1518161852
1004545.1060841491
1004545.1060841491
1004545.1060841491
1004545.1060841491
1004545.1060841491
1004545.1060841491
1004545.1060841491
1004545.1060841491
1004448.3383675627
1003718.8927437619
1003718.8927437619
1003718.8927437619
1003718.8927437619
1003718.8927437619
1002546.0172340486
1002252.4857991557
1002252.4857991557
1002097.1690215287
1000820.2358769532
1000820.2358769532
1000820.2358769532
1000543.709504027
1000543.709504027
1000543.709504027
1000543.709504027
1000543.709504027
1000543.709504027
1000543.709504027
1000393.2353848827
1000393.2353848827
1000142.6645308195
1000142.6645308195
1000142.6645308195
1000142.6645308195
1000142.6645308195
1000142.6645308195
1000142.6645308195
999833.9924660192
999563.0573619504
998640.424444516
998640.424444516
998321.6244007519
998087.3389744033
997616.218372723
997420.5227102584
997238.2983622688
997238.2983622688
997162.9356168398
996435.7626959572
996435.7626959572
996435.7626959572
995981.4213515298
995981.4213515298
995932.8066534486
995932.8066534486
995932.8066534486
995932.8066534486
995932.8066534486
995932.8066534486
995648.8425647488
995648.8425647488
995641.1807621273
995641.1807621273
995641.1807621273
995641.1807621273
995306.0856043438
995306.0856043438
995218.5669654527
995218.5669654527
995218.5669654527
995218.5669654527
994923.1301828956
994923.1301828956
994670.3529505574
994670.3529505574
994670.3529505574
994490.8882850123
994490.8882850123
994490.8882850123
994490.8882850123
994490.8882850123
994490.8882850123
994386.221688803
994386.221688803
994386.221688803
994386.221688803
994386.221688803
993848.6639136603
993848.6639136603
993848.6639136603
993845.4958978514
993845.4958978514
993551.1955653833
993551.1955653833
993348.3345572466
993165.8719540364
993165.8719540364
993165.8719540364
993010.1404285224
993010.1404285224
992886.2894592491
992886.2894592491
992886.2894592491
992886.2894592491
992886.2894592491
992206.3724431628
992206.3724431628
992206.3724431628
991506.0128181025
991278.4951485819
991278.4951485819
991278.4951485819
991184.1510634462
991184.1510634462
991184.1510634462
991184.1510634462
990796.6613153148
990796.6613153148
990796.6613153148
990791.7984166978
990791.7984166978
990770.062534441
990770.062534441
990770.062534441
990770.062534441
990770.062534441
990737.391068004
990731.3972855188
990731.3972855188
990731.3972855188
990731.3972855188
990731.3972855188
990731.3972855188
990731.3972855188
990731.3972855188
990731.3972855188
990024.7487025951
990024.7487025951
989517.214554351
989517.214554351
989407.2860031228
989246.408443115
989246.408443115
989246.408443115
989246.408443115
989246.408443115
989246.408443115
989246.408443115
988598.0732010355
988598.0732010355
988598.0732010355
988467.1444641063
988467.1444641063
988467.1444641063
988467.1444641063
988467.1444641063
987710.5472878569
987710.5472878569
987710.5472878569
987552.3383651956
987552.3383651956
987552.3383651956
987552.3383651956
986994.8676441305
986407.8135763272
986407.8135763272
986264.0639955748
986264.0639955748
986168.8086168675
985722.0166826037
984723.869311215
984529.5901941305
984529.5901941305
984529.5901941305
984529.5901941305
984186.2651321506
984186.2651321506
984186.2651321506
984186.2651321506
984186.2651321506
984186.2651321506
984186.2651321506
984186.2651321506
984126.3833378166
983929.2212401163
983888.9953286408
983888.9953286408
983888.9953286408
983888.9953286408
983888.9953286408
983878.7703930398
983633.0503222028
983633.0503222028
983602.2725590363
983602.2725590363
983373.6613884508
983373.6613884508
983373.6613884508
983373.6613884508
983371.2363024503
983114.0295006316
983114.0295006316
983114.0295006316
983114.0295006316
983114.0295006316
983017.2580155231
983017.2580155231
983017.2580155231
983017.2580155231
983017.2580155231
982666.5386201611
981692.7829099231
981692.7829099231
981692.7829099231
981692.7829099231
981692.7829099231
981692.7829099231
981692.7829099231
981463.1686046518
981463.1686046518
981463.1686046518
981463.1686046518
981463.1686046518
981463.1686046518
981463.1686046518
981454.8771633048
981454.8771633048
981150.2338532226
981150.2338532226
980305.7964442391
980305.7964442391
980305.7964442391
980305.7964442391
980305.7964442391
980305.7964442391
979212.4712116546
979212.4712116546
979212.4712116546
979212.4712116546
979212.4712116546
978875.0648292464
978247.5871498073
978247.5871498073
978247.5871498073
977913.0784249152
977913.0784249152
977913.0784249152
977913.0784249152
977913.0784249152
977913.0784249152
977913.0784249152
977913.0784249152
977913.0784249152
977913.0784249152
977913.0784249152
977742.4038283523
977742.4038283523
977742.4038283523
977742.4038283523
977321.447841811
977321.447841811
977321.447841811
977321.447841811
977321.447841811
977321.447841811
977230.9553229174
977102.117134214
977102.117134214
977102.117134214
977003.6199180966
976643.0786777869
976643.0786777869
976643.0786777869
976643.0786777869
976643.0786777869
976643.0786777869
976348.7082493417
976348.7082493417
976348.7082493417
976253.9956610407
976253.9956610407
976253.9956610407
976253.9956610407
976253.9956610407
976253.9956610407
975834.1113016735
975834.1113016735
975460.2585542878
975460.2585542878
975341.2703978522
975341.2703978522
975341.2703978522
975341.2703978522
975341.2703978522
974301.7203858491
974301.7203858491
973910.624171471
973910.624171471
973910.624171471
973910.624171471
973364.0158850348
973364.0158850348
973364.0158850348
973364.0158850348
972330.0793293642
972330.0793293642
972330.0793293642
972330.0793293642
972240.4425244652
972240.4425244652
972240.4425244652
972240.4425244652
972240.4425244652
972240.4425244652
972240.4425244652
972240.4425244652
972240.4425244652
972240.4425244652
972240.4425244652
972240.4425244652
972031.0858734077
972031.0858734077
972031.0858734077
972031.0858734077
972031.0858734077
972031.0858734077
972031.0858734077
972031.0858734077
972031.0858734077
972031.0858734077
972031.0858734077
972031.0858734077
972031.0858734077
972031.0858734077
972031.0858734077
972031.0858734077
972031.0858734077
971992.3868202867
971992.3868202867
971992.3868202867
971992.3868202867
971992.3868202867
971471.5282116161
971172.6161345866
971172.6161345866
971172.6161345866
971172.6161345866
971172.6161345866
970619.211056219
970475.7818542463
970475.7818542463
970475.7818542463
969370.4484317044
969347.1822011184
968904.439145312
968904.439145312
968361.3065512284
967474.6753460024
967474.6753460024
967474.6753460024
967474.6753460024
967474.6753460024
967474.6753460024
967474.6753460024
967112.1370322085
966879.8503756209
966879.8503756209
966879.8503756209
966879.8503756209
966879.8503756209
966879.8503756209
966879.8503756209
966354.93114105
966354.93114105
966354.93114105
966354.93114105
966354.93114105
966354.93114105
966329.9692952714
966329.9692952714
966065.812478665
966065.812478665
966024.7909290827
965933.4844527442
965933.4844527442
965899.1728623373
965899.1728623373
965470.4378651935
964928.7280298135
964928.7280298135
964928.7280298135
964903.4959550775
964903.4959550775
964903.4959550775
964903.4959550775
964903.4959550775
963831.347927276
963831.347927276
963831.347927276
963831.347927276
963831.347927276
963831.347927276
963831.347927276
963831.8567782687
963718.2767203613
963718.2767203613
963718.2767203613
963668.94664403
963668.94664403
963668.94664403
963668.94664403
963208.8885171697
963119.2751249871
963119.2751249871
963119.2751249871
963119.2751249871
962743.5204003223
962743.5204003223
962743.5204003223
962743.5204003223
962471.9126331271
962471.9126331271
962471.9126331271
962471.9126331271
962471.9126331271
962251.2485496595
962097.1185687094
960979.0316690509
959976.4088309464
959976.4088309464
959976.4088309464
959959.334807271
959959.334807271
959959.334807271
959738.0291078268
959323.5722616978
959323.5722616978
959323.5722616978
959323.5722616978
959323.5722616978
959323.5722616978
958991.6430258281
958991.6430258281
958991.6430258281
958991.6430258281
958991.6430258281
958991.6430258281
958991.6430258281
958607.7234933183
958607.7234933183
958607.7234933183
958607.7234933183
958607.7234933183
958607.7234933183
958304.8223475016
958304.8223475016
958304.8223475016
958304.8223475016
958304.8223475016
958259.4227573251
958259.4227573251
958259.4227573251
958259.4227573251
958259.4227573251
958259.4227573251
958140.6288535125
958140.6288535125
958140.6288535125
957857.8562647802
957857.8562647802
957857.8562647802
957857.8562647802
957857.8562647802
957857.8562647802
957857.8562647802
957268.5543425018
957268.5543425018
956932.1206168422
956932.1206168422
956932.1206168422
956932.1206168422
956882.6548662905
956882.6548662905
956882.6548662905
956623.9263063475
956533.5296051815
956533.5296051815
956533.5296051815
956533.5296051815
956533.5296051815
956533.5296051815
956533.5296051815
956533.5296051815
956424.2728382754
956424.2728382754
956424.2728382754
956424.2728382754
956424.2728382754
956424.2728382754
956424.2728382754
956132.64844429
956132.64844429
956132.64844429
956132.64844429
956132.64844429
956132.64844429
956132.64844429
956132.64844429
956132.64844429
956132.64844429
955738.4540638006
955738.4540638006
955738.4540638006
955552.2253112607
955552.2253112607
955541.9309249504
955541.9309249504
955541.9309249504
955365.2803539804
955365.2803539804
955365.2803539804
955365.2803539804
955365.2803539804
955154.8171968716
955154.8171968716
955135.3462696304
955135.3462696304
955135.3462696304
955135.3462696304
955135.3462696304
955135.3462696304
955135.3462696304
955135.3462696304
955135.3462696304
954899.5227953702
954768.2693071166
954594.2496879535
954594.2496879535
954564.9935874538
954369.4609879581
954369.4609879581
954369.4609879581
954369.4609879581
954369.4609879581
954369.4609879581
954369.4609879581
954068.0817694846
953733.2670512744
953733.2670512744
953733.2670512744
953733.2670512744
953733.2670512744
953733.2670512744
953733.2670512744
953733.2670512744
953733.2670512744
953733.2670512744
953733.2670512744
953733.2670512744
953733.2670512744
953733.2670512744
953451.4903682261
953042.8862149266
953042.8862149266
953042.8862149266
953042.8862149266
952987.6795554484
952987.6795554484
952867.3147429309
952867.3147429309
952867.3147429309
952867.3147429309
952867.3147429309
952867.3147429309
952867.3147429309
952867.3147429309
952437.8788123379
952105.4006495515
952105.4006495515
951816.6924803356
951816.6924803356
951816.6924803356
951816.6924803356
951816.6924803356
951816.6924803356
951816.6924803356
951816.6924803356
951816.6924803356
951816.6924803356
951426.5801558351
951426.5801558351
951426.5801558351
951426.5801558351
951426.5801558351
951399.6972669852
951399.6972669852
951399.6972669852
951399.6972669852
950673.9310909538
950618.4387741955
950618.4387741955
950000.1474876816
949562.1371398347
949562.1371398347
949551.9394066188
949551.9394066188
949551.9394066188
949551.9394066188
949551.9394066188
949275.802262946
949275.802262946
949275.802262946
949275.802262946
948365.6150580226
948365.6150580226
948365.6150580226
948312.6520533796
948312.6520533796
948312.6520533796
948312.6520533796
948312.6520533796
948312.6520533796
948312.6520533796
948103.4455006791
948103.4455006791
947706.4530124129
947706.4530124129
947706.4530124129
947706.4530124129
947558.8446918302
946816.0280853205
946816.0280853205
946816.0280853205
946816.0280853205
946816.0280853205
946751.2743011578
946630.3254550949
946630.3254550949
946630.3254550949
946630.3254550949
945942.1886027851
945942.1886027851
945942.1886027851
945942.1886027851
945942.1886027851
945942.1886027851
945942.1886027851
945942.1886027851
945569.5974198221
945569.5974198221
945569.5974198221
945569.5974198221
945569.5974198221
945543.233228364
945543.233228364
945543.233228364
945298.0270740603
945298.0270740603
945298.0270740603
945298.0270740603
945132.8594613834
945132.8594613834
945132.8594613834
945132.8594613834
945132.8594613834
944864.0971549114
944864.0971549114
944864.0971549114
944698.0920919706
944698.0920919706
944698.0920919706
944511.3309621137
944511.3309621137
944511.3309621137
944511.3309621137
944511.3309621137
944511.3309621137
944511.3309621137
944511.3309621137
944511.3309621137
944511.3309621137
944511.3309621137
944511.3309621137
944511.3309621137
944511.3309621137
944511.3309621137
944511.3309621137
943476.4665307929
943476.4665307929
943476.4665307929
943476.4665307929
943476.4665307929
943411.4007588185
943411.4007588185
943411.4007588185
943330.6055411892
943330.6055411892
943330.6055411892
943330.6055411892
943330.6055411892
943330.6055411892
943307.8602586782
943307.8602586782
943307.8602586782
943197.4045989034
943112.980575994
943112.980575994
943112.980575994
943112.980575994
942948.5711177604
942948.5711177604
942948.5711177604
942948.5711177604
942796.6326462261
942796.6326462261
942217.0117713636
942217.0117713636
941424.0844860814
941424.0844860814
941424.0844860814
941424.0844860814
941424.0844860814
941424.0844860814
941382.0147021252
940788.2236456856
940788.2236456856
940364.252905542
940364.252905542
940364.252905542
940364.252905542
940364.252905542
940364.252905542
940364.252905542
940364.252905542
940364.252905542
940364.252905542
939777.6359763658
939777.6359763658
939777.6359763658
939777.6359763658
939777.6359763658
939777.6359763658
939770.0727751967
939770.0727751967
939708.6915084133
939642.1827901899
939642.1827901899
939642.1827901899
939271.7085653166
939271.7085653166
938903.3557215808
938856.8703139641
938856.8703139641
938856.8703139641
938856.8703139641
937871.8087455479
937847.5845662786
937847.5845662786
937847.5845662786
937847.5845662786
937716.5704584486
936785.5492481533
936785.5492481533
936785.5492481533
936785.5492481533
936389.8812139926
936389.8812139926
936259.2766836695
936259.2766836695
936259.2766836695
936259.2766836695
936259.2766836695
936259.2766836695
935800.2986300805
935769.4368071427
935769.4368071427
935769.4368071427
935769.4368071427
935769.4368071427
935769.4368071427
935769.4368071427
935430.448163494
935430.448163494
935430.448163494
935430.448163494
935430.448163494
935430.448163494
935430.448163494
935430.448163494
935430.448163494
935430.448163494
935430.448163494
935430.448163494
935430.448163494
935430.448163494
935430.448163494
935430.448163494
935430.448163494
935430.448163494
935430.448163494
934715.9556791295
934651.6978693968
934651.6978693968
934651.6978693968
934651.6978693968
934651.6978693968
934077.2047745564
933535.2191432576
933535.4922608605
933535.4922608605
933535.4922608605
933535.4922608605
933535.4922608605
933535.4922608605
933535.4922608605
933535.4922608605
933535.4922608605
933535.4922608605
933520.6271237714
933520.6271237714
933191.2484159828
933191.2484159828
932898.2080871677
932784.6431689789
932784.6431689789
932784.6431689789
932784.6431689789
932746.5122191792
932746.5122191792
932746.5122191792
932746.5122191792
932746.5122191792
932746.5122191792
932746.5122191792
932746.5122191792
932746.5122191792
932746.5122191792
932746.5122191792
932746.5122191792
932746.5122191792
932746.5122191792
932746.5122191792
932616.993095512
932616.993095512
932616.993095512
932541.9484190629
932429.0716297455
932429.0716297455
932429.0716297455
932350.4653519525
931996.425142809
931802.4496618627
931354.4645015663
931354.4645015663
930246.8459203038
930246.8459203038
930246.8459203038
930246.8459203038
930246.8459203038
930246.8459203038
930246.8459203038
930246.8459203038
930246.8459203038
930246.8459203038
930216.128606632
930216.128606632
930216.128606632
930216.128606632
930216.128606632
930216.128606632
929989.059268401
929986.852420106
929986.852420106
929871.9563810194
929871.9563810194
929677.2804701889
929518.3263092854
928955.7797230376
928743.4218297757
928743.4218297757
928743.4218297757
928743.4218297757
928743.4218297757
928554.4632909892
928554.4632909892
928554.4632909892
928554.4632909892
928554.4632909892
928305.67085667
927975.754036352
927975.754036352
927975.754036352
927975.754036352
927975.754036352
927975.754036352
927737.4123108299
927737.4123108299
927737.4123108299
927736.0373438351
927736.0373438351
927736.0373438351
927736.0373438351
927641.7980990829
927641.7980990829
927641.7980990829
927304.1739563933
927304.1739563933
927173.6067989316
927173.6067989316
927075.6637737526
926344.121856805
925834.2041267806
925834.2041267806
925834.2041267806
925834.2041267806
925834.2041267806
925834.2041267806
925583.6292649817
925583.6292649817
925583.6292649817
925583.6292649817
925583.6292649817
925583.6292649817
925583.6292649817
925409.2966819328
925409.2966819328
925409.2966819328
925409.2966819328
925409.2966819328
925409.2966819328
925409.2966819328
925409.2966819328
925409.2966819328
925409.2966819328
925409.2966819328
925409.2966819328
925409.2966819328
925409.2966819328
925409.2966819328
925409.2966819328
925409.2966819328
925409.2966819328
925409.2966819328
925409.2966819328
925281.7774745983
925281.7774745983
925281.7774745983
925281.7774745983
925281.7774745983
925281.7774745983
925250.774936584
925250.774936584
925250.774936584
925138.3130333486
925111.9963126815
925111.9963126815
925111.9963126815
925111.9963126815
925111.9963126815
925111.9963126815
925111.9963126815
925111.9963126815
925111.9963126815
925111.9963126815
925111.9963126815
925111.9963126815
925005.7943061659
925005.7943061659
925005.7943061659
925005.7943061659
924887.4802372467
924887.4802372467
924887.4802372467
924887.4802372467
924887.4802372467
924887.4802372467
924887.4802372467
924887.4802372467
924494.2408887312
924494.2408887312
924494.2408887312
924494.2408887312
924494.2408887312
924494.2408887312
924494.2408887312
924494.2408887312
924494.2408887312
924494.2408887312
924494.2408887312
924494.2408887312
924494.2408887312
923541.2149321291
922583.9249048843
922583.9249048843
922583.9249048843
922583.9249048843
922583.9249048843
922583.9249048843
922583.9249048843
922583.9249048843
922583.9249048843
922583.9249048843
922287.3731912836
922287.3731912836
922287.3731912836
922287.3731912836
922287.3731912836
922287.3731912836
922287.3731912836
922102.3580703776
922102.3580703776
922102.3580703776
922102.3580703776
922102.3580703776
922102.3580703776
922102.3580703776
922102.3580703776
922102.3580703776
922102.3580703776
922102.3580703776
922102.3580703776
922102.3580703776
922102.3580703776
922102.3580703776
922102.3580703776
922102.3580703776
922102.3580703776
922102.3580703776
922102.3580703776
922102.3580703776
922102.3580703776
922102.3580703776
922102.3580703776
922102.3580703776
922102.3580703776
922102.3580703776
922102.3580703776
922102.3580703776
922102.3580703776
922008.5734423862
921959.8871801104
921959.8871801104
921959.8871801104
921959.8871801104
921757.2265279985
921757.2265279985
921757.2265279985
921757.2265279985
921757.2265279985
921602.0858109407
921602.0858109407
921602.0858109407
921237.4042901385
921237.4042901385
921157.0776833214
921157.0776833214
921157.0776833214
921107.1249514753
921107.1249514753
921107.1249514753
921107.1249514753
920211.5174541654
920211.5174541654
920211.5174541654
920211.5174541654
920211.5174541654
920211.5174541654
920211.5174541654
920211.5174541654
920211.5174541654
920211.5174541654
920211.5174541654
920211.5174541654
920211.5174541654
920211.5174541654
920211.5174541654
920211.5174541654
920211.5174541654
919445.3158418554
919445.3158418554
919154.2151597987
918729.5943724666
918729.5943724666
918729.5943724666
918729.5943724666
918729.5943724666
918729.5943724666
918729.5943724666
918729.5943724666
918729.5943724666
918729.5943724666
918729.5943724666
918729.5943724666
918153.1336076406
918153.1336076406
918153.1336076406
918153.1336076406
917951.4950334064
917951.4950334064
917951.4950334064
917351.4528103266
917351.4528103266
917351.4528103266
917351.4528103266
917351.4528103266
916426.6317593483
916274.4346976255
916274.4346976255
916274.4346976255
916274.4346976255
916274.4346976255
916274.4346976255
916274.4346976255
916031.0628601883
915490.014368113
915311.8328725998
915311.8328725998
915311.8328725998
915311.8328725998
915311.8328725998
915311.8328725998
915311.8328725998
915126.7533588975
915126.7533588975
915126.7533588975
915126.7533588975
915126.7533588975
915126.7533588975
915126.7533588975
914773.4339621969
914773.4339621969
914773.4339621969
914773.4339621969
914773.4339621969
914773.4339621969
914773.4339621969
914773.4339621969
914773.4339621969
914515.787642051
914515.787642051
914466.5810252859
914466.5810252859
914466.5810252859
914466.5810252859
914466.5810252859
913900.1767430557
913900.1767430557
913900.1767430557
913900.1767430557
913873.212134809
913873.212134809
913873.212134809
913786.7705206722
913786.7705206722
913786.7705206722
913786.7705206722
913786.7705206722
913786.7705206722
913786.7705206722
913786.7705206722
913786.7705206722
913786.7705206722
913786.7705206722
913740.1890628845
913740.1890628845
913740.1890628845
913740.1890628845
913740.1890628845
913740.1890628845
913740.1890628845
913740.1890628845
913740.1890628845
913740.1890628845
913715.6891145348
913715.6891145348
913199.5692433119
913170.233139934
912584.8159102022
912584.8159102022
912584.8159102022
912584.8159102022
912584.8159102022
912584.8159102022
912584.8159102022
912584.8159102022
912584.8159102022
912584.8159102022
912584.8159102022
912584.8159102022
912584.8159102022
912584.8159102022
912278.633974202
912278.633974202
911853.8928678213
911767.2944638603
911767.2944638603
911767.2944638603
911767.2944638603
911767.2944638603
911767.2944638603
911767.2944638603
911767.2944638603
911767.2944638603
911767.2944638603
911767.2944638603
911662.3151490419
911662.3151490419
911441.7237005462
911180.5159427912
911180.5159427912
910703.6226126783
910703.6226126783
910703.6226126783
910703.6226126783
910703.6226126783
910703.6226126783
910544.8418901167
910544.8418901167
910332.6204709844
910332.6204709844
910332.6204709844
910332.6204709844
910332.6204709844
910332.6204709844
910290.2890180312
910290.2890180312
910290.2890180312
909092.5235885064
909092.5235885064
909092.5235885064
909092.5235885064
909092.5235885064
909092.5235885064
909092.5235885064
909092.5235885064
909092.5235885064
909092.5235885064
909092.5235885064
909092.5235885064
909092.5235885064
909092.5235885064
909092.5235885064
909092.5235885064
909092.5235885064
909092.5235885064
909092.5235885064
909092.5235885064
909092.5235885064
909092.5235885064
909092.5235885064
909092.5235885064
909092.5235885064
909092.5235885064
908762.4899389292
908443.6872697221
908443.6872697221
908443.6872697221
908443.6872697221
908443.6872697221
908443.6872697221
908443.6872697221
908443.6872697221
908253.5971678961
908253.5971678961
908253.5971678961
908253.5971678961
908253.5971678961
908253.5971678961
908253.5971678961
908253.5971678961
908253.5971678961
908253.5971678961
908253.5971678961
908253.5971678961
908253.5971678961
908253.5971678961
907670.7879877648
907670.7879877648
907670.7879877648
907670.7879877648
907670.7879877648
907670.7879877648
907144.142387577
907144.142387577
906955.067193277
906955.067193277
906955.067193277
906955.067193277
905943.4229951196
905943.4229951196
904845.1467602133
904815.3061378975
904815.3061378975
904815.3061378975
904546.7793846326
904546.7793846326
904246.1741929511
903912.1797529326
903608.942713448
903608.942713448
903608.942713448
903608.942713448
903608.942713448
903608.942713448
903608.942713448
903608.942713448
903608.942713448
903608.942713448
903608.942713448
903608.942713448
903608.942713448
903608.942713448
903608.942713448
903608.942713448
903608.942713448
903608.942713448
903535.7526882044
903440.5306405135
903440.5306405135
903440.5306405135
903440.5306405135
903440.5306405135
903440.5306405135
903440.5306405135
903137.8024235916
903137.8024235916
903137.8024235916
903137.8024235916
903137.8024235916
903137.8024235916
903137.8024235916
903137.8024235916
902916.6035934505
902916.6035934505
902867.7048096616
902867.7048096616
902867.7048096616
902867.7048096616
902867.7048096616
902867.7048096616
902867.7048096616
902867.7048096616
902587.7442453906
902587.7442453906
902587.7442453906
902587.7442453906
902587.7442453906
902195.0709698729
902195.0709698729
902195.0709698729
902195.0709698729
902195.0709698729
902195.0709698729
902195.0709698729
902195.0709698729
902195.0709698729
902195.0709698729
902195.0709698729
902195.0709698729
902110.3846954197
902110.3846954197
902110.3846954197
901720.1733078929
901720.1733078929
901720.1733078929
901720.1733078929
901720.1733078929
901483.0109785798
901042.6448696447
900158.5722919798
900158.5722919798
900158.5722919798
899980.027522617
899980.027522617
899980.027522617
899980.027522617
899980.027522617
899980.027522617
899980.027522617
899980.027522617
899980.027522617
899980.027522617
899980.027522617
899980.027522617
899980.027522617
899980.027522617
899980.027522617
899980.027522617
899980.027522617
899980.027522617
899980.027522617
899965.8879626303
899965.8879626303
899965.8879626303
899965.8879626303
899965.8879626303
899965.8879626303
899851.6132370839
899851.6132370839
899851.6132370839
899851.6132370839
899851.6132370839
899851.6132370839
899851.6132370839
899851.6132370839
899851.6132370839
899851.6132370839
899062.8203376767
899036.6022327268
899036.6022327268
899036.6022327268
899036.6022327268
899036.6022327268
899036.6022327268
899036.6022327268
899036.6022327268
899036.6022327268
899036.6022327268
899036.6022327268
899036.6022327268
899036.6022327268
899036.6022327268
899036.6022327268
899036.6022327268
899036.6022327268
899036.6022327268
899036.6022327268
899028.8869732295
899028.8869732295
899028.8869732295
899028.8869732295
898694.2896369416
898160.7587118554
898160.7587118554
898160.7587118554
898160.7587118554
898160.7587118554
898160.7587118554
898160.7587118554
898160.7587118554
898160.7587118554
898160.7587118554
898160.7587118554
897874.2293346329
897874.2293346329
897874.2293346329
897874.2293346329
897874.2293346329
897874.2293346329
897674.4324945606
897674.4324945606
897674.4324945606
897674.4324945606
897674.4324945606
896874.4088212457
896874.4088212457
896874.4088212457
896874.4088212457
896874.4088212457
896874.4088212457
896874.4088212457
896874.4088212457
896874.4088212457
896874.4088212457
896874.4088212457
896874.4088212457
896874.4088212457
896874.4088212457
896674.9128820363
896674.9128820363
896674.9128820363
896674.9128820363
896529.9103646211
896529.9103646211
896529.9103646211
896529.9103646211
895952.7720557174
895848.2202475179
895848.2202475179
895848.2202475179
895848.2202475179
895848.2202475179
895848.2202475179
895848.2202475179
895652.225980207
895432.6162112739
895432.6162112739
895135.7473418352
895135.7473418352
895135.7473418352
895135.7473418352
895135.7473418352
895135.7473418352
895135.7473418352
895135.7473418352
893924.8151043428
893924.8151043428
893924.8151043428
893924.8151043428
893924.8151043428
893924.8151043428
893924.8151043428
893924.8151043428
893924.8151043428
893832.0606428161
893392.5341030818
893392.5341030818
893392.5341030818
893392.5341030818
893392.5341030818
893392.5341030818
893392.5341030818
893392.5341030818
893205.9921467807
893205.9921467807
893205.9921467807
893205.9921467807
892878.9102928028
892878.9102928028
892878.9102928028
892878.9102928028
892878.9102928028
892878.9102928028
892878.9102928028
892878.9102928028
892878.9102928028
892878.9102928028
892878.9102928028
892878.9102928028
892878.9102928028
892878.9102928028
892878.9102928028
892849.4598050908
892647.7109720246
892380.5621232613
891935.2906876391
891935.2906876391
891935.2906876391
891935.2906876391
891880.3419279701
891880.3419279701
891880.3419279701
891880.3419279701
891880.3419279701
891880.3419279701
891880.3419279701
891880.3419279701
891880.3419279701
891880.3419279701
891880.3419279701
891880.3419279701
891880.3419279701
891880.3419279701
891880.3419279701
891880.6842936582
891880.6842936582
891880.6842936582
891880.6842936582
891880.6842936582
891672.6995256844
891672.6995256844
891417.2692237635
891358.8084654243
891358.8084654243
891358.8084654243
891358.8084654243
891273.9631494496
891273.9631494496
891273.9631494496
891273.9631494496
891273.9631494496
891273.9631494496
891273.9631494496
891273.9631494496
891052.051752574
891052.051752574
891052.051752574
890979.3709848322
890979.3709848322
890979.3709848322
890243.5918199476
890243.5918199476
890243.5918199476
890243.5918199476
890243.5918199476
890243.5918199476
889716.6301166466
889716.6301166466
889716.6301166466
889716.6301166466
889716.6301166466
889716.6301166466
889006.7543640165
889006.7543640165
889006.7543640165
889006.7543640165
888758.674846934
888758.674846934
888758.674846934
888274.2838917344
888274.2838917344
888274.2838917344
888274.2838917344
888274.2838917344
888274.2838917344
888206.0640588945
888206.0640588945
888206.0640588945
888206.0640588945
888206.0640588945
888206.0640588945
888206.0640588945
888206.0640588945
888206.0640588945
888206.0640588945
888206.0640588945
888206.0640588945
888206.0640588945
887656.9081765166
887656.9081765166
887656.9081765166
887656.9081765166
887656.9081765166
887656.9081765166
887656.9081765166
887656.9081765166
887656.9081765166
887271.9317546089
887271.9317546089
887271.9317546089
887271.9317546089
887271.9317546089
887271.9317546089
887271.9317546089
887271.9317546089
887253.0201312096
887253.0201312096
887253.0201312096
887253.0201312096
887253.0201312096
887253.0201312096
887253.0201312096
887253.0201312096
887019.9784271158
887019.9784271158
887019.9784271158
887019.9784271158
887019.9784271158
887019.9784271158
886476.842695382
886476.842695382
886075.9312483125
886075.9312483125
886075.9312483125
885726.1377045247
885726.1377045247
885726.1377045247
885726.1377045247
885726.1377045247
885726.1377045247
885726.1377045247
885726.1377045247
885726.1377045247
885726.1377045247
885726.1377045247
885726.1377045247
885726.1377045247
885726.1377045247
885726.1377045247
885726.1377045247
885726.1377045247
885726.1377045247
885726.1377045247
885726.1377045247
885726.1377045247
885726.1377045247
885726.1377045247
885726.1377045247
885726.1377045247
885726.1377045247
885726.1377045247
885726.1377045247
885726.1377045247
885726.1377045247
885691.6107784761
885691.6107784761
885691.6107784761
885691.6107784761
885691.6107784761
885691.6107784761
885691.6107784761
885691.6107784761
885654.8253124089
885654.8253124089
885654.8253124089
885654.8253124089
885654.8253124089
885654.8253124089
885654.8253124089
885654.8253124089
885654.8253124089
885654.8253124089
885654.8253124089
885654.8253124089
885654.8253124089
885654.8253124089
885654.8253124089
885654.8253124089
885654.8253124089
885654.8253124089
885654.8253124089
885088.6723520479
885088.6723520479
885088.6723520479
885088.6723520479
884907.2058826463
884907.2058826463
884907.2058826463
884907.2058826463
884907.2058826463
884907.2058826463
884907.2058826463
884907.2058826463
884907.2058826463
884907.2058826463
884907.2058826463
884793.7513143399
884793.7513143399
884405.5365838106
884331.253902777
884331.253902777
884331.253902777
884276.6711600302
884276.6711600302
884276.6711600302
884276.6711600302
884276.6711600302
884276.6711600302
883473.1177286233
883473.1177286233
883473.1177286233
883473.1177286233
883450.3194807868
883450.3194807868
883450.3194807868
882953.5601266611
882953.5601266611
882953.5601266611
882842.3957500509
882842.3957500509
882842.3957500509
882842.3957500509
882842.3957500509
882357.0147803568
882357.0147803568
882357.0147803568
882357.0147803568
882202.1180270682
882202.1180270682
882202.1180270682
882202.1180270682
882202.1180270682
882202.1180270682
882202.1180270682
882202.1180270682
882202.1180270682
882202.1180270682
882202.1180270682
882202.1180270682
882202.1180270682
882202.1180270682
882202.1180270682
882202.1180270682
882070.761016184
882070.761016184
882070.761016184
881537.6702060984
881338.4369392246
881338.4369392246
881338.4369392246
881338.4369392246
881338.4369392246
881338.4369392246
881338.4369392246
881338.4369392246
881338.4369392246
881338.4369392246
881338.4369392246
881338.4369392246
881338.4369392246
881338.4369392246
881338.4369392246
881338.4369392246
881338.4369392246
881338.4369392246
881338.4369392246
881338.4369392246
881338.4369392246
881338.4369392246
880681.6271265936
880681.6271265936
880681.6271265936
880681.6271265936
880681.6271265936
880658.0274996583
880658.0274996583
880658.0274996583
880658.0274996583
880325.6702547506
880325.6702547506
880325.6702547506
880325.6702547506
880297.7620612055
880297.7620612055
879277.6788200045
879277.6788200045
879277.6788200045
879148.7063922147
878727.0261652012
878727.0261652012
878727.0261652012
878727.0261652012
878727.0261652012
878727.0261652012
878727.0261652012
878727.0261652012
877720.6083946737
877633.0597934831
877633.0597934831
877633.0597934831
877633.0597934831
877633.0597934831
877633.0597934831
877633.0597934831
877633.0597934831
877633.0597934831
877317.4411250453
877317.4411250453
877317.4411250453
877317.4411250453
877317.4411250453
877146.6860613475
877146.6860613475
877146.6860613475
877146.6860613475
876870.2580510023
876870.2580510023
876870.2580510023
876870.2580510023
876870.2580510023
876870.2580510023
876870.2580510023
876870.2580510023
876870.2580510023
876870.2580510023
876870.2580510023
876870.2580510023
876870.2580510023
876870.2580510023
876870.2580510023
876870.2580510023
876790.4263549909
876790.4263549909
876790.4263549909
876790.4263549909
876790.4263549909
876636.8519566029
876636.8519566029
876636.8519566029
876636.8519566029
876636.8519566029
876636.8519566029
876636.8519566029
876636.8519566029
876636.8519566029
876269.5635532676
876269.5635532676
876269.5635532676
876269.5635532676
876269.5635532676
876269.5635532676
876269.5635532676
876269.5635532676
876269.5635532676
876269.5635532676
876269.5635532676
876269.5635532676
876269.5635532676
876269.5635532676
876215.6229128877
876215.6229128877
876215.6229128877
876215.6229128877
876215.6229128877
876153.0192698248
875950.52814972
875950.52814972
875950.52814972
875950.52814972
875950.52814972
875950.52814972
875950.52814972
875950.52814972
875202.2136930135
875202.2136930135
875164.2697898282
875164.2697898282
874557.9702249612
874557.9702249612
874557.9702249612
874557.9702249612
874477.9888034125
874477.9888034125
874477.9888034125
874477.9888034125
874477.9888034125
874477.9888034125
874477.9888034125
874432.3695494296
874432.3695494296
874432.3695494296
874432.3695494296
874432.3695494296
874432.3695494296
874432.3695494296
874309.2349280643
874309.2349280643
874309.2349280643
874309.2349280643
874309.2349280643
874309.2349280643
874309.2349280643
874309.2349280643
874309.2349280643
874138.4281662556
874138.4281662556
874138.4281662556
874138.4281662556
874138.4281662556
874138.4281662556
874138.4281662556
874138.4281662556
874138.4281662556
874138.4281662556
874138.4281662556
874138.4281662556
874138.4281662556
874138.4281662556
874138.4281662556
874138.4281662556
874114.9673387683
873636.9226706252
873636.9226706252
873636.9226706252
873636.9226706252
873636.9226706252
873590.3303682981
873590.3303682981
873590.3303682981
873590.3303682981
873590.3303682981
873590.3303682981
873202.6898962477
873202.6898962477
873202.6898962477
873033.0252192067
873033.0252192067
873033.0252192067
873033.0252192067
873033.0252192067
873033.0252192067
873033.0252192067
873033.0252192067
873033.0252192067
873033.0252192067
873033.0252192067
873033.0252192067
873033.0252192067
873033.0252192067
873033.0252192067
873033.0252192067
873033.0252192067
873033.0252192067
873033.0252192067
873033.0252192067
873033.0252192067
873033.0252192067
872975.8896368772
872975.8896368772
872975.8896368772
872975.8896368772
872975.8896368772
872975.8896368772
872947.294119098
872947.294119098
872947.294119098
872589.1656544439
872589.1656544439
872589.1656544439
872589.1656544439
872589.1656544439
872589.1656544439
872589.1656544439
872589.1656544439
872589.1656544439
872589.1656544439
872589.1656544439
872589.1656544439
872428.161701246
872428.161701246
872428.161701246
872428.161701246
872428.161701246
872428.161701246
872428.161701246
872428.161701246
872428.161701246
871873.5268694648
871873.5268694648
871873.5268694648
871873.5268694648
871493.6252754743
871493.6252754743
871194.5442038534
871194.5442038534
870684.9534589327
870684.9534589327
870684.9534589327
870684.9534589327
870684.9534589327
870684.9534589327
870684.9534589327
870684.9534589327
870684.9534589327
870684.9534589327
870684.9534589327
870684.9534589327
869888.9461599784
869888.9461599784
869888.9461599784
869888.9461599784
869888.9461599784
869888.9461599784
869644.3878846692
869644.3878846692
869644.3878846692
869644.3878846692
869644.3878846692
869644.3878846692
869644.3878846692
869644.3878846692
869644.3878846692
869644.3878846692
869644.3878846692
869644.3878846692
869644.3878846692
869644.3878846692
869644.3878846692
869644.3878846692
869644.3878846692
869644.3878846692
869644.3878846692
868551.1376129084
868551.1376129084
868551.1376129084
867994.7648729983
867994.7648729983
867994.7648729983
867719.8799519981
867719.8799519981
867719.8799519981
867719.8799519981
867719.8799519981
867719.8799519981
867719.8799519981
867719.8799519981
867719.8799519981
867719.8799519981
867719.8799519981
867719.8799519981
867719.8799519981
867433.1640578412
867068.746103555
867068.746103555
867068.746103555
867068.746103555
867068.746103555
867068.746103555
867068.746103555
867068.746103555
867068.746103555
866991.8845569969
866510.3730267903
866510.3730267903
866510.3730267903
866510.3730267903
866510.3730267903
866504.1069059297
866018.4333341848
866018.4333341848
865916.5839811893
865916.5839811893
865916.5839811893
865916.5839811893
865916.5839811893
865916.5839811893
865916.5839811893
865916.5839811893
865916.5839811893
865916.5839811893
865916.5839811893
865916.5839811893
865916.5839811893
865738.8637937772
865738.8637937772
865738.8637937772
865738.8637937772
865738.8637937772
865738.8637937772
865738.8637937772
865679.8044585628
865655.3652888659
865655.3652888659
865655.3652888659
865655.3652888659
865655.3652888659
865655.3652888659
865650.2375362052
865365.6781074216
864361.110529096
864361.110529096
863941.761324048
863812.9448330705
863127.5754378609
863127.5754378609
863127.5754378609
863127.5754378609
863127.5754378609
862923.084987056
862768.2426294626
862768.2426294626
862768.2426294626
862768.2426294626
862768.2426294626
862768.2426294626
862768.2426294626
862768.2426294626
862768.2426294626
862768.2426294626
862768.2426294626
862768.2426294626
862744.8949182343
862744.8949182343
862744.8949182343
862744.8949182343
862744.8949182343
862744.8949182343
862744.8949182343
862744.8949182343
862161.4092820935
862161.4092820935
862161.4092820935
861876.907583663
861876.907583663
861876.907583663
861876.907583663
861876.907583663
861876.907583663
861876.907583663
861686.4644500217
861686.4644500217
861686.4644500217
861686.4644500217
861686.4644500217
861686.4644500217
861686.4644500217
861686.4644500217
861686.4644500217
861686.4644500217
861686.4644500217
861686.4644500217
861275.092149094
861275.092149094
861275.092149094
861275.092149094
861275.092149094
861275.092149094
861275.092149094
861275.092149094
861275.092149094
861154.5024223176
861154.5024223176
861154.5024223176
861154.5024223176
861154.5024223176
861154.5024223176
861154.5024223176
861154.5024223176
861154.5024223176
861081.3629461317
861081.3629461317
861081.3629461317
861081.3629461317
861081.3629461317
860466.3180471906
860338.1897442654
860338.1897442654
859675.9357549199
859675.9357549199
859675.9357549199
859675.9357549199
859675.9357549199
859675.9357549199
859675.9357549199
859675.9357549199
859675.9357549199
859675.9357549199
859536.2132700719
859536.2132700719
859536.2132700719
859403.468818655
859403.468818655
859403.468818655
859234.92907286
859234.92907286
859234.92907286
859234.92907286
859234.92907286
859234.92907286
859234.92907286
859234.92907286
859234.92907286
859010.9917326912
859010.9917326912
859010.9917326912
859010.9917326912
859010.9917326912
859010.9917326912
859010.9917326912
859010.9917326912
858887.4079479516
858887.4079479516
858887.4079479516
858887.4079479516
858861.1563800126
858861.1563800126
858861.1563800126
858861.1563800126
858861.1563800126
858861.1563800126
858861.1563800126
858861.1563800126
858861.1563800126
858861.1563800126
858861.1563800126
858861.1563800126
858861.1563800126
858861.1563800126
858861.1563800126
858861.1563800126
858792.0451510069
858792.0451510069
858792.0451510069
858792.0451510069
858792.0451510069
858792.0451510069
858792.0451510069
858792.0451510069
858792.0451510069
858792.0451510069
858792.0451510069
858792.0451510069
858792.0451510069
858792.0451510069
858792.0451510069
858792.0451510069
858792.0451510069
858792.0451510069
858792.0451510069
858792.0451510069
858792.0451510069
858792.0451510069
858256.5411387143
858256.5411387143
858256.5411387143
858256.5411387143
858256.5411387143
858256.5411387143
858256.5411387143
857795.6944358516
857795.6944358516
857795.6944358516
857795.6944358516
857795.6944358516
857795.6944358516
857795.6944358516
857795.6944358516
857795.6944358516
857795.6944358516
857795.6944358516
857735.0279576238
857735.0279576238
857735.0279576238
857553.4606821358
857257.192500117
857257.192500117
857257.192500117
857257.192500117
857257.192500117
857257.192500117
857257.192500117
857257.192500117
857257.192500117
857257.192500117
857257.192500117
857257.192500117
857257.192500117
856906.0740671835
856906.0740671835
856906.0740671835
856906.0740671835
856906.0740671835
856906.0740671835
856501.1177116277
856501.1177116277
856501.1177116277
856501.1177116277
855973.0393352946
855973.0393352946
855973.0393352946
855973.0393352946
855973.0393352946
855973.0393352946
855973.0393352946
855724.9175010014
855724.9175010014
855724.9175010014
855724.9175010014
855710.6489766629
855710.6489766629
855710.6489766629
855710.6489766629
855667.9064887213
855667.9064887213
855667.9064887213
855667.9064887213
855667.9064887213
855667.9064887213
855667.9064887213
855667.9064887213
855667.9064887213
855667.9064887213
855667.9064887213
855667.9064887213
855667.9064887213
855555.941509705
855555.941509705
855555.941509705
855555.941509705
855316.8963811256
855316.8963811256
854546.4573622036
854546.4573622036
854546.4573622036
854546.4573622036
854546.4573622036
854546.4573622036
854546.4573622036
854546.4573622036
854546.4573622036
854546.4573622036
854546.4573622036
854546.4573622036
854546.4573622036
854250.6505735979
854175.6492686835
854175.6492686835
854175.6492686835
854175.6492686835
854175.6492686835
854175.6492686835
854175.6492686835
854175.6492686835
854175.6492686835
854175.6492686835
854175.6492686835
853579.6330095287
853579.6330095287
853579.6330095287
853579.6330095287
853579.6330095287
853579.6330095287
853579.6330095287
853579.6330095287
853579.6330095287
853579.6330095287
853579.6330095287
853579.6330095287
853579.6330095287
853579.6330095287
853579.6330095287
853579.6330095287
853579.6330095287
853579.6330095287
853579.6330095287
853579.6330095287
853579.6330095287
853579.6330095287
853579.6330095287
853579.6330095287
853579.6330095287
853579.6330095287
853579.6330095287
853579.6330095287
853579.6330095287
853579.6330095287
853579.6330095287
853579.6330095287
853579.6330095287
853579.6330095287
853579.6330095287
853579.6330095287
853579.6330095287
853579.6330095287
853579.6330095287
853490.7027490682
853490.7027490682
853490.7027490682
853490.7027490682
853490.7027490682
853490.7027490682
853490.7027490682
853490.7027490682
853325.0932389749
853325.0932389749
853325.0932389749
852951.8502976901
852951.8502976901
852951.8502976901
852951.8502976901
852951.8502976901
852951.8502976901
852951.8502976901
852951.8502976901
852951.8502976901
852951.8502976901
852951.8502976901
852951.8502976901
852951.8502976901
852951.8502976901
852951.8502976901
852411.0677713128
852411.0677713128
852411.0677713128
852411.0677713128
852411.0677713128
852411.0677713128
852411.0677713128
852411.0677713128
852411.0677713128
852411.0677713128
852411.0677713128
852411.0677713128
852411.0677713128
852411.0677713128
852411.0677713128
852411.0677713128
852411.0677713128
852345.6698658423
852345.6698658423
852345.6698658423
852345.6698658423
852281.3625768176
852281.3625768176
852281.3625768176
852281.3625768176
852281.3625768176
852163.865765735
851527.5802678927
851527.5802678927
851229.1395365299
851229.1395365299
851229.1395365299
851229.1395365299
851229.1395365299
851229.1395365299
851229.1395365299
851229.1395365299
851229.1395365299
851224.2948776056
851224.2948776056
851224.2948776056
851224.2948776056
850809.282727964
850809.282727964
850809.282727964
850809.282727964
850809.282727964
850809.282727964
850768.6333265966
850768.6333265966
850768.6333265966
850768.6333265966
850768.6333265966
850768.6333265966
850768.6333265966
850768.6333265966
850768.6333265966
850768.6333265966
850768.6333265966
850768.6333265966
850768.6333265966
850768.6333265966
850768.6333265966
850768.6333265966
850768.6333265966
850768.6333265966
850768.6333265966
850768.6333265966
850768.6333265966
850768.6333265966
850768.6333265966
850768.6333265966
850768.6333265966
850768.6333265966
850367.5350221478
850232.4261620471
850209.4618396877
850209.4618396877
850209.4618396877
850097.415405129
850097.415405129
850097.415405129
850097.415405129
850097.415405129
850097.415405129
850097.415405129
850097.415405129
850097.415405129
850097.415405129
850097.415405129
850097.415405129
850097.415405129
850097.415405129
850097.415405129
850097.415405129
850097.415405129
850097.415405129
850014.8725916601
850014.8725916601
850014.8725916601
850014.8725916601
850014.8725916601
850014.8725916601
850014.8725916601
850014.8725916601
850014.8725916601
850014.8725916601
850014.8725916601
850014.8725916601
850014.8725916601
850005.4957778757
849958.1917228826
849958.1917228826
849958.1917228826
849958.1917228826
849958.1917228826
849958.1917228826
849958.1917228826
849958.1917228826
849958.1917228826
849958.1917228826
849958.1917228826
849958.1917228826
849836.3492214852
849836.3492214852
849836.3492214852
849836.3492214852
849836.3492214852
849836.3492214852
849836.3492214852
849836.3492214852
849836.3492214852
849836.3492214852
849836.3492214852
849816.6070937908
849816.6070937908
849816.6070937908
849816.6070937908
849816.6070937908
849816.6070937908
849609.5156487249
849609.5156487249
849589.7581369549
849589.7581369549
849589.7581369549
849589.7581369549
849589.7581369549
849589.7581369549
849589.7581369549
849589.7581369549
849589.7581369549
849589.7581369549
849589.7581369549
849547.5191529526
849547.5191529526
849547.5191529526
849547.5191529526
849547.5191529526
849547.5191529526
849547.5191529526
849547.5191529526
849547.5191529526
849547.5191529526
849547.5191529526
849547.5191529526
849547.5191529526
849547.5191529526
849547.5191529526
849547.5191529526
849547.5191529526
849547.5191529526
849547.5191529526
849547.5191529526
849383.3111562042
849383.3111562042
849383.3111562042
849383.3111562042
848449.7599110529
848449.7599110529
848449.7599110529
848449.7599110529
848449.7599110529
848164.0096514744
848164.0096514744
848164.0096514744
848164.0096514744
848164.0096514744
848164.0096514744
848164.0096514744
848164.0096514744
848164.0096514744
848164.0096514744
848164.0096514744
848164.0096514744
847771.2031924778
847771.2031924778
847771.2031924778
847771.2031924778
847771.2031924778
847771.2031924778
847771.2031924778
847771.2031924778
847771.2031924778
847771.2031924778
847771.2031924778
847771.2031924778
847771.2031924778
847619.6036694522
847619.6036694522
847619.6036694522
847619.6036694522
847619.6036694522
847619.6036694522
847619.6036694522
847619.6036694522
847619.6036694522
847619.6036694522
847619.6036694522
847619.6036694522
847619.6036694522
847619.6036694522
847619.6036694522
847619.6036694522
847619.6036694522
847573.7175193102
847573.7175193102
847573.7175193102
847573.7175193102
847573.7175193102
847573.7175193102
847573.7175193102
847573.7175193102
847573.7175193102
847173.8264287126
847173.8264287126
847173.8264287126
847169.8953998877
846280.3279336523
846227.7482646465
846227.7482646465
846227.7482646465
846227.7482646465
846197.8191697592
846197.8191697592
845624.3389960877
845624.3389960877
845624.3389960877
845624.3389960877
845624.3389960877
845624.3389960877
845624.3389960877
845624.3389960877
845624.3389960877
845624.3389960877
845624.3389960877
845624.3389960877
845624.3389960877
845624.3389960877
845624.3389960877
845624.3389960877
845624.3389960877
845624.3389960877
845624.3389960877
845624.3389960877
845624.3389960877
845624.3389960877
845489.9722687919
845409.4186148467
845409.4186148467
845409.4186148467
845092.9680460489
845092.9680460489
845031.7611227892
845031.7611227892
845031.7611227892
844841.4540911372
844841.4540911372
844841.4540911372
844841.4540911372
844841.4540911372
844841.4540911372
844506.2554182269
844506.2554182269
844506.2554182269
844349.9853906778
844349.9853906778
844349.9853906778
844349.9853906778
844349.9853906778
844349.9853906778
844349.9853906778
844349.9853906778
844349.9853906778
844349.9853906778
843919.2380680873
843919.2380680873
843729.0013539655
843729.0013539655
843729.0013539655
843729.0013539655
843729.0013539655
843729.0013539655
843729.0013539655
843729.0013539655
843729.0013539655
843729.0013539655
843729.0013539655
843729.0013539655
843729.0013539655
843729.0013539655
843729.0013539655
843729.0013539655
843729.0013539655
843729.0013539655
843729.0013539655
843729.0013539655
843729.0013539655
843729.0013539655
843729.0013539655
843729.0013539655
843232.0018404128
843232.0018404128
843178.6791816449
842786.9053303292
842786.9053303292
842786.9053303292
842786.9053303292
842786.9053303292
842786.9053303292
842382.9835715167
842382.9835715167
842382.9835715167
842382.9835715167
842382.9835715167
842382.9835715167
842382.9835715167
842382.9835715167
842382.9835715167
840882.6065116151
840882.6065116151
840882.6065116151
840882.6065116151
840882.6065116151
840882.6065116151
840882.6065116151
840882.6065116151
840882.6065116151
840739.9137441772
840739.9137441772
840739.9137441772
840739.9137441772
840739.9137441772
840739.9137441772
840739.9137441772
840739.9137441772
839957.876640609
839957.876640609
839957.876640609
839957.876640609
839712.5736667186
839712.5736667186
839712.5736667186
839226.8224645443
839226.8224645443
839226.8224645443
839226.8224645443
839226.8224645443
839226.8224645443
839226.8224645443
839226.8224645443
839147.1849134517
839147.1849134517
838953.0969958601
838953.0969958601
838953.0969958601
838953.0969958601
838953.0969958601
838953.0969958601
838953.0969958601
838953.0969958601
838953.0969958601
838953.0969958601
838953.0969958601
838953.0969958601
838953.0969958601
838953.0969958601
838953.0969958601
838953.0969958601
838953.0969958601
838953.0969958601
838953.0969958601
838953.0969958601
838953.0969958601
838953.0969958601
838953.0969958601
838953.0969958601
838953.0969958601
838953.0969958601
838953.0969958601
838953.0969958601
838953.0969958601
838953.0969958601
838953.0969958601
838953.0969958601
838953.0969958601
838953.0969958601
838471.8908798927
838471.8908798927
838471.8908798927
838471.8908798927
838471.8908798927
838471.8908798927
838471.8908798927
838471.8908798927
838242.1926714185
838242.1926714185
838242.1926714185
838242.1926714185
838242.1926714185
838242.1926714185
838242.1926714185
838242.1926714185
838242.1926714185
838242.1926714185
838242.1926714185
838242.1926714185
838242.1926714185
838242.1926714185
838242.1926714185
838242.1926714185
838242.1926714185
838242.1926714185
838242.1926714185
838242.1926714185
838242.1926714185
838242.1926714185
838242.1926714185
838242.1926714185
838242.1926714185
838242.1926714185
838242.1926714185
838242.1926714185
838242.1926714185
838242.1926714185
838242.1926714185
838242.1926714185
838242.1926714185
838242.1926714185
838242.1926714185
838242.1926714185
838242.1926714185
838242.1926714185
838242.1926714185
838242.1926714185
838242.1926714185
838183.1001348285
838183.1001348285
838183.1001348285
838183.1001348285
838183.1001348285
838183.1001348285
837927.5192343472
837927.5192343472
837927.5192343472
837868.4630777121
837868.4630777121
837868.4630777121
837868.4630777121
837868.4630777121
837868.4630777121
837868.4630777121
837868.4630777121
837868.4630777121
837868.4630777121
837868.4630777121
837868.4630777121
837868.4630777121
837868.4630777121
837868.4630777121
837868.4630777121
837868.4630777121
837868.4630777121
837868.4630777121
837868.4630777121
837868.4630777121
837868.4630777121
837868.4630777121
837868.4630777121
837868.4630777121
837868.4630777121
837868.4630777121
837868.4630777121
837868.4630777121
837868.4630777121
837868.4630777121
837868.4630777121
837868.4630777121
837868.4630777121
837868.4630777121
837868.4630777121
837868.4630777121
837868.4630777121
837868.4630777121
837868.4630777121
837868.4630777121
837868.4630777121
837868.4630777121
837868.4630777121
837868.4630777121
837868.4630777121
837868.4630777121
837868.4630777121
837868.4630777121
837868.4630777121
837868.4630777121
