4457711.116561718
4351641.341161363
4240981.138486307
4164315.5244342824
4061557.3888721596
3980382.859353943
3914871.2054803455
3845200.1834925897
3757374.997360426
3701443.644856426
3656284.547137057
3586893.521120828
3524193.23286402
3469406.396912281
3407120.2378485287
3367839.336516882
3319800.624401814
3271689.7821625443
3241059.422239446
3194897.8978592316
3163934.469229373
3125014.086429053
3079477.6181457853
3047349.5999313174
3009712.924968612
2969286.599000116
2916354.5087440745
2883697.5529960617
2860418.939890422
2835305.903579631
2814394.174812966
2785749.5970609942
2761051.6724702916
2726692.2434359966
2701439.0395611585
2671456.441385094
2648604.30930106
2623180.4708448485
2607836.8869482772
2585169.338471231
2553356.19865615
2533411.2579907044
2508049.9052991364
2483787.2306882134
2462345.5473561576
2439611.247710814
2425545.301997899
2407661.6824381356
2395258.6501170257
2376118.4685587613
2362586.6275020093
2341045.866031497
2324580.535543753
2311321.9235366257
2296079.903944821
2285530.9702592194
2271985.3753771773
2257093.9513671594
2245418.329738958
2238482.7918297937
2227279.5387608986
2212626.2513395455
2201848.6329677813
2188781.4031517175
2177862.0500570466
2165816.3704558224
2155232.5325068226
2147951.7890045755
2142023.288903528
2130723.3172642654
2122571.8926715944
2110007.8192939647
2107302.4047446023
2098511.7535777013
2085285.947605028
2077795.0194783309
2071057.0397037212
2065334.6127994745
2053375.538225177
2048192.334787374
2041814.9303813614
2030391.274524455
2026089.0003183046
2013935.6610822105
2004298.8808865712
1992216.4845422048
1987309.6984275777
1981659.789123904
1971561.6386646589
1965019.985822808
1958179.773571472
1948234.0007778374
1939488.4940900044
1935483.6996440783
1925780.4203116982
1921249.6428807587
1914178.2477142406
1910543.4440489481
1907682.0499874
1904573.4895884357
1895810.6108524476
1888655.7430364615
1881832.236775729
1873075.0981705615
1867451.1867474339
1859431.9763738825
1855124.3169363898
1847942.63644563
1842918.5709476972
1839020.3295704736
1835269.1950622885
1832028.9257020508
1829253.9203776985
1828029.5115453869
1821090.0935041627
1816796.8806511173
1810951.6602302762
1806929.842353237
1802598.728102944
1799149.5040911718
1790921.9167288034
1786076.3870957582
1782915.588922442
1778921.8101618714
1773411.5544707342
1766577.129102144
1760701.1717693526
1756813.7766251985
1754438.5198921163
1750795.9046989135
1745107.6255503483
1741796.4855830641
1737570.4723569248
1734328.452467726
1729294.5888381808
1723408.5350958735
1719933.0504703624
1717000.1052065236
1715984.4833414615
1712286.4286235627
1710353.8067650995
1708287.697437411
1707580.274522086
1706454.8059179196
1704088.1337018083
1700539.6619898726
1699757.2387860268
1695335.8274667282
1693310.004045486
1691780.8084311972
1686395.2791997944
1682940.925205112
1680124.977792082
1677087.2185061874
1671244.9650531118
1669252.984737284
1664164.640778474
1660954.3131418058
1659781.9448355658
1656989.4602277074
1653581.865902734
1649493.493741832
1647492.4634155477
1642787.6956476385
1641525.4127652433
1638815.4183413303
1637764.6053395146
1636049.643169902
1634712.6884214412
1630538.661964506
1628014.905900097
1624887.7549330888
1623253.8394986598
1620741.0844174584
1616201.0834008525
1613502.4893268533
1613375.3278603111
1611230.6791026548
1609165.9575082385
1605134.4379466965
1597666.710153645
1593600.5189540656
1590771.312857009
1588244.1145582306
1588244.1145582306
1583297.3115300352
1580524.94627935
1578438.141133749
1577422.4566724342
1574620.446452205
1573032.3318424737
1568310.4112214774
1565029.8056934038
1564236.0595250137
1562488.7692909078
1559592.8164405131
1555792.06926279
1553435.379620544
1552672.9536496555
1548449.3131292926
1547723.3472326524
1547016.7427851115
1545287.6754655193
1542623.4870528248
1540873.7616666562
1536839.1459174235
1534502.778512403
1534178.9817956658
1532989.4788205451
1530684.7704842724
1528579.1790845275
1527453.7568316967
1524290.1087449053
1523560.8598356885
1521326.8222916145
1519445.9929666715
1516723.357890043
1512680.9200011105
1510245.50263487
1509055.5989424807
1504690.3719978079
1503588.348721872
1501330.5416221826
1500955.6477150482
1498120.542972592
1497376.4627668243
1490328.4588844962
1486649.6896667923
1484899.729088329
1484484.578344636
1482830.1724277681
1481734.9751315042
1479773.2270071427
1475935.6534080314
1474982.3117674412
1472876.4015989173
1469259.1527091707
1469159.5558751156
1468229.9290342934
1465313.5462279425
1464182.6963286507
1464182.6963286507
1461224.1424276421
1460519.9886950455
1459352.1576473939
1457497.5045477878
1455786.3722692085
1453896.5725465599
1452373.1729595473
1452338.7613943387
1452064.601440359
1450922.0064696185
1450143.3809118029
1448514.107857848
1446381.4565100982
1442785.8493148414
1441349.411934885
1439451.8476275173
1437063.3392646771
1435421.0087473013
1434106.4879425322
1431782.157425942
1430295.7226610826
1428355.327554192
1427283.4903951455
1426917.6363326642
1426097.1647070511
1424794.5155665106
1423485.7296339686
1423485.7296339686
1423078.6147464025
1420807.5900641577
1419355.216599233
1419201.1308922716
1416433.976670237
1415538.8900583498
1414806.6543104101
1414806.6543104101
1413250.7047679033
1411864.279715634
1411864.279715634
1408735.3764738468
1407309.5405709436
1405056.421625993
1403626.9480788726
1403076.7486043551
1402340.2083126833
1401491.506884069
1398928.2133511188
1397487.2690219425
1393926.9755331832
1391404.4316579169
1391060.4898014558
1389825.6940030658
1389507.7805433332
1383044.6135950682
1381507.528274925
1381333.7488369457
1379455.4311542718
1379158.090117422
1377809.2225991888
1376403.9815971188
1376248.6865356728
1374573.9965313147
1374573.9965313147
1372979.3144978057
1371208.4793067272
1370019.964345225
1369545.6402305677
1364918.310040217
1364693.3561579683
1363185.9900372233
1363157.898291063
1363157.898291063
1362723.4189043522
1362149.8215903856
1361717.2427508761
1361458.216471057
1360428.974993154
1360325.7480903282
1359559.846914222
1358226.1784257062
1356143.9212780055
1355306.7284586085
1353057.860048682
1353057.860048682
1351455.6459955107
1349850.5988369402
1349450.8411138915
1348165.9822663325
1348165.9822663325
1346156.8993258332
1344265.4162250108
1343094.7870759633
1341799.232255206
1341476.5502217296
1340984.6307333757
1339375.8067245968
1339307.5445633195
1339202.176213814
1338624.1160537172
1338624.1160537172
1338108.4869496506
1336236.406028161
1334557.340752177
1334196.1707184548
1332789.2932175498
1329440.769715271
1329182.574629223
1328929.745882593
1328304.4003143546
1328018.1573447802
1326329.3750274798
1326175.9292833414
1326175.9292833414
1324101.8175742947
1323829.1734479787
1323236.2970007593
1322413.7218510895
1320345.9037212157
1319339.7561350726
1318775.4012569892
1315461.110427366
1314563.5510489433
1314466.0436042123
1314177.4408744045
1314177.4408744045
1313714.1082261293
1311128.4886176907
1309269.3120340826
1308839.9354275684
1308250.7473868292
1307509.925219799
1307071.9261937123
1307071.9261937123
1306399.458304307
1304674.3281777566
1304667.1762494785
1303756.2469822115
1303110.674092794
1303053.8008139394
1302016.207622815
1301295.455955957
1301234.0423669745
1300318.7301855236
1300318.7301855236
1300318.7301855236
1299734.1057075749
1299163.7426737556
1298450.0634670649
1298450.0634670649
1295903.3043638256
1295327.1342933835
1295067.7450008471
1294678.7735056835
1292956.5879457162
1292448.6424231706
1290077.6815404263
1290077.6815404263
1289252.6399101643
1288219.4976588301
1288060.896487387
1287963.0728208786
1287387.86890983
1286894.5929420502
1286238.2710279285
1286238.2710279285
1284858.4383976355
1283996.702385779
1281873.4402559355
1280882.2328441648
1280209.8105542348
1279741.7674334282
1278882.3378892741
1278668.3770817148
1277878.7972026193
1277152.0038878582
1275841.9970746704
1275499.5673250754
1275499.5673250754
1274925.4536700242
1274925.4536700242
1274775.5681549737
1274283.791125343
1273334.1867342931
1272983.009459764
1271560.5070417025
1271165.9522579284
1269991.1865963135
1269663.7830262384
1268672.9206791162
1268347.2415684469
1267684.4749879206
1267589.6640329524
1267589.6640329524
1267589.6640329524
1266095.6505036857
1264876.0529616852
1263332.5063379249
1262442.3212967971
1261653.5265645904
1261114.9181374493
1260698.4287708048
1260420.9586339893
1260420.9586339893
1260291.3545358423
1260291.3545358423
1257652.5169396475
1255879.2289160728
1255389.1209660273
1255389.1209660273
1254400.2679278674
1253860.802855608
1253019.5351437405
1253019.5351437405
1251255.488237849
1251197.788945207
1251144.9310084288
1251053.202422361
1250440.6005017557
1250440.6005017557
1250427.100065008
1250286.7506728955
1250286.7506728955
1249234.6346778087
1247056.782918565
1246570.2895588581
1246099.7623446393
1243831.5950315932
1241729.2094374492
1241417.9776945948
1239128.321942078
1238979.9377172855
1237965.6768864302
1237557.0631124475
1237557.0631124475
1237403.9147087007
1237403.9147087007
1237285.7534810004
1237214.4668879178
1237214.4668879178
1237131.0228636703
1237049.9592617885
1237049.9592617885
1236882.232957261
1235330.1399273924
1235330.1399273924
1235330.1399273924
1235330.1399273924
1234520.3641410274
1234520.3641410274
1233334.522162938
1233066.241518769
1231301.126174183
1231301.126174183
1230762.8690902828
1230052.835008883
1229580.2948143822
1229192.1499942737
1229183.6169238382
1229183.6169238382
1227834.7950900334
1226468.8572109668
1226468.8572109668
1226125.0526127513
1225503.7156013781
1225387.8697779004
1225387.8697779004
1223383.4393932256
1223291.8301268267
1223192.4541144338
1222809.5037587932
1222070.5158105781
1221955.4913517092
1221298.1655498543
1220264.0088214257
1219022.5459627325
1217966.942361493
1216907.2618536148
1215858.9116990748
1215408.6843042062
1215407.433609148
1215206.2790192456
1215185.6551290946
1215185.6551290946
1214385.2478383535
1214385.2478383535
1214049.2481357767
1214049.2481357767
1213760.073378685
1213760.073378685
1213282.4289422336
1212772.8173785643
1212772.8173785643
1212344.0070496139
1211928.7597559404
1211323.41876841
1210924.262803123
1210339.0634299747
1209155.0162011401
1206815.0566813268
1205452.6412781999
1205276.7183424449
1204848.8744103967
1204768.6632880531
1204194.250403155
1204194.250403155
1204194.250403155
1204194.250403155
1204194.250403155
1204183.8786126873
1203756.9024574335
1202982.9354192712
1202057.993912909
1202057.993912909
1202046.025421439
1202046.025421439
1202046.025421439
1201850.7648796171
1201577.9627880724
1201577.9627880724
1200526.2289223508
1200047.5885026918
1200007.4381552292
1199773.0539827691
1199339.501230482
1199339.501230482
1199339.501230482
1199296.1904130445
1199100.7680935177
1199057.279469078
1199057.279469078
1199057.279469078
1199057.279469078
1198919.6565564717
1198919.6565564717
1197736.6599867893
1197016.0436932845
1196596.7801479627
1196596.7801479627
1196596.7801479627
1196596.7801479627
1195736.5165455325
1194198.3429182987
1193957.4026643918
1193645.90183524
1192811.2746633468
1192118.9298636038
1192118.9298636038
1191532.7917556516
1191355.1042977667
1191355.1042977667
1190271.9797752672
1190238.2986948653
1190238.2986948653
1189966.5640032992
1189966.5640032992
1189697.4046570505
1189697.4046570505
1189697.4046570505
1189649.9516673293
1189326.3247087894
1188970.250982258
1188970.250982258
1187350.7352718613
1187132.9548320083
1187126.071459686
1186671.6499139196
1186663.7087721257
1186086.6364128673
1185800.6715729176
1185800.6715729176
1185800.6715729176
1185440.519472387
1185440.519472387
1185440.519472387
1185056.9563103416
1184897.601363223
1184325.7806118676
1183119.4002920687
1182653.9607374964
1182653.9607374964
1182653.9607374964
1182653.9607374964
1182653.9607374964
1181854.6308073227
1181023.3795608096
1181023.3795608096
1180283.7232187213
1179186.1972737336
1177621.08369243
1177612.8606687058
1177612.8606687058
1177393.9395463453
1175645.1630571666
1175645.1630571666
1175554.1248709222
1174469.812729044
1174115.776239813
1173335.5826426863
1173333.828523477
1173290.5575094805
1173290.5575094805
1173290.5575094805
1173290.5575094805
1172927.1098765992
1172927.1098765992
1172927.1098765992
1172927.1098765992
1172306.2487425033
1172086.361183653
1172086.361183653
1170960.274559382
1170545.610644264
1169371.7289845387
1168935.8109350484
1168642.931281148
1168642.931281148
1168642.931281148
1168035.3596665375
1167481.481163065
1167405.0105187744
1167086.1355021573
1166974.1267095224
1166974.1267095224
1166662.4617667706
1166215.2304589432
1166120.029956867
1166001.0244762627
1165692.4904374927
1165626.7619968862
1164654.8298392845
1164542.8882567612
1164542.8882567612
1164542.8882567612
1164542.8882567612
1164463.2960094167
1164463.2960094167
1161781.1546944208
1161781.1546944208
1160689.471294754
1160689.471294754
1160689.471294754
1160292.4232272978
1159047.5948656672
1158200.8336829122
1158125.3342088717
1158070.88052717
1157598.1546034052
1157117.9372403063
1155561.0680110669
1155561.0680110669
1155561.0680110669
1155561.0680110669
1155561.0680110669
1155155.7098197164
1153626.226380623
1153626.226380623
1153060.4957824992
1152989.0010278872
1151799.7176682288
1151799.7176682288
1151453.3042406884
1151136.4058362623
1150911.0090926257
1150826.36756733
1150177.3730015126
1150021.7196284765
1149613.8793707294
1149502.6790615255
1149374.0443857678
1149052.454864392
1149008.0410381816
1148464.587688143
1148123.8057052824
1147195.1630917045
1147195.1630917045
1147195.1630917045
1146614.3499499145
1145082.8348856661
1144773.0041211934
1144727.1591317174
1143717.7410457684
1143717.7410457684
1143421.9346356739
1143421.9346356739
1143243.8621255935
1143099.5111569068
1143099.5111569068
1142348.2907639937
1141983.5490302185
1141983.5490302185
1141983.5490302185
1141983.5490302185
1141983.5490302185
1141376.027469058
1139983.6862878827
1139983.6862878827
1139983.6862878827
1139983.6862878827
1139863.794490024
1139075.7705904767
1138648.2315204544
1138648.2315204544
1137835.394947207
1137834.141143872
1137285.926757986
1137285.926757986
1137271.9418726827
1137111.7061994323
1136747.1626509086
1135747.885185449
1135535.023403275
1135535.023403275
1135535.023403275
1133417.7705302106
1131985.6792867156
1131903.0324733243
1131881.2825052245
1131881.2825052245
1131665.1364832106
1131111.04051582
1130978.363762158
1130711.9384726651
1130711.9384726651
1130686.1849278621
1130686.1849278621
1130511.1509210467
1130028.581061284
1129559.696561865
1127155.7601302918
1126570.0349278264
1126277.9125806699
1126037.5146456119
1125345.6864840384
1125345.6864840384
1124994.1000822843
1124932.503165394
1124907.821365279
1124277.1069110371
1123780.0820664144
1123780.0820664144
1123725.5735445786
1123401.4689597785
1123281.2508709976
1122868.8308838157
1122309.2619971468
1122239.302449211
1121337.8453338475
1120871.7449827027
1120871.7449827027
1120615.796236826
1119898.39591916
1119898.39591916
1119898.39591916
1119898.39591916
1119898.39591916
1119605.7891627038
1119605.7891627038
1118590.4331854333
1117627.1256859219
1117627.1256859219
1116827.7251709087
1116827.7251709087
1116827.7251709087
1116827.7251709087
1115252.9707549426
1114740.8343206244
1114453.801446591
1114453.801446591
1114453.801446591
1114076.3437889966
1113956.224848129
1113126.6927548675
1113126.6927548675
1113126.6927548675
1113126.6927548675
1113126.6927548675
1113020.891032701
1112559.3180680298
1112559.3180680298
1112559.3180680298
1112559.3180680298
1112463.4832654851
1111969.9466136468
1111969.9466136468
1111969.9466136468
1111969.9466136468
1111969.9466136468
1111910.5847988843
1111910.5847988843
1111671.9988835717
1111386.6650638795
1110602.1305099041
1110521.5208189206
1110389.347090265
1110136.1525478645
1110070.122793802
1109949.6424240987
1109949.6424240987
1109150.5019346792
1108290.3240028212
1108290.3240028212
1107981.2624794843
1107981.2624794843
1107981.2624794843
1107981.2624794843
1107738.4009404979
1107738.4009404979
1106553.683976815
1106553.683976815
1105843.6338879066
1105843.6338879066
1105843.6338879066
1105413.1739105012
1105413.1739105012
1105413.1739105012
1105413.1739105012
1105413.1739105012
1104617.985782464
1104617.985782464
1104388.2946290511
1104388.2946290511
1103734.879184104
1102927.2436031722
1102843.1472638948
1102843.1472638948
1102208.103663096
1101278.0682894208
1099815.3491777978
1099630.6978131707
1099331.724269852
1098861.8551494433
1098861.8551494433
1098861.8551494433
1098813.0979942007
1098813.0979942007
1098543.5622618813
1097541.7454842003
1097541.7454842003
1097055.8698139782
1097055.8698139782
1095893.803527256
1095756.1301962174
1095756.1301962174
1095704.68228383
1094610.265778841
1094610.265778841
1094610.265778841
1093685.7023171228
1093685.7023171228
1093685.7023171228
1093685.7023171228
1093528.5461514564
1093440.7819420893
1093096.3223632344
1092537.4247808652
1091793.8055881406
1091695.1389430983
1091226.4710832196
1091226.4710832196
1091226.4710832196
1090763.3081280212
1090430.0767931528
1090430.0767931528
1090430.0767931528
1088573.96204512
1088334.982043529
1088246.0055149344
1088246.0055149344
1088246.0055149344
1087415.6327414606
1087019.3367298297
1085858.3514645982
1085220.3754092657
1084910.996690482
1084910.996690482
1083719.2842328032
1083670.0593583556
1083670.0593583556
1083479.932763535
1083227.597971036
1083187.658592607
1083176.9246544912
1083176.9246544912
1082736.2190504505
1082736.2190504505
1082736.2190504505
1082060.0819793623
1082060.0819793623
1082007.3591857324
1082007.3591857324
1082007.3591857324
1082007.3591857324
1082007.3591857324
1081521.2338831904
1081218.1614422281
1080661.791518618
1080661.791518618
1080661.791518618
1080567.27737969
1080567.27737969
1080567.27737969
1079829.9255467653
1079829.9255467653
1079829.9255467653
1079829.9255467653
1079800.2634174824
1079411.7499764278
1079044.9757139564
1079044.9757139564
1079044.9757139564
1077833.093549836
1077172.9647402437
1077172.9647402437
1077076.947126792
1076508.0993226797
1076508.0993226797
1076270.8993911745
1075348.0344645863
1075048.5703808563
1074521.3447558
1074521.3447558
1074478.733805995
1074477.4780922104
1074477.4780922104
1074391.1485997597
1074285.1051296094
1074034.5344036808
1074034.5344036808
1073765.515884587
1073336.2375998527
1073336.2375998527
1072791.9111496224
1072791.9111496224
1072723.7888261604
1072723.7888261604
1072723.7888261604
1072723.7888261604
1072723.7888261604
1072187.996016278
1071842.1178571298
1071842.1178571298
1071838.0976788108
1071659.7133221363
1071659.7133221363
1071659.7133221363
1071659.7133221363
1071501.575401822
1071223.1555780256
1071223.1555780256
1070926.844733382
1070926.844733382
1069811.6455697352
1069811.6455697352
1069811.6455697352
1069753.6621984888
1069753.6621984888
1069753.6621984888
1069753.6621984888
1069753.6621984888
1069753.6621984888
1069753.6621984888
1069753.6621984888
1069753.6621984888
1069753.6621984888
1069727.8777009859
1069619.2229399364
1069619.2229399364
1069619.2229399364
1069619.2229399364
1069619.2229399364
1069574.5973132253
1069574.5973132253
1068544.0919504235
1068544.0919504235
1068544.0919504235
1068036.2812526643
1068036.2812526643
1068036.2812526643
1068036.2812526643
1068036.2812526643
1068036.2812526643
1068036.2812526643
1068036.2812526643
1068036.2812526643
1066466.7112158271
1065963.359375684
1065963.359375684
1065963.359375684
1065874.0695352522
1065874.0695352522
1065874.0695352522
1065268.4407150694
1065228.7678678143
1064291.16304514
1064109.3859954434
1064109.3859954434
1064012.500508206
1062748.310353239
1062748.310353239
1062474.46134364
1062212.4604380196
1062212.4604380196
1061469.9890191532
1060076.0234585798
1060076.0234585798
1060076.0234585798
1060076.0234585798
1060076.0234585798
1059744.7135293984
1059744.7135293984
1059744.7135293984
1059744.7135293984
1059744.7135293984
1058798.1752541629
1058402.7646744777
1058188.1987885819
1057137.0435269524
1057137.0435269524
1057137.0435269524
1056234.210622512
1055984.4060249263
1055984.4060249263
1054703.8571596616
1054670.212262161
1054032.9944207119
1054032.9944207119
1054032.9944207119
1052826.9110568804
1052826.9110568804
1052746.8012804962
1052578.2541674473
1051093.8366277348
1050929.6201257422
1050223.2079379046
1050223.2079379046
1050223.2079379046
1048282.1495353351
1048282.1495353351
1048186.3343507268
1047884.9512722918
1047884.9512722918
1047641.0415722736
1047641.0415722736
1047239.5958684194
1047239.5958684194
1047199.3700209052
1045007.870346716
1045007.870346716
1045007.870346716
1045007.870346716
1045007.870346716
1045007.870346716
1043738.8056331258
1043738.8056331258
1043350.9048811961
1042589.5801726003
1042589.5801726003
1042589.5801726003
1042589.5801726003
1042589.5801726003
1042589.5801726003
1042311.0332115223
1042311.0332115223
1042311.0332115223
1042311.0332115223
1042128.391002235
1041584.2390497628
1041584.2390497628
1041584.2390497628
1041569.6148935705
1041569.6148935705
1041569.6148935705
1041569.6148935705
1041569.6148935705
1041569.6148935705
1041569.6148935705
1041569.6148935705
1041569.6148935705
1041024.4490528256
1041024.4490528256
1041024.4490528256
1041024.4490528256
1040774.4283201502
1040774.4283201502
1040195.2779935286
1040195.2779935286
1039824.5143781409
1039127.6898032448
1039127.6898032448
1039127.6898032448
1038508.0514007593
1037451.4459748357
1037451.4459748357
1037451.4459748357
1037441.9822662799
1037440.7005461225
1037440.7005461225
1037440.7005461225
1037440.7005461225
1036383.5797997275
1036383.5797997275
1036383.5797997275
1035975.7750086596
1034905.6779803542
1034489.3277742744
1034009.9905647142
1033980.5809239347
1033011.878270324
1033011.878270324
1033011.878270324
1033011.878270324
1033011.878270324
1032894.9260120755
1032894.9260120755
1032894.9260120755
1032894.9260120755
1032693.6320340186
1032372.7215943511
1032372.7215943511
1031840.4650014183
1031840.4650014183
1031840.4650014183
1031840.4650014183
1031840.4650014183
1031840.4650014183
1031840.4650014183
1031596.4504262399
1031596.4504262399
1031596.4504262399
1031596.4504262399
1030833.118705382
1030833.118705382
1030784.9679815837
1030784.9679815837
1030784.9679815837
1030784.9679815837
1030784.9679815837
1030535.5483460006
1030535.5483460006
1030459.2901292073
1030459.2901292073
1030303.8298643113
1029262.0436230064
1027917.7920747428
1027681.6822149704
1026863.4225966248
1026863.4225966248
1025914.122684638
1025914.122684638
1025914.122684638
1025121.5271074956
1025121.5271074956
1025121.5271074956
1023341.4568709603
1023341.4568709603
1023130.2771739947
1023130.2771739947
1023130.2771739947
1022989.3128068186
1022574.7715460403
1022574.7715460403
1022574.7715460403
1022208.1776737346
1022013.8032277883
1021154.2774383324
1020825.9205840281
1020799.2995680158
1020799.2995680158
1020799.2995680158
1020251.8481207464
1020251.8481207464
1019002.8180777461
1019002.8180777461
1019002.8180777461
1018373.014781675
1018373.014781675
1018373.014781675
1018373.014781675
1018373.014781675
1017347.100002728
1016363.6856407707
1016363.6856407707
1016363.6856407707
1016363.6856407707
1016363.6856407707
1016363.6856407707
1016363.6856407707
1016058.6178717955
1016058.6178717955
1016016.1799440952
1016016.1799440952
1015885.779278402
1015885.779278402
1015885.779278402
1015885.779278402
1015822.759596291
1015822.759596291
1015785.352016455
1015592.842166002
1014275.1398580205
1014275.1398580205
1014275.1398580205
1014275.1398580205
1014275.1398580205
1014264.9092668692
1014264.9092668692
1014264.9092668692
1014258.7842084
1014258.7842084
1014258.7842084
1014258.7842084
1014258.7842084
1014258.7842084
1014258.7842084
1014258.7842084
1014186.7416172567
1013812.5233803965
1013812.5233803965
1013812.5233803965
1013812.5233803965
1013812.5233803965
1013681.8922411818
1013590.2649274555
1013233.6726458964
1012782.7797470101
1012393.9561461611
1012140.7076165985
1012140.7076165985
1011891.3164379001
1011891.3164379001
1011265.9201227706
1011143.371758462
1010809.9372342791
1010753.1855790162
1009910.1691690888
1009910.1691690888
1009910.1691690888
1009910.1691690888
1009910.1691690888
1009910.1691690888
1009910.1691690888
1009910.1691690888
1009823.3216880477
1009823.3216880477
1009723.1410491014
1009723.1410491014
1009723.1410491014
1009723.1410491014
1009723.1410491014
1009723.1410491014
1009723.1410491014
1009723.1410491014
1009074.1796024577
1009074.1796024577
1009074.1796024577
1008955.2671116919
1008955.2671116919
1008955.2671116919
1008955.2671116919
1008955.2671116919
1008955.2671116919
1008955.2671116919
1008955.2671116919
1008955.2671116919
1008955.2671116919
1008955.2671116919
1008955.2671116919
1008955.2671116919
1008955.2671116919
1008955.2671116919
1008955.2671116919
1008955.2671116919
1008333.3887964201
1008333.3887964201
1008333.3887964201
1008333.3887964201
1008172.2656289096
1008172.2656289096
1007713.4869352609
1007612.655678336
1007612.655678336
1007612.655678336
1007527.7583160477
1007527.7583160477
1007527.7583160477
1007527.7583160477
1007527.7583160477
1007343.623336814
1007343.623336814
1007343.623336814
1007343.623336814
1007301.3760326576
1007124.6797796641
1007124.6797796641
1006988.3045527606
1006986.4946699771
1006974.0952810495
1006557.0699345896
1006394.5860149198
1006189.8720471777
1006189.8720471777
1005923.0598636644
1005923.0598636644
1005923.0598636644
1005923.0598636644
1005923.0598636644
1005923.0598636644
1005923.0598636644
1005923.0598636644
1005507.6916553451
1005263.3348264815
1004355.687150591
1004355.687150591
1004355.687150591
1004122.6362030779
1003638.464728582
1003638.464728582
1003583.6723163133
1003583.6723163133
1003297.5274905268
1003297.5274905268
1002574.821098472
1002574.821098472
1002574.821098472
1002559.8159700546
1002559.8159700546
1002509.8877135995
1002509.8877135995
1002509.8877135995
1002509.8877135995
1002509.8877135995
1002338.1946958326
1002035.0399225226
1001990.2837906826
1001990.2837906826
1001628.721982823
1001628.721982823
1001181.2400068168
1001181.2400068168
1000544.0618451282
1000528.7947510245
999151.8981293042
998883.0885648248
998883.0885648248
998883.0885648248
998883.0885648248
998687.4164251047
998687.4164251047
998687.4164251047
998687.4164251047
997532.7872187939
997319.0978035075
997319.0978035075
996793.1039153188
996793.1039153188
996793.1039153188
996793.1039153188
996676.393872983
996561.5020177306
996561.5020177306
996497.4809021504
996497.4809021504
996497.4809021504
996497.4809021504
996497.4809021504
996497.4809021504
996497.4809021504
996497.4809021504
995447.4781120121
994829.2444767691
994829.2444767691
994508.1893172452
994508.1893172452
994508.1893172452
994508.1893172452
994508.1893172452
994508.1893172452
994508.1893172452
994508.1893172452
994508.1893172452
994508.1893172452
993347.3369829697
993347.3369829697
993347.3369829697
993347.3369829697
993347.3369829697
993347.3369829697
993347.3369829697
993292.5385344065
992964.0413497745
992777.203889321
992587.5915262375
992587.5915262375
992587.5915262375
992587.5915262375
992587.5915262375
992587.5915262375
992587.5915262375
992254.5021620418
992254.5021620418
992254.5021620418
992254.5021620418
992254.5021620418
992254.5021620418
992254.5021620418
992254.5021620418
992254.5021620418
992125.1281918994
992125.1281918994
991955.3268485395
991955.3268485395
991955.3268485395
991935.8294046016
991935.8294046016
991540.6839370789
991540.6839370789
991540.6839370789
991540.6839370789
991380.6404175299
991380.6404175299
991380.6404175299
991380.6404175299
991380.6404175299
991380.6404175299
991380.6404175299
991380.6404175299
991380.6404175299
991380.6404175299
991380.6404175299
991325.4451300487
991325.4451300487
991325.4451300487
991325.4451300487
991325.4451300487
991325.4451300487
991325.4451300487
991325.4451300487
991325.4451300487
991325.4451300487
991325.4451300487
991325.4451300487
991325.4451300487
991325.4451300487
991325.4451300487
991325.4451300487
991325.4451300487
991325.4451300487
991074.8290804027
991074.8290804027
991074.8290804027
991074.8290804027
991074.8290804027
991074.8290804027
991074.8290804027
990042.1255312831
989490.567244546
989490.567244546
989490.567244546
989178.8345418853
989178.8345418853
989178.8345418853
989179.0627068288
989179.0627068288
989179.0627068288
989179.0627068288
989179.0627068288
989179.0627068288
988528.5900710863
988397.3077527182
988397.3077527182
988397.3077527182
988333.610908482
988333.610908482
988333.610908482
988333.610908482
988333.610908482
988333.610908482
988333.610908482
988179.0502186841
988099.860955785
988011.462048871
988011.462048871
988011.462048871
988011.462048871
988011.462048871
988011.462048871
988011.462048871
988011.462048871
988011.462048871
988011.462048871
988011.462048871
988011.462048871
988011.462048871
988000.8692669814
988000.8692669814
987812.056529644
987812.056529644
986605.9280610688
986605.9280610688
986605.9280610688
985793.1351835575
985793.1351835575
985793.1351835575
985385.2549112663
985384.8004844247
985344.8686688568
985344.8686688568
984928.2044108753
984928.2044108753
984928.2044108753
984093.7080974302
984093.7080974302
984093.7080974302
984093.7080974302
984093.7080974302
984093.7080974302
984093.7080974302
984093.7080974302
984093.7080974302
983251.816025157
983251.816025157
983251.816025157
983251.816025157
983251.816025157
983251.816025157
983251.816025157
983251.816025157
983251.816025157
983251.816025157
983251.816025157
982993.5238591963
982993.5238591963
982993.5238591963
982993.5238591963
982569.934358231
982569.934358231
981597.8074695246
981597.8074695246
981597.8074695246
981597.8074695246
981597.8074695246
981597.8074695246
981508.7680144268
981508.7680144268
981508.7680144268
981508.7680144268
981508.7680144268
981508.7680144268
981508.7680144268
981418.909837028
981418.909837028
980842.2077424661
980266.7038038395
980266.7038038395
980266.7038038395
980223.5679321744
980223.5679321744
980223.5679321744
979853.5377685898
979702.8315145529
979579.6486466983
979579.6486466983
979579.6486466983
979579.6486466983
979579.6486466983
979579.6486466983
978986.0902965884
978986.0902965884
978986.0902965884
978759.2820804499
978759.2820804499
978446.2175683556
978446.2175683556
978446.2175683556
978446.2175683556
978437.5053291654
978437.5053291654
978437.5053291654
978437.5053291654
978437.5053291654
978437.5053291654
978437.5053291654
978437.5053291654
978437.5053291654
978437.5053291654
978437.5053291654
978437.5053291654
978331.0226361144
978331.0226361144
978331.0226361144
978331.0226361144
978320.0549588666
978320.0549588666
978320.0549588666
978320.0549588666
978094.8071593818
978094.8071593818
978094.8071593818
978094.8071593818
978094.8071593818
978094.8071593818
978094.8071593818
978094.8071593818
978094.8071593818
977483.857859645
977483.857859645
977424.2910163945
976518.3244147389
976437.0757375457
976162.795143873
976162.795143873
976162.795143873
976162.795143873
976162.795143873
976162.795143873
975828.0835304582
975828.0835304582
975828.0835304582
975828.0835304582
975828.0835304582
975828.0835304582
975828.0835304582
975828.0835304582
975781.7274394045
975781.7274394045
975781.7274394045
975781.7274394045
975781.7274394045
975781.7274394045
975781.7274394045
975245.8864009858
975245.8864009858
974996.0122011324
974996.0122011324
974996.0122011324
974996.0122011324
974996.0122011324
974996.0122011324
974996.0122011324
974993.7747231836
974993.7747231836
974993.7747231836
974993.7747231836
974931.2500948128
974931.2500948128
974931.2500948128
974931.2500948128
974931.2500948128
974664.9507310555
974363.3782102067
974363.3782102067
974363.3782102067
974363.3782102067
973570.2439888925
973570.2439888925
973570.2439888925
973551.6323768185
973551.6323768185
973551.6323768185
973551.2856208265
973376.8775529626
973325.9524998459
973325.9524998459
973325.9524998459
973325.9524998459
973325.9524998459
973286.7044627932
973286.7044627932
973286.7044627932
973286.7044627932
973286.7044627932
973206.0596256396
972974.094413134
972974.094413134
972575.1852712736
972526.9833043661
972526.9833043661
972526.9833043661
972526.9833043661
972526.9833043661
972040.1767811263
972040.1767811263
971959.1293126566
971959.1293126566
971959.1293126566
971959.1293126566
971959.1293126566
971959.1293126566
971959.1293126566
971959.1293126566
971959.1293126566
971751.5822341824
971751.5822341824
971751.5822341824
971751.5822341824
971751.5822341824
971751.5822341824
971751.5822341824
971751.5822341824
971301.3558546675
971301.3558546675
971251.9646891081
970839.980675742
970839.980675742
970839.980675742
970839.980675742
970839.980675742
970814.3879905097
970590.2356087663
970590.2356087663
970590.2356087663
970326.999352596
970326.999352596
970081.279137563
970081.279137563
970081.279137563
969314.8209144028
969314.8209144028
969314.8209144028
969314.8209144028
968381.4381544676
968381.4381544676
968120.6923716294
966904.0771372818
966904.0771372818
966904.0771372818
966805.9287604191
966805.9287604191
966247.8662045209
966247.8662045209
966247.8662045209
966247.8662045209
965619.1778695311
965619.1778695311
965619.1778695311
965619.1778695311
965139.559336482
964975.4792023282
964975.4792023282
964942.5916244386
964942.5916244386
964942.5916244386
964031.4814672646
964031.4814672646
963837.7452383037
963837.7452383037
963837.7452383037
963837.7452383037
963100.1765292197
963100.1765292197
963100.1765292197
963100.1765292197
963100.1765292197
963041.6587486451
963041.6587486451
963041.6587486451
963041.6587486451
963041.6587486451
963041.6587486451
963041.6587486451
963041.6587486451
963041.6587486451
963041.6587486451
962995.2283142197
962995.2283142197
962995.2283142197
962995.2283142197
962995.2283142197
962995.2283142197
962995.2283142197
962995.2283142197
962995.2283142197
962995.2283142197
962995.2283142197
962995.2283142197
962678.219049169
962678.219049169
962091.4983480198
962091.4983480198
962039.9461949263
962039.9461949263
962039.9461949263
962039.9461949263
962039.9461949263
962039.9461949263
961871.9271382482
961485.6268765059
961485.6268765059
961485.6268765059
961485.6268765059
961485.6268765059
961485.6268765059
961485.6268765059
961485.6268765059
961485.6268765059
961485.6268765059
961485.6268765059
961324.128365645
961324.128365645
961324.128365645
960880.9338428163
960880.9338428163
960880.9338428163
960880.9338428163
960880.9338428163
960547.9454775174
960547.9454775174
960547.9454775174
959903.2416027448
959903.2416027448
959491.556750109
959491.556750109
959491.556750109
959491.556750109
959491.556750109
959491.556750109
959466.6214889432
959466.6214889432
959466.6214889432
959311.5031469995
959311.5031469995
959309.5525472716
959309.5525472716
959309.5525472716
959309.5525472716
959114.9699686917
959114.9699686917
959114.9699686917
958827.2272223576
958827.2272223576
958827.2272223576
958827.2272223576
958827.2272223576
958445.5248454107
957984.1818447936
957984.1818447936
957984.1818447936
957747.8104710577
957747.8104710577
957747.8104710577
957747.8104710577
957747.8104710577
957747.8104710577
957747.8104710577
957747.8104710577
956959.5024593195
956669.7019680061
956669.7019680061
956669.7019680061
956669.7019680061
956527.8848089601
956527.8848089601
956221.5499762808
956159.4259150176
956159.4259150176
956159.4259150176
956159.4259150176
956159.4259150176
956159.4259150176
956159.4259150176
955718.8593444733
955013.4943165419
955013.4943165419
954857.3399777544
954857.3399777544
954857.3399777544
954857.3399777544
953265.48265841
953265.48265841
953265.48265841
953265.48265841
952972.094812758
952579.4114922609
952312.6256439372
952312.6256439372
952174.8670276799
951961.178268044
951961.178268044
951253.6450631956
951253.6450631956
951253.6450631956
951253.6450631956
951253.6450631956
951253.6450631956
951253.6450631956
951253.6450631956
951253.6450631956
951253.6450631956
951253.6450631956
951253.6450631956
951253.6450631956
951036.2927283106
950956.5965045593
950956.5965045593
950956.5965045593
950956.5965045593
950689.8313948495
950689.8313948495
950604.6344683934
950604.6344683934
950604.6344683934
950604.6344683934
950604.6344683934
950604.6344683934
950604.6344683934
950142.8667523062
950142.8667523062
950142.8667523062
950142.8667523062
950142.8667523062
950142.8667523062
950142.8667523062
950142.8667523062
950142.8667523062
950142.8667523062
950142.8667523062
950142.8667523062
950142.8667523062
950142.8667523062
950142.8667523062
949214.4306126859
948398.2800185685
948180.6501138464
948180.6501138464
948174.4603782978
948174.4603782978
948174.4603782978
947881.3173741963
947881.3173741963
947881.3173741963
947881.3173741963
947881.3173741963
947881.3173741963
947881.3173741963
947881.3173741963
947881.3173741963
947881.3173741963
947881.3173741963
947881.3173741963
947881.3173741963
947881.3173741963
947803.7219222402
947803.7219222402
947803.7219222402
947803.7219222402
947803.7219222402
947780.8674098223
947780.8674098223
947780.8674098223
947780.8674098223
947608.5958678655
947608.5958678655
947166.8245858437
947166.8245858437
947166.8245858437
947166.8245858437
947145.9426057804
947069.3279394791
947069.3279394791
946934.4774830502
946934.4774830502
946934.4774830502
946934.4774830502
946934.4774830502
946934.4774830502
946934.4774830502
946773.0324299312
946773.0324299312
946773.0324299312
946773.0324299312
946773.0324299312
946773.0324299312
946773.0324299312
946773.0324299312
946773.0324299312
946773.0324299312
946773.0324299312
946773.0324299312
945767.661125846
945767.661125846
945767.661125846
945767.661125846
945767.661125846
945767.661125846
945767.661125846
945351.7235510167
945351.7235510167
945351.7235510167
945351.7235510167
945351.7235510167
945351.7235510167
945351.7235510167
945351.7235510167
945351.7235510167
945351.7235510167
945351.7235510167
945351.7235510167
945351.7235510167
945351.7235510167
945351.7235510167
945351.7235510167
945125.572404249
945125.572404249
945125.572404249
945112.38405386
945112.38405386
945112.38405386
945112.38405386
945112.38405386
945112.38405386
945039.9602455617
944275.0353505928
944275.0353505928
944275.0353505928
944275.0353505928
944275.0353505928
944275.0353505928
943727.3381700712
943635.0428976539
943475.7366400366
943475.7366400366
943448.5315631591
943448.5315631591
943448.5315631591
943448.5315631591
943448.5315631591
943448.5315631591
943448.5315631591
943443.0714607917
943443.0714607917
943443.0714607917
943443.0714607917
943443.0714607917
943443.0714607917
943443.0714607917
943443.0714607917
942540.991304587
942540.991304587
942540.991304587
942540.991304587
942540.991304587
942540.991304587
942540.991304587
942297.0287217938
942297.0287217938
941229.909836096
941229.909836096
941229.909836096
941006.0360039868
941006.0360039868
940923.1930070186
940923.1930070186
940883.091653024
940883.091653024
940883.091653024
940883.091653024
940883.091653024
940883.091653024
940883.091653024
940883.091653024
940883.091653024
940417.3281214908
940417.3281214908
940417.3281214908
940417.3281214908
940417.3281214908
940417.3281214908
940291.698990545
940291.698990545
940291.698990545
940291.698990545
940291.698990545
940291.698990545
940291.698990545
940050.736705841
939572.7039661279
939572.7039661279
939572.7039661279
939572.7039661279
939572.7039661279
939572.7039661279
939572.7039661279
939572.7039661279
939572.7039661279
939572.7039661279
939572.7039661279
939375.589501984
939375.589501984
939375.589501984
939375.589501984
939375.589501984
939375.589501984
939297.3321775948
939297.3321775948
939297.3321775948
939297.3321775948
939297.3321775948
939297.3321775948
939134.9119296893
939134.9119296893
939134.9119296893
938742.3431647187
938742.3431647187
938742.3431647187
938742.3431647187
938742.3431647187
938742.3431647187
938742.3431647187
938742.3431647187
938742.3431647187
938742.3431647187
938742.3431647187
938742.3431647187
938742.3431647187
938742.3431647187
938742.3431647187
938742.3431647187
938742.3431647187
938742.3431647187
938742.3431647187
938742.3431647187
938742.3431647187
938742.3431647187
938742.3431647187
938742.3431647187
938742.3431647187
938742.3431647187
938742.3431647187
938742.3431647187
938678.7964173649
938678.7964173649
938678.7964173649
938678.7964173649
938678.7964173649
938678.7964173649
938678.7964173649
938678.7964173649
938678.7964173649
938678.7964173649
938678.7964173649
938678.7964173649
938646.2575580722
938646.2575580722
938646.2575580722
938646.2575580722
938646.2575580722
938646.2575580722
937773.6805941274
937773.6805941274
937773.6805941274
937585.0486135355
937585.0486135355
937585.0486135355
937585.0486135355
936951.3803849188
936951.3803849188
936951.3803849188
936951.3803849188
936951.3803849188
936951.3803849188
936951.3803849188
936588.8978792737
936588.8978792737
936588.8978792737
936588.8978792737
936588.8978792737
936583.0146210252
936583.0146210252
936583.0146210252
936583.0146210252
936118.137578421
936118.137578421
935154.4334864116
935154.4334864116
935154.4334864116
935145.5693617525
935145.5693617525
935046.3247214598
935046.3247214598
935046.3247214598
935046.3247214598
934319.956403059
934319.956403059
934319.956403059
934054.4951751425
934054.4951751425
933832.4221751755
933832.4221751755
933832.4221751755
933832.4221751755
933832.4221751755
933832.4221751755
933832.4221751755
933832.4221751755
933832.4221751755
933748.6640151527
933748.6640151527
933748.6640151527
933748.6640151527
933748.6640151527
933432.4368639822
933432.4368639822
933432.4368639822
933432.4368639822
933432.4368639822
933289.3945301186
933289.3945301186
933184.8381726029
933184.8381726029
933184.8381726029
933184.8381726029
933184.8381726029
933184.8381726029
933184.8381726029
933184.8381726029
933184.8381726029
933184.8381726029
933143.4845763177
933143.4845763177
933143.4845763177
933143.4845763177
933143.4845763177
933143.4845763177
932913.5097403298
932913.5097403298
932913.5097403298
932913.5097403298
932913.5097403298
932913.5097403298
932913.5097403298
932913.5097403298
932913.5097403298
932391.9362247384
932391.9362247384
932391.9362247384
932391.9362247384
932224.2792340994
932224.2792340994
932224.2792340994
932224.2792340994
932224.2792340994
932224.2792340994
932224.2792340994
932224.2792340994
932224.2792340994
932224.2792340994
932224.2792340994
932224.2792340994
932224.2792340994
932224.2792340994
932038.8475545383
932038.8475545383
932038.8475545383
932038.8475545383
932038.8475545383
932015.8064744145
932015.8064744145
932015.8064744145
932015.8064744145
932015.8064744145
932015.8064744145
932015.8064744145
932015.8064744145
932015.8064744145
932015.8064744145
932015.8064744145
932015.8064744145
931860.0080882555
931860.0080882555
931860.0080882555
931860.0080882555
931659.9600235812
931619.4882875169
931619.4882875169
931619.4882875169
931619.4882875169
931619.4882875169
931126.924118371
931065.6723527495
931065.6723527495
931065.6723527495
931065.6723527495
929870.5148558706
929693.172962039
929288.9150296268
929276.6461667856
929276.6461667856
929276.6461667856
929276.6461667856
929232.2028647009
929232.2028647009
929232.2028647009
929232.2028647009
929232.2028647009
929232.2028647009
928922.2776897862
928922.2776897862
928497.2207773766
928497.2207773766
928497.2207773766
928497.2207773766
928497.2207773766
928497.2207773766
928497.2207773766
928497.2207773766
928497.2207773766
928425.5921469887
928425.5921469887
928425.5921469887
928425.5921469887
928425.5921469887
928425.5921469887
928425.5921469887
928425.5921469887
928425.5921469887
928425.5921469887
928425.5921469887
928425.5921469887
928425.5921469887
928425.5921469887
928425.5921469887
928425.5921469887
928141.4010019029
928141.4010019029
928141.4010019029
927845.014326058
927845.014326058
927801.4133838007
927801.4133838007
927801.4133838007
927801.4133838007
927801.4133838007
927801.4133838007
927801.4133838007
927801.4133838007
927801.4133838007
927558.3615216837
927558.3615216837
927558.3615216837
927471.00810512
927215.7366126302
927215.7366126302
927215.7366126302
927215.7366126302
927215.7366126302
927215.7366126302
927215.7366126302
927215.7366126302
927002.9230447623
927002.9230447623
927002.9230447623
927002.9230447623
927002.9230447623
927002.9230447623
927002.9230447623
927002.9230447623
927002.9230447623
927002.9230447623
927002.9230447623
926861.9950979863
926861.9950979863
926861.9950979863
926861.9950979863
926276.3373336431
926276.3373336431
926276.3373336431
926276.3373336431
925977.5500543105
925977.5500543105
925977.5500543105
925977.5500543105
925913.6189216427
925913.6189216427
925913.6189216427
925711.7176088521
925324.2707765047
925324.2707765047
925324.2707765047
924390.1014610191
924390.1014610191
924390.1014610191
924390.1014610191
924390.1014610191
924390.1014610191
924390.1014610191
924390.1014610191
924390.1014610191
924390.1014610191
924199.1077556424
924199.1077556424
924199.1077556424
923567.2863528875
923538.3028907806
923538.3028907806
923538.3028907806
923538.3028907806
923393.8540768472
923393.8540768472
923393.8540768472
923246.7915103745
923246.7915103745
923029.1285260821
923029.1285260821
923029.1285260821
923029.1285260821
923029.1285260821
923029.1285260821
922968.186497174
922968.186497174
922968.186497174
922968.186497174
922968.186497174
922968.186497174
922887.4026556656
922887.4026556656
922887.4026556656
922887.4026556656
922887.4026556656
922887.4026556656
922887.4026556656
922887.4026556656
922887.4026556656
922887.4026556656
922887.4026556656
922887.4026556656
922887.4026556656
922887.4026556656
922887.4026556656
922887.4026556656
922887.4026556656
922887.4026556656
922826.3929581856
922826.3929581856
922826.3929581856
922437.4514615559
922437.4514615559
922437.4514615559
922437.4514615559
922437.4514615559
922437.4514615559
922437.4514615559
922437.4514615559
922437.4514615559
922194.328316191
922194.328316191
922194.328316191
922194.328316191
921494.0324696102
921494.0324696102
921494.0324696102
921494.0324696102
921432.1787029569
921432.1787029569
921431.5730277279
921431.5730277279
921431.5730277279
921276.4607502967
921276.4607502967
921276.4607502967
921276.4607502967
921276.4607502967
921276.4607502967
921276.4607502967
921276.4607502967
921276.4607502967
921276.4607502967
921276.4607502967
921276.4607502967
920591.5362237296
920255.9101432612
920255.9101432612
920255.9101432612
920255.9101432612
920255.9101432612
920255.9101432612
920255.9101432612
920255.9101432612
920255.9101432612
920255.9101432612
920255.9101432612
920255.9101432612
920255.9101432612
920255.9101432612
920255.9101432612
920079.8232432804
919636.757305342
918875.1759135656
918875.1759135656
918875.1759135656
918867.014772655
918761.1717594886
918761.1717594886
918761.1717594886
918748.3991888771
918748.3991888771
918748.3991888771
918748.3991888771
918748.3991888771
918748.3991888771
918748.3991888771
918748.3991888771
918034.106440996
918034.106440996
917520.1003974394
917520.1003974394
917520.1003974394
917520.1003974394
917520.1003974394
916983.5563503606
916983.5563503606
916983.5563503606
916960.1682223951
916960.1682223951
916943.0430835143
916943.0430835143
916943.0430835143
916818.5475164342
916818.5475164342
916818.5475164342
916818.5475164342
916759.2560885851
916759.2560885851
916759.2560885851
916759.2560885851
916759.2560885851
916165.119073538
916165.119073538
916165.119073538
915722.838106645
915722.838106645
915722.838106645
915722.838106645
915722.838106645
915722.838106645
915722.838106645
915722.838106645
915722.838106645
915722.838106645
915722.838106645
915722.838106645
915722.838106645
915722.838106645
915722.838106645
915722.838106645
915722.838106645
915722.838106645
915722.838106645
915722.838106645
915722.838106645
915722.838106645
915722.838106645
915589.625978299
915589.625978299
915589.625978299
915589.625978299
915589.625978299
915589.625978299
915589.625978299
915589.625978299
915589.625978299
915589.625978299
915589.625978299
915589.625978299
915589.625978299
915589.625978299
915589.625978299
915589.625978299
915589.625978299
915589.625978299
915443.6943296259
915443.6943296259
915443.6943296259
915443.6943296259
915443.6943296259
915443.6943296259
915443.6943296259
915443.6943296259
915443.6943296259
915443.6943296259
915443.6943296259
915443.6943296259
915217.4063998526
915217.4063998526
915217.4063998526
915195.4188559381
915195.4188559381
915190.5992391922
914936.0236347392
914936.0236347392
914936.0236347392
914936.0236347392
914936.0236347392
914936.0236347392
914891.4676325491
914742.9636070675
914742.9636070675
914742.9636070675
914742.9636070675
914742.9636070675
914742.9636070675
914742.9636070675
914742.9636070675
914742.9636070675
914742.9636070675
914742.9636070675
914742.9636070675
914742.9636070675
914508.4026087399
914183.8758253041
914183.8758253041
914183.8758253041
913248.3869114574
913248.3869114574
913193.1267825838
912642.8141734288
912642.8141734288
912642.8141734288
912642.8141734288
912642.8141734288
912314.3734639415
912314.3734639415
912314.3734639415
912238.9187122462
912238.9187122462
912238.9187122462
912238.9187122462
912238.9187122462
912238.9187122462
912238.9187122462
912238.9187122462
912238.9187122462
912238.9187122462
912238.9187122462
912238.9187122462
912238.9187122462
911736.3336891558
911736.3336891558
911736.3336891558
911736.3336891558
911736.3336891558
911659.1781364442
911659.1781364442
911621.5996786689
911621.5996786689
911621.5996786689
911621.5996786689
911621.5996786689
911621.5996786689
911621.5996786689
911621.5996786689
911386.4029104734
911386.4029104734
911386.4029104734
911386.4029104734
911386.4029104734
911009.0560301761
911009.0560301761
911009.0560301761
910953.0892844697
910953.0892844697
910953.0892844697
910953.0892844697
910953.0892844697
910900.6135762858
910900.6135762858
910900.6135762858
910900.6135762858
910900.6135762858
910618.5294376279
910618.5294376279
910618.5294376279
910618.5294376279
910618.5294376279
910618.5294376279
910618.5294376279
910618.5294376279
910618.5294376279
910321.1372895443
910321.1372895443
910321.1372895443
910321.1372895443
910321.1372895443
910321.1372895443
910321.1372895443
910321.1372895443
910321.1372895443
910321.1372895443
910321.1372895443
910321.1372895443
910321.1372895443
910321.1372895443
910095.4480103223
910095.4480103223
910095.4480103223
910095.4480103223
910095.4480103223
910095.4480103223
909842.5203948196
909842.5203948196
909842.5203948196
909842.5203948196
909842.5203948196
909842.5203948196
909821.7892933816
909815.399661957
909815.399661957
909815.399661957
909815.399661957
909815.399661957
909815.399661957
909339.713393281
909339.713393281
909339.713393281
909339.713393281
909334.6285610814
909334.6285610814
909334.6285610814
909125.9519033488
909125.9519033488
909125.9519033488
909006.2807908771
909006.2807908771
909006.2807908771
909006.2807908771
909006.2807908771
909006.2807908771
909006.2807908771
909006.2807908771
909006.2807908771
909006.2807908771
909006.2807908771
909006.2807908771
909006.2807908771
909006.2807908771
909006.2807908771
909006.2807908771
909006.2807908771
909006.2807908771
909006.2807908771
909006.2807908771
909006.2807908771
909006.2807908771
909006.2807908771
909006.2807908771
909006.2807908771
909006.2807908771
909006.2807908771
909006.2807908771
909006.2807908771
909006.2807908771
909006.2807908771
909006.2807908771
909006.2807908771
909006.2807908771
909006.2807908771
909006.2807908771
909006.2807908771
909006.2807908771
909006.2807908771
909006.2807908771
909006.2807908771
909006.2807908771
908822.9309974764
908573.4959401425
908457.9876144114
908457.9876144114
908457.9876144114
908457.9876144114
908457.9876144114
908457.9876144114
908457.9876144114
908457.9876144114
908457.9876144114
907718.2775439715
907718.2775439715
907718.2775439715
907718.2775439715
907718.2775439715
907122.235241327
907122.235241327
907122.235241327
907122.235241327
907122.235241327
907122.235241327
907122.235241327
907122.235241327
907122.235241327
907032.5334721123
907032.5334721123
907032.5334721123
907032.5334721123
907032.5334721123
906642.2066670528
906642.2066670528
906642.2066670528
906642.2066670528
906642.2066670528
906642.2066670528
906642.2066670528
906642.2066670528
906642.2066670528
906642.2066670528
906642.2066670528
906411.5663025237
906411.5663025237
906411.5663025237
906411.5663025237
906198.0786759928
906198.0786759928
906198.0786759928
906198.0786759928
906198.0786759928
906189.6432597293
906189.6432597293
906189.6432597293
906189.6432597293
906189.6432597293
905749.1168259063
905749.1168259063
905337.3383111814
905337.3383111814
905337.3383111814
905121.6538845098
905121.6538845098
905121.6538845098
905121.6538845098
905121.6538845098
905121.6538845098
905121.6538845098
905121.6538845098
905121.6538845098
905121.6538845098
905121.6538845098
905121.6538845098
905121.6538845098
905121.6538845098
904364.4188361879
904364.4188361879
904364.4188361879
904364.4188361879
904364.4188361879
904364.4188361879
904016.6765037596
904016.6765037596
904016.6765037596
904016.6765037596
904016.6765037596
904016.6765037596
904009.2816841326
904009.2816841326
904009.2816841326
904009.2816841326
903726.1158232703
903359.0741299733
903359.0741299733
903359.0741299733
903359.0741299733
903359.0741299733
903359.0741299733
903359.0741299733
903359.0741299733
903359.0741299733
903359.0741299733
903359.0741299733
903359.0741299733
903359.0741299733
903359.0741299733
903359.0741299733
903359.0741299733
903359.0741299733
903359.0741299733
903359.0741299733
903359.0741299733
903359.0741299733
903359.0741299733
903110.2859560687
903110.2859560687
903110.2859560687
903110.2859560687
902925.171668299
902925.171668299
902925.171668299
902925.171668299
902925.171668299
902925.171668299
902913.2422202984
902341.5532335143
902341.5532335143
902341.5532335143
902341.5532335143
902341.5532335143
902341.5532335143
902341.5532335143
902341.5532335143
902066.6426485248
902066.6426485248
902066.6426485248
902066.6426485248
902066.6426485248
901876.3149907964
901514.9829833999
901514.9829833999
901514.9829833999
901514.9829833999
901485.6310767451
901272.5435935752
901272.5435935752
901272.5435935752
901272.5435935752
901272.5435935752
901272.5435935752
901245.3164095578
901245.3164095578
901245.3164095578
901245.3164095578
901245.3164095578
901245.3164095578
901245.3164095578
901245.3164095578
901245.3164095578
900923.454589183
900773.4856177672
900773.4856177672
900773.4856177672
900773.4856177672
900773.4856177672
900773.4856177672
900773.4856177672
899591.2304638042
899591.2304638042
899591.2304638042
899591.2304638042
899591.2304638042
899557.0229016807
899557.0229016807
899557.0229016807
899557.0229016807
899557.0229016807
899557.0229016807
899557.0229016807
899557.0229016807
899242.4750227393
899242.4750227393
899242.4750227393
899242.4750227393
899242.4750227393
898532.975643003
898532.975643003
898532.975643003
898322.2560804392
898322.2560804392
898322.2560804392
898322.2560804392
897970.7436422855
897641.5957641758
897641.5957641758
897641.5957641758
897575.534082213
897575.534082213
897575.534082213
897575.534082213
897575.534082213
897456.65843077
897307.8353351734
897307.8353351734
897307.8353351734
897145.4486763161
896828.5129491927
896615.9906712072
896615.9906712072
896615.9906712072
896615.9906712072
896615.9906712072
896615.9906712072
896615.9906712072
896615.9906712072
896615.9906712072
896615.9906712072
896615.9906712072
896534.3842329166
896534.3842329166
896534.3842329166
896534.3842329166
896534.3842329166
896534.3842329166
896373.4032128766
895429.6601241785
895429.6601241785
895429.6601241785
895429.6601241785
895429.6601241785
895429.530687766
895429.530687766
895429.530687766
895429.530687766
895429.530687766
895429.530687766
895217.7827633454
895217.7827633454
895217.7827633454
895217.7827633454
895217.7827633454
895050.9453936282
895050.9453936282
895050.9453936282
895050.9453936282
894052.8933095357
894052.8933095357
894052.8933095357
894052.8933095357
894052.8933095357
894052.8933095357
894023.6679687286
894023.6679687286
894023.6679687286
894023.6679687286
894023.6679687286
894023.6679687286
894023.6679687286
894023.6679687286
894023.6679687286
894023.6679687286
894023.6679687286
894023.6679687286
894023.6679687286
894023.6679687286
894023.6679687286
894023.6679687286
894023.6679687286
894023.6679687286
894023.6679687286
893883.1745077441
893883.1745077441
893883.1745077441
893883.1745077441
893728.6355944788
893395.9785240176
893395.9785240176
893395.9785240176
893395.9785240176
893233.7663247946
893233.7663247946
893233.7663247946
893233.7663247946
893233.7663247946
893233.7663247946
893233.7663247946
893233.7663247946
893233.7663247946
893233.7663247946
893081.7016369017
892121.1906494808
892121.1906494808
892121.1906494808
892121.1906494808
892121.1906494808
892121.1906494808
892121.1906494808
892121.1906494808
892121.1906494808
892121.1906494808
892121.1906494808
892121.1906494808
892121.1906494808
892121.1906494808
892121.1906494808
892121.1906494808
892121.1906494808
892121.1906494808
892121.1906494808
892121.1906494808
891432.5967236174
891432.5967236174
891432.5967236174
891432.5967236174
891432.5967236174
891432.5967236174
891430.942394598
891430.942394598
891430.942394598
891430.942394598
891430.942394598
891430.942394598
890985.1903455193
890852.5895413097
890852.5895413097
890852.5895413097
890852.5895413097
890401.1929719306
890401.1929719306
890401.1929719306
890401.1929719306
889603.62166386
889603.62166386
889603.62166386
889603.62166386
889603.62166386
889603.62166386
889603.62166386
889603.62166386
889603.62166386
889603.62166386
889603.62166386
889603.62166386
889603.62166386
889603.62166386
889603.62166386
889603.62166386
889603.62166386
889603.62166386
889272.3750410017
889272.3750410017
889272.3750410017
889272.3750410017
889272.3750410017
889272.3750410017
889235.8939651779
889235.8939651779
889235.8939651779
889235.8939651779
889235.233481737
889235.233481737
889235.233481737
889235.233481737
889235.233481737
889235.233481737
889235.233481737
889235.233481737
888823.6504001556
888823.6504001556
888823.6504001556
888683.5475688
888683.5475688
888683.5475688
888683.5475688
888683.5475688
888683.5475688
888683.5475688
888683.5475688
887812.476088172
887812.476088172
887812.476088172
887812.476088172
887812.476088172
887812.476088172
887812.476088172
887812.476088172
887812.476088172
887812.476088172
887812.476088172
887812.476088172
887812.476088172
887812.476088172
887562.0495624767
887562.0495624767
887562.0495624767
887562.0495624767
887473.9804199559
887473.9804199559
887473.9804199559
887330.1872328882
887330.1872328882
887330.1872328882
887330.1872328882
887246.8071241595
887246.8071241595
887246.8071241595
887246.8071241595
887246.8071241595
887246.8071241595
887246.8071241595
887246.8071241595
887246.8071241595
887246.8071241595
887246.8071241595
887246.8071241595
887246.8071241595
887246.8071241595
887246.8071241595
887246.8071241595
887246.8071241595
887085.6991498565
887085.6991498565
887085.6991498565
887085.6991498565
887085.6991498565
887085.6991498565
886357.5195199599
886357.5195199599
886357.5195199599
886357.5195199599
886357.5195199599
886357.5195199599
886357.5195199599
886357.5195199599
886357.5195199599
886357.5195199599
886357.5195199599
886357.5195199599
886357.5195199599
886357.5195199599
886357.5195199599
886173.1410316018
886173.1410316018
886157.3648824588
886157.3648824588
886157.3648824588
886157.3648824588
886157.3648824588
885988.7814660041
885988.7814660041
885988.7814660041
885988.7814660041
885603.0158473365
885603.0158473365
885603.0158473365
885603.0158473365
885603.0158473365
885603.0158473365
885603.0158473365
885603.0158473365
885603.0158473365
885603.0158473365
885603.0158473365
885581.7176624868
885581.7176624868
885581.7176624868
885471.5069650906
885471.5069650906
885471.5069650906
885471.5069650906
885380.9837422522
885380.9837422522
885380.9837422522
885380.9837422522
885380.9837422522
885380.9837422522
885380.9837422522
885380.9837422522
885004.1360647025
884755.1576633005
884755.1576633005
884755.1576633005
884755.1576633005
884547.5362997593
884547.5362997593
884311.5688312377
884227.0526005969
884227.0526005969
884200.6571856235
884200.6571856235
884200.6571856235
884200.6571856235
883782.1831955408
883721.3172236711
883721.3172236711
883721.3172236711
883721.3172236711
883721.3172236711
883721.3172236711
883721.3172236711
883721.3172236711
883721.3172236711
883721.3172236711
883721.3172236711
883721.3172236711
883721.3172236711
883721.3172236711
883721.3172236711
883721.3172236711
883721.3172236711
883721.3172236711
883721.3172236711
883721.3172236711
883721.3172236711
882554.6118235086
882554.6118235086
882554.6118235086
882554.6118235086
882554.6118235086
882554.6118235086
882554.6118235086
882554.6118235086
882554.6118235086
882554.6118235086
882251.3473563814
882251.3473563814
882251.3473563814
882251.3473563814
882251.3473563814
882251.3473563814
882251.3473563814
882251.3473563814
882251.3473563814
882251.3473563814
882251.3473563814
882251.3473563814
882251.3473563814
882251.3473563814
882251.3473563814
882251.3473563814
882164.3912705671
882164.3912705671
882164.3912705671
882164.3912705671
882164.3912705671
882164.3912705671
882164.3912705671
882164.3912705671
882164.3912705671
881708.0859534629
881708.0859534629
881708.0859534629
881708.0859534629
881708.0859534629
881708.0859534629
881708.0859534629
881708.0859534629
881708.0859534629
881708.0859534629
881708.0859534629
881708.0859534629
881708.0859534629
881708.0859534629
881708.0859534629
881708.0859534629
881708.0859534629
881708.0859534629
881708.0859534629
881708.0859534629
881708.0859534629
881708.0859534629
881699.4456415612
881699.4456415612
881699.4456415612
881699.4456415612
881699.4456415612
881699.4456415612
881699.4456415612
881699.4456415612
881699.4456415612
881699.4456415612
881699.4456415612
881699.4456415612
881699.4456415612
881699.4456415612
881699.4456415612
881699.4456415612
881699.4456415612
881699.4456415612
881699.4456415612
881699.4456415612
881699.4456415612
881699.4456415612
881446.8250971733
881446.8250971733
881231.2587112619
881080.8146784909
881080.8146784909
881080.8146784909
881080.8146784909
881080.8146784909
881080.8146784909
881080.8146784909
881080.8146784909
881080.8146784909
881080.8146784909
881080.8146784909
881080.8146784909
881080.8146784909
881080.8146784909
880864.9507604926
880864.9507604926
880864.9507604926
880864.9507604926
880864.9507604926
880864.9507604926
880864.9507604926
880864.9507604926
880864.9507604926
880864.9507604926
880864.9507604926
880864.9507604926
880864.9507604926
880864.9507604926
880864.9507604926
880864.9507604926
880864.9507604926
880864.9507604926
880864.9507604926
880864.9507604926
880864.9507604926
880864.9507604926
880023.4122838152
880023.4122838152
880023.4122838152
880023.4122838152
880023.4122838152
880023.4122838152
880023.4122838152
880023.4122838152
880023.4122838152
880023.4122838152
879988.5674899212
879988.5674899212
879988.5674899212
879988.5674899212
879988.5674899212
879988.5674899212
879988.5674899212
879988.5674899212
879988.5674899212
879988.5674899212
879988.5674899212
879776.0219470009
879776.0219470009
879776.0219470009
879776.0219470009
879776.0219470009
879776.0219470009
879776.0219470009
879776.0219470009
879776.0219470009
879776.0219470009
879776.0219470009
879652.7346788959
879652.7346788959
879652.7346788959
879652.7346788959
879652.7346788959
879652.7346788959
879110.5970141343
879110.5970141343
879110.5970141343
879110.5970141343
879110.5970141343
879110.5970141343
879110.5970141343
879110.5970141343
879110.5970141343
879110.5970141343
879110.5970141343
879110.5970141343
879110.5970141343
878833.9175244394
878833.9175244394
878833.9175244394
878833.9175244394
878833.9175244394
878833.9175244394
878833.9175244394
878833.9175244394
878833.9175244394
878833.9175244394
878833.9175244394
878833.9175244394
878833.9175244394
878833.9175244394
878833.9175244394
878833.9175244394
878833.9175244394
878833.9175244394
878833.9175244394
878833.9175244394
878833.9175244394
878833.9175244394
878656.0017266739
878656.0017266739
878656.0017266739
878656.0017266739
878656.0017266739
878656.0017266739
878656.0017266739
878656.0017266739
878656.0017266739
878656.0017266739
878656.0017266739
878656.0017266739
878656.0017266739
878656.0017266739
878656.0017266739
878656.0017266739
878656.0017266739
878656.0017266739
878656.0017266739
878656.0017266739
878656.0017266739
878656.0017266739
878656.0017266739
878329.7864853699
878329.7864853699
878329.7864853699
878329.7864853699
877952.2137632396
877952.2137632396
877639.9847152524
877639.9847152524
877639.9847152524
877639.9847152524
877639.9847152524
877639.9847152524
877639.9847152524
877639.9847152524
877639.9847152524
877639.9847152524
877639.9847152524
877639.9847152524
877639.9847152524
877639.9847152524
877516.9182559616
877516.9182559616
877516.9182559616
877516.9182559616
877516.9182559616
877516.9182559616
877516.9182559616
877335.6816792615
877335.6816792615
877335.6816792615
876855.4229708712
876855.4229708712
876855.4229708712
876855.4229708712
876855.4229708712
876855.4229708712
876852.9427300391
876852.9427300391
876852.9427300391
876282.2065050179
876282.2065050179
876282.2065050179
875914.3052506265
875914.3052506265
875914.3052506265
875586.3421063412
875586.3421063412
875586.3421063412
875288.1643883662
875288.1643883662
875288.1643883662
875288.1643883662
875288.1643883662
875288.1643883662
875288.1643883662
875288.1643883662
875288.1643883662
874927.1138908148
874818.638486444
874818.638486444
874818.638486444
874818.638486444
874818.638486444
874818.638486444
874818.638486444
874818.638486444
874818.638486444
874818.638486444
874412.9657892887
874412.9657892887
874412.9657892887
873707.5140359104
873707.5140359104
873707.5140359104
872970.3656534653
872970.3656534653
872970.3656534653
872970.3656534653
872970.3656534653
872970.3656534653
872970.3656534653
872970.3656534653
872970.3656534653
872970.3656534653
872970.3656534653
872970.3656534653
872970.3656534653
872970.3656534653
872970.3656534653
872970.3656534653
872970.3656534653
872970.3656534653
872908.6522983003
872908.6522983003
872908.6522983003
872908.6522983003
872908.6522983003
872908.6522983003
872908.6522983003
872908.6522983003
872318.4342047949
872318.4342047949
872318.4342047949
872318.4342047949
872227.7563566428
871918.5944220391
871918.5944220391
871918.5944220391
871879.1961007854
871879.1961007854
871879.1961007854
871879.1961007854
871879.1961007854
871879.1961007854
871879.1961007854
871879.1961007854
871719.1671286648
871719.1671286648
871719.1671286648
871719.1671286648
871719.1671286648
871456.3245660367
871456.3245660367
871456.3245660367
870625.2082590221
870625.2082590221
870460.7705301722
870460.7705301722
870460.7705301722
870459.3195310335
870459.3195310335
869759.4776167148
869759.4776167148
869759.4776167148
869759.4776167148
869759.4776167148
869759.4776167148
869759.4776167148
869759.4776167148
869759.4776167148
869759.4776167148
869759.4776167148
869759.4776167148
869759.4776167148
869759.4776167148
869759.4776167148
869759.4776167148
869759.4776167148
869759.4776167148
869759.4776167148
869580.9257826013
869580.9257826013
869580.9257826013
869114.9730874157
869114.9730874157
869114.9730874157
868916.5191775982
868886.8051487459
868251.3368166644
868251.3368166644
868251.3368166644
868251.3368166644
868251.3368166644
868251.3368166644
868251.3368166644
868251.3368166644
868251.3368166644
868251.3368166644
868251.3368166644
868251.3368166644
868251.3368166644
867539.7576682334
867539.7576682334
867539.7576682334
867539.7576682334
867539.7576682334
867539.7576682334
867539.7576682334
867539.7576682334
867214.5031034613
867093.9872044041
867093.9872044041
867093.9872044041
867093.9872044041
867093.9872044041
867093.9872044041
867093.9872044041
867093.9872044041
867093.9872044041
867093.9872044041
867093.9872044041
867093.9872044041
867093.9872044041
867093.9872044041
867093.9872044041
867093.9872044041
867093.9872044041
867093.9872044041
867093.9872044041
867093.9872044041
867093.9872044041
867093.9872044041
867093.9872044041
867093.9872044041
867093.9872044041
867093.9872044041
867093.9872044041
867093.9872044041
866859.4086989521
866859.4086989521
866683.7306570939
866683.7306570939
866683.7306570939
866683.7306570939
866683.7306570939
866683.7306570939
866683.7306570939
866607.195207924
866454.680469311
866454.680469311
866454.680469311
866454.680469311
866454.680469311
866454.680469311
866454.680469311
866454.680469311
866454.680469311
866454.680469311
866454.680469311
866350.0170703467
866350.0170703467
866350.0170703467
866350.0170703467
866308.3285394707
866308.3285394707
866308.3285394707
865688.7640426306
865688.7640426306
865688.7640426306
865688.7640426306
865688.7640426306
865688.7640426306
865688.7640426306
865688.7640426306
865688.7640426306
865688.7640426306
865688.7640426306
865688.7640426306
865688.7640426306
865688.7640426306
865688.7640426306
865688.7640426306
865688.7640426306
865688.7640426306
865688.7640426306
865688.7640426306
865506.4991366153
865506.4991366153
865506.4991366153
865506.4991366153
865506.4991366153
865506.4991366153
865506.4991366153
865506.4991366153
865506.4991366153
865506.4991366153
865506.4991366153
865407.5938732185
865407.5938732185
865407.5938732185
865407.5938732185
865407.5938732185
865407.5938732185
865407.5938732185
865407.5938732185
865175.3328892228
865175.3328892228
865175.3328892228
865175.3328892228
865175.3328892228
865175.3328892228
865175.3328892228
865175.3328892228
865175.3328892228
865175.3328892228
865175.3328892228
865175.3328892228
865175.3328892228
864166.6436605784
864166.6436605784
864166.6436605784
864166.6436605784
864166.6436605784
864166.6436605784
864166.6436605784
864166.6436605784
864166.6436605784
864166.6436605784
864166.6436605784
864166.6436605784
863874.9998646288
863874.9998646288
863874.9998646288
863874.9998646288
863874.9998646288
863874.9998646288
863874.9998646288
863874.9998646288
863874.9998646288
863874.9998646288
863874.9998646288
863874.9998646288
863874.9998646288
863874.9998646288
863874.9998646288
863874.9998646288
863874.9998646288
863874.9998646288
863874.9998646288
863874.9998646288
863874.9998646288
863067.0671796196
863067.0671796196
863067.0671796196
863067.0671796196
863067.0671796196
863067.0671796196
863067.0671796196
863067.0671796196
863067.0671796196
863067.0671796196
863067.0671796196
863067.0671796196
863067.0671796196
863067.0671796196
863067.0671796196
863067.0671796196
863067.0671796196
863067.0671796196
863067.0671796196
863067.0671796196
863067.0671796196
863067.0671796196
863038.844281928
863038.844281928
863038.844281928
863038.844281928
863038.844281928
863038.844281928
863038.844281928
863038.844281928
863038.844281928
863038.844281928
863038.844281928
863038.844281928
863038.844281928
863038.844281928
863038.844281928
863038.844281928
863038.844281928
863038.844281928
863038.844281928
863038.844281928
863038.844281928
863038.844281928
863038.844281928
863038.844281928
863038.844281928
863038.844281928
863038.844281928
863038.844281928
863038.844281928
863038.844281928
863038.844281928
863038.844281928
863038.844281928
863038.844281928
862741.4112360107
862741.4112360107
862741.4112360107
862741.4112360107
862741.4112360107
862623.716512221
862623.716512221
862623.716512221
862623.716512221
862623.716512221
862623.716512221
862623.716512221
862623.716512221
861275.2875337098
861275.2875337098
861275.2875337098
861275.2875337098
861275.2875337098
861275.2875337098
861275.2875337098
861275.2875337098
861275.2875337098
861275.2875337098
861275.2875337098
861275.2875337098
861118.9936206695
861118.9936206695
861118.9936206695
861118.9936206695
861118.9936206695
861118.9936206695
861118.9936206695
861118.9936206695
861118.9936206695
861118.9936206695
861118.9936206695
861118.9936206695
861118.9936206695
861118.9936206695
860920.1302833087
860920.1302833087
860920.1302833087
860920.1302833087
860920.1302833087
860920.1302833087
860920.1302833087
860133.4424730188
860133.4424730188
860133.4424730188
860133.4424730188
860133.4424730188
860133.4424730188
860133.4424730188
860133.4424730188
860133.4424730188
860133.4424730188
859654.5872181624
859540.3601386317
859540.3601386317
859540.3601386317
859540.3601386317
859540.3601386317
859540.3601386317
859537.0286377228
859537.0286377228
859537.0286377228
859537.0286377228
859537.0286377228
859537.0286377228
859537.0286377228
859537.0286377228
859537.0286377228
859537.0286377228
859537.0286377228
859537.0286377228
859537.0286377228
859537.0286377228
859537.0286377228
859537.0286377228
859537.0286377228
859537.0286377228
859537.0286377228
859537.0286377228
859537.0286377228
859537.0286377228
859537.0286377228
859475.4937037856
859475.4937037856
859475.4937037856
859475.4937037856
859475.5650122815
859475.5650122815
859475.5650122815
859475.5650122815
859475.5650122815
859475.5650122815
859475.5650122815
859475.5650122815
859475.5650122815
859475.5650122815
859355.1705809766
859355.1705809766
859355.1705809766
859355.1705809766
859355.1705809766
858448.2920006397
858349.0593539288
857712.9374013821
857712.9374013821
857712.9374013821
857712.9374013821
857712.9374013821
857712.9374013821
857712.9374013821
857712.9374013821
857712.9374013821
857712.9374013821
857712.9374013821
857712.9374013821
857712.9374013821
857712.9374013821
857712.9374013821
857712.9374013821
857712.9374013821
857712.9374013821
857712.9374013821
857712.9374013821
857712.9374013821
857654.7225912038
857654.7225912038
857654.7225912038
857654.7225912038
857654.7225912038
857654.7225912038
857654.7225912038
857648.3664736517
857648.3664736517
857648.3664736517
857648.3664736517
857648.3664736517
857648.3664736517
857648.3664736517
857648.3664736517
857648.3664736517
857648.3664736517
857648.3664736517
857648.3664736517
857648.3664736517
857062.1920979243
857062.1920979243
857062.1920979243
857062.1920979243
857062.1920979243
857062.1920979243
857062.1920979243
857062.1920979243
857062.1920979243
857062.1920979243
857062.1920979243
857062.1920979243
857062.1920979243
857062.1920979243
857062.1920979243
857062.1920979243
857062.1920979243
857062.1920979243
857062.1920979243
857062.1920979243
856895.0833711168
856895.0833711168
856895.0833711168
856895.0833711168
856895.0833711168
856895.0833711168
856895.0833711168
856895.0833711168
856469.7979639075
856469.7979639075
855928.005624886
855928.005624886
855928.005624886
855928.005624886
855928.005624886
855559.145913821
855321.5199935946
855321.5199935946
855321.5199935946
855238.0602382479
855238.0602382479
855238.0602382479
855238.0602382479
855238.0602382479
855238.0602382479
855238.0602382479
855238.0602382479
855238.0602382479
855238.0602382479
855238.0602382479
855238.0602382479
855225.8353486541
855225.8353486541
855225.8353486541
855225.8353486541
855225.8353486541
855225.8353486541
855225.8353486541
855225.8353486541
855225.8353486541
855225.8353486541
855225.8353486541
855225.8353486541
854921.8133915667
854921.8133915667
854921.8133915667
854921.8133915667
854716.9720253815
854716.9720253815
854635.5884880056
854635.5884880056
854519.7039305883
854519.7039305883
854519.7039305883
854519.7039305883
854519.7039305883
854496.428930151
854496.428930151
854496.428930151
854496.428930151
854496.428930151
854496.428930151
854496.428930151
854496.428930151
854496.428930151
854496.428930151
854496.428930151
854496.428930151
854496.428930151
854496.428930151
854496.428930151
854496.428930151
854496.428930151
854496.428930151
854224.074517621
854224.074517621
854224.074517621
854127.4411356075
854127.4411356075
854127.4411356075
854014.8022065709
854014.8022065709
854014.8022065709
853806.0493568013
853806.0493568013
853806.0493568013
853806.0493568013
853806.0493568013
853806.0493568013
853806.0493568013
853806.0493568013
853806.0493568013
853806.0493568013
853806.0493568013
853806.0493568013
853806.0493568013
853806.0493568013
853806.0493568013
853806.0493568013
853806.0493568013
853806.0493568013
853806.0493568013
853806.0493568013
853806.0493568013
853806.0493568013
853806.0493568013
853806.0493568013
853806.0493568013
853806.0493568013
853806.0493568013
853806.0493568013
853806.0493568013
853806.0493568013
853806.0493568013
853607.0109142753
852836.4675912015
852836.4675912015
852836.4675912015
852836.4675912015
852836.4675912015
852461.847532806
852461.847532806
852461.847532806
852461.847532806
852461.847532806
852461.847532806
852461.847532806
852461.847532806
852461.847532806
852461.847532806
852461.847532806
852461.847532806
852461.847532806
852461.847532806
852461.847532806
852461.847532806
852461.847532806
852461.847532806
852461.847532806
852461.847532806
852461.847532806
852434.498139909
852241.7464689084
851932.4635973285
851932.4635973285
851932.4635973285
851932.4635973285
851775.6167601636
850872.5329061883
850872.5329061883
850872.5329061883
850872.5329061883
850872.5329061883
850872.5329061883
850872.5329061883
850872.5329061883
850872.5329061883
850850.061021173
850850.061021173
850850.061021173
850850.061021173
850850.061021173
850710.359738112
850710.359738112
850710.359738112
850710.359738112
850710.359738112
850710.359738112
850710.359738112
850710.359738112
850710.359738112
850710.359738112
850710.359738112
850710.359738112
850575.3811378944
850575.3811378944
850575.3811378944
850575.3811378944
850575.3811378944
850575.3811378944
850575.3811378944
850575.3811378944
850575.3811378944
850575.3811378944
850575.3811378944
850560.037860392
850560.037860392
850560.037860392
850560.037860392
850560.037860392
850560.037860392
850560.037860392
850560.037860392
850560.037860392
850560.037860392
850560.037860392
850560.037860392
850560.037860392
850560.037860392
850560.037860392
850560.037860392
850560.037860392
850560.037860392
850560.037860392
850560.037860392
850560.037860392
850560.037860392
850560.037860392
850560.037860392
850560.037860392
850560.037860392
850560.037860392
850560.037860392
850560.037860392
850560.037860392
850560.037860392
850425.3873039894
850404.3819975867
850404.3819975867
850120.9868710805
850120.9868710805
850120.9868710805
850120.9868710805
850120.9868710805
850120.9868710805
850120.9868710805
850120.9868710805
850120.9868710805
850120.9868710805
850120.9868710805
850120.9868710805
850120.9868710805
850120.9868710805
850120.9868710805
850120.9868710805
850120.9868710805
850120.9868710805
849871.4014732755
849871.4014732755
849871.4014732755
849871.4014732755
849871.4014732755
849871.4014732755
849871.4014732755
849871.4014732755
849871.4014732755
849871.4014732755
849871.4014732755
849871.4014732755
849871.4014732755
849871.4014732755
849871.4014732755
849492.0773823762
849492.0773823762
849492.0773823762
849492.0773823762
849492.0773823762
849492.0773823762
849492.0773823762
849422.8004109289
849422.8004109289
849422.8004109289
849422.8004109289
849422.8004109289
849422.8004109289
848922.9943031922
848922.9943031922
848922.9943031922
848922.9943031922
848922.9943031922
848817.8256948707
848676.1853748134
848676.1853748134
848676.1853748134
848676.1853748134
848676.1853748134
848676.1853748134
848676.1853748134
848676.1853748134
848676.1853748134
848676.1853748134
848676.1853748134
848676.1853748134
848676.1853748134
848676.1853748134
848401.2043867558
848401.2043867558
848401.2043867558
848401.2043867558
847741.7525730775
847741.7525730775
847741.7525730775
847741.7525730775
847741.7525730775
847741.7525730775
847655.442882378
847655.442882378
847655.442882378
847655.442882378
847655.442882378
847655.442882378
847655.442882378
847655.442882378
847655.442882378
847655.442882378
847655.442882378
847655.442882378
847655.442882378
847655.442882378
847655.442882378
847636.8625702092
847636.8625702092
847532.1210914251
847532.1210914251
847532.1210914251
847532.1210914251
847532.1210914251
847532.1210914251
847532.1210914251
847532.1210914251
847532.1210914251
847532.1210914251
847532.1210914251
847532.1210914251
847532.1210914251
847532.1210914251
847532.1210914251
847494.1546662289
847494.1546662289
847494.1546662289
847494.1546662289
847494.1546662289
847494.1546662289
847494.1546662289
847494.1546662289
847454.5790381685
847454.5790381685
847454.5790381685
847454.5790381685
847454.5790381685
847454.5790381685
847454.5790381685
847454.5790381685
847454.5790381685
847454.5790381685
847454.5790381685
847454.5790381685
847454.5790381685
847454.5790381685
847454.5790381685
847454.5790381685
847454.5790381685
847454.5790381685
847391.2298632051
847391.2298632051
847391.2298632051
847391.2298632051
847391.2298632051
847338.6960538719
847338.6960538719
847338.6960538719
847338.6960538719
847338.6960538719
847338.6960538719
847338.6960538719
847338.6960538719
847338.6960538719
847338.6960538719
847338.6960538719
847338.6960538719
847338.6960538719
847338.6960538719
847338.6960538719
847338.6960538719
847338.6960538719
847338.6960538719
847338.6960538719
847338.6960538719
847338.6960538719
847338.6960538719
847338.6960538719
847338.6960538719
847329.7650356122
847329.7650356122
847329.7650356122
847197.8459321787
847197.8459321787
847197.8459321787
847197.8459321787
847197.8459321787
847197.8459321787
847197.8459321787
847197.8459321787
847197.8459321787
847197.8459321787
847197.8459321787
847197.8459321787
847197.8459321787
847197.8459321787
847197.8459321787
847197.8459321787
847197.8459321787
846888.9124141198
846888.9124141198
846728.9582585657
846727.1430525337
846509.1402470593
846509.1402470593
846509.1402470593
846509.1402470593
846509.1402470593
846509.1402470593
846509.1402470593
845995.6855546805
845769.0470978848
845769.0470978848
845769.0470978848
844988.2962675195
844988.2962675195
844988.2962675195
844988.2962675195
844988.2962675195
844831.8150000582
844831.8150000582
844831.8150000582
844831.8150000582
844831.8150000582
844831.8150000582
844831.8150000582
844831.8150000582
844831.8150000582
844831.8150000582
844831.8150000582
844831.8150000582
844831.8150000582
844831.8150000582
844831.8150000582
844831.8150000582
844687.4007225705
844687.4007225705
844687.4007225705
844498.4769883058
844498.4769883058
844498.4769883058
844498.4769883058
844498.4769883058
844498.4769883058
844498.4769883058
844498.4769883058
844498.4769883058
844498.4769883058
844498.4769883058
844498.4769883058
844498.4769883058
844498.4769883058
844498.4769883058
844498.4769883058
844498.4769883058
844498.4769883058
844163.0142349562
844163.0142349562
844163.0142349562
844163.0142349562
844163.0142349562
844022.9632649974
844022.9632649974
844022.9632649974
843729.1719427196
843729.1719427196
843722.4045300225
843722.4045300225
843722.4045300225
843501.8195131312
843501.8195131312
843152.490057951
843152.490057951
843152.490057951
843152.490057951
843152.490057951
842873.1272785133
842873.1272785133
842873.1272785133
842873.1272785133
842873.1272785133
842873.1272785133
842873.1272785133
842873.1272785133
842873.1272785133
842873.1272785133
842873.1272785133
842873.1272785133
842873.1272785133
842873.1272785133
842873.1272785133
842873.1272785133
842873.1272785133
842165.769222818
842165.769222818
842165.769222818
842165.769222818
842165.769222818
841935.2955233107
841935.2955233107
841935.2955233107
841935.2955233107
841935.2955233107
841935.2955233107
841935.2955233107
841935.2955233107
841935.2955233107
841935.2955233107
841935.2955233107
841935.2955233107
841935.2955233107
841935.2955233107
841935.2955233107
841935.2955233107
841935.2955233107
841935.2955233107
841558.0686565578
841517.5171457136
841517.5171457136
841517.5171457136
841517.5171457136
841517.5171457136
841517.5171457136
841517.5171457136
841517.5171457136
841517.5171457136
841517.5171457136
841517.5171457136
841517.5171457136
841517.5171457136
841517.5171457136
841517.5171457136
841197.6984033133
841129.7199166557
841129.7199166557
841001.3743800109
841001.3743800109
841001.3743800109
841001.3743800109
841001.3743800109
841001.3743800109
841001.3743800109
841001.3743800109
840714.2871187674
840714.2871187674
840714.2871187674
840714.2871187674
840714.2871187674
840714.2871187674
840714.2871187674
840714.2871187674
840714.2871187674
840714.2871187674
840714.2871187674
840654.9472213149
840654.9472213149
840654.9472213149
840654.9472213149
840654.9472213149
840654.9472213149
840646.2851496132
840646.2851496132
840646.2851496132
840646.2851496132
840646.2851496132
840646.2851496132
840646.2851496132
840646.2851496132
840646.2851496132
840646.2851496132
840646.2851496132
840646.2851496132
840646.2851496132
840646.2851496132
840424.8115326377
840342.6828358852
840342.6828358852
840342.6828358852
840342.6828358852
840342.6828358852
839832.4936241994
839832.4936241994
839832.4936241994
839832.4936241994
839832.4936241994
839832.4936241994
839832.4936241994
839832.4936241994
839832.4936241994
839832.4936241994
839832.4936241994
839832.4936241994
839832.4936241994
839832.4936241994
839832.4936241994
839832.4936241994
839832.4936241994
839726.8521207481
839726.8521207481
839726.8521207481
839726.8521207481
839726.8521207481
839726.8521207481
839726.8521207481
839726.8521207481
839726.8521207481
839726.8521207481
839726.8521207481
839726.8521207481
839726.8521207481
839726.8521207481
839726.8521207481
839590.4744146708
838952.2803561196
838952.2803561196
838952.2803561196
838285.7353678979
838285.7353678979
838285.7353678979
838285.7353678979
837280.412617462
837280.412617462
837280.412617462
837280.412617462
837280.412617462
837180.4182036971
837180.4182036971
837180.4182036971
837180.4182036971
837180.4182036971
837180.4182036971
837180.4182036971
837180.4182036971
837180.4182036971
837180.4182036971
837180.4182036971
837180.4182036971
837180.4182036971
837180.4182036971
837180.4182036971
837180.4182036971
836732.3367128135
836219.6426557443
836219.6426557443
836219.6426557443
836219.6426557443
836219.6426557443
836219.6426557443
836219.6426557443
836219.6426557443
836219.6426557443
836219.6426557443
836219.6426557443
836219.6426557443
836219.6426557443
836219.6426557443
836219.6426557443
836219.6426557443
836219.6426557443
836219.6426557443
836219.6426557443
836219.6426557443
836219.6426557443
836219.6426557443
836219.6426557443
836219.6426557443
836219.6426557443
836219.6426557443
836200.4088499577
836200.4088499577
836200.4088499577
836200.4088499577
836200.4088499577
836200.4088499577
836200.4088499577
836200.4088499577
836200.4088499577
836200.4088499577
836200.4088499577
835766.1182810587
835766.1182810587
835766.1182810587
835766.1182810587
835766.1182810587
835766.1182810587
835766.1182810587
835766.1182810587
835766.1182810587
835766.1182810587
835766.1182810587
834568.620388994
834568.620388994
834568.620388994
834209.6370202247
834209.6370202247
834209.6370202247
834209.6370202247
834209.6370202247
834209.6370202247
834209.6370202247
834209.6370202247
834209.6370202247
834050.8550547101
834050.8550547101
834050.8550547101
834050.8550547101
834050.8550547101
834050.8550547101
834050.8550547101
834050.8550547101
834050.8550547101
834050.8550547101
834050.8550547101
834050.8550547101
834050.8550547101
834050.8550547101
834050.8550547101
834050.8550547101
834050.8550547101
834050.8550547101
834050.8550547101
834050.8550547101
834050.8550547101
834041.991311883
833598.6090232877
833598.6090232877
833598.6090232877
833598.6090232877
832919.8569499813
832919.8569499813
832919.8569499813
832457.0863984199
832457.0863984199
832457.0863984199
832457.0863984199
832457.0863984199
832457.0863984199
832457.0863984199
832457.0863984199
832457.0863984199
832457.0863984199
832457.0863984199
832457.0863984199
832457.0863984199
832457.0863984199
832457.0863984199
832457.0863984199
832457.0863984199
832388.0013261787
832388.0013261787
832388.0013261787
832388.0013261787
832388.0013261787
832388.0013261787
832388.0013261787
832388.0013261787
832388.0013261787
832388.0013261787
832388.0013261787
832388.0013261787
832388.0013261787
832388.0013261787
832388.0013261787
832388.0013261787
832388.0013261787
832388.0013261787
832388.0013261787
832388.0013261787
832020.4052740677
831706.3113424145
831706.3113424145
831706.3113424145
831706.3113424145
831706.3113424145
831706.3113424145
831706.3113424145
831706.3113424145
831706.3113424145
831706.3113424145
831706.3113424145
831706.3113424145
831652.58971247
831638.8992720932
831638.8992720932
831638.8992720932
831638.8992720932
831638.8992720932
830653.6414651006
830653.6414651006
830653.6414651006
830610.6902970655
830610.6902970655
830610.6902970655
830610.6902970655
830610.6902970655
830610.6902970655
830610.6902970655
830610.6902970655
830610.6902970655
830610.6902970655
830610.6902970655
830544.2108502587
830544.2108502587
830544.2108502587
830544.2108502587
830544.2108502587
830544.2108502587
830544.2108502587
830544.2108502587
830544.2108502587
830544.2108502587
830381.6311374889
830381.6311374889
830381.6311374889
830381.6311374889
830381.6311374889
830381.6311374889
829936.4672970523
829936.4672970523
829936.4672970523
829936.4672970523
829936.4672970523
829936.4672970523
829936.4672970523
829936.4672970523
829936.4672970523
829936.4672970523
829936.4672970523
829936.4672970523
829936.4672970523
829936.4672970523
829936.4672970523
829936.4672970523
829936.4672970523
829936.4672970523
829936.4672970523
829936.4672970523
829936.4672970523
829936.4672970523
829936.4672970523
829936.4672970523
829936.4672970523
829831.6738858775
829831.6738858775
829831.6738858775
829831.6738858775
829831.6738858775
829831.6738858775
829831.6738858775
829831.6738858775
829831.6738858775
829831.6738858775
829831.6738858775
829831.6738858775
829831.6738858775
829831.6738858775
829831.6738858775
829459.3927479471
829459.3927479471
829459.3927479471
829459.3927479471
829459.3927479471
829459.3927479471
829459.3927479471
829459.3927479471
829459.3927479471
829459.3927479471
829459.3927479471
829459.3927479471
829459.3927479471
829459.3927479471
829459.3927479471
829459.3927479471
829459.3927479471
829459.3927479471
829459.3927479471
829459.3927479471
829459.3927479471
829459.3927479471
829459.3927479471
829459.3927479471
829459.3927479471
829459.3927479471
829459.3927479471
829447.1145483173
829447.1145483173
829447.1145483173
829447.1145483173
829262.3444185114
829262.3444185114
829262.3444185114
829262.3444185114
829262.3444185114
829211.8456358522
829211.8456358522
829211.8456358522
829211.8456358522
829211.8456358522
829211.8456358522
829211.8456358522
829211.8456358522
829211.8456358522
829211.8456358522
829211.8456358522
829211.8456358522
829211.8456358522
829211.8456358522
829211.8456358522
829211.8456358522
829211.8456358522
829211.8456358522
829211.8456358522
829211.8456358522
829093.9441448081
829093.9441448081
828243.7590691091
828243.7590691091
828243.7590691091
828243.7590691091
828123.3640517114
828111.4651836749
