4556911.339138077
4453780.874815436
4356787.646991705
4248552.568435847
4149365.979549879
4064013.2619026173
3984632.647732893
3916117.9489220316
3834895.2880198676
3769439.958188761
3701557.483591235
3638017.9541335497
3579102.9605014417
3524145.1226028586
3478689.826307375
3444128.137595529
3377989.1274427045
3328557.668329889
3281643.3011842575
3229865.77379941
3184718.873132634
3152112.9494237425
3104106.941031627
3078836.5988132698
3033905.7576122233
2998101.442731723
2955608.9168571634
2919107.8164315037
2884786.1628867276
2853203.2916494654
2834907.652765082
2801181.717900774
2767124.943922908
2743868.124333619
2714157.426832647
2695892.0460051293
2669439.3645410547
2650395.453613428
2633148.906102103
2614446.997242692
2593613.999861651
2562047.4325307524
2542797.9497465
2511178.6221919376
2487593.949468201
2469345.7750743744
2450897.423948068
2438739.9350116747
2422674.2836983753
2411229.9129369757
2403808.0334357684
2386909.132364225
2366367.455379247
2346962.0691455295
2330374.724998324
2316756.8898017337
2308639.3027082365
2295761.7480213367
2278025.9708604077
2269064.3365024156
2255211.017377391
2246552.482819787
2239605.828256223
2223507.6666662027
2209777.855718836
2197347.3879954326
2186515.010685177
2174155.5224493574
2160057.8038651748
2152019.4466910968
2135844.8381296075
2122613.2588392645
2117145.2437649444
2105826.1668899567
2097834.551464409
2084930.9537734194
2070612.7770275858
2062238.9059399418
2054299.949205539
2041773.5839386946
2034686.700108167
2025701.6060854183
2021339.4594032583
2015533.4344946784
2012731.718656007
2003629.100428525
1997930.6588022604
1991693.0198961648
1976796.757849838
1969868.2359689085
1960545.9040448982
1957485.1073907698
1950265.932085496
1940122.9934281586
1933122.90033438
1925865.4723656927
1920211.0101523292
1915990.8100866368
1909093.2315569655
1901977.190871892
1895738.0399420462
1889163.7680170152
1885682.3372082338
1879498.6670040032
1874347.009889391
1867724.068215305
1860429.4069417599
1856684.1282105208
1850868.6438036
1841348.5969713219
1836656.6945451265
1833126.1306876282
1829291.0251874232
1822082.747151747
1819238.4203112551
1816303.9230574786
1811722.2021251859
1804765.802990218
1801996.9481842502
1796869.2586907106
1793928.8951386882
1788920.2988259774
1783481.251608283
1779490.2002339582
1777136.7774101344
1772792.2978440027
1766898.251126578
1761312.9713479227
1757133.5163522474
1751167.3956444894
1748428.4970323332
1745220.7221747586
1741807.257705682
1736654.9289991148
1729539.867033984
1727991.2205006573
1725391.2209188151
1722029.568019216
1721323.6785353138
1715432.7015847254
1712788.369647398
1712336.956840362
1703193.876441921
1697794.581606284
1693879.147840805
1690842.9577060353
1689170.1907212702
1684333.149927119
1682485.719578872
1674565.4145114115
1671081.2680811873
1667707.4869727222
1665626.9078470482
1662370.6246682783
1659505.2348413211
1656602.304309937
1655983.884569919
1650454.697568921
1647951.2638672413
1646093.5994259804
1643619.977867792
1641773.980028599
1637134.5500038757
1634411.3978197149
1631115.7779494934
1629283.983776725
1624873.2297091058
1621358.9619530686
1618164.7558008907
1614776.2580384386
1612993.8484547278
1610104.8196065265
1606297.3042447306
1603381.038810636
1600325.2066638963
1598303.263412887
1595715.739626953
1595236.0792497739
1592983.6536126793
1589317.1444816876
1585168.7324154219
1582654.9511754322
1580297.5798301871
1575327.1958914446
1573944.398104819
1573337.3761226733
1568879.5447958326
1567019.98985757
1565539.9589871182
1557881.294702943
1555945.1681855356
1554041.4790469974
1550251.3892480717
1548069.3617943902
1545710.3565598656
1543079.0424366074
1540350.8752677804
1538396.344601587
1536854.5449879707
1535661.7914764741
1531686.3309342093
1528064.4245049502
1525411.3013286116
1522663.62565122
1518125.940568752
1516596.267587023
1514884.288325047
1512900.8915925976
1512753.5279288867
1508777.1536537544
1507411.6343333405
1507034.4754441157
1504773.589864179
1504000.8926771497
1503942.9094471969
1501582.5742272183
1499943.1499193825
1496627.0746101637
1495184.6581912935
1492411.6982945078
1490779.110663097
1489168.3857516244
1485877.0405906434
1483590.3841908732
1481480.0638593049
1480318.9370391606
1479841.1586396764
1479673.5157773853
1477399.0207293308
1476953.7997197206
1473700.1072209477
1471078.3385757515
1470693.585147405
1469814.8175148738
1469432.8068054402
1468275.5483788892
1467805.3744797772
1467243.5231743227
1466205.0561454024
1463776.5114133945
1462882.1902102756
1462516.6749262996
1460748.931476567
1460748.931476567
1457729.6446232721
1456854.424583894
1455486.3850293374
1454693.4865088356
1452894.0783461255
1451961.8133819285
1447880.8308915384
1446631.8457286425
1445190.9656424602
1443876.4343767057
1442663.9141458378
1441709.282429806
1440474.6195079768
1438290.3741235011
1436751.6697195293
1436235.9096616074
1434558.270410501
1433435.6426148647
1430418.348789269
1427526.739896117
1426313.0625044429
1425418.4114059557
1425117.223448432
1425054.7327358592
1422392.3917717887
1421058.3456175367
1419813.6218473976
1418739.596004882
1418695.1904122871
1418020.6133222398
1414482.4720713827
1414482.4720713827
1414081.2961390356
1414081.2961390356
1414081.2961390356
1413272.1206688215
1412186.4115330232
1411565.731501562
1411181.4647781323
1410286.5847766364
1406949.3582783465
1405276.5869598943
1405075.5089848777
1404913.1245759958
1404913.1245759958
1403167.1573365768
1401785.745620376
1400802.3224364142
1398759.194274845
1398687.9096987913
1396606.430039131
1396534.0555033144
1395889.4063148824
1394177.2584255538
1392252.3789083404
1391575.5058843647
1389532.5063393633
1389135.8144513187
1388156.055779958
1387381.3147345243
1386112.7560219658
1385812.724368176
1385775.1042195335
1384714.1548557393
1382951.1972342045
1381001.3133675104
1377507.7864768063
1374234.9591994807
1371133.8995708565
1370086.5542302695
1369370.9762858914
1369370.9762858914
1366503.5889521292
1366124.2247488056
1365427.5869652182
1365287.4090962394
1364640.8217178509
1362527.747724449
1361632.1066032997
1359414.069958765
1357877.5247815773
1357172.7794228937
1357172.7794228937
1356015.5305483248
1354104.3869839415
1353753.658473953
1351448.6464560223
1351244.9286380834
1351179.7835738033
1350386.5471843886
1349556.6541647958
1348999.4482879445
1348999.4482879445
1347439.9183319046
1346180.7292016912
1345464.9856394
1345365.4896255655
1344652.7115691055
1344580.4288946204
1342734.972340345
1342640.8583939895
1341217.868960135
1338536.4580406477
1336719.6254616214
1334637.0108942762
1333895.972501189
1332568.0254121977
1332568.0254121977
1332568.0254121977
1332568.0254121977
1332568.0254121977
1332568.0254121977
1331918.44027994
1331234.095158617
1330299.0646683793
1328711.9778488171
1327346.3095521256
1327091.9294448625
1325798.253181288
1325271.031996644
1323791.7993282676
1322629.967360625
1322477.1664447517
1320627.6828797953
1319155.2163351658
1319128.0160440279
1317777.0929840084
1316407.230768418
1314881.3147904782
1313963.2966305772
1313520.0602813084
1312429.200564143
1311649.4080957796
1309278.3896699706
1308116.1127946773
1307095.605042144
1305527.9198726902
1303478.5208535371
1303048.0811384916
1303048.0811384916
1302978.3931970084
1302566.2535516312
1302082.3597988046
1300960.3553235298
1300960.3553235298
1300125.922657921
1299716.8573225746
1298907.8449736438
1297723.9805424889
1296234.66067268
1296234.66067268
1294830.6769943037
1294830.6769943037
1294830.6769943037
1294190.844158026
1294173.12433539
1292599.260975122
1291705.9756411656
1290283.2567975705
1290283.2567975705
1290213.5732024824
1290135.0283269559
1289827.744212951
1288578.9800763095
1286835.4673094305
1286785.9545732243
1286532.444320639
1284561.277797013
1282861.103902441
1282742.3899026196
1282008.3002876672
1282006.9161263616
1281467.625736677
1281438.1674123816
1281438.1674123816
1281438.1674123816
1281067.2564356844
1281067.2564356844
1279409.0702668265
1278624.2258144252
1278123.2821399453
1277808.5576429847
1277149.6013719596
1276715.9087902296
1274723.250253182
1273947.9966127372
1273947.9966127372
1273650.2910313178
1273106.2544463654
1273106.2544463654
1271931.6939053829
1270821.030752927
1270821.030752927
1268045.023121066
1268045.023121066
1267838.990906707
1267337.8943042676
1267335.5805746475
1265732.2964251824
1263394.1141337382
1263204.881398552
1262463.43873636
1261288.5456320138
1259691.756814797
1259478.4397599732
1258308.1572537513
1256973.830077961
1255688.9289909243
1255505.333203887
1255109.3967715185
1253272.3982813272
1251585.8232994874
1251303.3760276125
1250585.7411962762
1249865.00829514
1249152.3839309495
1248378.4674990443
1248378.4674990443
1247896.020493535
1246416.451266808
1246135.2971173262
1245753.8853317916
1245395.730597699
1244563.403583739
1242758.009184977
1242069.4376214603
1241073.7013340476
1239920.9327032028
1238940.2657211998
1237667.0208097873
1237564.7304996185
1237564.7304996185
1236475.6362067214
1235917.7223648971
1234432.521240643
1232946.3326027445
1232895.729952739
1232634.8752957429
1232634.8752957429
1231866.522501629
1231716.6843290515
1231716.6843290515
1230805.2207923634
1230401.3429379584
1228978.724398559
1228781.6186703406
1228698.662332567
1227020.295688221
1226388.808456378
1226388.808456378
1225546.0130738744
1225546.0130738744
1225546.0130738744
1224213.2850417239
1223931.8098992917
1223649.9681523275
1223623.4181434202
1223081.5177595064
1222927.918441595
1222405.212775648
1222097.9289915143
1221812.1380181476
1221179.3190048095
1220312.256744362
1220312.256744362
1218963.7943207282
1218506.1902166677
1218506.1902166677
1217960.5351781326
1217838.8745254374
1217838.8745254374
1217617.069227886
1217334.9588646644
1216101.5700412714
1215211.6734138746
1214950.020227988
1214376.3055022864
1214376.3055022864
1213329.0845736994
1213329.0845736994
1213242.5240620254
1213242.5240620254
1212886.2994486182
1212886.2994486182
1212418.499269285
1212418.499269285
1212418.499269285
1212418.499269285
1211617.147037264
1211225.3146358929
1211225.3146358929
1210656.761700805
1208804.843562482
1208804.843562482
1207478.509556222
1207478.509556222
1207478.509556222
1207478.509556222
1207410.521138229
1207327.2554170028
1206691.3807702567
1206344.1019095224
1206344.1019095224
1206250.6804003306
1205542.0166514292
1205542.0166514292
1205423.8774193302
1205089.6944984237
1205089.6944984237
1204347.8390386736
1204347.8390386736
1203081.1899222787
1202914.5141735198
1202769.308330743
1202477.480267637
1201448.3153017156
1201270.1661216912
1200553.8491296542
1200397.4813645
1199817.289545724
1199432.9203213046
1198401.8695230144
1197643.854401227
1196818.977286938
1196818.977286938
1196526.2291859686
1195987.522526612
1195898.1856286523
1194804.1225581057
1194804.1225581057
1194183.4808227448
1193988.2357302783
1192655.824158383
1192655.824158383
1192655.824158383
1191967.1283144364
1191588.6365301188
1191588.6365301188
1191070.8267750822
1191070.8267750822
1190867.3782239044
1190335.0549089797
1189720.808664369
1189720.808664369
1189720.808664369
1188438.3974374651
1186494.7150994143
1185914.2552026254
1185507.2638966963
1185438.8229184332
1185438.8229184332
1185372.5157301505
1185313.1025628345
1183382.4996767438
1182844.342393604
1182844.342393604
1181930.9525758466
1181574.8708410629
1181359.647601631
1181359.647601631
1181359.647601631
1181038.7839119504
1180018.678572217
1179561.9711489026
1179086.3831699202
1177633.5968349874
1177257.7175454572
1177170.5351872134
1177170.5351872134
1177170.5351872134
1177112.4047727943
1176751.7944341956
1175396.93914761
1175396.93914761
1175396.93914761
1174592.8550713342
1173665.2237159465
1173665.2237159465
1172394.5996552513
1172378.4795504035
1171829.2204789205
1171829.2204789205
1171112.602954763
1170591.0912623606
1170559.352910364
1170559.352910364
1168896.4316677414
1168432.1556827792
1167799.058259191
1167757.9403898872
1166505.5390965438
1165725.908048455
1165360.7800511913
1164393.1938835876
1163395.8200887304
1163395.8200887304
1163395.8200887304
1163030.5356032457
1161720.1085025512
1160994.9581291792
1160994.9581291792
1160994.9581291792
1160657.996891826
1160632.2200668717
1160502.6702944296
1160137.2374467913
1159923.2190874182
1158998.7816994116
1157967.7361176081
1157967.7361176081
1157944.1809503392
1157461.9908530137
1157461.9908530137
1157408.5259069416
1157154.5689130183
1155187.4573900723
1155187.4573900723
1154149.3424953977
1152925.043963039
1152841.7995658608
1151271.5863467073
1150744.221628348
1150744.221628348
1149872.6986777128
1149176.225574527
1149176.225574527
1148663.6846172712
1148204.5135059594
1147527.3934657592
1147488.3647598682
1145643.3668573052
1145464.8793679904
1145464.8793679904
1145464.8793679904
1145056.818539884
1145056.818539884
1144968.6406992374
1144968.6406992374
1144968.6406992374
1144567.4351568213
1144567.4351568213
1144567.4351568213
1143631.33126119
1143631.33126119
1143631.33126119
1143329.7043311654
1143329.7043311654
1143048.7112373998
1143048.7112373998
1142762.8714913828
1142094.2794959648
1141845.3674756102
1141845.3674756102
1141482.842358871
1141482.842358871
1139423.4448564162
1139297.9217040846
1139297.9217040846
1139297.9217040846
1139297.9217040846
1138002.4067096314
1137902.7529092184
1137902.7529092184
1136226.740935954
1135341.8776074196
1135095.6081534734
1134777.5922822542
1134777.5922822542
1134419.7007636963
1134419.7007636963
1134317.22180002
1132177.9249110427
1132177.9249110427
1132177.9249110427
1132177.9249110427
1132063.342273001
1132029.169283816
1132029.169283816
1132029.169283816
1132029.169283816
1131725.2557181602
1131570.9499178212
1131504.0792067088
1131504.0792067088
1131504.0792067088
1131050.3329956715
1130751.2898683078
1130414.9806959643
1130414.9806959643
1129612.2207455207
1129610.0623249472
1129344.3526211088
1128882.9141470315
1127187.9107550008
1126743.8608982218
1126232.8733926783
1126047.518565225
1126047.518565225
1126047.518565225
1125824.7325339608
1125089.0294758277
1124906.7630619013
1124606.3107200812
1124606.3107200812
1124606.3107200812
1123740.0909671434
1123546.4636549896
1123469.3473811082
1123469.3473811082
1122748.4982449976
1122375.9949766756
1122135.7784554933
1122135.7784554933
1122135.7784554933
1121420.5517697309
1120828.7370741817
1120652.3835160905
1120652.3835160905
1120275.0366264628
1120104.182281031
1119334.9291393775
1119334.9291393775
1119334.9291393775
1118173.8005959578
1117785.2499634288
1117785.2499634288
1117785.2499634288
1117539.4673122272
1117150.0983075302
1117150.0983075302
1116217.6508768736
1116217.6508768736
1116217.6508768736
1116217.6508768736
1116217.6508768736
1116217.6508768736
1115463.6903760189
1115354.770663351
1114692.9698863649
1114692.9698863649
1114445.7047701518
1114184.6757332687
1113584.0638933068
1113243.8892065152
1113243.8892065152
1113243.8892065152
1113244.1863341127
1113244.1863341127
1113244.1863341127
1112632.624517934
1112632.624517934
1112619.8736497075
1112469.4972927081
1112469.4972927081
1112469.4972927081
1112380.0391279622
1111650.2828884346
1111129.076720262
1110919.8614678984
1110537.8452899707
1109523.572723379
1109523.572723379
1109121.0400831997
1109121.0400831997
1108939.254879907
1108939.254879907
1108922.3618561076
1108847.003217133
1108327.5527094498
1107325.7267360282
1107325.7267360282
1107325.7267360282
1106408.35017408
1106022.1338574188
1106022.1338574188
1105854.0919877798
1105150.758880244
1105150.758880244
1105150.758880244
1105150.758880244
1105150.758880244
1104941.6736278324
1103587.6923276589
1103375.1463304556
1103375.1463304556
1102105.687164587
1102105.687164587
1101783.5374675733
1101562.37952758
1101544.831129309
1101302.8190624958
1100946.5009196834
1100946.5009196834
1100946.5009196834
1100931.2710879692
1100931.2710879692
1100468.9399641785
1100468.9399641785
1100352.5530395135
1099494.434919863
1099494.434919863
1098691.2563354212
1098691.2563354212
1098596.9217672027
1098596.9217672027
1097760.0831336556
1097760.0831336556
1097714.5738787483
1097711.1728534563
1096407.322361845
1096407.322361845
1095398.2068578245
1095398.2068578245
1095398.2068578245
1094768.1871539096
1094768.1871539096
1094249.024156515
1094249.024156515
1093859.842073263
1093859.842073263
1093859.842073263
1093439.9258255986
1093439.9258255986
1093439.9258255986
1093317.7766309618
1093317.7766309618
1092410.1368057537
1092410.1368057537
1092410.1368057537
1092125.978192607
1091844.7807073565
1091440.8600404167
1091395.2593102877
1091395.2593102877
1090814.9513153695
1090814.9513153695
1090814.9513153695
1090814.9513153695
1090814.9513153695
1090814.9513153695
1090814.9513153695
1090814.9513153695
1090814.9513153695
1090814.9513153695
1090814.9513153695
1090814.9513153695
1090814.9513153695
1090814.9513153695
1089151.9456933336
1088986.730052367
1088986.730052367
1088986.730052367
1088863.9681831126
1088863.9681831126
1088833.5273711625
1088833.5273711625
1088833.5273711625
1088833.5273711625
1088833.5273711625
1088244.315256778
1088232.1082144254
1088211.3200658455
1088211.3200658455
1088211.3200658455
1088211.3200658455
1087686.0655894175
1087432.5428538357
1087101.2044221284
1086819.1522563766
1086819.1522563766
1086709.2425490806
1086609.6070105205
1086609.6070105205
1086575.1911674275
1086480.3030998858
1086102.5127666243
1085746.3937161868
1085569.778263083
1085569.778263083
1085476.673352227
1085279.0628096408
1085279.0628096408
1085279.0628096408
1085279.0628096408
1085083.4489928768
1085072.975890163
1084931.477567319
1084931.477567319
1084916.3164354789
1084916.3164354789
1084498.736038668
1084498.736038668
1084216.0332066528
1084216.0332066528
1084216.0332066528
1084104.2088345618
1083620.3245522883
1082974.1864836419
1082965.3055114867
1082965.3055114867
1082965.3055114867
1082965.3055114867
1082965.3055114867
1082869.0209282732
1082869.0209282732
1082636.5667565474
1082636.5667565474
1082620.5826680618
1082620.5826680618
1082201.6278320258
1081218.2596519892
1081201.308098164
1081195.4427980068
1081195.4427980068
1081195.4427980068
1081094.4599012076
1081033.7050463245
1081033.7050463245
1081033.7050463245
1081033.7050463245
1081033.7050463245
1081033.7050463245
1081033.7050463245
1080462.2555000032
1080462.2555000032
1079815.3623338302
1079526.1692676744
1079060.0136178115
1079031.903778357
1078174.842705969
1078174.842705969
1078003.299430942
1078003.299430942
1078003.299430942
1078003.299430942
1077697.458344254
1077697.458344254
1077697.458344254
1077697.458344254
1077545.564330846
1077545.564330846
1076957.228324066
1076957.228324066
1075944.457187273
1075944.457187273
1075899.3777929563
1075899.3777929563
1075899.3777929563
1075421.8424539464
1075421.8424539464
1074735.941675542
1073821.4409301463
1072890.9545507492
1072176.4547904911
1072176.4547904911
1071598.280890002
1071598.280890002
1071598.280890002
1071225.3391263743
1071179.5775773446
1071179.5775773446
1071179.5775773446
1071179.5775773446
1070632.7063937157
1070350.9968911307
1070060.524241805
1069182.8849640135
1068709.578534163
1068709.578534163
1067748.0994003853
1067748.0994003853
1067748.0994003853
1067748.0994003853
1067748.0994003853
1067711.6050110124
1067711.6050110124
1066698.3626617095
1066584.8242398584
1066584.8242398584
1066584.8242398584
1066584.8242398584
1066584.8242398584
1066584.8242398584
1066584.8242398584
1066584.8242398584
1066584.8242398584
1066584.8242398584
1065899.1663178753
1065899.1663178753
1065672.43932388
1064900.1212790897
1064900.1212790897
1064900.1212790897
1064872.3449196848
1064344.6952987253
1064344.6952987253
1063972.9730281509
1063972.9730281509
1062905.469934614
1062905.469934614
1062753.6301617126
1062482.3908705665
1062482.3908705665
1062366.951409495
1062366.951409495
1062366.951409495
1061931.230023607
1061452.753871869
1061210.9971516873
1060572.2895311904
1060572.2895311904
1060572.2895311904
1060359.7831108947
1060359.7831108947
1060359.7831108947
1059698.6122200117
1056774.0997507893
1056774.0997507893
1056774.0997507893
1056415.2792643006
1056188.2191448547
1056188.2191448547
1056188.2191448547
1056188.2191448547
1056188.2191448547
1055480.0590052614
1055293.9366811626
1055293.9366811626
1055293.9366811626
1055293.9366811626
1055293.9366811626
1055289.878673284
1055289.878673284
1055289.878673284
1054674.6379322037
1054674.6379322037
1054607.547901217
1054214.0662921492
1053909.7450206087
1053909.7450206087
1053909.7450206087
1053909.7450206087
1053643.702214586
1053643.702214586
1053484.1571014342
1053484.1571014342
1053484.1571014342
1053042.9643969876
1053042.9643969876
1053042.9643969876
1053042.9643969876
1053042.9643969876
1053042.9643969876
1052751.629814599
1052487.53278241
1052487.53278241
1051270.8878415185
1051270.8878415185
1051270.8878415185
1051270.8878415185
1050039.3835423314
1050039.3835423314
1050039.3835423314
1050039.3835423314
1049442.4326860178
1049174.5152724616
1049145.7535673268
1049145.7535673268
1048471.461689929
1048420.1821248103
1048181.1355817774
1048181.1355817774
1048181.1355817774
1048181.1355817774
1047982.8438274616
1047982.8438274616
1047908.7488538717
1047908.7488538717
1047908.7488538717
1047908.7488538717
1047580.4264133521
1047366.2707782373
1047366.2707782373
1047366.2707782373
1047366.2707782373
1046337.8321143873
1046337.8321143873
1045775.692161775
1045591.668525024
1045591.668525024
1045277.0274050019
1045277.0274050019
1045277.0274050019
1045277.0274050019
1045277.0274050019
1045277.0274050019
1045277.0274050019
1045277.0274050019
1044174.6184036301
1044174.6184036301
1043973.9296934502
1043973.9296934502
1042834.7800360526
1042834.7800360526
1042763.2048232678
1042763.2048232678
1042763.2048232678
1042604.3274382846
1042350.0904599645
1042350.0904599645
1042206.5951453743
1041510.3399718034
1041510.3399718034
1041242.5757490322
1041130.7159842104
1041130.7159842104
1041130.7159842104
1041130.7159842104
1041130.7159842104
1041130.7159842104
1041130.7159842104
1041130.7159842104
1040924.2596740125
1040010.0745687643
1040010.0745687643
1040010.0745687643
1040010.0745687643
1040010.0745687643
1040010.0745687643
1039972.3371867959
1038521.6042943847
1038169.3855299219
1038169.3855299219
1038169.3855299219
1038012.141110626
1038012.141110626
1038012.141110626
1037635.6586540417
1037635.6586540417
1037422.0737365598
1037354.1081238452
1037354.1081238452
1036841.8057256882
1036841.8057256882
1036841.8057256882
1036841.8057256882
1036841.8057256882
1036841.8057256882
1036841.8057256882
1036116.6474483532
1036116.6474483532
1036116.6474483532
1034478.1174184846
1034478.1174184846
1034478.1174184846
1034478.1174184846
1034478.1174184846
1033947.533853626
1033947.533853626
1033947.533853626
1033947.533853626
1033658.49710694
1033509.9269741256
1033509.9269741256
1033509.9269741256
1033430.3516309357
1033430.3516309357
1032775.2283192866
1032775.2283192866
1032775.2283192866
1032775.2283192866
1032775.2283192866
1031628.1454188814
1030634.31164838
1030369.4292624037
1030369.4292624037
1030369.4292624037
1030369.4292624037
1030247.4766242778
1029884.6793983129
1029884.6793983129
1029884.6793983129
1029884.6793983129
1029884.6793983129
1029884.6793983129
1028497.9709149328
1028497.9709149328
1028497.9709149328
1028497.9709149328
1028172.4952117106
1027741.9546561469
1027196.3570590457
1026968.9484313232
1026968.9484313232
1026574.8452117299
1026574.8452117299
1026574.8452117299
1026412.7885028626
1026412.7885028626
1026412.7885028626
1026412.7885028626
1026412.7885028626
1026412.7885028626
1026395.4617501877
1026395.4617501877
1025563.693475815
1025563.693475815
1025054.0661954498
1025054.0661954498
1024606.1197048407
1024306.2483498841
1024306.2483498841
1024152.9620107397
1024033.9232817526
1024033.9232817526
1024033.9232817526
1024033.9232817526
1024033.9232817526
1024033.9232817526
1024033.9232817526
1024033.9232817526
1023958.1265618798
1023958.1265618798
1023717.57086423
1023717.57086423
1023552.9721790866
1023290.1865352202
1023218.8415427629
1023218.8415427629
1023218.8415427629
1023218.8415427629
1023218.8415427629
1023218.8415427629
1023218.8415427629
1023218.8415427629
1023218.8415427629
1022123.1555897786
1021605.0255358736
1020122.2001280189
1020122.2001280189
1020122.2001280189
1020070.7964075005
1020070.7964075005
1019963.9075276504
1019963.9075276504
1019963.9075276504
1019963.9075276504
1019963.9075276504
1019963.9075276504
1019963.9075276504
1019963.9075276504
1019963.9075276504
1019963.9075276504
1019963.9075276504
1019963.9075276504
1019963.9075276504
1019963.9075276504
1019963.9075276504
1019963.9075276504
1019493.9774033065
1019493.9774033065
1019493.9774033065
1019493.9774033065
1019390.5445235556
1019390.5445235556
1019390.5445235556
1019243.5247801373
1019243.5247801373
1019243.5247801373
1018825.4624852283
1018825.4624852283
1018628.2711884135
1018358.29774469
1018152.9938165026
1018148.1404096516
1018148.1404096516
1018148.1404096516
1018148.1404096516
1017390.7330094724
1017390.7330094724
1017001.0528467445
1017001.0528467445
1017001.0528467445
1016108.0617963625
1015471.1732148295
1015471.1732148295
1015102.4449349274
1015102.4449349274
1015102.4449349274
1015102.4449349274
1014823.8275017412
1014223.0121884367
1014223.0121884367
1014223.0121884367
1014223.0121884367
1013677.7793506745
1013677.7793506745
1013677.7793506745
1013677.7793506745
1013614.9311899787
1013614.9311899787
1013614.9311899787
1013486.1139968
1013463.4796957294
1013031.8183041685
1013031.8183041685
1013031.8183041685
1013031.8183041685
1013031.8183041685
1013031.8183041685
1013031.8183041685
1012984.4367961779
1012309.9810793923
1012049.7349988759
1012049.7349988759
1012049.7349988759
1012049.7349988759
1012049.7349988759
1011545.5343805519
1011545.5343805519
1011545.5343805519
1011545.5343805519
1009659.0344908786
1009659.0344908786
1009659.0344908786
1009659.0344908786
1009659.0344908786
1009659.0344908786
1009586.6919385936
1009586.6919385936
1009586.6919385936
1009586.6919385936
1009586.6919385936
1009586.6919385936
1009586.6919385936
1009586.6919385936
1009551.6701989807
1009551.6701989807
1009280.8743118742
1009280.8743118742
1009271.2015765653
1009271.2015765653
1009271.2015765653
1009271.2015765653
1009271.2015765653
1009271.2015765653
1009271.2015765653
1009124.9926579115
1009124.9926579115
1009124.9926579115
1008923.3760501842
1008298.8493702761
1007936.9946778233
1007936.9946778233
1007936.9946778233
1007936.9946778233
1007936.9946778233
1007927.6293914504
1007819.2264738537
1007819.2264738537
1007819.2264738537
1006888.4419015439
1006888.4419015439
1006888.4419015439
1006605.802585701
1006210.8629421763
1006210.8629421763
1006210.8629421763
1006210.8629421763
1006210.8629421763
1006210.8629421763
1005531.3506037905
1005531.3506037905
1005023.3017253377
1004682.1550378574
1004185.8154945229
1004185.8154945229
1004185.8154945229
1004185.8154945229
1004185.8154945229
1004185.8154945229
1003432.4737959905
1003432.4737959905
1003432.4737959905
1003308.5973426783
1003308.5973426783
1003308.5973426783
1003060.1063804186
1003060.1063804186
1003060.1063804186
1003060.1063804186
1002877.6376501529
1002877.6376501529
1002877.6376501529
1001880.7878588578
1001880.7878588578
1001880.7878588578
1001880.7878588578
1001880.7878588578
1001880.7878588578
1001880.7878588578
1001417.1275032333
1001417.1275032333
1001417.1275032333
1000890.37791161
1000890.37791161
1000890.37791161
1000890.37791161
1000890.37791161
1000890.37791161
999711.4334909419
999711.4334909419
999711.4334909419
999661.3735435457
999661.3735435457
999661.3735435457
999352.2104562279
999352.2104562279
999339.826771064
999339.826771064
999339.826771064
999260.3996995087
999250.3164639093
999250.3164639093
998342.2062343319
998342.2062343319
998297.442456991
997958.976329972
997958.976329972
997958.976329972
997958.976329972
997631.2889405077
997096.2536137176
997052.797139434
995955.8308826576
995767.2688136663
995767.2688136663
995767.2688136663
995767.2688136663
995767.2688136663
995767.2688136663
995767.2688136663
995767.2688136663
995767.2688136663
995767.2688136663
995767.2688136663
995767.2688136663
995065.7791639492
995065.7791639492
995065.7791639492
995065.7791639492
994426.7159462444
994426.7159462444
994426.7159462444
994426.7159462444
993922.0049735974
993922.0049735974
993922.0049735974
993922.0049735974
993922.0049735974
993922.0049735974
993922.0049735974
993792.4458118137
993792.4458118137
993792.4458118137
993792.4458118137
993792.4458118137
993792.4458118137
993792.4458118137
993792.4458118137
993403.9198080532
993403.9198080532
993403.9198080532
993403.9198080532
993403.9198080532
992851.4798150302
992779.1642759758
992779.1642759758
992337.6951859992
992215.2428728995
992215.2428728995
992215.2428728995
992215.2428728995
992045.1245152573
992045.1245152573
991792.5471753424
991792.5471753424
991792.5471753424
991792.5471753424
991792.5471753424
991514.5437280724
991347.7688883591
991347.7688883591
991347.7688883591
991347.7688883591
991131.8992647888
990876.7656944068
990876.7656944068
990876.7656944068
990548.4822980275
990008.4067489275
989826.2153276026
989826.2153276026
989555.1806228275
989555.1806228275
988773.51109517
988575.8498369358
988575.8498369358
988215.5270905242
988215.5270905242
987222.6863023597
986957.6708464406
986957.6708464406
986895.41832224
986840.8923992823
986840.8923992823
986840.8923992823
986455.4943206148
986455.4943206148
986455.4943206148
986455.4943206148
986455.4943206148
986455.4943206148
986455.4943206148
986455.4943206148
986409.7598771735
986118.999616632
986118.999616632
986118.999616632
986118.999616632
985333.1578519011
985333.1578519011
984918.2548362552
984918.2548362552
984421.7615869166
984421.7615869166
984421.7615869166
984421.7615869166
983337.4844943777
983337.4844943777
983337.4844943777
983337.4844943777
983337.4844943777
983337.4844943777
983337.4844943777
983337.4844943777
983337.4844943777
983337.4844943777
983337.4844943777
983337.4844943777
983337.4844943777
983337.4844943777
982976.7183395196
982971.8271270616
982614.2283102355
982614.2283102355
982614.2283102355
982614.2283102355
982614.2283102355
982614.2283102355
981930.5508919044
981102.6012104672
980860.860758821
980728.9692144278
980728.9692144278
980728.9692144278
980728.9692144278
980728.9692144278
980728.9692144278
980728.9692144278
980728.9692144278
980032.6516676066
979852.1161014648
979852.1161014648
979852.1161014648
979225.264575846
979225.264575846
979225.264575846
979225.264575846
979225.264575846
979225.264575846
978181.4291776186
978181.4291776186
978181.4291776186
978181.4291776186
978181.4291776186
978181.4291776186
978181.4291776186
978181.4291776186
978181.4291776186
977426.9791853506
977426.9791853506
977426.9791853506
977426.9791853506
977426.9791853506
977071.824003394
976199.5190255414
976130.6598731596
975996.4433483097
975996.4433483097
975965.5305318349
975628.775647069
975628.775647069
975480.9784849182
975480.9784849182
975480.9784849182
975480.9784849182
975215.0763260205
974922.3441547805
974922.3441547805
974859.7574560393
974859.7574560393
974859.7574560393
974591.4806298517
974591.4806298517
974591.4806298517
974591.4806298517
974430.2406845082
974430.2406845082
974430.2406845082
974430.2406845082
974430.2406845082
973913.7750728134
973183.7524081412
973183.7524081412
973183.7524081412
973054.4709663049
972623.3018394904
972623.3018394904
972623.3018394904
971583.2100845766
971583.2100845766
971101.8485685552
971101.8485685552
970740.0684462232
970740.0684462232
970740.0684462232
970740.0684462232
970740.0684462232
970091.1755431421
970030.6549213058
970030.6549213058
970030.6549213058
970030.6549213058
969786.8223074921
969786.8223074921
969786.8223074921
969786.8223074921
969655.2183793056
969655.2183793056
969655.2183793056
969655.2183793056
969503.9708464057
968506.8444094734
968506.8444094734
968213.2797424176
968213.2797424176
968213.2797424176
968213.2797424176
968213.2797424176
968152.4169914835
968017.0296665817
967245.8754103018
966880.4553985269
966880.4553985269
966880.4553985269
966880.4553985269
966346.8759619431
966346.8759619431
966346.8759619431
966346.8759619431
966346.8759619431
966346.8759619431
966346.8759619431
966271.4139369982
966271.4139369982
966271.4139369982
966271.4139369982
966271.4139369982
966271.4139369982
966271.4139369982
966271.4139369982
965671.0252655505
965671.0252655505
965671.0252655505
965671.0252655505
965671.0252655505
965671.0252655505
965671.0252655505
965671.0252655505
965671.0252655505
965671.0252655505
965671.0252655505
965671.0252655505
965671.0252655505
965085.3645188278
965085.3645188278
964679.4334147968
964658.6594876418
964658.6594876418
964658.6594876418
964658.6594876418
964658.6594876418
964658.6594876418
964658.6594876418
964658.6594876418
964568.1129333964
964568.1129333964
964568.1129333964
964568.1129333964
964568.1129333964
964568.1129333964
964568.1129333964
964568.1129333964
964568.1129333964
964568.1129333964
964551.8758963391
964038.1795876024
964038.1795876024
963509.1103228299
963443.5545744768
963443.5545744768
963443.5545744768
963443.5545744768
962154.6950874693
962154.6950874693
962154.6950874693
962154.6950874693
962154.6950874693
962154.6950874693
961975.8703439499
961975.8703439499
961975.8703439499
961832.997126216
961832.997126216
961832.997126216
961832.997126216
961832.997126216
961832.997126216
961832.997126216
961832.997126216
961832.997126216
961832.997126216
961832.997126216
961832.997126216
961475.2135658828
961475.2135658828
961475.2135658828
961475.2135658828
961211.5105047387
961211.5105047387
961211.5105047387
961211.5105047387
961211.5105047387
961073.9696997254
961073.9696997254
961073.9696997254
961073.9696997254
961073.9696997254
961073.9696997254
960743.2598735256
960729.2108892903
960719.624165199
960719.624165199
960719.624165199
960719.624165199
960600.3668808514
960600.3668808514
960600.3668808514
959486.6952801155
959486.6952801155
959486.6952801155
959486.6952801155
958989.0827007426
958860.162975698
958789.165393092
958259.8869243504
957713.7273429482
957713.7273429482
957713.7273429482
957713.7273429482
957713.7273429482
957041.089231309
956955.99236734
956955.99236734
956955.99236734
956955.99236734
956955.99236734
956955.99236734
956718.0433948387
956489.8418910054
956466.3405315243
956343.7887428417
956343.7887428417
956343.7887428417
955934.5840973211
955872.2111707143
955872.2111707143
955872.2111707143
955872.2111707143
955828.4013996489
955739.644243716
955582.6173492596
955582.6173492596
955298.0095375681
955298.0095375681
955298.0095375681
955298.0095375681
955123.0434434006
955123.0434434006
955123.0434434006
954885.8743761953
954370.1810887236
954370.1810887236
954370.1810887236
954370.1810887236
954370.1810887236
954370.1810887236
954370.1810887236
954370.1810887236
954370.1810887236
954277.2360606762
954097.1024452928
954097.1024452928
954097.1024452928
954097.1024452928
953156.9013490952
952568.5524021324
952568.5524021324
952568.5524021324
952018.3727362324
952018.3727362324
952018.3727362324
952018.3727362324
952018.3727362324
952018.3727362324
952018.3727362324
952018.3727362324
952018.3727362324
952018.3727362324
952017.0694723416
952017.0694723416
952005.0831066798
952005.0831066798
952005.0831066798
952005.0831066798
951723.0710022924
951723.0710022924
951658.2885070159
951342.0662165942
950891.6228363032
950891.6228363032
950891.6228363032
950891.6228363032
950891.6228363032
950891.6228363032
950710.6506276946
950710.6506276946
950710.6506276946
950710.6506276946
950710.6506276946
950710.6506276946
950710.6506276946
950710.6506276946
950710.6506276946
950710.6506276946
950688.0201804681
950688.0201804681
950688.0201804681
950203.1566043808
949609.7912074481
949609.7912074481
949610.2088894737
949610.2088894737
949610.2088894737
949610.2088894737
949445.9960126344
949445.9960126344
949445.9960126344
949445.9960126344
949445.9960126344
949445.9960126344
949319.3875584074
949319.3875584074
949319.3875584074
949319.3875584074
949319.3875584074
949319.3875584074
949319.3875584074
949319.3875584074
949319.3875584074
949319.3875584074
949319.3875584074
949288.1372262267
949288.1372262267
949288.1372262267
949288.1372262267
949288.1372262267
949288.1372262267
949288.1372262267
949288.1372262267
949288.1372262267
949288.1372262267
949288.1372262267
949288.1372262267
948809.2595776205
948809.2595776205
948809.2595776205
948809.2595776205
948809.2595776205
948809.2595776205
948809.2595776205
948809.2595776205
948404.704934855
948404.704934855
948322.8089784726
948322.8089784726
948322.8089784726
948031.5377104892
948031.5377104892
948031.5377104892
947530.2679757818
947530.2679757818
947317.6567025398
947317.6567025398
947317.6567025398
945801.0685377677
945801.0685377677
945793.8755747995
945793.8755747995
945438.38820477
945313.2886363653
945313.2886363653
945313.2886363653
945313.2886363653
945313.2886363653
945313.2886363653
945313.2886363653
945313.2886363653
944386.4474393826
944386.4474393826
944386.4474393826
943600.5358280485
943600.5358280485
943600.5358280485
943600.5358280485
942849.0168059388
942849.0168059388
942849.0168059388
942849.0168059388
942849.0168059388
941284.6558850724
941284.6558850724
940865.0559166486
940865.0559166486
940865.0559166486
940865.0559166486
940865.0559166486
940865.0559166486
940865.0559166486
940865.0559166486
940865.0559166486
940620.9039849427
940620.9039849427
940620.9039849427
940620.9039849427
940620.9039849427
940620.9039849427
940620.9039849427
940620.9039849427
940620.9039849427
940382.6517017088
940382.6517017088
940382.6517017088
940362.7054483256
939744.4556238869
939744.4556238869
939744.4556238869
939744.4556238869
939738.9166480472
939738.9166480472
939738.9166480472
939738.9166480472
939738.9166480472
939738.9166480472
939738.9166480472
939738.9166480472
939738.9166480472
939738.9166480472
939738.9166480472
939738.9166480472
939738.9166480472
939738.9166480472
939738.9166480472
939738.9166480472
939738.9166480472
939682.623755841
939557.7981314331
938526.4633648114
938526.4633648114
938488.7324059401
938488.7324059401
938488.7324059401
938488.7324059401
938307.5020809798
938307.5020809798
938089.4879805178
938089.4879805178
938089.4879805178
937638.1317932138
937638.1317932138
937407.8266408367
937407.8266408367
936870.3092146988
936870.3092146988
936870.3092146988
936774.190788876
936774.190788876
936768.8260693173
936553.5760254925
936553.5760254925
936553.5760254925
936381.8998271427
936381.8998271427
936381.8998271427
936055.3276116847
936055.3276116847
935950.3438360165
935950.3438360165
935867.0967036379
935867.0967036379
935566.0372131641
935566.0372131641
935566.0372131641
935566.0372131641
935566.0372131641
935566.0372131641
935566.0372131641
935327.1436826285
935327.1436826285
935327.1436826285
935327.1436826285
935275.0775756859
935275.0775756859
935275.0775756859
935275.0775756859
935275.0775756859
935275.0775756859
935275.0775756859
935275.0775756859
935275.0775756859
935275.0775756859
935275.0775756859
935275.0775756859
935275.0775756859
935275.0775756859
935275.0775756859
935275.0775756859
935275.0775756859
935275.0775756859
935275.0775756859
935061.6174760305
934694.4162489257
934694.4162489257
934162.045396749
934162.045396749
934162.045396749
934162.045396749
934162.045396749
934162.045396749
934162.045396749
934162.045396749
934162.045396749
934162.045396749
934162.045396749
934162.045396749
934162.045396749
934162.045396749
934162.045396749
934080.1854419452
933399.0078210752
933071.2239847117
933071.2239847117
933071.2239847117
933071.2239847117
933071.2239847117
933071.2239847117
933071.2239847117
932791.6984074756
932791.6984074756
932791.6984074756
932791.6984074756
932791.6984074756
932716.6363672293
932574.5442621355
932574.5442621355
931872.2332360547
931872.2332360547
931872.2332360547
931872.2332360547
931872.2332360547
931872.2332360547
931872.2332360547
931872.2332360547
931697.6089253293
931697.6089253293
931697.6089253293
931697.6089253293
931697.6089253293
931697.6089253293
931697.6089253293
931580.2414877577
931580.2414877577
931580.2414877577
931580.2414877577
931580.2414877577
931580.2414877577
931580.2414877577
931580.2414877577
931580.2414877577
931580.2414877577
931580.2414877577
931580.2414877577
931294.4188432335
931294.4188432335
931294.4188432335
931294.4188432335
931294.4188432335
930981.6310007699
930981.6310007699
930981.6310007699
930235.7462914406
930235.7462914406
930235.7462914406
930235.7462914406
930235.7462914406
930235.7462914406
929824.1454748431
929824.1454748431
929824.1454748431
929824.1454748431
929824.1454748431
929824.1454748431
929824.1454748431
929612.2799754862
929575.1147435633
929575.1147435633
929575.1147435633
929575.1147435633
929554.7498782182
929554.7498782182
929449.5943152067
929217.3210366864
928846.8532026401
928846.8532026401
928846.8532026401
928846.8532026401
928846.8532026401
928796.4482563569
928791.4652111541
928400.3941913611
928400.3941913611
928400.3941913611
928400.3941913611
928400.3941913611
928400.3941913611
928400.3941913611
928400.3941913611
928400.3941913611
928390.8321499238
928390.8321499238
928390.8321499238
928390.8321499238
928390.8321499238
928390.8321499238
928390.8321499238
928390.8321499238
928390.8321499238
928390.8321499238
928390.8321499238
928105.0729550243
927792.616863166
927651.7539148959
927651.7539148959
927651.7539148959
927651.7539148959
927651.7539148959
927651.7539148959
927651.7539148959
926808.1534132138
926808.1534132138
926808.1534132138
926808.1534132138
926808.1534132138
926808.1534132138
926808.1534132138
926808.1534132138
926808.1534132138
926808.1534132138
926808.1534132138
926364.7623914807
926364.7623914807
925852.4390263259
925852.4390263259
925852.4390263259
925852.4390263259
925852.4390263259
925852.4390263259
925852.4390263259
925852.4390263259
925852.4390263259
925564.3925826207
925564.3925826207
924153.5833004199
924153.5833004199
923301.4265542921
923301.4265542921
923301.4265542921
923301.4265542921
923264.7297528838
923264.7297528838
923264.7297528838
923264.7297528838
923249.3947000917
923249.3947000917
923249.3947000917
923249.3947000917
923249.3947000917
923110.5578089674
923110.5578089674
923110.5578089674
923110.5578089674
923110.5578089674
923110.5578089674
923110.5578089674
923110.5578089674
922923.4857147872
922923.4857147872
922572.9529615706
922572.9529615706
922572.9529615706
922572.9529615706
922572.9529615706
922572.9529615706
922572.9529615706
922572.9529615706
922572.9529615706
922572.9529615706
922572.9529615706
922572.9529615706
922572.9529615706
922572.9529615706
921671.3899875428
921671.3899875428
921671.3899875428
921671.3899875428
921671.3899875428
921671.3899875428
921530.98197341
921530.98197341
921074.5039204935
921074.5039204935
921050.7195831366
921050.7195831366
921050.7195831366
921050.7195831366
921050.7195831366
921050.7195831366
921050.7195831366
921050.7195831366
921050.7195831366
921050.7195831366
920880.9821539959
920880.9821539959
920880.9821539959
920880.9821539959
920880.9821539959
920880.9821539959
920880.9821539959
920880.9821539959
920880.9821539959
920880.9821539959
920880.9821539959
920880.9821539959
920880.9821539959
920880.9821539959
920880.9821539959
920880.9821539959
920880.9821539959
920796.1260150161
920417.98971724
920417.98971724
920168.4947364205
920168.4947364205
920168.4947364205
920168.4947364205
919712.9964686222
919712.9964686222
919712.9964686222
919712.9964686222
919624.9372509232
919624.9372509232
919555.4235161977
919555.4235161977
919555.4235161977
919555.4235161977
919555.4235161977
919359.1769067445
919359.1769067445
919265.1364795086
919265.1364795086
919265.1364795086
919265.1364795086
919265.1364795086
919265.1364795086
919265.1364795086
919265.1364795086
919265.1364795086
919265.1364795086
919265.1364795086
919265.1364795086
919265.1364795086
918759.7283659886
918454.0076274843
918454.0076274843
918454.0076274843
918454.0076274843
918454.0076274843
918454.0076274843
918454.0076274843
918454.0076274843
918454.0076274843
918454.0076274843
918454.0076274843
917820.4806857309
917820.4806857309
917738.7765639497
917738.7765639497
917738.7765639497
917738.7765639497
917738.7765639497
917738.7765639497
917738.7765639497
917738.7765639497
917738.7765639497
917706.8772848535
917706.8772848535
917706.8772848535
917706.8772848535
917706.8772848535
917537.2418799408
917537.2418799408
917537.2418799408
917537.2418799408
917537.2418799408
917537.2418799408
917537.2418799408
917537.2418799408
917297.3868088191
917297.3868088191
917297.3868088191
917297.3868088191
917297.3868088191
917297.3868088191
916528.9905123576
916528.9905123576
916528.9905123576
916528.9905123576
916528.9905123576
916528.9905123576
916528.9905123576
916528.9905123576
916528.9905123576
916528.9905123576
916417.3534964338
916417.3534964338
916116.9820118304
916116.9820118304
916116.9820118304
916116.9820118304
916116.9820118304
916116.9820118304
916116.9820118304
916116.9820118304
916116.9820118304
916084.3922174532
916084.3922174532
915524.1072723321
915524.1072723321
915524.1072723321
914949.8157946233
914949.8157946233
914949.8157946233
914949.8157946233
914765.1974251459
914765.1974251459
914724.8425667727
914724.8425667727
914724.8425667727
914161.4151375233
914161.4151375233
913814.1262295701
913814.1262295701
913511.8406789254
913511.8406789254
913511.8406789254
913511.8406789254
913511.8406789254
913511.8406789254
913511.8406789254
913511.8406789254
913511.8406789254
913511.8406789254
913511.8406789254
913511.8406789254
913185.3795879012
913185.3795879012
913185.3795879012
913185.3795879012
913185.3795879012
913185.3795879012
913041.060567904
913041.060567904
912012.3891738481
912012.3891738481
912012.3891738481
912012.3891738481
911969.7237705584
911969.7237705584
911969.7237705584
911882.0572194359
911882.0572194359
911882.0572194359
911882.0572194359
911882.0572194359
911882.0572194359
911421.9811261353
911421.9811261353
911421.9811261353
911421.9811261353
911421.9811261353
910791.5477980301
910791.5477980301
910791.5477980301
910791.5477980301
910791.5477980301
910479.9465939709
910479.9465939709
910479.9465939709
910479.9465939709
910479.9465939709
910479.9465939709
910479.9465939709
909986.665191625
909986.665191625
909986.665191625
909986.665191625
909986.665191625
909986.665191625
909862.3479263845
909862.3479263845
909862.3479263845
909862.3479263845
909862.3479263845
909862.3479263845
909862.3479263845
909862.3479263845
909862.3479263845
909862.3479263845
909862.3479263845
909862.3479263845
909862.3479263845
909862.3479263845
909862.3479263845
909862.3479263845
909862.3479263845
909862.3479263845
909862.3479263845
909673.9134601897
909615.4386539392
909615.4386539392
909615.4386539392
909615.4386539392
909432.8521005963
909432.8521005963
909432.8521005963
909432.8521005963
909432.8521005963
909432.8521005963
909432.8521005963
909432.8521005963
909432.8521005963
909432.8521005963
909432.8521005963
909432.8521005963
909432.8521005963
909432.8521005963
909364.2203756245
909364.2203756245
909364.2203756245
909358.1495370514
909358.1495370514
909358.1495370514
909358.1495370514
908679.7357742041
908219.7802080851
908219.7802080851
908219.7802080851
908219.7802080851
908219.7802080851
908058.4237133755
908058.4237133755
908058.4237133755
908058.4237133755
908058.4237133755
908058.4237133755
908058.4237133755
908058.4237133755
908058.4237133755
908016.9778899949
908016.9778899949
908016.9778899949
908016.9778899949
908016.9778899949
908016.9778899949
908016.9778899949
907886.779803863
907886.779803863
907886.779803863
907886.779803863
907886.779803863
907886.779803863
907436.9816138649
907436.9816138649
907436.9816138649
907169.5243314437
907169.5243314437
906849.7036889072
906849.7036889072
906849.7036889072
906849.7036889072
906849.7036889072
906849.7036889072
906114.3839983435
905102.1421393948
905102.1421393948
905026.9925625869
905026.9925625869
905026.9925625869
905026.9925625869
905026.9925625869
905026.9925625869
905026.9925625869
905026.9925625869
905026.9925625869
905026.9925625869
905026.7777405793
905026.7777405793
905026.7777405793
905026.7777405793
905026.7777405793
905026.7777405793
905026.7777405793
905026.7777405793
905026.7777405793
905026.7777405793
905026.7777405793
905026.7777405793
904783.5030862656
904783.5030862656
904783.5030862656
904783.5030862656
904783.5030862656
904783.5030862656
904783.5030862656
904783.5030862656
904783.5030862656
904783.5030862656
904783.5030862656
904783.5030862656
904783.5030862656
904418.9949629691
904418.9949629691
904418.9949629691
904418.9949629691
904418.9949629691
904418.9949629691
904418.9949629691
904418.9949629691
904418.9949629691
904418.9949629691
904418.9949629691
904418.9949629691
904404.3814926981
904404.3814926981
903805.5454446791
903805.5454446791
903805.5454446791
903805.5454446791
903805.5454446791
903585.8873115769
903585.8873115769
903486.5028252869
903486.5028252869
903486.5028252869
903486.5028252869
903486.5028252869
903253.4890875939
903253.4890875939
903253.4890875939
903253.4890875939
903253.4890875939
902956.879249075
902817.5062989648
902817.5062989648
902817.5062989648
902817.5062989648
902817.5062989648
902817.5062989648
902817.5062989648
902817.5062989648
902817.5062989648
902817.5062989648
902817.5062989648
902817.5062989648
902596.4746415573
902596.4746415573
902596.4746415573
902596.4746415573
902357.212072941
902357.212072941
902357.212072941
902357.212072941
902357.212072941
902357.212072941
902357.212072941
902357.212072941
902357.212072941
902357.212072941
902357.212072941
902357.212072941
902357.212072941
902357.212072941
902357.212072941
902357.212072941
902357.212072941
902357.212072941
902158.6244976572
902158.6244976572
902158.6244976572
902158.6244976572
902158.6244976572
902158.6244976572
902158.6244976572
902158.6244976572
902158.6244976572
902158.6244976572
902158.6244976572
902158.6244976572
902158.6244976572
902107.8962527653
902107.8962527653
901670.3277397868
901670.3277397868
901670.3277397868
900908.3145185708
900908.3145185708
900908.3145185708
900908.3145185708
900754.0142729941
900754.0142729941
900754.0142729941
900754.0142729941
900754.0142729941
900754.0142729941
900754.0142729941
900754.0142729941
900754.0142729941
900754.0142729941
900201.3550947722
900201.3550947722
900118.0341853554
900118.0341853554
900118.0341853554
900118.0341853554
900118.0341853554
900118.0341853554
899882.2532799955
899491.9692690303
899491.9692690303
899491.9692690303
899491.9692690303
899491.9692690303
899491.9692690303
899491.9692690303
899491.9692690303
899260.9973729459
899260.9973729459
899260.9973729459
899260.9973729459
898976.2594424294
898976.2594424294
898976.2594424294
898976.2594424294
898976.2594424294
898976.2594424294
898976.2594424294
898976.2594424294
898976.2594424294
898976.2594424294
898976.2594424294
898976.2594424294
898761.0612780422
898761.0612780422
898761.0612780422
898741.6040512867
898509.2212963735
898509.2212963735
898509.2212963735
898509.2212963735
898509.2212963735
898509.2212963735
898509.2212963735
898509.2212963735
898509.2212963735
898509.2212963735
898509.2212963735
898509.2212963735
898509.2212963735
898509.2212963735
898411.891496246
898411.891496246
897863.0842376638
897863.0842376638
897863.0842376638
897863.0842376638
897863.0842376638
897863.0842376638
896643.0690783405
896643.0690783405
896643.0690783405
896643.0690783405
896643.0690783405
896643.0690783405
896615.2723488738
896615.2723488738
896615.2723488738
896434.4906175407
896434.4906175407
895949.0078153963
895949.0078153963
895949.0078153963
895949.0078153963
895949.0078153963
895949.0078153963
895949.0078153963
895869.4720005844
895869.4720005844
895869.4720005844
895869.4720005844
895869.4720005844
895869.4720005844
895869.4720005844
895869.4720005844
895869.4720005844
895869.4720005844
895857.2596760318
895857.2596760318
895857.2596760318
895857.2596760318
895857.2596760318
895857.2596760318
895857.2596760318
895848.7466049694
895272.4064664602
895272.4064664602
894861.7621771465
894861.7621771465
894861.7621771465
894861.7621771465
894861.7621771465
894861.7621771465
894772.6708519068
894772.6708519068
894751.7380209593
894751.7380209593
894751.7380209593
894751.7380209593
894751.7380209593
894751.7380209593
894367.402086117
894078.9590920778
894078.9590920778
894078.9590920778
894078.9590920778
894078.9590920778
894078.9590920778
894078.9590920778
894078.9590920778
894077.7763140592
894077.7763140592
894077.7763140592
894077.7763140592
894077.7763140592
894077.7763140592
894077.7763140592
894077.7763140592
893412.7739682489
893412.7739682489
893341.4572293868
893341.4572293868
893341.4572293868
893341.4572293868
893341.4572293868
893341.4572293868
893341.4572293868
893341.4572293868
893341.4572293868
893341.4572293868
893341.4572293868
893341.4572293868
893341.4572293868
893341.4572293868
893341.4572293868
893341.4572293868
893341.4572293868
893341.4572293868
893341.4572293868
893341.4572293868
893341.4572293868
893341.4572293868
893341.4572293868
893341.4572293868
893341.4572293868
893205.2585327185
893205.2585327185
893205.2585327185
893205.2585327185
893205.2585327185
893205.2585327185
893125.6295338891
893125.6295338891
893125.6295338891
893125.6295338891
893125.6295338891
893125.6295338891
893125.6295338891
893125.6295338891
893125.6295338891
893125.6295338891
893125.6295338891
892936.8275055012
892936.8275055012
892936.8275055012
892936.8275055012
892936.8275055012
892936.8275055012
892936.8275055012
892936.8275055012
892936.8275055012
892829.6265298144
892679.7918146637
892450.1281051754
892450.1281051754
892450.1281051754
892450.1281051754
892450.1281051754
892450.1281051754
892450.1281051754
892450.1281051754
892450.1281051754
892450.1281051754
892450.1281051754
892450.1281051754
892450.1281051754
892450.1281051754
892450.1281051754
892450.1281051754
892450.1281051754
892450.1281051754
891837.6190351641
891127.0359704366
891127.0359704366
891127.0359704366
890501.4856927444
890501.4856927444
890501.4856927444
890336.0309367802
890336.0309367802
889849.1057252584
889849.1057252584
889849.1057252584
889849.1057252584
889727.4808729145
889582.2656211919
889557.9415600761
889557.9415600761
889557.9415600761
889557.9415600761
889504.7275782673
889504.7275782673
889353.1089662986
889353.1089662986
889353.1089662986
889001.4943905186
889001.4943905186
889001.4943905186
889001.4943905186
889001.4943905186
889001.4943905186
889001.4943905186
889001.4943905186
889001.4943905186
889001.4943905186
889001.4943905186
889001.4943905186
889001.4943905186
889001.4943905186
888484.0865336664
888484.0865336664
888484.0865336664
888484.0865336664
888484.0865336664
888484.0865336664
888484.0865336664
887949.3167756058
887949.3167756058
887512.534102824
887512.534102824
887512.534102824
887512.534102824
887512.534102824
887512.534102824
887446.9960497728
887446.9960497728
887446.9960497728
887446.9960497728
887420.5397644821
887277.686195206
887277.686195206
886966.3379561442
886459.0104066716
886421.5430268772
886421.5430268772
886382.6031088368
886382.6031088368
886182.0321431588
886182.0321431588
886182.0321431588
886182.0321431588
886182.0321431588
886182.0321431588
886090.8975481789
886090.8975481789
886090.8975481789
886020.2266759111
886020.2266759111
886020.2266759111
885757.3523212083
885757.3523212083
885757.3523212083
885725.6102174914
885725.6102174914
885725.6102174914
885725.6102174914
885631.0322573201
885631.0322573201
885631.0322573201
885631.0322573201
885631.0322573201
885631.0322573201
885631.0322573201
885631.0322573201
885631.0322573201
885631.0322573201
885631.0322573201
885631.0322573201
885631.0322573201
885631.0322573201
885631.0322573201
885631.0322573201
885631.0322573201
885631.0322573201
885631.0322573201
885631.0322573201
885631.0322573201
885631.0322573201
885631.0322573201
885631.0322573201
885631.0322573201
885368.2874936978
885368.2874936978
885368.2874936978
885368.2874936978
885368.2874936978
885368.2874936978
884976.2209185725
884976.2209185725
884976.2209185725
884976.2209185725
884976.2209185725
884800.5320594228
884800.5320594228
884800.5320594228
884800.5320594228
884800.5320594228
884584.3813845015
884584.3813845015
884584.3813845015
884584.3813845015
884584.3813845015
884584.3813845015
884584.3813845015
884584.3813845015
884584.3813845015
884483.7161046842
884483.7161046842
884483.7161046842
884483.7161046842
884362.3283047817
884362.3283047817
884110.8035966156
884110.8035966156
884110.8035966156
884110.8035966156
884110.8035966156
884110.8035966156
884110.8035966156
884097.9905050793
884097.9905050793
884097.9905050793
883403.514685228
883403.514685228
883216.0666933435
883216.0666933435
883216.0666933435
883058.8262875816
883058.8262875816
883058.8262875816
883058.8262875816
883058.8262875816
883058.8262875816
883058.8262875816
883058.8262875816
883058.8262875816
882465.3027614937
881442.9615085834
881442.9615085834
881442.9615085834
881442.9615085834
880921.2014468393
880921.2014468393
880604.1229361655
880604.1229361655
880604.1229361655
880604.1229361655
880604.1229361655
880604.1229361655
880604.1229361655
880604.1229361655
880604.1229361655
880604.1229361655
880604.1229361655
880604.1229361655
880604.1229361655
880604.1229361655
880604.1229361655
880604.1229361655
880604.1229361655
880243.5534410435
880177.2287975184
880094.0212132881
880094.0212132881
880094.0212132881
880094.0212132881
880094.0212132881
880094.0212132881
880094.0212132881
880094.0212132881
880094.0212132881
879781.1705227958
879781.1705227958
879781.1705227958
879521.2093898294
879521.2093898294
879521.2093898294
879351.2175685707
879351.2175685707
879351.2175685707
879351.2175685707
879351.2175685707
879351.2175685707
879209.4418093384
879177.7491461614
879177.7491461614
879177.7491461614
879177.7491461614
879177.7491461614
879177.7491461614
879177.7491461614
879177.7491461614
879177.7491461614
879002.6353798509
879002.6353798509
879002.6353798509
879002.6353798509
879002.6353798509
879002.6353798509
879002.6353798509
878319.4293825243
878319.4293825243
878319.4293825243
878319.4293825243
878319.4293825243
878319.4293825243
878319.4293825243
878319.4293825243
878319.4293825243
878319.4293825243
878319.4293825243
878319.4293825243
878319.4293825243
878319.4293825243
878319.4293825243
878319.4293825243
877521.4762321914
877521.4762321914
877521.4762321914
877521.4762321914
877521.4762321914
877521.4762321914
877521.4762321914
877450.2390201266
877450.2390201266
877450.2390201266
877450.2390201266
877450.2390201266
877450.2390201266
877450.2390201266
877450.2390201266
876909.0901581408
876909.0901581408
876909.0901581408
876744.400217718
876744.400217718
876601.2510458863
876601.2510458863
876601.2510458863
876601.2510458863
876601.2510458863
876601.2510458863
876601.2510458863
876601.2510458863
876601.2510458863
876601.2510458863
876601.2510458863
876601.2510458863
876601.2510458863
876601.2510458863
875902.7843063524
875902.7843063524
875902.7843063524
875902.7843063524
875632.2300072811
875553.0979277923
875553.0979277923
875553.0979277923
875553.0979277923
874385.5624215435
874385.5624215435
874385.5624215435
873892.2029890165
873892.2029890165
873892.2029890165
873892.2029890165
873892.2029890165
873892.2029890165
873803.915370687
873803.915370687
873283.0931721162
873281.0639071134
873281.0639071134
873281.0639071134
873281.0639071134
873281.0639071134
873281.0639071134
873281.0639071134
873281.0639071134
873281.0639071134
873240.6884686655
873220.1214429964
873220.1214429964
873220.1214429964
872737.8471344481
872737.8471344481
872737.8471344481
872737.8471344481
872737.8471344481
872737.8471344481
872737.8471344481
872737.8471344481
872529.9527228158
872529.9527228158
872529.9527228158
872529.9527228158
872502.8345227793
872502.8345227793
872502.8345227793
872502.8345227793
872502.8345227793
872502.8345227793
872502.8345227793
872502.8345227793
872502.8345227793
872502.8345227793
872502.8345227793
872502.8345227793
872502.8345227793
872391.9615272209
872391.9615272209
872391.9615272209
872391.9615272209
872283.407879708
872283.407879708
872283.407879708
871253.1270375263
871253.1270375263
871253.1270375263
871253.1270375263
871021.7295981471
871021.7295981471
871021.7295981471
871021.7295981471
871021.7295981471
871021.7295981471
870996.9684241612
870996.9684241612
870996.9684241612
870996.9684241612
870964.4652142614
870964.4652142614
870964.4652142614
870780.0819075861
870780.0819075861
870780.0819075861
870780.0819075861
870780.0819075861
870780.0819075861
870780.0819075861
870780.0819075861
870780.0819075861
870493.2915768127
870493.2915768127
870493.2915768127
870493.2915768127
870493.2915768127
870493.2915768127
870493.2915768127
870493.2915768127
870493.2915768127
870493.2915768127
870493.2915768127
870493.2915768127
870493.2915768127
870493.2915768127
870493.2915768127
870493.2915768127
870493.2915768127
870493.2915768127
870493.2915768127
870493.2915768127
870493.2915768127
870493.2915768127
870493.2915768127
870493.2915768127
870493.2915768127
870493.2915768127
869940.6581393308
869940.6581393308
869939.6856133984
869939.6856133984
869939.6856133984
869939.6856133984
869939.6856133984
869939.6856133984
869939.6856133984
869939.6856133984
869939.6856133984
869939.6856133984
869939.6856133984
869939.6856133984
869939.6856133984
869939.6856133984
869939.6856133984
869939.6856133984
869939.6856133984
869939.6856133984
869939.6856133984
869939.6856133984
869939.6856133984
869939.6856133984
869939.6856133984
869918.6522642851
869918.6522642851
869918.6522642851
869918.6522642851
869918.6522642851
869779.8366039856
868874.3200589733
868874.3200589733
868874.3200589733
868774.4150982709
868774.4150982709
868774.4150982709
868774.4150982709
868774.4150982709
868774.4150982709
868774.4150982709
868774.4150982709
868774.4150982709
868650.4306939857
868650.4306939857
868650.4306939857
868650.4306939857
868650.4306939857
868650.4306939857
868650.4306939857
868650.4306939857
868650.4306939857
868650.4306939857
868650.4306939857
868517.0062715968
868517.0062715968
868517.0062715968
868517.0062715968
868517.0062715968
868517.0062715968
868288.4389097816
868288.4389097816
868288.4389097816
868288.4389097816
868288.4389097816
868288.4389097816
868288.4389097816
868288.4389097816
868288.4389097816
868159.1671572272
868159.1671572272
868159.1671572272
868115.1029242487
868115.1029242487
868115.1029242487
868115.1029242487
868115.1029242487
868115.1029242487
867860.8758373157
867860.8758373157
867860.8758373157
867860.8758373157
867763.4922692929
867763.4922692929
867763.4922692929
867763.4922692929
867763.4922692929
867763.4922692929
867763.4922692929
867763.4922692929
867344.771516586
867344.771516586
867177.618504019
867177.618504019
867177.618504019
867177.618504019
867177.618504019
867177.618504019
867177.618504019
867108.1916989986
866707.0395417282
866210.6793687718
866210.6793687718
866210.6793687718
866210.6793687718
866210.6793687718
866210.6793687718
866210.6793687718
866210.6793687718
866210.6793687718
866210.6793687718
866210.6793687718
866210.6793687718
866210.6793687718
866210.6793687718
866210.6793687718
866210.6793687718
866210.6793687718
866210.6793687718
866210.6793687718
866210.6793687718
866210.6793687718
866210.6793687718
866210.6793687718
866210.6793687718
866210.6793687718
866210.6793687718
866210.6793687718
866210.6793687718
866210.6793687718
865863.8035789246
865863.8035789246
865863.8035789246
865863.8035789246
865863.8035789246
865638.6121735504
865638.6121735504
865456.911937932
865456.911937932
865456.911937932
865456.911937932
865456.911937932
865456.911937932
865456.911937932
865456.911937932
865179.51398067
865179.51398067
865179.51398067
865179.51398067
865179.51398067
865179.51398067
865179.51398067
865179.51398067
865179.51398067
865179.51398067
865179.51398067
865179.51398067
864703.3975409304
864703.3975409304
864703.3975409304
864703.3975409304
864703.3975409304
864703.3975409304
864703.3975409304
864703.3975409304
864703.3975409304
864703.3975409304
864703.3975409304
864703.3975409304
864703.3975409304
864703.3975409304
864292.2155006424
864068.9528186618
864068.9528186618
864068.9528186618
864068.9528186618
864068.9528186618
864046.8511680686
863894.4579649097
863894.4579649097
863894.4579649097
863685.4952678164
863685.4952678164
863685.4952678164
863685.4952678164
863685.4952678164
863685.4952678164
863453.0781939842
863453.0781939842
863453.0781939842
863453.0781939842
863453.0781939842
863453.0781939842
863453.0781939842
863453.0781939842
863453.0781939842
863453.0781939842
863453.0781939842
863453.0781939842
863453.0781939842
863129.1491523788
863129.1491523788
863129.1491523788
863129.1491523788
863129.1491523788
863129.1491523788
863129.1491523788
863129.1491523788
863129.1491523788
863129.1491523788
863129.1491523788
863129.1491523788
863027.8403077571
863027.8403077571
863027.8403077571
863027.8403077571
863027.8403077571
863027.8403077571
863027.8403077571
863027.8403077571
862620.4830331652
862620.4830331652
862620.4830331652
862620.4830331652
862620.4830331652
862317.2725663478
862317.2725663478
862317.2725663478
862317.2725663478
862062.6988534098
862062.6988534098
862062.6988534098
862033.006652256
862033.006652256
862033.006652256
862033.006652256
862033.006652256
862033.006652256
862033.006652256
861829.3088236905
861829.3088236905
861829.3088236905
861829.3088236905
861360.9445849372
861360.9445849372
861360.9445849372
861360.9445849372
861360.9445849372
861360.9445849372
861360.9445849372
861360.9445849372
861360.9445849372
861360.9445849372
861360.9445849372
861360.9445849372
861360.9445849372
861360.9445849372
861360.9445849372
861019.0913873422
861019.0913873422
861019.0913873422
861019.0913873422
861019.0913873422
861019.0913873422
861019.0913873422
861019.0913873422
861019.0913873422
860801.9859994093
860801.9859994093
860801.9859994093
860267.0658538439
860267.0658538439
860267.0658538439
860267.0658538439
860267.0658538439
860267.0658538439
860267.0658538439
860128.3601114722
860128.3601114722
860128.3601114722
860037.1181813659
860037.1181813659
860037.1181813659
860037.1181813659
860037.1181813659
859946.7138364196
859946.7138364196
859946.7138364196
859946.7138364196
859946.7138364196
859946.7138364196
859893.3854946026
859514.1929487861
859414.3738353426
859178.760879359
859178.760879359
859178.760879359
859173.7492901548
859173.7492901548
859173.7492901548
859173.7492901548
859173.7492901548
859173.7492901548
859173.7492901548
859173.7492901548
859173.7492901548
859173.7492901548
859173.7492901548
859173.7492901548
859173.7492901548
859173.7492901548
858899.8718989892
858899.8718989892
858899.8718989892
858899.8718989892
858610.8608085803
858610.8608085803
858610.8608085803
858610.8608085803
858610.8608085803
858606.0032755753
858606.0032755753
858606.0032755753
858606.0032755753
858606.0032755753
858606.0032755753
858309.9660923311
858309.9660923311
858309.9660923311
858309.9660923311
858309.9660923311
858309.9660923311
858309.9660923311
858309.9660923311
858309.9660923311
858309.9660923311
858309.9660923311
858309.9660923311
858309.9660923311
858309.9660923311
858309.9660923311
858309.9660923311
858309.9660923311
858309.9660923311
858309.9660923311
858309.9660923311
858309.9660923311
858309.9660923311
858194.0685165925
858194.0685165925
858194.0685165925
857951.5250816257
857951.5250816257
857951.5250816257
857951.5250816257
857951.5250816257
857951.5250816257
857951.5250816257
857951.5250816257
857777.2014452856
857517.4328329584
857517.4328329584
857517.4328329584
857517.4328329584
857517.4328329584
857517.4328329584
857517.4328329584
857517.4328329584
857517.4328329584
857517.4328329584
857517.4328329584
857205.6574565655
857205.6574565655
857021.8162592757
857021.8162592757
856947.1766582456
856947.1766582456
856947.1766582456
856947.1766582456
856947.1766582456
856947.1766582456
856947.1766582456
856947.1766582456
856947.1766582456
856947.1766582456
856947.1766582456
856947.1766582456
856947.1766582456
856947.1766582456
856947.1766582456
856947.1766582456
856650.5819193968
856622.0104381837
856622.0104381837
856622.0104381837
856622.0104381837
856622.0104381837
856622.0104381837
856622.0104381837
856622.0104381837
856622.0104381837
856142.0615482812
856142.0615482812
856142.0615482812
856142.0615482812
856053.3665494324
856053.3665494324
856053.3665494324
856053.3665494324
856053.3665494324
856053.3665494324
855518.5481044366
855518.5481044366
855518.5481044366
855518.5481044366
855518.5481044366
855518.5481044366
855518.5481044366
855518.5481044366
855518.5481044366
855518.5481044366
855518.5481044366
855518.5481044366
855518.5481044366
855518.5481044366
855518.5481044366
855518.5481044366
855396.1516814032
855396.1516814032
855396.1516814032
855396.1516814032
855396.1516814032
854934.9838618203
854758.5521110834
854758.5521110834
854758.5521110834
854758.5521110834
854285.6496605834
853311.2285174162
853134.9352062771
853134.9352062771
853134.9352062771
853134.9352062771
853134.9352062771
853134.9352062771
853134.9352062771
853020.1120566502
852494.9918439626
852432.7247908374
852432.7247908374
852432.7247908374
852312.7822476218
852312.7822476218
852312.7822476218
852312.7822476218
852312.7822476218
852312.7822476218
851951.7944082293
851951.7944082293
851951.7944082293
851951.7944082293
851951.7944082293
851951.7944082293
851951.7944082293
851951.7944082293
851951.7944082293
851951.7944082293
851951.7944082293
851951.7944082293
851951.7944082293
851951.7944082293
851951.7944082293
851951.7944082293
851951.7944082293
851951.7944082293
851951.7944082293
851951.7944082293
851951.7944082293
851951.7944082293
851895.3141302099
851895.3141302099
851895.3141302099
851895.3141302099
851895.3141302099
851895.3141302099
851895.3141302099
851895.3141302099
851895.3141302099
851895.3141302099
851895.3141302099
851895.3141302099
851727.6055093434
851727.6055093434
851727.6055093434
851727.6055093434
851301.7738405119
851301.7738405119
851301.7738405119
851301.7738405119
851072.8101871101
851072.8101871101
851072.8101871101
851072.8101871101
851072.8101871101
851072.8101871101
851072.8101871101
851072.8101871101
851072.8101871101
851072.8101871101
851072.8101871101
851072.8101871101
851072.8101871101
851072.8101871101
850867.6921007907
850867.6921007907
850867.6921007907
850867.6921007907
850867.6921007907
850867.6921007907
850867.6921007907
850867.6921007907
850867.6921007907
850867.6921007907
850867.6921007907
850867.6921007907
850867.6921007907
850867.6921007907
850867.6921007907
850867.6921007907
850867.6921007907
850867.6921007907
850867.6921007907
850867.6921007907
850867.6921007907
850867.6921007907
850867.6921007907
850867.6921007907
850867.6921007907
850867.6921007907
850867.6921007907
850867.6921007907
850867.6921007907
850867.6921007907
850867.6921007907
850867.6921007907
850867.6921007907
850867.6921007907
850867.6921007907
850867.6921007907
850867.6921007907
850867.6921007907
850778.1774765141
850778.1774765141
850778.1774765141
850778.1774765141
850706.0670769555
850706.0670769555
850706.0670769555
850507.2026986112
850507.2026986112
850507.2026986112
850320.6106736886
850320.6106736886
850320.6106736886
850320.6106736886
850320.6106736886
850320.6106736886
850113.3057587536
849648.7865456495
849648.7865456495
849648.7865456495
849648.7865456495
849648.7865456495
848732.437373749
848732.437373749
848732.437373749
848732.437373749
848732.437373749
848732.437373749
848732.437373749
848732.437373749
848579.3855918928
848579.3855918928
848579.3855918928
848579.3855918928
848579.3855918928
848493.7315890443
848493.7315890443
848493.7315890443
848493.7315890443
848493.7315890443
848493.7315890443
848292.3902310727
848292.3902310727
848292.3902310727
848292.3902310727
848292.3902310727
848292.3902310727
848292.3902310727
848231.8820245039
848231.8820245039
848231.8820245039
848231.8820245039
848231.8820245039
848231.8820245039
848231.8820245039
848231.8820245039
848231.8820245039
848231.8820245039
848231.8820245039
848231.8820245039
848231.8820245039
848231.8820245039
848231.8820245039
848231.8820245039
848231.8820245039
848053.3788224172
848053.3788224172
848053.3788224172
848053.3788224172
848053.3788224172
848053.3788224172
848053.3788224172
848053.3788224172
848053.3788224172
848053.3788224172
848053.3788224172
848053.3788224172
848053.3788224172
848053.3788224172
848053.3788224172
848053.3788224172
848053.3788224172
848053.3788224172
848053.3788224172
848053.3788224172
848053.3788224172
848053.3788224172
847541.0488521603
847381.1462093049
847381.1462093049
847381.1462093049
847381.1462093049
847381.1462093049
846930.395667828
846930.395667828
846930.395667828
846930.395667828
846930.395667828
846641.0233324419
846641.0233324419
846641.0233324419
846641.0233324419
846641.0233324419
846641.0233324419
846641.0233324419
846641.0233324419
846641.0233324419
846641.0233324419
846063.6590447257
845837.9836927695
845837.9836927695
845837.9836927695
845837.9836927695
845837.9836927695
845837.9836927695
845837.9836927695
845837.9836927695
845837.9836927695
845397.2931284276
845397.2931284276
845067.2247208606
845067.2247208606
845067.2247208606
845067.2247208606
845067.2247208606
845067.2247208606
845067.2247208606
845067.2247208606
845067.2247208606
845067.2247208606
845067.2247208606
845067.2247208606
845067.2247208606
845067.2247208606
845067.2247208606
845067.2247208606
844862.8087800437
844862.8087800437
844416.9852612171
844416.9852612171
844416.9852612171
844416.9852612171
844416.9852612171
844416.9852612171
844416.9852612171
844416.6671514333
844416.6671514333
844416.6671514333
844416.6671514333
844186.5211795662
844186.5211795662
844186.5211795662
844186.5211795662
844186.5211795662
844186.5211795662
843572.9444973187
843572.9444973187
843419.7430831182
843419.7430831182
843419.7430831182
843419.7430831182
843419.7430831182
843419.7430831182
843419.7430831182
843419.7430831182
842756.5063223443
842756.5063223443
842756.5063223443
842756.5063223443
842756.5063223443
842756.5063223443
841801.7483234077
841801.7483234077
841494.2662632805
841494.2662632805
841494.2662632805
841494.2662632805
841494.2662632805
841494.2662632805
841494.2662632805
841494.2662632805
841494.2662632805
841494.2662632805
841185.286572689
841185.286572689
841185.286572689
841185.286572689
841185.286572689
841185.286572689
841185.286572689
841185.286572689
841185.286572689
841185.286572689
841185.286572689
841185.286572689
841185.286572689
841185.286572689
841185.286572689
841185.286572689
841185.286572689
841185.286572689
841185.286572689
841185.286572689
841185.286572689
841185.286572689
841185.286572689
841185.286572689
841185.286572689
841185.286572689
841185.286572689
841185.286572689
841185.286572689
841185.286572689
841185.286572689
841185.286572689
841185.286572689
841185.286572689
841185.286572689
841131.4514352817
841131.4514352817
841131.4514352817
841131.4514352817
840476.7213532284
840476.7213532284
840476.7213532284
840476.7213532284
840476.7213532284
840250.4321605745
840250.4321605745
840250.4321605745
840250.4321605745
840250.4321605745
840250.4321605745
840250.4321605745
840250.4321605745
840250.4321605745
840250.4321605745
840250.4321605745
840250.4321605745
840250.4321605745
840250.4321605745
840250.4321605745
840250.4321605745
840250.4321605745
840250.4321605745
840250.4321605745
839682.5609793799
839682.5609793799
839682.5609793799
839682.5609793799
839682.5609793799
839489.7887808623
839489.7887808623
839489.7887808623
839489.7887808623
839489.7887808623
839489.7887808623
839489.7887808623
839193.3148661536
839193.3148661536
839193.3148661536
839100.6970382174
839100.6970382174
839100.6970382174
839100.6970382174
839100.6970382174
839045.8424927685
839045.8424927685
839045.8424927685
839045.8424927685
839045.8424927685
839045.8424927685
839045.8424927685
838989.3189202792
838989.3189202792
838989.3189202792
838499.5854506558
838499.5854506558
838437.8478958817
838437.8478958817
838437.8478958817
838437.8478958817
838437.8478958817
837876.1413958245
837247.0303495962
837247.0303495962
837247.0303495962
837247.0303495962
837247.0303495962
837247.0303495962
837247.0303495962
837247.0303495962
837160.7333491894
837160.7333491894
837160.7333491894
837160.7333491894
837160.7333491894
837160.7333491894
837160.7333491894
837160.7333491894
837160.7333491894
837160.7333491894
837160.7333491894
837160.7333491894
837160.7333491894
837160.7333491894
837160.7333491894
837160.7333491894
837160.7333491894
837160.7333491894
837160.7333491894
837160.7333491894
837160.7333491894
837160.7333491894
837160.7333491894
837160.7333491894
837160.7333491894
837160.7333491894
836320.9568134727
836320.9568134727
836320.9568134727
836320.9568134727
836179.228776826
836179.228776826
836179.228776826
836179.228776826
836179.228776826
836179.228776826
836179.228776826
836179.228776826
836179.228776826
836179.228776826
836179.228776826
836179.228776826
836179.228776826
836179.228776826
836179.228776826
836179.228776826
836179.228776826
836179.228776826
836179.228776826
836179.228776826
836179.228776826
836179.228776826
836179.228776826
836179.228776826
836179.228776826
836179.228776826
836179.228776826
835923.4275462372
835923.4275462372
835923.4275462372
835923.4275462372
835923.4275462372
835883.4511348463
835257.4890531325
835257.4890531325
835257.4890531325
835257.4890531325
835257.4890531325
835257.4890531325
835257.4890531325
835257.4890531325
835257.4890531325
835257.4890531325
835257.4890531325
835099.5953569333
835099.5953569333
835099.5953569333
835099.5953569333
835099.5953569333
835099.5953569333
835099.5953569333
835099.5953569333
835099.5953569333
835099.5953569333
835099.5953569333
835099.5953569333
835099.5953569333
835099.5953569333
835099.5953569333
835099.5953569333
834972.9607666878
834972.9607666878
834972.9607666878
834972.9607666878
834972.9607666878
834972.9607666878
834972.9607666878
834972.9607666878
834972.9607666878
834773.7009952038
834773.7009952038
834773.7009952038
834773.7009952038
834345.9825521277
834345.9825521277
834345.9825521277
834345.9825521277
833976.8464351943
833976.8464351943
833976.8464351943
833976.8464351943
833976.8464351943
833976.8464351943
833976.8464351943
833976.8464351943
833976.8464351943
833976.8464351943
833976.8464351943
833976.8464351943
833976.8464351943
833976.8464351943
833976.8464351943
833976.8464351943
833976.8464351943
833976.8464351943
833976.8464351943
833976.8464351943
833976.8464351943
833976.8464351943
833976.8464351943
833976.8464351943
833976.8464351943
833976.8464351943
833976.8464351943
833976.8464351943
833976.8464351943
833976.8464351943
833976.8464351943
833976.8464351943
833976.8464351943
833976.8464351943
833976.8464351943
833589.3016516379
833589.3016516379
833589.3016516379
833589.3016516379
833589.3016516379
833585.1269160309
833585.1269160309
833585.1269160309
833585.1269160309
833585.1269160309
833585.1269160309
833545.6707393359
833545.6707393359
833545.6707393359
833545.6707393359
833545.6707393359
833545.6707393359
833545.6707393359
833545.6707393359
833545.6707393359
833545.6707393359
833545.6707393359
833545.6707393359
833172.0176698124
832902.7499772136
832902.7499772136
832902.7499772136
832902.7499772136
832902.7499772136
832902.7499772136
832678.4462206627
832678.4462206627
832678.4462206627
832678.4462206627
832678.4462206627
832678.4462206627
832678.4462206627
832678.4462206627
832678.4462206627
832678.4462206627
832678.4462206627
832678.4462206627
832678.4462206627
832678.4462206627
832678.4462206627
832678.4462206627
832678.4462206627
832678.4462206627
832678.4462206627
832678.4462206627
832510.7758610754
832482.9572277812
832482.9572277812
832482.9572277812
832482.9572277812
832482.9572277812
832482.9572277812
832060.1935801683
832060.1935801683
832060.1935801683
832060.1935801683
832060.1935801683
832060.1935801683
832060.1935801683
832060.1935801683
832060.1935801683
832060.1935801683
831900.9064975686
831900.9064975686
831900.9064975686
831900.9064975686
831900.9064975686
831900.9064975686
831900.9064975686
831900.9064975686
831900.9064975686
831900.9064975686
831900.9064975686
831900.9064975686
831614.2402308964
831614.2402308964
831614.2402308964
831614.2402308964
831614.2402308964
831614.2402308964
831218.1595258093
831218.1595258093
831218.1595258093
831218.1595258093
830959.5516218045
830959.5516218045
830959.5516218045
830959.5516218045
830959.5516218045
830959.5516218045
830959.5516218045
830959.5516218045
830880.7087778761
830880.7087778761
830880.7087778761
830880.7087778761
830880.7087778761
830880.7087778761
830880.7087778761
830880.7087778761
830301.717757083
830301.717757083
830301.717757083
830301.717757083
830301.717757083
830301.717757083
830246.7194361896
830246.7194361896
830219.765420551
830219.765420551
830219.765420551
830219.765420551
830219.765420551
830219.765420551
830219.765420551
830219.765420551
830219.765420551
830219.765420551
830219.765420551
830219.765420551
830219.765420551
830219.765420551
830219.765420551
830219.765420551
830219.765420551
830219.765420551
830219.765420551
830219.765420551
830216.1078106754
830216.1078106754
830216.1078106754
830216.1078106754
830216.1078106754
830216.1078106754
829856.5614293562
829856.5614293562
829856.5614293562
829856.5614293562
829856.5614293562
829856.5614293562
829856.5614293562
829856.5614293562
829856.5614293562
829856.5614293562
829856.5614293562
829856.5614293562
829708.6136715449
829418.7195411314
829418.7195411314
829231.8745210083
829231.8745210083
829231.8745210083
829231.8745210083
829231.8745210083
829231.8745210083
829231.8745210083
829231.8745210083
829231.8745210083
829231.8745210083
829231.8745210083
829231.8745210083
829231.8745210083
829231.8745210083
829231.8745210083
829231.8745210083
829231.8745210083
829231.8745210083
829231.8745210083
829231.8745210083
829231.8745210083
829231.8745210083
829231.8745210083
829231.8745210083
829231.8745210083
829231.8745210083
829231.8745210083
829231.8745210083
829231.8745210083
829231.8745210083
829231.8745210083
829231.8745210083
829231.8745210083
829144.9491082199
829144.9491082199
829144.9491082199
829132.080468538
829132.080468538
828982.0851522713
828524.5973096236
828524.5973096236
828524.5973096236
828524.5973096236
828524.5973096236
828524.5973096236
828524.5973096236
828524.5973096236
828524.5973096236
828524.5973096236
828524.5973096236
828337.2736210098
828337.2736210098
828337.2736210098
828134.0312038308
828134.0312038308
828134.0312038308
828134.0312038308
828109.1037347156
828109.1037347156
828109.1037347156
828029.807806555
828029.807806555
828029.807806555
828029.807806555
828029.807806555
828029.807806555
828016.5776096354
828016.5776096354
828016.5776096354
827905.7708238246
827905.7708238246
827905.7708238246
827905.7708238246
827905.7708238246
827905.7708238246
827905.7708238246
827905.7708238246
827605.2704334948
827605.2704334948
827605.2704334948
827605.2704334948
827605.2704334948
827605.2704334948
827605.2704334948
827605.2704334948
827605.2704334948
827605.2704334948
827605.2704334948
827605.2704334948
827605.2704334948
827605.2704334948
827557.8893107746
827557.8893107746
827557.8893107746
827513.571685511
827513.571685511
827513.571685511
827513.571685511
827513.571685511
827513.571685511
827488.7604003539
827306.7255031634
827306.7255031634
827306.7255031634
827306.7255031634
827306.7255031634
827306.7255031634
827306.7255031634
827306.7255031634
827306.7255031634
827111.6351702458
827111.6351702458
826553.7111078887
826553.7111078887
826553.7111078887
826553.7111078887
826553.7111078887
826553.7111078887
826553.7111078887
826553.7111078887
826553.7111078887
826553.7111078887
826553.7111078887
826553.7111078887
826553.7111078887
826553.7111078887
826553.7111078887
826553.7111078887
826553.7111078887
826553.7111078887
826553.7111078887
826098.2017813802
826098.2017813802
826098.2017813802
826098.2017813802
826098.2017813802
826098.2017813802
826098.2017813802
826098.2017813802
826098.2017813802
826098.2017813802
826098.2017813802
826098.2017813802
826098.2017813802
826098.2017813802
826098.2017813802
825886.5307069415
825886.5307069415
825886.5307069415
825478.6225323
825478.6225323
825478.6225323
825404.9767261453
825404.9767261453
825404.9767261453
824671.1300740808
824671.1300740808
824671.1300740808
824671.1300740808
824671.1300740808
824671.1300740808
824671.1300740808
824671.1300740808
824671.1300740808
824671.1300740808
824671.1300740808
824671.1300740808
824671.1300740808
824671.1300740808
824671.1300740808
824671.1300740808
824514.9697896063
824514.9697896063
824514.9697896063
824514.9697896063
824514.9697896063
824514.9697896063
824514.9697896063
824514.9697896063
824404.2646611475
824404.2646611475
824404.2646611475
824404.2646611475
824404.2646611475
824404.2646611475
824404.2646611475
824404.2646611475
824404.2646611475
824404.2646611475
824404.2646611475
824392.4315751512
824392.4315751512
824108.9612361467
824108.9612361467
824108.9612361467
824108.9612361467
824108.9612361467
823838.3572720147
823838.3572720147
823838.3572720147
823838.3572720147
823838.3572720147
823838.3572720147
823838.3572720147
823838.3572720147
823838.3572720147
823838.3572720147
823838.3572720147
823767.9755366091
823767.9755366091
823767.9755366091
823767.9755366091
823767.9755366091
823767.9755366091
823767.9755366091
823767.9755366091
823767.9755366091
823767.9755366091
823767.9755366091
823767.9755366091
823767.9755366091
823767.9755366091
823767.9755366091
823767.9755366091
823767.9755366091
823767.9755366091
823767.9755366091
823767.9755366091
823767.9755366091
823674.500964002
823674.500964002
823136.6552929862
823136.6552929862
823136.6552929862
823136.6552929862
823136.6552929862
823136.6552929862
823136.6552929862
822895.6845926112
822895.6845926112
822895.6845926112
822895.6845926112
822895.6845926112
822895.6845926112
822895.6845926112
822895.6845926112
822895.6845926112
822895.6845926112
822895.6845926112
822895.6845926112
822895.6845926112
822895.6845926112
822895.6845926112
822191.6636205309
822191.6636205309
822191.6636205309
822191.6636205309
821903.5837195865
821903.5837195865
821903.5837195865
821903.5837195865
821903.5837195865
821903.5837195865
821903.5837195865
821903.5837195865
821903.5837195865
821903.5837195865
821903.5837195865
821903.5837195865
821903.5837195865
821551.2227896092
821551.2227896092
821551.2227896092
821551.2227896092
821551.2227896092
821551.2227896092
821551.2227896092
821551.2227896092
821551.2227896092
821551.2227896092
821551.2227896092
821551.2227896092
821551.2227896092
821551.2227896092
821551.2227896092
821551.2227896092
821551.2227896092
821551.2227896092
821075.9404083099
821075.9404083099
821075.9404083099
821075.9404083099
821075.9404083099
821075.9404083099
821075.9404083099
820770.6786640997
820770.6786640997
820770.6786640997
820770.6786640997
820770.6786640997
820411.1086472857
820411.1086472857
820411.1086472857
820411.1086472857
820411.1086472857
820411.1086472857
820411.1086472857
820411.1086472857
820411.1086472857
820411.1086472857
820411.1086472857
820411.1086472857
819610.4263203696
819610.4263203696
819610.4263203696
819610.4263203696
819519.4594226298
819519.4594226298
819519.4594226298
819519.4594226298
819519.4594226298
819519.4594226298
819496.8615615208
819345.7141940696
819345.7141940696
819345.7141940696
819345.7141940696
819345.7141940696
819345.7141940696
819345.7141940696
819345.7141940696
819345.7141940696
818931.0794059094
818931.0794059094
818931.0794059094
818931.0794059094
818931.0794059094
818931.0794059094
818931.0794059094
818931.0794059094
818931.0794059094
818793.8605666881
818793.8605666881
818793.8605666881
818793.8605666881
818793.8605666881
818793.8605666881
818793.8605666881
818793.8605666881
818793.8605666881
818441.3661852335
818441.3661852335
818441.3661852335
818402.8917606275
818402.8917606275
818402.8917606275
818402.8917606275
818402.8917606275
818402.8917606275
818402.8917606275
818402.8917606275
818402.8917606275
818402.8917606275
818402.8917606275
818279.9368851109
818279.9368851109
818279.9368851109
818279.9368851109
818279.9368851109
818279.9368851109
818279.9368851109
818279.9368851109
818279.9368851109
818279.9368851109
818279.9368851109
818279.9368851109
818279.9368851109
818279.9368851109
818279.9368851109
818279.9368851109
818279.9368851109
818279.9368851109
818279.9368851109
818279.9368851109
818279.9368851109
818279.9368851109
818279.9368851109
818279.9368851109
818279.9368851109
818279.9368851109
818279.9368851109
818279.9368851109
818279.9368851109
818279.9368851109
818279.9368851109
818279.9368851109
818279.9368851109
818131.1956312989
818131.1956312989
818131.1956312989
818131.1956312989
818131.1956312989
818131.1956312989
818131.1956312989
818131.1956312989
818131.1956312989
818131.1956312989
818131.1956312989
818131.1956312989
818131.1956312989
818131.1956312989
818131.1956312989
818131.1956312989
818131.1956312989
818131.1956312989
818131.1956312989
818131.1956312989
818131.1956312989
818131.1956312989
818131.1956312989
818131.1956312989
818131.1956312989
818131.1956312989
818131.1956312989
818131.1956312989
818131.1956312989
818131.1956312989
818131.1956312989
818131.1956312989
818131.1956312989
818131.1956312989
817972.2002131982
817972.2002131982
817972.2002131982
817972.2002131982
817972.2002131982
817972.2002131982
817972.2002131982
817972.2002131982
817972.2002131982
817972.2002131982
817972.2002131982
817972.2002131982
817972.2002131982
817972.2002131982
817972.2002131982
817972.2002131982
817972.2002131982
817972.2002131982
817972.2002131982
817972.2002131982
817399.7148815821
817399.7148815821
817399.7148815821
817399.7148815821
817399.7148815821
817399.7148815821
817399.7148815821
817399.7148815821
817165.3107528663
817165.3107528663
817165.3107528663
817165.3107528663
817165.3107528663
817165.3107528663
817165.3107528663
817165.3107528663
817165.3107528663
817165.3107528663
816998.409041711
816998.409041711
816998.409041711
816998.409041711
816998.409041711
816998.409041711
816998.409041711
816998.409041711
816998.409041711
816998.409041711
816998.409041711
816998.409041711
816998.409041711
816998.409041711
816998.409041711
816998.409041711
816834.8054399734
816834.8054399734
816834.8054399734
816834.8054399734
816834.8054399734
816834.8054399734
816834.8054399734
816834.8054399734
816834.8054399734
816834.8054399734
816834.8054399734
816834.8054399734
816834.8054399734
816834.8054399734
816834.8054399734
816834.8054399734
816834.8054399734
816834.8054399734
816834.8054399734
816834.8054399734
816834.8054399734
816834.8054399734
816834.8054399734
816834.8054399734
816834.8054399734
816834.8054399734
816834.8054399734
816834.8054399734
816834.8054399734
816782.3425190784
816782.3425190784
816782.3425190784
816782.3425190784
816782.3425190784
816782.3425190784
816782.3425190784
816782.3425190784
816782.3425190784
816782.3425190784
816782.3425190784
816782.3425190784
816782.3425190784
816782.3425190784
816782.3425190784
816782.3425190784
816239.5532165004
816239.5532165004
816239.5532165004
816239.5532165004
816239.5532165004
816239.5532165004
816239.5532165004
816239.5532165004
816239.5532165004
816239.5532165004
