    3    4   14
 22.990 65.390 32.066
    1    1  0.0150  0.0000  0.0000
 -0.015583526471   0.000001666861   0.000137786946
 -0.000390144404  -0.000000221716  -0.000063343761
  0.008029182506   0.000009915314  -0.000033312747
  0.007944488369  -0.000011360459  -0.000041130438
    1    2  0.0000  0.0000  0.0150
 -0.000000000000   0.000000000000  -0.038112074361
 -0.000000000000  -0.000000000000   0.006925223413
  0.000000000000  -0.000000000000   0.015746417489
  0.000000000000  -0.000000000000   0.015440433459
    2    1  0.0150  0.0000  0.0000
 -0.000405974049  -0.000005124555  -0.000111110942
 -0.047762938015   0.000014949080   0.000075219796
  0.024556444998  -0.000006499684  -0.000004961415
  0.023612467066  -0.000003324841   0.000040852561
    2    2  0.0000  0.0000  0.0150
 -0.000000000000  -0.000000000000   0.007828910464
 -0.000000000000   0.000000000000  -0.053574298124
  0.000000000000  -0.000000000000   0.023497226640
 -0.000000000000  -0.000000000000   0.022248161020
    3    1  0.0150  0.0000  0.0000
  0.009159255237  -0.000005723985   0.000080414803
  0.025722541642  -0.000002719625  -0.000034751229
 -0.027144846156   0.000010107846  -0.000020503265
 -0.007736950722  -0.000001664236  -0.000025160309
    3    2  0.0000  0.0000  0.0150
 -0.000000000000  -0.000000000000   0.017390080031
 -0.000000000000  -0.000000000000   0.024160149206
  0.000000000000   0.000000000000  -0.081691525788
 -0.000000000000  -0.000000000000   0.040141296550
    4    1  0.0150  0.0000  0.0000
  0.008110663477   0.000001776278  -0.000060959917
  0.023808580743   0.000005294240   0.000037653875
 -0.008693378208  -0.000004376855   0.000009884698
 -0.023225866013  -0.000002693663   0.000013421344
    4    2  0.0000  0.0000  0.0150
 -0.000000000000  -0.000000000000   0.014925866192
 -0.000000000000  -0.000000000000   0.020751943418
  0.000000000000  -0.000000000000   0.037959595838
 -0.000000000000   0.000000000000  -0.073637405449
