    3    8    9
 22.990121.750 32.066
    1    1  0.0150  0.0000  0.0000
 -0.046615968705   0.005261272831  -0.010129285011
  0.001391887955   0.000299517114  -0.000543850816
  0.005964819886   0.000603194282  -0.001117342908
  0.001532667474   0.000631351947  -0.001176991353
  0.000146693257  -0.000252689474   0.000079049376
  0.000928293102  -0.000023442377   0.000426372574
  0.034454564758  -0.000143258944   0.014841452012
  0.002197042273  -0.006375945378  -0.002379403875
    3    1  0.0150  0.0000  0.0000
  0.005652948630   0.000902206330  -0.001326017390
  0.001137885262   0.000912059823  -0.001356781309
  0.016746876248  -0.012258956784   0.020673925924
  0.007460075624  -0.000293704894   0.000923709426
  0.008307178847   0.001980267590   0.002555044664
 -0.004841768059  -0.000564179330  -0.004489061269
  0.002664721068   0.008484942936   0.002203486913
 -0.037127917620   0.000837364329  -0.019184306959
    5    1  0.0150  0.0000  0.0000
 -0.000718720616  -0.000328088658  -0.000150847009
  0.033186910122  -0.000227494034   0.014300710519
  0.007902075415   0.001718195633   0.002248533024
  0.002206006798   0.008220054794   0.002004455937
 -0.050260533199  -0.010116459905  -0.005833302025
  0.008165774980   0.002383682711  -0.005010516485
  0.003792333778  -0.003448328563  -0.003677851700
 -0.004273847277   0.001798438023  -0.003881182260
