4456555.721819555
4360308.051776378
4249335.063128278
4157431.6699261502
4058440.6207183395
3997919.7704473995
3914238.394503201
3819267.68432819
3757508.0718457177
3681251.5038199946
3599228.8722614264
3530112.529210941
3464919.71185554
3405981.230534406
3329621.118425201
3289329.5885150963
3252160.855428204
3222421.5315060914
3173385.0794244637
3111134.014197845
3072421.783522094
3039441.774081589
3005635.319785361
2987146.774545816
2942363.228962422
2915632.5251570204
2882174.002229032
2833228.9257027525
2803168.2579442095
2766997.3399754893
2728798.521771273
2714516.92328206
2689878.0104050906
2669927.8556437446
2645566.6952303406
2619406.4481302593
2598606.3764785407
2585751.43355304
2574898.318005762
2562227.6215438703
2540911.6575625613
2528485.1973849763
2506972.665886686
2490739.0065480145
2469197.0878446586
2457880.3598022177
2437579.7753307233
2421779.924788341
2408379.7985611334
2397526.103446343
2387994.6725809546
2372286.5404706243
2365061.604679264
2331943.7651955355
2324161.3915735204
2307970.9285973683
2297478.63864547
2286229.4401359633
2270752.037551651
2256364.5736295083
2241260.030270298
2227150.334014059
2216608.0223653587
2207434.0474550463
2200546.3138822494
2185239.4667074624
2174129.376591064
2160835.4157963665
2153481.742757232
2145876.799919226
2132305.5570398336
2130442.203454338
2122654.0754407486
2116126.1925309245
2109440.617751
2100887.775296326
2093995.2550617899
2084836.679739526
2074782.5368374565
2069356.4887866117
2058299.523473516
2052416.8693827256
2043082.3666247535
2037996.5041028336
2028473.310004076
2021038.198196391
2014825.5918454595
2007293.715165081
1999668.6892463595
1994070.1795125988
1990220.0817758895
1981326.7174580707
1975804.2174495596
1969304.9316119435
1961224.9052256998
1957256.1988355785
1954384.2275372779
1947197.9278224302
1937202.651443569
1933836.9483263327
1924463.6604976696
1918576.2487003838
1916248.7275046522
1914904.0403736453
1905541.6572334475
1897679.720345274
1893085.0194938937
1886201.1955621126
1880171.5344037148
1876977.4876431245
1873203.8480431852
1867947.1265210118
1861457.4331752043
1856555.5036426014
1850797.2583283512
1843891.5761873822
1841874.3399726758
1838421.5703483552
1833022.920649426
1829784.7559045763
1827917.0910622482
1824737.950880587
1817191.056017197
1814110.3107573104
1812004.162202546
1800486.3389904057
1792617.0522684036
1785016.8458348194
1780987.3766109364
1775632.3395149894
1772284.3421792337
1768973.8597608134
1763577.2015142974
1758641.6020683292
1755698.8533780829
1752252.6720630338
1749590.0106906435
1742125.0325913571
1735723.4126359923
1731374.6318114623
1725526.6352378076
1720581.222042417
1717199.0121947024
1714346.8921737238
1710245.9486244454
1706633.6220412212
1702632.0635571391
1700636.306160302
1697881.113460515
1692544.6862358921
1689844.1898401822
1689135.7809116659
1684358.161958638
1682201.5989090435
1679235.1556053066
1674803.696314236
1673928.6458081047
1669081.0016978974
1667172.5500707598
1661576.7856788323
1660220.4988106787
1656251.4883620986
1655864.525514773
1650637.0255470313
1646829.5446307515
1646563.1339401049
1643401.278136461
1641226.3049063503
1640103.383689709
1635273.924125987
1631784.269207232
1629619.8566793827
1626745.792681653
1625358.537854279
1619035.7737336187
1615239.380600278
1610976.7168767145
1607763.7583720842
1606651.780777606
1603226.798627656
1601799.726030373
1598465.0995237788
1593192.1351833765
1592062.2063695136
1588870.4297923413
1587821.2829752811
1580053.0701539435
1577581.0373223326
1576697.1676112462
1575943.9517803579
1574741.133002043
1573477.8309468154
1570220.331561896
1569904.072307477
1566248.792519905
1564395.8530704598
1559665.9396384335
1558350.4497766425
1556812.070699849
1555875.8389549865
1555408.7133743465
1550974.7322207452
1549018.9510474447
1543638.8229068918
1538851.740391306
1537522.40069803
1536043.5319682467
1532862.0918241828
1532454.8818858159
1529449.4289869028
1525778.4902629724
1523035.4328115282
1521815.7248675688
1518724.7744156602
1516013.3409657057
1512843.3849651227
1509610.4355316833
1507484.18164614
1505429.7326825685
1503856.2167172045
1501368.5811715978
1500740.127640696
1500323.0688197506
1499033.3566838377
1498273.4274931639
1496677.6088795993
1494283.6977104559
1492796.265424271
1492016.0690776613
1491192.0197387459
1488459.747828429
1488405.541093376
1486648.8023246177
1484381.8250077842
1481508.8412556853
1478862.2782602261
1477701.9127178534
1477478.6966887428
1474580.4642952378
1471281.3303875173
1469304.4829811591
1465199.6411357704
1464782.0954659749
1463602.5805779616
1463243.6334774168
1462978.4016662405
1462433.5909115002
1459167.4675118434
1456929.866005194
1456560.2643665671
1455593.0399432916
1454215.2762661523
1454104.498150901
1453256.6177983503
1449858.2581110564
1448308.8954352692
1447828.5698609569
1447144.2181561615
1445152.8908703541
1443115.6347074541
1442924.2228868643
1441075.2719498533
1440635.8175754568
1439891.0335266627
1439474.410756413
1438368.3418946932
1437375.5615825593
1435748.6212151512
1432325.7127269688
1432325.7127269688
1431060.546123293
1429358.7708819334
1428922.6498045758
1427619.1254718173
1426333.3758401566
1425986.297028124
1425398.521763457
1424152.5846611424
1423450.4101097863
1422775.5038352446
1421696.3496581013
1420664.267815338
1420396.3234673494
1418971.1524130413
1418154.010315743
1418154.010315743
1417839.706657337
1415691.4075767011
1415147.9497890188
1413087.8933540946
1413007.6087706764
1412997.8306695602
1412507.055814812
1411927.5133468308
1410990.575365888
1410990.575365888
1410780.1221359447
1409459.7892976338
1407024.0051334745
1405156.1087731216
1404684.1491415978
1403119.677297877
1403064.7799704776
1403064.7799704776
1402830.6099094686
1400898.403613161
1398184.883995561
1395325.556438779
1393914.0715084998
1393914.0715084998
1392487.4490849792
1391989.5967738046
1390679.488975975
1390057.5893071461
1387734.168594918
1386432.3607191758
1383413.9529787966
1382783.296918646
1381491.8216923038
1380758.9204983409
1380363.9520275826
1378808.3913615884
1378493.1350355772
1377408.4758885417
1376604.840284071
1375322.9048431732
1375322.9048431732
1374214.9631817369
1373635.0625082748
1371928.9612912931
1371813.1062150572
1370869.2326395938
1370847.833317773
1368914.910922171
1368432.1078807765
1367613.6527578677
1367212.8602217557
1366906.9779787748
1366384.6598741454
1366288.4869227444
1365902.0343361525
1363569.767721108
1363046.0805724855
1362495.8628392708
1358679.258051279
1357582.6127262053
1356808.868733209
1355671.7555345977
1354709.202388836
1354502.9450028404
1352140.025811531
1351058.2503727425
1349575.5080623198
1347685.9882016308
1346812.9050053144
1346700.7894672588
1346293.2648427119
1344202.9033747977
1343372.7251408515
1343311.4299800866
1342443.4578667576
1341608.7197049684
1340691.2525595264
1340342.1167881794
1339003.0701402358
1338504.8215168705
1337368.0326343277
1336762.6155624555
1336431.9454805786
1334230.6170967568
1334109.1873242273
1332400.8572672151
1331714.4414251647
1329804.3618285113
1326957.5021124762
1326874.9692443602
1323966.311030387
1323367.1849002978
1322641.9537966496
1320511.2893340162
1320511.2893340162
1317867.6104479902
1317065.17922063
1317065.17922063
1315853.0139800094
1315853.0139800094
1315814.5632076715
1314800.2919656076
1314456.0706708808
1314347.501903704
1314233.2254421522
1313830.0458223552
1313813.017974606
1313813.017974606
1313628.3745380046
1312246.1911395981
1310890.2825674713
1309877.6019501113
1309612.1322435653
1308506.56394854
1308112.2463383449
1306950.9863577732
1306353.6238427714
1306308.2130035316
1306308.2130035316
1305028.5717315949
1304009.0960916332
1304009.0960916332
1302653.0821410543
1301174.8091956303
1299845.3400071652
1298580.4351308283
1297037.520895579
1296120.315926644
1296120.315926644
1295065.2258040865
1293891.7292622188
1293764.1754348367
1293211.336565205
1292537.162093172
1291926.3870334933
1291796.3956873957
1291771.0258648235
1291374.4478938654
1291262.6808422527
1291183.9672826435
1291183.9672826435
1290574.8238479083
1289514.406091496
1289514.406091496
1289514.406091496
1288879.196965231
1288728.454295965
1286893.9432969166
1285659.0794490748
1283345.417795842
1282933.9182476625
1280657.0806542546
1280657.0806542546
1279828.6218239772
1279090.2341691498
1278728.6821887796
1277473.566134947
1276379.946804237
1275615.3306078245
1275104.7257788286
1274877.3760412938
1274840.521970055
1273729.9348382265
1272436.867183273
1272436.867183273
1272118.720942046
1271114.9546734896
1269970.7923483143
1269475.5558085726
1269475.5558085726
1269330.676655249
1268811.2622112823
1268352.4247270995
1268099.757131563
1267845.1110440558
1267721.7422352992
1266697.6923132953
1265771.2177590437
1265657.444110849
1264896.2152711134
1264747.8122835709
1264747.8122835709
1264108.6351638937
1264108.6351638937
1263677.9138386766
1261757.5349772328
1261149.0289592738
1260783.4949647146
1260783.4949647146
1260535.516323208
1260535.516323208
1258524.015423524
1258524.015423524
1258011.9220110131
1258011.9220110131
1257847.492854786
1257603.1579805862
1256790.4917095061
1255015.2232263214
1254842.3008485788
1254301.8203886824
1253591.7710037092
1253421.284855763
1252112.2504677912
1251900.0713799694
1251191.893610145
1250934.0157856531
1250176.4913708323
1249255.3569678622
1247913.3799523674
1247728.295612141
1245939.7248533685
1245357.003843207
1244008.4190800528
1243387.9452044903
1242655.0678206305
1242655.0678206305
1242299.194208668
1241424.3639271962
1240866.8882255787
1240866.8882255787
1240866.8882255787
1240672.6965840617
1240280.058928052
1240271.7186235972
1238858.9422990445
1238858.9422990445
1238113.5355298421
1237989.0960957522
1236512.469379302
1236512.469379302
1235990.0913444872
1235821.1265854447
1234757.3507742144
1234757.3507742144
1234517.3063462283
1234517.3063462283
1234117.109888474
1233826.5671903493
1233298.9064236234
1233230.7355821957
1233210.783363707
1232897.38077942
1232015.9472361268
1231906.7935967194
1231687.6800500124
1231687.6800500124
1230752.513050734
1230527.7562636049
1230509.130017335
1230509.130017335
1229027.7681987458
1228635.0144428462
1227932.8315408812
1227886.584602516
1227878.327275367
1227682.2753936434
1227542.093671997
1227542.093671997
1227341.9900049123
1227063.9986503925
1227063.9986503925
1226664.9024684583
1225402.218425601
1224626.0381926596
1224457.714524459
1223317.046821658
1222134.0756636043
1221797.3158551573
1221552.909830003
1220028.4684661813
1220028.4684661813
1219933.9827751967
1219118.8561148096
1219118.8561148096
1218337.037815155
1215266.6957541725
1215266.6957541725
1215266.6957541725
1215197.4639002965
1215021.6889651408
1214300.0601995955
1214264.2448499324
1213968.481634466
1213875.1551425916
1213825.9745727465
1212749.3765342422
1212063.4138967402
1211166.4546479103
1210871.215093218
1209794.6463236073
1209390.640037397
1209390.640037397
1209325.7867365798
1209325.7867365798
1209000.1873489674
1207144.3420335245
1207137.4642292203
1206802.1153885508
1205624.7134919884
1205624.7134919884
1205543.1959372086
1205353.7723327572
1205353.7723327572
1205232.0087698288
1204992.1555630579
1204816.0019049766
1204816.0019049766
1204753.0902934202
1204753.0902934202
1203930.0021821468
1203899.6718060868
1203432.6511584995
1203268.4426838262
1202360.7843559878
1202360.7843559878
1200901.5634157853
1199210.2008883522
1199210.2008883522
1199066.4909442295
1196991.7123944291
1196892.9423506223
1196056.3380223564
1195808.8962526866
1195808.8962526866
1195794.7566193198
1195794.7566193198
1194793.3272009613
1194793.3272009613
1194487.5830814608
1194303.8742468415
1193459.943114756
1193377.8192461436
1193252.4890601214
1192789.0659505357
1192789.0659505357
1192626.328057989
1192626.328057989
1191796.1253833575
1191471.7560334974
1191370.8300819825
1190598.65277243
1190440.4375105319
1190020.1338392263
1189983.2968684188
1189983.2968684188
1189242.5886937384
1189242.5886937384
1188058.9397953106
1188058.9397953106
1187964.8510605795
1187431.5813569105
1187223.6231494409
1186796.3706801883
1186728.6692863838
1186650.9201375945
1185867.6916141086
1185867.6916141086
1185867.6916141086
1185853.1902836314
1185669.7277595296
1185054.8434023699
1185054.8434023699
1184618.352308791
1184189.0675148033
1184189.0675148033
1183886.8633816915
1183886.8633816915
1183773.5422650352
1182434.4810928125
1182434.4810928125
1181950.129166757
1181950.129166757
1181950.129166757
1181832.2799070391
1181832.2799070391
1181832.2799070391
1180791.216660633
1180186.4112797175
1180186.4112797175
1180186.4112797175
1179411.2250047168
1179411.2250047168
1179293.7648364557
1179126.7173341177
1178844.0436910838
1177701.1380969214
1176281.6422208808
1176281.6422208808
1176281.6422208808
1176023.476339262
1176023.476339262
1175789.47727964
1175654.8771074738
1175398.7421675634
1172897.5746961697
1171918.076396613
1171792.4183349488
1171792.4183349488
1171382.510164188
1171382.510164188
1171330.037228134
1171330.037228134
1170519.4120980056
1170519.4120980056
1170519.4120980056
1169647.3508460624
1169647.3508460624
1168749.6878223543
1168249.8519023024
1168249.8519023024
1168023.4442299483
1168023.4442299483
1167610.274929206
1167610.274929206
1167327.2341054296
1167327.2341054296
1166867.3996505234
1166867.3996505234
1166867.3996505234
1166567.4006738118
1166274.7900904673
1165643.5305081406
1165643.5305081406
1164927.2718553552
1164927.2718553552
1164021.991636788
1164021.991636788
1163925.4822983895
1163925.4822983895
1163925.4822983895
1163729.5686498897
1163729.5686498897
1163575.9358688276
1163376.0865086177
1163376.0865086177
1163376.0865086177
1162541.6337670067
1161821.875910729
1161821.875910729
1161821.875910729
1161319.269713046
1161260.4720567092
1159355.5285954433
1157552.1561372117
1156983.6134296993
1156716.2212028562
1156716.2212028562
1156716.2212028562
1155657.6896804208
1154826.454165969
1154826.454165969
1154826.454165969
1154704.8145771222
1154015.3881393392
1153946.6273060266
1153859.234092913
1153859.234092913
1153434.2976093641
1152635.4413853223
1152293.0581125629
1151329.6318974537
1150778.6566450761
1150565.079333187
1150565.079333187
1150246.5597936157
1149235.9392617086
1149161.0157318288
1149161.0157318288
1149161.0157318288
1148991.5577556277
1148884.9711336659
1148457.5234408157
1148457.5234408157
1147841.816057331
1147028.3191896845
1147028.3191896845
1145584.7605553973
1145584.7605553973
1145584.7605553973
1145584.7605553973
1145584.7605553973
1145584.7605553973
1145422.0823993157
1145422.0823993157
1145422.0823993157
1145422.0823993157
1145219.2284886495
1145219.2284886495
1145074.512902087
1144095.5600392525
1143561.1592864688
1143065.5319217017
1142768.4887541975
1142691.807551823
1142691.807551823
1142691.807551823
1142691.807551823
1142446.9634114592
1142046.2056280747
1142046.2056280747
1142046.2056280747
1142046.2056280747
1141997.3068304006
1141997.3068304006
1141997.3068304006
1141997.3068304006
1141610.9782541227
1141383.9197313178
1141359.5045396285
1141359.5045396285
1141359.5045396285
1140575.437853732
1140575.437853732
1140575.437853732
1140575.437853732
1140552.1375343595
1140552.1375343595
1140552.1375343595
1140377.9802879966
1139713.4602695825
1139713.4602695825
1138751.6602049577
1137300.1867032875
1137300.1867032875
1137300.1867032875
1137300.1867032875
1136952.3149160948
1136952.3149160948
1136833.9865429285
1136406.2567584587
1136406.2567584587
1135651.6856200926
1134394.3381802822
1133834.909856157
1133834.909856157
1133834.909856157
1133410.5658813524
1133410.5658813524
1133061.2398184044
1133061.2398184044
1133061.2398184044
1133061.2398184044
1133036.0241399463
1131768.2482998362
1131705.504606635
1131705.504606635
1131703.8981388784
1131274.3389048562
1130730.8882011762
1130620.6225312178
1130511.9757891116
1130511.9757891116
1130511.9757891116
1130320.1536294415
1130224.5898506092
1130224.5898506092
1129776.532138818
1129776.532138818
1129348.4953220265
1129348.4953220265
1128724.1851457525
1128346.6022258147
1127954.2292042472
1127099.7816305049
1125435.403799627
1125435.403799627
1124228.1553575227
1123461.1354502416
1122814.908940204
1122666.1626828983
1122145.4526534895
1122145.4526534895
1122078.142587151
1121790.3173489915
1121758.2542036104
1120973.031641081
1120973.031641081
1120973.031641081
1120371.9424863653
1120371.9424863653
1120371.9424863653
1120371.9424863653
1120311.6641325345
1120311.6641325345
1120311.6641325345
1120311.6641325345
1120311.6641325345
1119566.6640859696
1119394.814019157
1118845.0163868773
1118809.3355888112
1118131.415058326
1118131.415058326
1117813.2648017756
1117790.762205848
1117673.998163865
1117648.7421021569
1117183.1570589934
1117183.1570589934
1116608.495874798
1115492.2595577044
1115462.2037747845
1115158.3141997429
1114966.8806417612
1114966.8806417612
1113754.476821424
1113744.087973143
1113454.4366458058
1113454.4366458058
1112952.0319081496
1112952.0319081496
1112952.0319081496
1112706.2316104244
1112706.2316104244
1112706.2316104244
1112590.0606672796
1112590.0606672796
1112582.3905063737
1112582.3905063737
1112582.3905063737
1112582.3905063737
1112551.9427437966
1112551.9427437966
1112225.4203643498
1112225.4203643498
1111605.0255903532
1111422.9212568682
1111422.9212568682
1111422.9212568682
1110592.8442793929
1110316.05977675
1110115.3243439633
1109940.3840667517
1109940.3840667517
1109940.3840667517
1109940.3840667517
1109940.3840667517
1108615.249242728
1108318.8504610541
1108318.8504610541
1108270.5956330036
1108270.5956330036
1107803.319485874
1107513.2190903814
1107196.4895894951
1107095.625480391
1106674.0376150392
1105480.0567242275
1105258.100819471
1104575.7841408604
1104575.7841408604
1104575.7841408604
1104575.7841408604
1103724.302744173
1103573.5672300179
1103477.2704264668
1103433.2877474704
1103396.427358015
1103245.9018120752
1103245.9018120752
1102707.1452776887
1102707.1452776887
1102707.1452776887
1102118.942830576
1101829.0978211174
1101294.8919064738
1100264.0930923906
1100264.0930923906
1100264.0930923906
1099928.6880125348
1098887.8751977724
1098673.127337216
1098548.843690104
1098403.607142576
1098403.607142576
1097903.7809069152
1097465.5709798324
1097465.5709798324
1097045.7408358546
1097045.7408358546
1097045.7408358546
1097045.7408358546
1095813.2044536667
1094402.1825974078
1094402.1825974078
1094402.1825974078
1093853.4647388957
1093822.791430315
1093822.791430315
1093362.8421233916
1092916.0538728358
1092916.0538728358
1089735.7688854737
1089292.557366128
1088324.9186250474
1088324.9186250474
1087199.3551715103
1087199.3551715103
1087199.3551715103
1085982.2486766924
1085982.2486766924
1085491.175700687
1085491.175700687
1085491.175700687
1085070.3824265697
1085070.3824265697
1084970.546931865
1084777.1898487837
1084195.9409454777
1084195.9409454777
1084195.9409454777
1083995.4331264542
1083610.1502772071
1082996.510071234
1082735.4254557197
1082608.3403683018
1082608.3403683018
1082466.6140567902
1081586.420918185
1081586.420918185
1081586.420918185
1081566.4724949207
1081495.8149892236
1081317.9278893517
1081083.0029235743
1081083.0029235743
1080869.9555408277
1080770.1704976999
1080758.0825244635
1080758.0825244635
1079948.2088282434
1079939.070940947
1079033.6818402973
1078574.2855569948
1078574.2855569948
1077039.8217123295
1077039.8217123295
1076921.9455159416
1076921.9455159416
1076921.9455159416
1076790.2422473303
1076772.7986406581
1076772.7986406581
1076409.1105670168
1076409.1105670168
1076409.1105670168
1076409.1105670168
1076005.793806951
1075172.9688143344
1074683.0551374827
1074373.8594605997
1074373.8594605997
1073976.7953967587
1073976.7953967587
1073976.7953967587
1073664.465314874
1073664.465314874
1073664.465314874
1073664.465314874
1073058.5771286744
1073058.5771286744
1072918.7172135168
1072634.6458856715
1072576.047599363
1071631.199090862
1071477.5780571247
1071477.5780571247
1070333.2390419268
1069786.6103403969
1069674.9541230393
1069674.9541230393
1069674.9541230393
1069193.947291958
1069193.947291958
1069193.947291958
1069193.947291958
1069193.947291958
1069193.947291958
1069178.3492059414
1068614.2911999084
1068614.2911999084
1068614.2911999084
1068614.2911999084
1068614.2911999084
1067420.5477390254
1067420.5477390254
1067328.0016692954
1067328.0016692954
1067328.0016692954
1067122.1579951833
1067122.1579951833
1066039.3898713314
1066039.3898713314
1066039.3898713314
1065926.0695324433
1065783.2461215572
1065783.2461215572
1065783.2461215572
1065783.2461215572
1065783.2461215572
1065783.2461215572
1065783.2461215572
1065783.2461215572
1065495.0734684002
1065495.0734684002
1065495.0734684002
1065495.0734684002
1065495.0734684002
1065495.0734684002
1065495.0734684002
1065495.0734684002
1065495.0734684002
1065495.0734684002
1065495.0734684002
1065495.0734684002
1065495.0734684002
1065495.0734684002
1065483.2926222424
1065483.2926222424
1065483.2926222424
1065483.2926222424
1064565.3642883203
1064134.7778616734
1064060.7950642752
1064060.7950642752
1063334.9914758469
1063334.9914758469
1063261.2016124378
1063261.2016124378
1062787.0079938709
1062643.980757838
1062643.980757838
1062504.6384939405
1062368.9155308385
1062368.9155308385
1062368.9155308385
1062227.6365486616
1061992.481717963
1061992.481717963
1061992.481717963
1061992.481717963
1061992.481717963
1061992.481717963
1061992.481717963
1061950.3318868098
1061258.949495441
1061258.949495441
1061028.0641196286
1061028.0641196286
1061028.0641196286
1061028.0641196286
1061028.0641196286
1060911.632965311
1060754.004862275
1060754.004862275
1060754.004862275
1060754.004862275
1060754.004862275
1060754.004862275
1060754.004862275
1060754.004862275
1060498.6231773226
1060015.621180907
1060015.621180907
1060015.621180907
1060014.1845619725
1060014.1845619725
1060014.1845619725
1060014.1845619725
1059809.7397711733
1059809.7397711733
1059719.0385087617
1059523.347793736
1059523.347793736
1058499.7934983599
1057670.0750060463
1057670.0750060463
1057670.0750060463
1057409.4082874684
1057409.4082874684
1057409.4082874684
1057370.5104463212
1057119.9644901059
1057053.3488528458
1057053.3488528458
1057053.3488528458
1057053.3488528458
1057053.3488528458
1057053.3488528458
1056108.6455964353
1055879.0779325133
1055879.0779325133
1055879.0779325133
1055644.1699316273
1055025.2185181477
1055025.2185181477
1055025.2185181477
1055025.2185181477
1054487.6655853605
1053737.4626382845
1053737.4626382845
1053737.4626382845
1053737.4626382845
1053737.4626382845
1053737.4626382845
1052928.3655129327
1052766.1875263206
1052766.1875263206
1052766.1875263206
1052766.1875263206
1052286.7996282477
1052286.7996282477
1052120.7137893247
1052036.787702406
1051961.700183039
1051961.700183039
1051961.700183039
1051961.700183039
1051961.700183039
1051961.700183039
1051386.1789452708
1051386.1789452708
1051332.1188743764
1051332.1188743764
1051332.1188743764
1051208.9205786004
1051208.9205786004
1050868.0044089544
1050799.3599587125
1050799.3599587125
1050112.108481388
1050112.108481388
1050112.108481388
1050112.108481388
1050112.108481388
1050112.108481388
1050112.108481388
1050112.108481388
1049814.8653827547
1049773.8974276234
1049773.8974276234
1049773.8974276234
1049773.8974276234
1049773.8974276234
1049773.8974276234
1049375.6204395792
1049375.6204395792
1049180.4648772501
1049180.4648772501
1048965.409132774
1048965.409132774
1048965.409132774
1048566.2255627548
1048468.3972432031
1048468.3972432031
1048468.3972432031
1048468.3972432031
1048468.3972432031
1047465.5086202233
1047465.5086202233
1047465.5086202233
1047465.5086202233
1047465.5086202233
1047465.5086202233
1046445.1358497392
1046096.603927733
1046096.603927733
1045044.8577022296
1045044.8577022296
1044499.6311401066
1043853.8183874949
1043853.8183874949
1043564.2803325274
1043564.2803325274
1043564.2803325274
1043102.2970256201
1043102.2970256201
1043102.2970256201
1042533.5261327219
1042399.6971852652
1042399.6971852652
1041552.854964802
1041137.2016593106
1041137.2016593106
1041137.2016593106
1041137.2016593106
1041052.0561925651
1041052.0561925651
1040561.0099781703
1039969.0547282434
1039969.0547282434
1039649.274792291
1039649.274792291
1037776.0215159196
1037776.0215159196
1037776.0215159196
1036530.2716893943
1036530.2716893943
1035971.0846498527
1035881.2299845496
1035881.2299845496
1035321.5772744522
1035321.5772744522
1035321.5772744522
1035321.5772744522
1035321.5772744522
1035321.5772744522
1035321.5772744522
1034652.2487456703
1034279.9711611419
1033908.7674595839
1033908.7674595839
1033908.7674595839
1033549.3451205107
1033549.3451205107
1032986.1873340728
1032513.9276973731
1032513.9276973731
1032353.2974106745
1031860.255724394
1031459.6126381012
1031459.6126381012
1031278.6156485889
1031278.6156485889
1031278.6156485889
1029956.595777013
1029956.595777013
1029806.2673548561
1029806.2673548561
1029806.2673548561
1029806.2673548561
1029742.3703318385
1029742.3703318385
1029742.3703318385
1029620.9425810862
1029620.9425810862
1029484.3121649164
1029484.3121649164
1029484.3121649164
1029484.3121649164
1029484.3121649164
1029484.3121649164
1029484.3121649164
1029484.3121649164
1029484.3121649164
1029484.3121649164
1029484.3121649164
1029484.3121649164
1029043.1932302723
1029043.1932302723
1028679.4801328457
1028320.5538428447
1028320.5538428447
1028320.5538428447
1028098.2101523548
1027995.8613025502
1027995.8613025502
1027713.6624468281
1027563.1053963774
1027563.1053963774
1027563.1053963774
1027563.1053963774
1027563.1053963774
1026440.5104811138
1026305.5049520758
1026305.5049520758
1026305.5049520758
1026305.5049520758
1026305.5049520758
1025355.2211795436
1025355.2211795436
1025201.9928167773
1025201.9928167773
1025201.9928167773
1024300.9715301982
1024300.9715301982
1024300.9715301982
1024300.9715301982
1023270.312153829
1023031.5355508062
1023031.5355508062
1022926.1203461227
1022926.1203461227
1022926.1203461227
1022926.1203461227
1022095.1074952927
1022095.1074952927
1021639.4126615729
1021639.4126615729
1021639.4126615729
1021639.4126615729
1021639.4126615729
1021639.4126615729
1021639.4126615729
1021264.1979260116
1021264.1979260116
1021264.1979260116
1021264.1979260116
1021264.1979260116
1021081.711452326
1021048.8836714928
1020676.923031922
1020676.923031922
1020674.8661448983
1020674.8661448983
1020674.8661448983
1020674.8661448983
1020674.8661448983
1019786.2863848445
1019786.2863848445
1019786.2863848445
1019720.381068866
1019720.381068866
1019720.381068866
1019504.8860588778
1019031.2155400849
1019031.2155400849
1019031.2155400849
1018961.3248922413
1018961.3248922413
1018533.1108448438
1018533.1108448438
1018531.8887333837
1018531.8887333837
1018531.8887333837
1017617.1384012746
1017617.1384012746
1017617.1384012746
1016869.4614218231
1016869.4614218231
1016869.4614218231
1016456.4730079959
1016456.4730079959
1016456.4730079959
1016456.4730079959
1016456.4730079959
1016456.4730079959
1016368.3000637703
1016368.3000637703
1016330.0803901902
1016086.1124981729
1015408.9658803834
1015190.9348323077
1015190.9348323077
1014509.4050956732
1014509.4050956732
1014509.4050956732
1014509.4050956732
1014509.4050956732
1014509.4050956732
1014509.4050956732
1013625.7786982983
1013625.7786982983
1013621.484027413
1013621.484027413
1013621.484027413
1012894.0862626133
1012894.0862626133
1011603.9568295407
1011550.141905919
1011550.141905919
1011550.141905919
1011550.141905919
1011536.9029805725
1011536.9029805725
1011536.9029805725
1011424.7670269456
1011424.7670269456
1011424.7670269456
1011424.7670269456
1011424.7670269456
1011363.1497012025
1011363.1497012025
1011256.2894061836
1011256.2894061836
1010886.2215738706
1010886.2215738706
1010886.2215738706
1010562.0055910256
1010562.0055910256
1010562.0055910256
1010562.0055910256
1010335.4168681107
1010335.4168681107
1010009.2581472625
1010009.2581472625
1010009.2581472625
1010009.2581472625
1010009.2581472625
1009695.8891112858
1009695.8891112858
1009695.8891112858
1009695.8891112858
1009203.205567764
1009203.205567764
1009203.205567764
1009039.5298641361
1008806.9523810627
1008806.9523810627
1008806.9523810627
1008137.722759131
1008137.722759131
1008137.722759131
1006852.7097223088
1006852.7097223088
1006651.0152446001
1006651.0152446001
1006651.0152446001
1006651.0152446001
1006651.0152446001
1006651.0152446001
1006651.0152446001
1006651.0152446001
1006651.0152446001
1006651.0152446001
1006486.8047601884
1006257.2570724591
1006257.2570724591
1006257.2570724591
1006040.6207472263
1005963.1608861417
1005963.1608861417
1005963.1608861417
1003496.4733796059
1003496.4733796059
1003496.4733796059
1003423.9457585699
1003423.9457585699
1003423.9457585699
1003423.9457585699
1003265.67523987
1003073.5640835704
1003073.5640835704
1003073.5640835704
1002005.1676445467
1002005.1676445467
1001836.2595434029
1001692.134891619
1001692.134891619
1001309.8309550931
1001309.8309550931
1001309.8309550931
1001007.7580564122
1001007.7580564122
1001007.7580564122
1001007.7580564122
1000953.1290342506
1000851.2991864267
1000837.3573946928
1000650.4896579438
1000650.4896579438
1000650.4896579438
999637.725534257
999637.725534257
999478.4512348846
998929.284628414
998929.284628414
998695.1863262719
998695.1863262719
998695.1863262719
997939.2036840958
997939.2036840958
997368.5271635107
997368.5271635107
997368.5271635107
997368.5271635107
997368.5271635107
996831.5939553631
996831.5939553631
996831.5939553631
996831.5939553631
996831.5939553631
996261.8888540666
996261.8888540666
996001.9634506528
995866.4812551083
995827.6039298512
995626.626481171
995626.626481171
995009.5709759489
995009.5709759489
993907.0871606553
993907.0871606553
993907.0871606553
993907.0871606553
993907.0871606553
993907.0871606553
993907.0871606553
993907.0871606553
993907.0871606553
993752.9885071148
993752.9885071148
993752.9885071148
993355.7893660613
993355.7893660613
993355.7893660613
993355.7893660613
992969.8097866443
992969.8097866443
992654.193886076
992191.4116260647
992072.8594963525
992072.8594963525
992072.8594963525
992072.8594963525
992072.8594963525
992072.8594963525
992072.8594963525
991977.6872142536
991977.6872142536
991298.8742846483
991298.8742846483
990759.4390173566
990759.4390173566
990759.4390173566
990759.4390173566
990759.4390173566
990678.6722320747
990678.6722320747
990678.6722320747
990678.6722320747
990678.6722320747
990678.6722320747
990678.6722320747
989886.6016419338
989151.339621115
988568.7659662662
988512.2256731177
988512.2256731177
988512.2256731177
988251.8410293349
987254.5318017779
987225.0503844644
986978.0268335224
986978.0268335224
986978.0268335224
986978.0268335224
986978.0268335224
985952.8827555118
985797.8538584698
985797.8538584698
985797.8538584698
985797.8538584698
985797.8538584698
985753.4626965758
985017.9332535976
985017.9332535976
984210.1224509977
984210.1224509977
984210.1224509977
983990.8674127674
983990.8674127674
983990.8674127674
983990.8674127674
983990.8674127674
983463.8863065444
983463.8863065444
982146.942722209
980950.269789673
980608.9586993128
980608.9586993128
980608.9586993128
980608.9586993128
980608.9586993128
980608.9586993128
980608.9586993128
979308.2285707616
978314.4880957686
978314.4880957686
978314.4880957686
978314.4880957686
977763.7930027877
977763.7930027877
977763.7930027877
977763.7930027877
977763.7930027877
977529.5318401176
977529.5318401176
977515.6322136242
977186.0242047168
976912.8980473893
976671.2241040838
976671.2241040838
976671.2241040838
976671.2241040838
976319.382879586
976319.382879586
976262.4786358315
976262.4786358315
976262.4786358315
976262.4786358315
975498.15500246
975493.70187354
975493.70187354
975493.70187354
975493.70187354
975493.70187354
975493.70187354
975493.70187354
975493.70187354
975127.8171709687
974766.2595717453
974766.2595717453
974496.6375907003
974124.7246960186
974124.7246960186
974124.7246960186
974124.7246960186
974124.7246960186
974124.7246960186
974124.7246960186
974124.7246960186
973970.1606257816
973678.3850105135
973678.3850105135
973678.3850105135
973678.3850105135
973678.3850105135
973678.3850105135
973678.3850105135
973678.3850105135
973678.3850105135
973678.3850105135
973678.3850105135
973476.4731907041
973294.9018597524
973294.9018597524
973294.9018597524
973294.9018597524
973294.9018597524
973294.9018597524
973294.9018597524
973177.1300065157
972642.0434314096
972551.9999635741
972551.9999635741
972551.9999635741
972333.3173440194
972130.8569241117
972130.8569241117
972130.8569241117
972130.8569241117
972130.8569241117
972130.8569241117
972130.8569241117
971724.9269060714
971607.0886947582
971538.5952505919
971538.5952505919
971518.2541746239
971402.9485313912
971402.9485313912
971389.8084861452
971389.8084861452
971389.8084861452
971358.9396609669
971358.9396609669
971358.9396609669
970954.7269866803
970954.7269866803
970471.0107279068
970471.0107279068
970471.0107279068
970471.0107279068
970471.0107279068
970088.9309826376
970088.9309826376
969931.0636775951
969931.0636775951
969931.0636775951
969931.0636775951
969931.0636775951
969931.0636775951
969931.0636775951
969931.0636775951
969567.6785970512
969187.6966590618
969187.6966590618
969187.6966590618
969187.6966590618
969180.6730052815
968896.5375839325
968896.5375839325
968788.6042749487
968788.6042749487
968788.6042749487
968788.6042749487
968762.4606567859
968762.4606567859
968762.4606567859
968728.7726509625
968728.7726509625
968728.7726509625
968504.7463496851
968504.7463496851
968504.7463496851
968504.7463496851
968504.7463496851
968504.7463496851
968321.6862114643
968321.6862114643
968321.6862114643
968321.6862114643
968321.6862114643
968321.6862114643
968321.6862114643
968321.6862114643
968321.6862114643
968321.6862114643
968321.6862114643
968321.6862114643
968321.6862114643
968321.6862114643
968321.6862114643
968321.6862114643
968321.6862114643
968321.6862114643
968321.6862114643
967812.4859783291
967812.4859783291
967593.0733318775
966733.4834908784
966733.4834908784
966733.4834908784
966733.4834908784
966733.4834908784
966733.4834908784
966733.4834908784
966733.4834908784
966646.1554035039
966646.1554035039
966646.1554035039
966646.1554035039
966646.1554035039
966646.1554035039
966646.1554035039
966646.1554035039
966646.1554035039
966326.6725768619
966126.2237985433
966126.2237985433
965675.7133768117
964981.9910591482
964981.9910591482
964476.6563109717
964476.6563109717
964018.568635443
963883.2995939837
963883.2995939837
963883.2995939837
963883.2995939837
963688.2066550639
963688.2066550639
963688.2066550639
963684.3126933083
963684.3126933083
963638.738018949
963638.738018949
963638.738018949
963638.738018949
962805.3625817909
962805.3625817909
962805.3625817909
962172.5397619383
961854.5956071774
961854.5956071774
961854.5956071774
961854.5956071774
961854.5956071774
961854.5956071774
961854.5956071774
961854.5956071774
961854.5956071774
961819.1777522183
961819.1777522183
961819.1777522183
961656.1264899713
961656.1264899713
961656.1264899713
961656.1264899713
960716.3841643683
960716.3841643683
960716.3841643683
960716.3841643683
960716.3841643683
960716.3841643683
960716.3841643683
960716.3841643683
960716.3841643683
960579.7065303689
960579.7065303689
960579.7065303689
960579.7065303689
960297.1151583815
960297.1151583815
960297.1151583815
959993.5011805987
959993.5011805987
959993.5011805987
959993.5011805987
959993.5011805987
959864.5776857506
959864.5776857506
959837.2677861648
959837.2677861648
959837.2677861648
959362.1579513222
959362.1579513222
959287.3069212306
959287.3069212306
959287.3069212306
958750.4994172237
958750.4994172237
958750.4994172237
958750.4994172237
958750.4994172237
958750.4994172237
958750.4994172237
958750.4994172237
958750.4994172237
958750.4994172237
958407.7318868218
958407.7318868218
958149.8731076093
958149.8731076093
958149.8731076093
958023.9776911672
957623.1967380228
957623.1967380228
957623.1967380228
957623.1967380228
957623.1967380228
957617.2808443273
957617.2808443273
957572.2913345001
957518.9097623965
957518.9097623965
957154.3201895354
957104.6628985929
957104.6628985929
956621.6379619581
956621.6379619581
955170.637475353
955170.637475353
955170.637475353
954896.8766610178
954744.9936910586
954744.9936910586
953970.0256623905
953970.0256623905
953970.0256623905
953970.0256623905
953858.1773714817
953572.9443855346
953572.9443855346
953572.9443855346
953572.9443855346
953572.9443855346
952850.5466727815
952850.5466727815
952850.5466727815
952850.5466727815
952850.5466727815
952850.5466727815
952850.5466727815
952850.5466727815
952850.5466727815
952850.5466727815
952850.5466727815
952850.5466727815
952850.5466727815
952850.5466727815
952850.5466727815
952850.5466727815
952850.5466727815
952850.5466727815
952850.5466727815
951560.7818820649
951560.7818820649
951560.7818820649
951560.7818820649
951560.7818820649
951560.7818820649
951560.7818820649
951560.7818820649
951560.7818820649
951560.7818820649
951560.7818820649
950887.7886450028
950816.9805666087
950816.9805666087
950816.9805666087
950816.9805666087
950816.9805666087
950816.9805666087
950816.9805666087
950765.2876167648
950765.2876167648
950765.2876167648
950765.2876167648
950110.0434286701
950110.0434286701
950110.0434286701
950110.0434286701
950110.0434286701
950110.0434286701
950110.0434286701
950110.0434286701
950110.0434286701
950110.0434286701
949858.792439956
949858.792439956
949732.9737850238
949732.9737850238
949732.9737850238
949624.5655565527
949624.5655565527
949524.2943250581
949524.2943250581
949524.2943250581
948882.6217472253
948882.6217472253
948882.6217472253
948882.6217472253
948882.6217472253
948882.6217472253
948882.6217472253
948882.6217472253
948882.6217472253
948850.906080249
948850.906080249
948850.906080249
948850.906080249
948602.0670823089
948602.0670823089
948602.0670823089
948602.0670823089
948602.0670823089
948602.0670823089
948602.0670823089
948581.6788817283
948581.6788817283
948581.6788817283
948581.6788817283
948581.6788817283
947875.1025657329
947875.1025657329
947646.3363335875
947530.6481905226
947530.6481905226
947530.6481905226
947499.4549426713
947499.4549426713
947499.4549426713
947499.4549426713
947499.4549426713
947491.8273008282
947491.8273008282
947254.7503065802
947178.8339652485
947178.8339652485
947178.8339652485
947178.8339652485
947178.8339652485
947178.8339652485
947178.8339652485
947178.8339652485
947178.8339652485
947178.8339652485
947178.8339652485
947178.8339652485
946958.9877327627
946958.9877327627
946958.9877327627
946958.9877327627
946958.9877327627
946958.9877327627
946958.9877327627
946958.9877327627
946958.9877327627
946958.9877327627
946958.9877327627
946958.9877327627
946958.9877327627
946958.9877327627
946426.7723652028
946426.7723652028
946156.4743599219
946156.4743599219
946140.3014331772
946140.3014331772
946140.3014331772
946140.3014331772
945811.667852347
945811.667852347
945362.9444465246
945362.9444465246
945362.9444465246
945362.9444465246
945362.9444465246
945362.9444465246
945362.9444465246
945362.9444465246
945306.4221573342
944991.9693597323
944991.9693597323
944991.9693597323
944982.6586095423
944772.4750477631
944772.4750477631
944508.2288990824
944393.4150837068
944393.4150837068
944393.4150837068
944393.4150837068
944393.4150837068
944283.5040150379
944283.5040150379
944283.5040150379
944283.5040150379
943994.5736038982
943994.5736038982
943994.5736038982
943994.5736038982
943994.5736038982
943994.5736038982
943994.5736038982
943994.5736038982
943871.5361346169
943871.5361346169
943871.5361346169
943871.5361346169
943871.5361346169
943871.5361346169
943399.6690760613
943399.6690760613
943399.6690760613
943399.6690760613
943113.2395442001
943113.2395442001
943113.2395442001
943113.2395442001
943113.2395442001
943113.2395442001
943113.2395442001
943113.2395442001
943113.2395442001
943113.2395442001
943113.2395442001
943113.2395442001
943113.2395442001
942583.5794040249
942583.5794040249
942583.5794040249
942290.5622910187
942290.5622910187
942048.7585316135
942048.7585316135
941932.5495134955
941932.5495134955
941639.3413981601
941597.6808524076
941597.6808524076
941597.6808524076
941597.6808524076
941448.7437650557
941448.7437650557
941254.7208035887
941254.7208035887
941254.7208035887
941168.6485527947
941168.6485527947
941168.6485527947
940572.6690246235
940572.6690246235
940329.8586836177
940329.8586836177
940329.8586836177
940329.8586836177
940329.8586836177
940070.1052049737
940070.1052049737
940070.1052049737
940070.1052049737
940070.1052049737
940070.1052049737
940070.1052049737
940070.1052049737
939922.6969879788
939597.2660217842
939407.9798295813
939407.9798295813
939407.9798295813
939407.9798295813
939407.9798295813
938795.0093051879
938795.0093051879
938466.275621132
938466.275621132
938466.275621132
938466.275621132
938466.275621132
937906.1073000038
936937.7862519263
936937.7862519263
936937.7862519263
936857.337589014
936276.3761468993
936199.8073700098
936199.8073700098
936147.5503175803
936147.5503175803
936147.5503175803
935847.6347414448
935847.6347414448
935803.1873920104
935803.1873920104
935803.1873920104
935803.1873920104
935803.1873920104
935803.1873920104
935728.0777118839
935728.0777118839
935728.0777118839
935669.5113517727
935669.5113517727
935274.92276525
934949.2070072838
934949.2070072838
934949.2070072838
934835.2700723817
934835.2700723817
934835.2700723817
934835.2700723817
934835.2700723817
934835.2700723817
934835.2700723817
934618.8021843822
934618.8021843822
934618.8021843822
934618.8021843822
934618.8021843822
934618.8021843822
934618.8021843822
934618.8021843822
934618.8021843822
934618.8021843822
934618.8021843822
934618.8021843822
934062.5508371312
934062.5508371312
934062.5508371312
934062.5508371312
934062.5508371312
934062.5508371312
934003.8127314451
934003.8127314451
934003.8127314451
934003.8127314451
934003.8127314451
934003.8127314451
934003.8127314451
933615.2502049911
933615.2502049911
933615.2502049911
933615.2502049911
933615.2502049911
933451.4090953292
933451.4090953292
932222.5076899203
932222.5076899203
932222.5076899203
932222.5076899203
932222.5076899203
931506.7104673998
931099.9965271854
930874.0513521796
930874.0513521796
930874.0513521796
930874.0513521796
930874.0513521796
930874.0513521796
930874.0513521796
930874.0513521796
930874.0513521796
930572.0354745919
930572.0354745919
930572.0354745919
930572.0354745919
930572.0354745919
930572.0354745919
930572.0354745919
930473.7213498491
930473.7213498491
930473.7213498491
930473.7213498491
930473.7213498491
930473.7213498491
930473.7213498491
930473.7213498491
930473.7213498491
930473.7213498491
930376.7437742009
930376.7437742009
930376.7437742009
930376.7437742009
930376.7437742009
930376.7437742009
930376.7437742009
930376.7437742009
930165.166373645
929752.9859371451
929752.9859371451
929641.735641901
929545.6679434854
929282.2796450425
929282.2796450425
929282.2796450425
929282.2796450425
928977.1463507337
928909.076263655
928909.076263655
928622.4273409933
928622.4273409933
928622.4273409933
928622.4273409933
927751.4515245704
927751.4515245704
927751.4515245704
927751.4515245704
927567.1403070492
927567.1403070492
927567.1403070492
927563.8851105445
927563.8851105445
927563.8851105445
927563.8851105445
927563.8851105445
927563.8851105445
927563.8851105445
927563.8851105445
927559.369463963
927559.369463963
927559.369463963
927405.803136638
927405.803136638
927405.803136638
927405.803136638
927405.803136638
927405.803136638
927405.803136638
927405.803136638
927405.803136638
927093.4329010844
927093.4329010844
927093.4329010844
927093.4329010844
927093.4329010844
926667.3372737777
926667.3372737777
926667.3372737777
926371.3468504505
926371.3468504505
926371.3468504505
926371.3468504505
926371.3468504505
926371.3468504505
926371.3468504505
926371.3468504505
926371.3468504505
926371.3468504505
926371.3468504505
926272.9617678565
926272.9617678565
926272.9617678565
925935.3575826129
925935.3575826129
925935.3575826129
925935.3575826129
925935.3575826129
925933.777189716
925933.777189716
925933.777189716
925933.777189716
925933.777189716
925933.777189716
925933.777189716
925933.777189716
925933.777189716
925933.777189716
925933.777189716
925933.777189716
925933.777189716
925933.777189716
925933.777189716
925933.777189716
925893.0800453738
925893.0800453738
925893.0800453738
925893.0800453738
925893.0800453738
925729.2460736468
925729.2460736468
925729.2460736468
925455.0731932073
925455.0731932073
925290.6108872253
925290.6108872253
925290.6108872253
925120.1584945399
925066.6067580399
925066.6067580399
925066.6067580399
925066.6067580399
925066.6067580399
925066.6067580399
924132.4823235504
924132.4823235504
924132.4823235504
924132.4823235504
924132.4823235504
924132.4823235504
923226.5592815442
923226.5592815442
923226.5592815442
923226.5592815442
923093.0052698636
923093.0052698636
923093.0052698636
923093.0052698636
923093.0052698636
923093.0052698636
923093.0052698636
923093.0052698636
923093.0052698636
923093.0052698636
923093.0052698636
922754.2386666895
922017.9688559291
922014.7994726863
922014.7994726863
921614.6617894557
921614.6617894557
921614.6617894557
920844.0292349414
920844.0292349414
920844.0292349414
920844.0292349414
920844.0292349414
920728.2559801643
920299.9088384054
920299.9088384054
920299.9088384054
920299.9088384054
920299.9088384054
920299.9088384054
919265.0967771752
918800.766976469
918800.766976469
918800.766976469
918800.766976469
918800.766976469
918800.766976469
918800.766976469
918800.766976469
918800.766976469
918800.766976469
918514.7816935785
918514.7816935785
917096.3556518964
917096.3556518964
917096.3556518964
917096.3556518964
917096.3556518964
917096.3556518964
916968.6913150628
916968.6913150628
916968.6913150628
916968.6913150628
916968.6913150628
916968.6913150628
916830.4202410214
916830.4202410214
916830.4202410214
916830.4202410214
916711.0901987753
916711.0901987753
916711.0901987753
916518.607304317
916518.607304317
916518.607304317
916383.2655662408
916383.2655662408
916016.8422652913
916016.8422652913
916016.8422652913
915936.651732805
915936.651732805
915936.651732805
915936.651732805
915936.651732805
915936.651732805
915311.6166422176
915311.6166422176
915311.6166422176
915311.6166422176
915184.4768790104
915184.4768790104
915184.4768790104
915184.4768790104
915184.4768790104
915184.4768790104
915184.4768790104
915069.2101693798
915069.2101693798
914803.1394067062
914192.1068608816
914192.1068608816
914192.1068608816
914192.1068608816
914192.1068608816
914192.1068608816
914192.1068608816
914192.1068608816
914192.1068608816
914192.1068608816
914192.1068608816
914186.085336834
914186.085336834
914186.085336834
914004.771571188
914004.771571188
914004.771571188
913990.0601920381
913990.0601920381
913990.0601920381
913990.0601920381
913990.0601920381
913990.0601920381
913475.9351607816
913475.9351607816
913475.9351607816
913475.9351607816
913475.9351607816
913475.9351607816
913475.9351607816
913475.9351607816
913475.9351607816
913475.9351607816
913475.9351607816
913475.9351607816
913475.9351607816
913475.9351607816
913475.9351607816
912919.4456121769
912919.4456121769
912919.4456121769
912919.4456121769
912347.9749292961
912280.0269080133
912040.5639030642
912040.5639030642
912040.5639030642
912040.5639030642
911709.1908406997
911709.1908406997
911709.1908406997
911709.1908406997
911535.0113363322
911535.0113363322
911186.1311254267
911186.1311254267
911186.1311254267
910942.4317790264
910572.5541285097
910572.5541285097
910487.9121298696
910487.9121298696
910487.9121298696
910487.9121298696
910487.9121298696
910487.9121298696
910487.9121298696
910487.9121298696
910487.9121298696
910487.9121298696
910487.9121298696
910487.9121298696
910487.9121298696
910487.9121298696
910487.9121298696
910487.9121298696
910487.9121298696
910487.9121298696
910487.9121298696
910487.9121298696
910487.9121298696
910487.9121298696
910487.9121298696
910487.9121298696
910487.9121298696
910398.6547911889
910398.6547911889
910398.6547911889
910398.6547911889
910398.6547911889
910398.6547911889
910398.6547911889
910055.193927865
910055.193927865
910055.193927865
910055.193927865
910055.193927865
910055.193927865
909939.0855095715
909939.0855095715
909939.0855095715
909939.0855095715
909939.0855095715
909939.0855095715
909939.0855095715
909939.0855095715
909939.0855095715
909115.4418779591
909115.4418779591
909115.4418779591
909115.4418779591
909115.4418779591
908859.2639921985
908063.7466158349
908063.7466158349
908063.7466158349
908063.7466158349
908063.7466158349
908063.7466158349
908063.7466158349
908063.7466158349
908063.7466158349
908063.7466158349
908025.1559981445
907422.0186785385
907422.0186785385
907280.5923270988
907280.5923270988
907280.5923270988
906953.0047369391
906951.8869839357
906951.8869839357
906951.8869839357
906951.8869839357
906951.8869839357
906899.33217298
906899.33217298
906899.33217298
906899.33217298
906899.33217298
906777.9152022885
906324.790993536
906134.8913994487
906134.8913994487
905958.7558880851
905599.5935034469
905599.5935034469
905123.9458788654
905123.9458788654
905123.9458788654
905004.2514942831
905004.2514942831
905004.2514942831
905004.2514942831
905004.2514942831
905004.2514942831
905004.2514942831
905004.2514942831
905004.2514942831
905004.2514942831
905004.2514942831
904748.119560502
904748.119560502
904748.119560502
904748.119560502
904748.119560502
904748.119560502
904748.119560502
904748.119560502
904748.119560502
904748.119560502
904253.7818294682
903876.5631786662
903876.5631786662
903876.5631786662
903296.1989447398
903296.1989447398
903296.1989447398
903296.1989447398
903296.1989447398
903281.9909994459
902858.3776111901
902858.3776111901
902858.3776111901
902858.3776111901
902858.3776111901
902858.3776111901
902858.3776111901
902858.3776111901
902858.3776111901
902858.3776111901
902858.3776111901
902817.2458764806
902817.2458764806
902817.2458764806
902817.2458764806
902796.202418345
902211.5277106836
902211.5277106836
902136.7560767228
902136.7560767228
902136.7560767228
901800.6127646858
901535.2304146091
901535.2304146091
901535.2304146091
901535.2304146091
901183.2252687905
901183.2252687905
901183.2252687905
901183.2252687905
901183.2252687905
901183.2252687905
901183.2252687905
901183.2252687905
901183.2252687905
901183.2252687905
901183.2252687905
901183.2252687905
901183.2252687905
901183.2252687905
901183.2252687905
901183.2252687905
900734.8353017326
900734.8353017326
900734.8353017326
900734.8353017326
900734.8353017326
900734.8353017326
900734.8353017326
900734.8353017326
900734.8353017326
900598.9576833982
900598.9576833982
900598.9576833982
900598.9576833982
900598.9576833982
900566.5863445845
900566.5863445845
900516.5050769799
900516.5050769799
900516.5050769799
900493.0991277492
900493.0991277492
900493.0991277492
900493.0991277492
900493.0991277492
900493.0991277492
900493.0991277492
900394.0084038794
900394.0084038794
900394.0084038794
900394.0084038794
900206.3645052037
900206.3645052037
899625.4659989849
899525.3066832786
899525.3066832786
899525.3066832786
899525.3066832786
899525.3066832786
899525.3066832786
899525.3066832786
899525.3066832786
899525.3066832786
899427.2125330162
899427.2125330162
899427.2125330162
899427.2125330162
899427.2125330162
899427.2125330162
899427.2125330162
899313.2544971888
899313.2544971888
899259.312964278
899259.312964278
899259.312964278
898950.8062127301
898950.8062127301
898950.8062127301
898825.8065538222
898825.8065538222
898637.969629173
898637.969629173
898312.9136908853
897740.8083281935
897740.8083281935
897740.8083281935
897740.8083281935
897740.8083281935
897740.8083281935
897740.8083281935
897740.8083281935
897740.8083281935
897735.6824771017
897199.2456645259
897199.2456645259
897199.2456645259
897199.2456645259
897199.2456645259
897199.2456645259
897199.2456645259
897199.2456645259
896968.4738428177
896968.4738428177
896968.4738428177
896968.4738428177
896968.4738428177
896968.4738428177
896968.4738428177
896968.4738428177
896968.4738428177
896968.4738428177
896968.4738428177
896968.4738428177
896916.5102426667
896916.5102426667
896916.5102426667
896916.5102426667
896916.5102426667
896795.7464686946
896795.7464686946
896795.7464686946
896795.7464686946
896795.7464686946
896795.7464686946
896795.7464686946
896795.7464686946
896795.7464686946
896482.1073788566
896482.1073788566
896482.1073788566
896482.1073788566
896482.1073788566
896482.1073788566
896482.1073788566
896482.1073788566
896482.1073788566
896482.1073788566
896482.1073788566
895958.5607936902
895958.5607936902
895958.5607936902
895958.5607936902
895958.5607936902
895958.5607936902
895958.5607936902
895958.5607936902
895958.5607936902
895958.5607936902
895862.9496559706
895862.9496559706
895862.9496559706
895862.9496559706
895855.4784283752
895855.4784283752
895855.4784283752
895356.3544425222
895356.3544425222
895188.3845077031
895188.3845077031
895188.3845077031
895188.3845077031
895188.3845077031
895188.3845077031
895027.3472090391
895027.3472090391
895027.3472090391
895027.3472090391
895027.3472090391
894820.9408234067
894820.9408234067
894820.9408234067
894820.9408234067
894820.9408234067
894820.9408234067
894820.9408234067
894820.9408234067
894820.9408234067
894820.9408234067
894552.9285473234
894552.9285473234
894552.9285473234
894552.9285473234
894552.9285473234
894552.9285473234
894552.9285473234
893878.9478889881
893878.9478889881
893878.9478889881
893848.7943833831
893848.7943833831
893848.7943833831
893848.7943833831
893848.7943833831
893848.7943833831
893601.757216485
893601.757216485
893601.757216485
893601.757216485
893601.757216485
893601.757216485
893543.1667693139
893543.1667693139
893543.1667693139
893543.1667693139
893543.1667693139
893435.5831075197
893435.5831075197
893435.5831075197
893435.5831075197
893322.0412405174
893322.0412405174
893305.799006761
893305.799006761
893305.799006761
893305.799006761
893305.799006761
893305.799006761
893305.799006761
892856.0167876226
892856.0167876226
892856.0167876226
892233.2503361197
892233.2503361197
892233.2503361197
892233.2503361197
892233.2503361197
892233.2503361197
891915.055301338
891915.055301338
891915.055301338
891915.055301338
891915.055301338
891915.055301338
891915.055301338
891915.055301338
891915.055301338
891915.055301338
891915.055301338
891915.055301338
891915.055301338
891915.055301338
891915.055301338
891915.055301338
891915.055301338
891895.4502186971
891895.4502186971
891895.4502186971
891807.6345615269
891807.6345615269
891810.8481651285
891810.8481651285
890914.1109781004
890914.1109781004
890914.1109781004
890914.1109781004
890914.1109781004
890914.1109781004
890914.1109781004
890914.1109781004
890914.1109781004
890914.1109781004
890914.1109781004
890914.1109781004
890914.1109781004
890914.1109781004
890914.1109781004
890914.1109781004
890384.4750170115
889892.3303862865
889286.8103911604
888440.7668470787
888119.3271671213
888119.3271671213
888119.3271671213
888119.3271671213
888119.3271671213
888119.3271671213
888119.3271671213
888119.3271671213
888119.3271671213
888080.0963141508
888080.0963141508
888080.0963141508
888080.0963141508
888080.0963141508
888080.0963141508
887726.2267834229
887726.2267834229
887726.2267834229
887689.0912724093
887689.0912724093
887689.0912724093
887689.0912724093
887689.0912724093
887689.0912724093
887689.0912724093
887689.0912724093
887689.0912724093
887689.0912724093
887689.0912724093
887689.0912724093
887689.0912724093
887689.0912724093
887689.0912724093
887689.0912724093
887689.0912724093
887689.0912724093
887689.0912724093
887689.0912724093
887689.0912724093
887689.0912724093
887689.0912724093
887689.0912724093
887689.0912724093
887689.0912724093
887689.0912724093
887689.0912724093
887689.0912724093
887430.0390349246
887130.218636404
887023.3641146794
887023.3641146794
886905.746999305
886905.746999305
886905.746999305
886905.746999305
886905.746999305
886880.6692292716
886880.6692292716
886880.6692292716
886529.9482867504
886529.9482867504
886529.9482867504
886529.9482867504
886529.9482867504
886529.9482867504
886529.9482867504
886529.9482867504
885720.7770675179
885720.7770675179
885720.7770675179
885720.7770675179
885720.7770675179
885633.3570106314
885633.3570106314
885582.8719900099
885444.0453277533
885444.0453277533
885444.0453277533
885444.0453277533
885444.0453277533
885444.0453277533
885444.0453277533
885444.0453277533
885259.4075563097
885259.4075563097
885259.4075563097
885157.9298841779
884912.6913499911
884088.1607894188
884088.1607894188
884088.1607894188
884088.1607894188
884088.1607894188
884088.1607894188
884088.1607894188
883881.6037001361
883881.6037001361
883881.6037001361
883881.6037001361
883881.6037001361
883009.506704662
883009.506704662
883009.506704662
883009.506704662
883009.506704662
882787.1678729983
882787.1678729983
882603.2372995752
882207.7129416679
882207.7129416679
882207.7129416679
882207.7129416679
882207.7129416679
881828.5883731176
881470.0279800294
881470.0279800294
881470.0279800294
881329.1761856291
881329.1761856291
881329.1761856291
881329.1761856291
881048.5971314774
881048.5971314774
881048.5971314774
881048.5971314774
881048.5971314774
881048.5971314774
880996.0096202525
880996.0096202525
880996.0096202525
880932.0184538122
880932.0184538122
880932.0184538122
880932.0184538122
880932.0184538122
880909.405913756
880909.405913756
880909.405913756
880909.405913756
880909.405913756
880774.1758280736
880774.1758280736
880774.1758280736
880774.1758280736
880774.1758280736
880774.1758280736
880774.1758280736
880467.2091515893
880467.2091515893
880467.2091515893
880467.2091515893
880467.2091515893
880467.2091515893
880467.2091515893
880467.2091515893
880467.2091515893
880467.2091515893
880467.2091515893
880261.794867327
880261.794867327
880027.9199062283
880027.9199062283
880027.9199062283
880027.9199062283
880027.9199062283
880027.9199062283
879858.4381456927
879858.4381456927
879858.4381456927
879858.4381456927
879858.4381456927
879858.4381456927
879760.107423604
878891.2258959042
878891.2258959042
878893.2038318224
878893.2038318224
878679.7212308771
878679.7212308771
878679.7212308771
878679.7212308771
878679.7212308771
878679.7212308771
878679.7212308771
878679.7212308771
878679.7212308771
878679.7212308771
878679.7212308771
878679.7212308771
878679.7212308771
878679.7212308771
878679.7212308771
878679.7212308771
878436.0100459553
878436.0100459553
878436.0100459553
878436.0100459553
878436.0100459553
878436.0100459553
878436.0100459553
878436.0100459553
878436.0100459553
877853.238386974
877853.238386974
877563.2545806299
877563.2545806299
877563.2545806299
877563.2545806299
877563.2545806299
877492.028942856
877492.028942856
877492.028942856
877492.028942856
877492.028942856
877492.028942856
877492.028942856
877492.028942856
877492.028942856
877492.028942856
877492.028942856
877492.028942856
877492.028942856
877492.028942856
877131.1464830189
877131.1464830189
877131.1464830189
877131.1464830189
877131.1464830189
876763.3306925435
876763.3306925435
876763.3306925435
876763.3306925435
876763.3306925435
876763.3306925435
876649.2899800449
876361.3624202602
876361.3624202602
876361.3624202602
876361.3624202602
876361.3624202602
876361.3624202602
876361.3624202602
876361.3624202602
876314.4945897115
876314.4945897115
876314.4945897115
876314.4945897115
876314.4945897115
876314.4945897115
876314.4945897115
876314.4945897115
876314.4945897115
876314.4945897115
876314.4945897115
876314.4945897115
876314.4945897115
876314.4945897115
876051.5809828615
876051.5809828615
876051.5809828615
876051.5809828615
876051.5809828615
876051.5809828615
876051.5809828615
876051.5809828615
876051.5809828615
876051.5809828615
876051.5809828615
876051.5809828615
876051.5809828615
876051.5809828615
876051.5809828615
876051.5809828615
876051.5809828615
876051.5809828615
876051.5809828615
876051.5809828615
874800.6497790217
874800.6497790217
874800.6497790217
874800.6497790217
874800.6497790217
874800.6497790217
874800.6497790217
874800.6497790217
874800.6497790217
874800.6497790217
874800.6497790217
874800.6497790217
874800.6497790217
874363.0811705034
874363.0811705034
874363.0811705034
874363.0811705034
874363.0811705034
874363.0811705034
874286.717329598
874207.8146548608
874207.8146548608
874207.8146548608
874207.8146548608
874207.8146548608
874207.8146548608
874207.8146548608
874207.8146548608
874207.8146548608
874207.8146548608
874081.033363948
874081.033363948
874081.033363948
874081.033363948
874081.033363948
874081.033363948
874081.033363948
874081.033363948
873603.5127949255
873305.4328774726
873305.4328774726
873305.4328774726
872817.4692977191
872817.4692977191
872817.4692977191
872616.1583405068
872616.1583405068
872616.1583405068
872616.1583405068
872616.1583405068
872616.1583405068
870888.8552313269
870888.8552313269
870888.8552313269
870142.0707754657
870142.0707754657
870142.0707754657
870142.0707754657
870142.0707754657
870095.6288514297
870095.6288514297
870095.6288514297
870029.6581927792
870029.6581927792
870029.6581927792
870029.6581927792
870029.6581927792
869533.340956804
869320.95093985
869320.95093985
869320.95093985
869320.95093985
869320.95093985
869320.95093985
868777.7614934521
868777.7614934521
868777.7614934521
868777.7614934521
868666.6550256581
868154.1550219974
868154.1550219974
868154.1550219974
868154.1550219974
868154.1550219974
868154.1550219974
868154.1550219974
868154.1550219974
868154.1550219974
868154.1550219974
868154.1550219974
868154.1550219974
868154.1550219974
868154.1550219974
868154.1550219974
868132.2297625802
867590.6600492188
867590.6600492188
867590.6600492188
867590.6600492188
867590.6600492188
867590.6600492188
867590.6600492188
867590.6600492188
867590.6600492188
867590.6600492188
867590.6600492188
867590.6600492188
867590.6600492188
867590.6600492188
867551.3466097342
867551.3466097342
867485.7103210005
867485.7103210005
867485.7103210005
867485.7103210005
867485.7103210005
867485.7103210005
867204.9591657796
867204.9591657796
867204.9591657796
867204.9591657796
867074.0748847607
867074.0748847607
867074.0748847607
867074.0748847607
867074.0748847607
867074.0748847607
867074.0748847607
867074.0748847607
867074.0748847607
867074.0748847607
867074.0748847607
867074.0748847607
867074.0748847607
867074.0748847607
867074.0748847607
867074.0748847607
867074.0748847607
867074.0748847607
866550.6478839163
866550.6478839163
866550.6478839163
866550.6478839163
866550.6478839163
866550.6478839163
866550.6478839163
866550.6478839163
866550.6478839163
866550.6478839163
866550.6478839163
866550.6478839163
866550.6478839163
866550.6478839163
866550.6478839163
866550.6478839163
866550.6478839163
866550.6478839163
866550.6478839163
866550.6478839163
866414.2806858493
866414.2806858493
866414.2806858493
866414.2806858493
866414.2806858493
866414.2806858493
866414.2806858493
866065.5067718397
865857.5178806094
865540.8038192234
865540.8038192234
865540.8038192234
865540.8038192234
865540.8038192234
865540.8038192234
865540.8038192234
865540.8038192234
865540.8038192234
865292.8560459281
865292.8560459281
865292.8560459281
865292.8560459281
865234.0104634142
865234.0104634142
865234.0104634142
865161.5935934873
865161.5935934873
865161.5935934873
865161.5935934873
865161.5935934873
864885.0823433351
864885.0823433351
864885.0823433351
864885.0823433351
864885.0823433351
864885.0823433351
864885.0823433351
864885.0823433351
864885.0823433351
864885.0823433351
864885.0823433351
864885.0823433351
864885.0823433351
864885.0823433351
864885.0823433351
864669.8466929905
864425.2823965827
864425.2823965827
864425.2823965827
864425.2823965827
864425.2823965827
864425.2823965827
864425.2823965827
864425.2823965827
864425.2823965827
864425.2823965827
864425.2823965827
864425.2823965827
864425.2823965827
864425.2823965827
864425.2823965827
864425.2823965827
864425.2823965827
864425.2823965827
864425.2823965827
864425.2823965827
864164.2619939619
864164.2619939619
864164.2619939619
864164.2619939619
864164.2619939619
864164.2619939619
864164.2619939619
863700.3087189321
863700.3087189321
863700.3087189321
863700.3087189321
863700.3087189321
863632.746388746
863632.746388746
863632.746388746
863632.746388746
862904.5159174615
862904.5159174615
862904.5159174615
862904.5159174615
862904.5159174615
862904.5159174615
862904.5159174615
862904.5159174615
862904.5159174615
862904.5159174615
862904.5159174615
862904.5159174615
862904.5159174615
862904.5159174615
862904.5159174615
862904.5159174615
862904.5159174615
862904.5159174615
862904.5159174615
862904.5159174615
862904.5159174615
862904.5159174615
862904.5159174615
862904.5159174615
862534.6581239341
862534.6581239341
862203.9407635179
861712.4743098414
861712.4743098414
861712.4743098414
861712.4743098414
860719.3905600533
860719.3905600533
860719.3905600533
860719.3905600533
860719.3905600533
860719.3905600533
860719.3905600533
860719.3905600533
860519.9305021205
860519.9305021205
860402.1990770331
860402.1990770331
860402.1990770331
860402.1990770331
860402.1990770331
860402.1990770331
860402.1990770331
860402.1990770331
860402.1990770331
860402.1990770331
860402.1990770331
860402.1990770331
860264.814249029
860202.4573263719
860202.4573263719
860202.4573263719
860202.4573263719
860202.4573263719
860202.4573263719
860202.4573263719
860202.4573263719
860202.4573263719
860202.4573263719
860202.4573263719
860202.4573263719
860202.4573263719
860202.4573263719
860202.4573263719
860202.4573263719
860202.4573263719
860202.4573263719
860202.4573263719
860202.4573263719
860202.4573263719
859760.8222720774
859760.8222720774
859677.2620563948
859677.2620563948
859677.2620563948
859677.2620563948
859677.2620563948
859677.2620563948
859677.2620563948
859677.2620563948
859677.2620563948
859499.6926747661
859382.0066176823
859382.0066176823
859382.0066176823
859382.0066176823
859382.0066176823
859183.8179539142
859183.8179539142
859183.8179539142
859124.326227261
859124.326227261
859124.326227261
858979.2452389627
858979.2452389627
858979.2452389627
858979.2452389627
858908.5837353915
858908.5837353915
858908.5837353915
858908.5837353915
858810.5421622953
858529.1687488577
858529.1687488577
858529.1687488577
858475.7914923576
858475.7914923576
858475.7914923576
858475.7914923576
858475.7914923576
858353.5773712276
858353.5773712276
858353.5773712276
858353.5773712276
858353.5773712276
858353.5773712276
858353.5773712276
858353.5773712276
857850.5884961879
857850.5884961879
857850.5884961879
857850.5884961879
857850.5884961879
857850.5884961879
857554.7063529068
857554.7063529068
857554.7063529068
857554.7063529068
857554.7063529068
857554.7063529068
857554.7063529068
857489.2083939544
857489.2083939544
857489.2083939544
857489.2083939544
857489.2083939544
857489.2083939544
857489.2083939544
857489.2083939544
857489.2083939544
856826.1296838806
856826.1296838806
856826.1296838806
856826.1296838806
856826.1296838806
856649.2644932008
856649.2644932008
856649.2644932008
856649.2644932008
856649.2644932008
856649.2644932008
856649.2644932008
856649.2644932008
856649.2644932008
856649.2644932008
856649.2644932008
856649.2644932008
856649.2644932008
856607.0883115863
856607.0883115863
856607.0883115863
856607.0883115863
856607.0883115863
856607.0883115863
856607.0883115863
856607.0883115863
856491.6395319559
856491.6395319559
856491.6395319559
856491.6395319559
856491.6395319559
856491.6395319559
856491.6395319559
856491.6395319559
856491.6395319559
856491.6395319559
856491.6395319559
856382.6025959582
856382.6025959582
856382.6025959582
856382.6025959582
856382.6025959582
856382.6025959582
856382.6025959582
856382.6025959582
856382.6025959582
856382.6025959582
856382.6025959582
856382.6025959582
856382.6025959582
856382.6025959582
856382.6025959582
856382.6025959582
856382.6025959582
856195.3158265313
856195.3158265313
856195.3158265313
855588.454829847
855561.9384182837
855561.9384182837
855561.9384182837
855561.9384182837
855561.9384182837
855561.9384182837
855287.9725787522
855287.9725787522
855287.9725787522
855287.9725787522
855287.9725787522
855287.9725787522
855287.9725787522
854358.0673475758
854358.0673475758
854358.0673475758
854358.0673475758
854358.0673475758
853533.029652376
853533.029652376
853533.029652376
853533.029652376
853533.029652376
853533.029652376
853533.029652376
853533.029652376
853533.029652376
853533.029652376
853533.029652376
853533.029652376
853533.029652376
853471.5224593107
853471.5224593107
853471.5224593107
853471.5224593107
853371.7078147555
853371.7078147555
853371.7078147555
853371.7078147555
853371.7078147555
852987.2953103443
852987.2953103443
852987.2953103443
852987.2953103443
852987.2953103443
852987.2953103443
852987.2953103443
852987.2953103443
852987.2953103443
852987.2953103443
852987.2953103443
852987.2953103443
852987.2953103443
852987.2953103443
852987.2953103443
852319.7578919136
852319.7578919136
852319.7578919136
852319.7578919136
852319.7578919136
852228.8418980378
852228.8418980378
852228.8418980378
852228.8418980378
852228.8418980378
852228.8418980378
852228.8418980378
852228.8418980378
852228.8418980378
852228.8418980378
852228.8418980378
852228.8418980378
852228.8418980378
852191.879192665
852191.879192665
852191.879192665
852191.879192665
851788.7171855541
851788.7171855541
851788.7171855541
851788.7171855541
851788.7171855541
851788.7171855541
851788.7171855541
851788.7171855541
851788.7171855541
851788.7171855541
851788.7171855541
851788.7171855541
851788.7171855541
851788.7171855541
851788.7171855541
851788.7171855541
851788.7171855541
851788.7171855541
851788.7171855541
851788.7171855541
851788.7171855541
851788.7171855541
851788.7171855541
851788.7171855541
851788.7171855541
851788.7171855541
851788.7171855541
851695.6009030533
851695.6009030533
851695.6009030533
851695.6009030533
851695.6009030533
851695.6009030533
851695.6009030533
851695.6009030533
851695.6009030533
851656.336102365
851656.336102365
851656.336102365
851656.336102365
851656.336102365
851656.336102365
851656.336102365
851656.336102365
851656.336102365
851656.336102365
851032.2643223216
850949.5519892066
850949.5519892066
850949.5519892066
850949.5519892066
850949.5519892066
850546.6434230134
850546.6434230134
850546.6434230134
850546.6434230134
850546.6434230134
850546.6434230134
850546.6434230134
850546.6434230134
850041.7043271619
850041.7043271619
850041.7043271619
850041.7043271619
850041.7043271619
850041.7043271619
850041.7043271619
850041.7043271619
849644.4745680302
849644.4745680302
849644.4745680302
849644.4745680302
849644.4745680302
849644.4745680302
849644.4745680302
849644.4745680302
849644.4745680302
849644.4745680302
849644.4745680302
849644.4745680302
849644.4745680302
849644.4745680302
849644.4745680302
849644.4745680302
849336.380492706
849336.380492706
849336.380492706
849336.380492706
849336.380492706
849336.380492706
849336.380492706
849336.380492706
849336.380492706
849336.380492706
849336.380492706
849336.380492706
849336.380492706
849336.380492706
849127.5926707778
849127.5926707778
849127.5926707778
849127.5926707778
849127.5926707778
849127.5926707778
849033.8802023993
849033.8802023993
848216.5434925033
848216.5434925033
848216.5434925033
848216.5434925033
848216.5434925033
848216.5434925033
848216.5434925033
848216.5434925033
848216.5434925033
848216.5434925033
848216.5434925033
848216.5434925033
848216.5434925033
847734.119355493
847734.119355493
847734.119355493
847734.119355493
847734.119355493
847734.119355493
847731.9595539011
847164.2885588731
847164.2885588731
847164.2885588731
847164.2885588731
846835.0154086484
846835.0154086484
846835.0154086484
846835.0154086484
846835.0154086484
846835.0154086484
846835.0154086484
846746.4590092857
846746.4590092857
846746.4590092857
846746.4590092857
846746.4590092857
846746.4590092857
846746.4590092857
846746.4590092857
846746.4590092857
845857.8062633402
845857.8062633402
845857.8062633402
845857.8062633402
845857.8062633402
845807.2917950737
845807.2917950737
845807.2917950737
845663.5200268504
845663.5200268504
845663.5200268504
845663.5200268504
845663.5200268504
845663.5200268504
845663.5200268504
845663.5200268504
845663.5200268504
845663.5200268504
845663.5200268504
845663.5200268504
845663.5200268504
845494.9717585889
845494.9717585889
844894.7727273202
844894.7727273202
844894.7727273202
844894.7727273202
844894.7727273202
844720.4306158558
844720.4306158558
844720.4306158558
844720.4306158558
844635.6184181657
844635.6184181657
844635.6184181657
844432.2544881114
844432.2544881114
844432.2544881114
844106.323284952
844106.323284952
844106.323284952
844106.323284952
844106.323284952
844106.323284952
843926.5187499707
843926.5187499707
843926.5187499707
843926.5187499707
843926.5187499707
843926.5187499707
843926.5187499707
843760.0931755963
843760.0931755963
843667.8394987492
843667.8394987492
843667.8394987492
843667.8394987492
843667.8394987492
843667.8394987492
843667.8394987492
843667.8394987492
843667.8394987492
843667.8394987492
843667.8394987492
843667.8394987492
843667.8394987492
843624.0606019392
843624.0606019392
843624.0606019392
843624.0606019392
843624.0606019392
843230.2915945231
843230.2915945231
843230.2915945231
843230.2915945231
843230.2915945231
843230.2915945231
843230.2915945231
843230.2915945231
843230.2915945231
843230.2915945231
843230.2915945231
843230.2915945231
843230.2915945231
843230.2915945231
843230.2915945231
843182.0412453387
843182.0412453387
843182.0412453387
843153.0833006352
843153.0833006352
843153.0833006352
842830.0042740251
842830.0042740251
842830.0042740251
842830.0042740251
842830.0042740251
842731.0518349672
842731.0518349672
842731.0518349672
842731.0518349672
842560.0190593819
842560.0190593819
841715.2543138403
841715.2543138403
841715.2543138403
841715.2543138403
841715.2543138403
841715.2543138403
841715.2543138403
841715.2543138403
841715.2543138403
841715.2543138403
841659.2344632443
841659.2344632443
841659.2344632443
841659.2344632443
841659.2344632443
841659.2344632443
841570.9549637248
841087.8209941385
841087.8209941385
841087.8209941385
841087.8209941385
841087.8209941385
841087.8209941385
841087.8209941385
841087.8209941385
841087.8209941385
840655.7008613106
840655.7008613106
840655.7008613106
840655.7008613106
840655.7008613106
840655.7008613106
840655.7008613106
840655.7008613106
840655.7008613106
840655.7008613106
840655.7008613106
840655.7008613106
840559.1766408139
840559.1766408139
840559.1766408139
840559.1766408139
840559.1766408139
840559.1766408139
840559.1766408139
840556.0018423551
840556.0018423551
840556.0018423551
840556.0018423551
840556.0018423551
840556.0018423551
840556.0018423551
840540.5703823033
840540.5703823033
840540.5703823033
840540.5703823033
840230.7396972214
840230.7396972214
840230.7396972214
840230.7396972214
840230.7396972214
839885.7055886816
839885.7055886816
839885.7055886816
839885.7055886816
839885.7055886816
839885.7055886816
839885.7055886816
839847.369318198
839847.369318198
839847.369318198
839847.369318198
839847.369318198
839847.369318198
839847.369318198
839847.369318198
839598.8385195176
839598.8385195176
839598.8385195176
839598.8385195176
839598.8385195176
839598.8385195176
839598.8385195176
839598.8385195176
839598.8385195176
839598.8385195176
839598.8385195176
839598.8385195176
839598.8385195176
839379.2192239362
839379.2192239362
839379.2192239362
839379.2192239362
839379.2192239362
839379.2192239362
839379.2192239362
839379.2192239362
839379.2192239362
839379.2192239362
839379.2192239362
839379.2192239362
839379.2192239362
839379.2192239362
839379.2192239362
839379.2192239362
839379.2192239362
839250.4364583412
839250.4364583412
839250.4364583412
839250.4364583412
839176.3274779909
839176.3274779909
839176.3274779909
839176.3274779909
839176.3274779909
839176.3274779909
839176.3274779909
839176.3274779909
838960.22454605
838960.22454605
838632.5692384221
838632.5692384221
838629.7897766577
838629.7897766577
838629.7897766577
838629.7897766577
838629.7897766577
838629.7897766577
838629.7897766577
838347.8653725781
838347.8653725781
838347.8653725781
838347.8653725781
838347.8653725781
838347.8653725781
838347.8653725781
838347.8653725781
838347.8653725781
838140.9435372776
838140.9435372776
838140.9435372776
838027.4193103559
838027.4193103559
838027.4193103559
838027.4193103559
838027.4193103559
838027.4193103559
838027.4193103559
838027.4193103559
838027.4193103559
837823.7967254185
837823.7967254185
837823.7967254185
837823.7967254185
837823.7967254185
837823.7967254185
837823.7967254185
837823.7967254185
837823.7967254185
837823.7967254185
837823.7967254185
837823.7967254185
837823.7967254185
837823.7967254185
837823.7967254185
837823.7967254185
837823.7967254185
837823.7967254185
837823.7967254185
837823.7967254185
836892.5640691489
836892.5640691489
836892.5640691489
836892.5640691489
836892.5640691489
836892.5640691489
836892.5640691489
836892.5640691489
836892.5640691489
836892.5640691489
836892.5640691489
836785.1798914059
836785.1798914059
836785.1798914059
836785.1798914059
836785.1798914059
836785.1798914059
836785.1798914059
836362.0895525924
836362.0895525924
836213.3947774044
835588.7059351417
835588.7059351417
835588.7059351417
835588.7059351417
835588.7059351417
835588.7059351417
835588.7059351417
835588.7059351417
835588.7059351417
835588.7059351417
835588.7059351417
835588.7059351417
835588.7059351417
835588.7059351417
835588.7059351417
835588.7059351417
835588.7059351417
835588.7059351417
835588.7059351417
835588.7059351417
835588.7059351417
835225.4028053437
835225.4028053437
835225.4028053437
835225.4028053437
835225.4028053437
835225.4028053437
835225.4028053437
835225.4028053437
835225.4028053437
835225.4028053437
835225.4028053437
835225.4028053437
835225.4028053437
835225.4028053437
835225.4028053437
835225.4028053437
835225.4028053437
835225.4028053437
835225.4028053437
835225.4028053437
835225.4028053437
835225.4028053437
835019.1677363636
835019.1677363636
835019.1677363636
834755.565863517
834755.565863517
834755.565863517
834755.565863517
834755.565863517
834755.565863517
834755.565863517
834755.565863517
834755.565863517
834755.565863517
834755.565863517
834755.565863517
834755.565863517
834755.565863517
834755.565863517
834755.565863517
834266.9962397476
834266.9962397476
834138.0947993062
834138.0947993062
834138.0947993062
834138.0947993062
834138.0947993062
834138.0947993062
834138.0947993062
834138.0947993062
833799.3673640082
833322.5634259833
833322.5634259833
833322.5634259833
833322.5634259833
833322.5634259833
833322.5634259833
833322.5634259833
833322.5634259833
833322.5634259833
833322.5634259833
833322.5634259833
833322.5634259833
833322.5634259833
833322.5634259833
833322.5634259833
833322.5634259833
833322.5634259833
833322.5634259833
833322.5634259833
833322.5634259833
833322.5634259833
833322.5634259833
833322.5634259833
833322.5634259833
833322.5634259833
833322.5634259833
833322.5634259833
833322.5634259833
833322.5634259833
833322.5634259833
833322.5634259833
833322.5634259833
833322.5634259833
833322.5634259833
833322.5634259833
833322.5634259833
833322.5634259833
833322.5634259833
833322.5634259833
833249.645898558
833249.645898558
833249.645898558
833249.645898558
833249.645898558
833249.645898558
833249.645898558
833249.645898558
833249.645898558
833249.645898558
833249.645898558
833249.645898558
833249.645898558
833249.645898558
833249.645898558
832764.0401428227
832764.0401428227
832764.0401428227
832764.0401428227
832764.0401428227
832764.0401428227
832764.0401428227
832764.0401428227
832764.0401428227
832764.0401428227
832764.0401428227
832764.0401428227
832764.0401428227
832764.0401428227
832764.0401428227
832764.0401428227
832764.0401428227
832764.0401428227
832764.0401428227
832764.0401428227
832764.0401428227
832764.0401428227
832764.0401428227
832764.0401428227
832764.0401428227
832764.0401428227
832764.0401428227
832764.0401428227
832355.6241029678
832355.6241029678
832355.6241029678
832355.6241029678
832355.6241029678
832355.6241029678
832355.6241029678
832355.6241029678
832355.6241029678
832295.8719795198
832295.8719795198
832295.8719795198
832128.5985390827
832128.5985390827
832128.5985390827
832128.5985390827
832128.5985390827
832128.5985390827
832128.5985390827
832128.5985390827
832128.5985390827
832128.5985390827
832128.5985390827
832128.5985390827
832128.5985390827
832128.5985390827
832128.5985390827
832128.5985390827
832128.5985390827
832128.5985390827
832128.5985390827
832128.5985390827
832128.5985390827
832128.5985390827
832128.5985390827
832128.5985390827
832128.5985390827
832128.5985390827
832128.5985390827
832128.5985390827
832128.5985390827
832128.5985390827
832128.5985390827
832128.5985390827
832128.5985390827
832128.5985390827
832128.5985390827
832128.5985390827
832128.5985390827
832128.5985390827
832128.5985390827
831340.7169566089
831340.7169566089
831340.7169566089
831340.7169566089
831340.7169566089
831340.7169566089
831340.7169566089
831340.7169566089
831340.7169566089
831340.7169566089
831340.7169566089
831340.7169566089
831340.7169566089
831340.7169566089
831340.7169566089
831340.7169566089
831340.7169566089
831300.3309375279
831300.3309375279
831300.3309375279
831300.3309375279
831300.3309375279
831001.902959331
831001.902959331
831001.902959331
831001.902959331
831001.902959331
831001.902959331
831001.902959331
831001.902959331
831001.902959331
831001.902959331
831001.902959331
831001.902959331
830464.6776276226
830464.6776276226
830464.6776276226
830344.6745743029
830344.6745743029
830344.6745743029
830344.6745743029
830344.6745743029
830344.6745743029
830344.6745743029
830344.6745743029
830344.6745743029
830344.6745743029
830344.6745743029
830344.6745743029
830344.6745743029
830344.6745743029
830344.6745743029
830170.4869185933
830170.4869185933
830170.4869185933
830026.5563230633
830026.5563230633
830026.5563230633
829899.0797950211
829899.0797950211
829899.0797950211
829864.8780448502
829864.8780448502
829864.8780448502
829864.8780448502
829864.8780448502
829530.6071429045
829530.6071429045
829350.5450628276
829350.5450628276
829350.5450628276
829350.5450628276
829350.5450628276
829350.5450628276
829350.5450628276
828872.0213078387
828872.0213078387
828832.0885690021
828832.0885690021
828832.0885690021
828832.0885690021
828806.9989329521
828806.9989329521
828806.9989329521
828806.9989329521
828806.9989329521
828806.9989329521
828806.9989329521
828806.9989329521
828806.9989329521
828806.9989329521
828806.9989329521
828806.9989329521
828806.9989329521
828806.9989329521
828806.9989329521
828806.9989329521
828806.9989329521
828806.9989329521
828806.9989329521
828806.9989329521
828806.9989329521
828806.9989329521
828806.9989329521
828806.9989329521
828806.9989329521
828806.9989329521
828806.9989329521
828806.9989329521
828806.9989329521
828806.9989329521
828806.9989329521
828806.9989329521
828806.9989329521
828806.9989329521
828017.4826868249
828017.4826868249
828017.4826868249
828017.4826868249
828017.4826868249
828017.4826868249
828017.4826868249
828017.4826868249
828017.4826868249
828017.4826868249
828017.4826868249
828017.4826868249
828017.4826868249
828017.4826868249
828017.4826868249
828017.4826868249
828017.4826868249
828017.4826868249
827897.1148506424
827897.1148506424
827897.1148506424
827897.1148506424
827897.1148506424
827897.1148506424
827897.1148506424
827885.4839938103
827885.4839938103
827885.4839938103
827885.4839938103
827885.4839938103
827885.4839938103
827856.0442339447
827856.0442339447
827856.0442339447
827856.0442339447
827856.0442339447
827856.0442339447
827856.0442339447
827856.0442339447
827746.9123309808
827746.9123309808
827746.9123309808
827746.9123309808
827746.9123309808
827746.9123309808
827746.9123309808
827746.9123309808
827746.9123309808
827746.9123309808
827746.9123309808
827746.9123309808
827746.9123309808
827746.9123309808
827746.9123309808
827746.9123309808
827746.9123309808
827746.9123309808
827746.9123309808
827746.9123309808
827746.9123309808
827746.9123309808
827746.9123309808
827324.9498981979
827324.9498981979
827324.9498981979
827324.9498981979
827324.9498981979
827324.9498981979
827324.9498981979
827324.9498981979
827324.9498981979
827324.9498981979
827324.9498981979
827324.9498981979
827324.9498981979
827324.9498981979
827324.9498981979
827324.9498981979
827324.9498981979
827324.9498981979
827324.9498981979
827324.9498981979
827263.1648151497
827263.1648151497
827263.1648151497
827263.1648151497
827263.1648151497
827263.1648151497
827263.1648151497
827263.1648151497
827166.3272657676
827166.3272657676
827166.3272657676
827166.3272657676
827166.3272657676
827005.2031202983
827005.2031202983
827005.2031202983
827005.2031202983
827005.2031202983
827005.2031202983
827005.2031202983
827005.2031202983
827005.2031202983
827005.2031202983
827005.2031202983
827005.2031202983
827005.2031202983
827005.2031202983
827005.2031202983
827005.2031202983
827005.2031202983
826945.1786462283
826945.1786462283
826945.1786462283
826945.1786462283
826945.1786462283
826945.1786462283
826945.1786462283
826945.1786462283
826945.1786462283
826945.1786462283
826945.1786462283
826713.3951654464
826713.3951654464
826713.3951654464
826713.3951654464
826691.7724148683
826616.8852862341
826284.7211371321
826284.7211371321
826284.7211371321
826284.7211371321
826284.7211371321
826284.7211371321
826284.7211371321
826284.7211371321
826284.7211371321
826284.7211371321
826284.7211371321
826284.7211371321
826284.7211371321
826284.7211371321
826284.7211371321
826284.7211371321
826284.7211371321
826284.7211371321
826284.7211371321
826284.7211371321
826227.5861152036
826227.5861152036
826227.5861152036
826227.5861152036
826227.5861152036
826227.5861152036
826227.5861152036
826227.5861152036
826227.5861152036
826227.5861152036
826098.2819899123
826098.2819899123
826098.2819899123
826098.2819899123
826098.2819899123
826098.2819899123
826098.2819899123
826098.2819899123
826098.2819899123
826098.2819899123
826098.2819899123
826098.2819899123
826098.2819899123
826098.2819899123
826098.2819899123
826098.2819899123
826098.2819899123
826098.2819899123
826098.2819899123
826098.2819899123
826098.2819899123
826098.2819899123
826098.2819899123
826098.2819899123
826098.2819899123
826098.2819899123
826098.2819899123
826098.2819899123
825726.8606301205
825726.8606301205
825726.8606301205
825494.9378599001
825494.9378599001
825494.9378599001
825494.9378599001
825494.9378599001
825494.9378599001
825494.9378599001
825494.9378599001
825494.9378599001
825494.9378599001
825494.9378599001
825494.9378599001
825494.9378599001
825494.9378599001
825494.9378599001
825494.9378599001
825494.9378599001
825494.9378599001
825494.9378599001
825494.9378599001
824816.9472983486
824816.9472983486
824816.9472983486
824816.9472983486
824816.9472983486
824816.9472983486
824349.0306911282
824349.0306911282
824349.0306911282
824349.0306911282
824349.0306911282
824349.0306911282
824075.8489574159
824075.8489574159
823694.9744313632
823694.9744313632
823694.9744313632
823368.0855812494
823368.0855812494
823368.0855812494
823368.0855812494
823368.0855812494
823368.0855812494
823368.0855812494
823368.0855812494
823368.0855812494
823368.0855812494
823368.0855812494
823368.0855812494
823368.0855812494
823368.0855812494
823368.0855812494
823368.0855812494
823368.0855812494
823368.0855812494
823368.0855812494
823368.0855812494
823368.0855812494
823368.0855812494
823368.0855812494
823368.0855812494
823368.0855812494
823368.0855812494
823223.8798920175
823223.8798920175
823223.8798920175
823087.0950712822
823087.0950712822
823087.0950712822
823087.0950712822
823087.0950712822
823087.0950712822
823087.0950712822
823087.0950712822
823005.3470007128
823005.3470007128
823005.3470007128
823005.3470007128
823005.3470007128
823005.3470007128
823005.3470007128
823005.3470007128
823005.3470007128
823005.3470007128
823005.3470007128
822844.5632043784
822844.5632043784
822844.5632043784
822844.5632043784
822770.4299974539
822770.4299974539
822770.4299974539
822770.4299974539
822770.4299974539
822770.4299974539
822770.4299974539
822770.4299974539
822770.4299974539
822770.4299974539
822552.875002076
822552.875002076
822552.875002076
822552.875002076
822552.875002076
822552.875002076
822552.875002076
822552.875002076
822552.875002076
821955.3943931219
821955.3943931219
821955.3943931219
821955.3943931219
821955.3943931219
821955.3943931219
821955.3943931219
821658.2633887036
821658.2633887036
821658.2633887036
821658.2633887036
821658.2633887036
821658.2633887036
821658.2633887036
821583.9365909919
821583.9365909919
821583.9365909919
821583.9365909919
821583.9365909919
821583.9365909919
821583.9365909919
821583.9365909919
821583.9365909919
821583.9365909919
821583.9365909919
821583.9365909919
821583.9365909919
821583.9365909919
821583.9365909919
821583.9365909919
821583.9365909919
821583.9365909919
821578.0120645892
821175.6766573938
821175.6766573938
821175.6766573938
821175.6766573938
821175.6766573938
821175.6766573938
821175.6766573938
820843.3469265874
820843.3469265874
820843.3469265874
820843.3469265874
820713.2816013973
820713.2816013973
820713.2816013973
820713.2816013973
820713.2816013973
820713.2816013973
820713.2816013973
820653.9916020886
820653.9916020886
820653.9916020886
820117.4056774741
820117.4056774741
820117.4056774741
820117.4056774741
820117.4056774741
820117.4056774741
820117.4056774741
820117.4056774741
820117.4056774741
820117.4056774741
820117.4056774741
819958.5157869041
819883.6335925043
819883.6335925043
819883.6335925043
819883.6335925043
819883.6335925043
819883.6335925043
819883.6335925043
819883.6335925043
819883.6335925043
819883.6335925043
819883.6335925043
819883.6335925043
819883.6335925043
819883.6335925043
819883.6335925043
819883.6335925043
819883.6335925043
819883.6335925043
819883.6335925043
819707.4790099087
819707.4790099087
819707.4790099087
819707.4790099087
819707.4790099087
819707.4790099087
819707.4790099087
819707.4790099087
819707.4790099087
819707.4790099087
819707.4790099087
819707.4790099087
819707.4790099087
819707.4790099087
819707.4790099087
819707.4790099087
819610.731653377
819080.6154809505
819080.6154809505
819080.6154809505
819080.6154809505
819080.6154809505
819080.6154809505
819080.6154809505
819080.6154809505
819080.6154809505
819080.6154809505
819080.6154809505
819036.333160775
819036.333160775
819036.333160775
819036.333160775
819036.333160775
819036.333160775
819036.333160775
818761.3604851244
818761.3604851244
818761.3604851244
818761.3604851244
818761.3604851244
818761.3604851244
818761.3604851244
818761.3604851244
818760.9047299125
818760.9047299125
818760.9047299125
818760.9047299125
818760.9047299125
818760.9047299125
818543.4465644235
818475.8680736049
818475.8680736049
818475.8680736049
818475.8680736049
818475.8680736049
818475.8680736049
818475.8680736049
818475.8680736049
818475.8680736049
818475.8680736049
818475.8680736049
818475.8680736049
818475.8680736049
818475.8680736049
818475.8680736049
818475.8680736049
818475.8680736049
818475.8680736049
818475.8680736049
818475.8680736049
818475.8680736049
818475.8680736049
818475.8680736049
816820.3449715972
816820.3449715972
816820.3449715972
816820.3449715972
816820.3449715972
816820.3449715972
816820.3449715972
816820.3449715972
816820.3449715972
