4564476.577035125
4458270.461412227
4349003.677396195
4274619.089193195
4183648.072335368
4094307.476891614
4004780.8051527953
3925744.1364048542
3869455.422383233
3794162.9819906456
3736107.9005339826
3679101.2973180786
3608224.8814120498
3553880.219996678
3491128.3880299795
3422716.418736499
3366208.9676024644
3317054.8289988353
3282771.915849125
3223517.2880479917
3167531.9695633734
3128084.616382364
3084782.6010385314
3052709.5701199155
3017668.341131977
2987096.9560213145
2944517.637974464
2913787.8234438086
2889959.183828093
2871216.299554515
2841003.376460026
2818937.1105971127
2783189.931332631
2753969.9263907485
2733012.2887032824
2702175.164295095
2685013.9655188536
2665836.8060891638
2635994.3700196776
2606695.3295199443
2585759.2688753568
2569839.1670278055
2555562.3504200657
2535874.5508785844
2514015.6980667356
2493546.3931935923
2480443.432331063
2456307.2472103247
2439888.1773377135
2424855.0812286115
2409907.8407451552
2393495.3228258295
2376796.985700503
2366096.4419338237
2352021.7987224013
2342144.538456902
2331034.786606637
2316683.8077883953
2296045.6277724933
2276550.693080658
2262385.1561810896
2251416.9083866864
2230358.914910754
2216490.9314548373
2212513.486419115
2190579.5158327306
2180621.7332472494
2169888.250834902
2166410.8711482747
2159374.181963293
2148779.8675768143
2140396.0909147235
2134339.672690926
2123037.1481307643
2119273.813650321
2112332.1843261174
2100229.586819193
2092130.902432365
2085392.839580918
2077078.4867853369
2066623.3540348196
2055989.652084167
2046720.0067193029
2038183.0448343968
2029505.7257032613
2024646.4154868717
2018341.884905913
2011936.2273614788
2005333.4224606608
1995598.677990361
1985182.7788743607
1977476.6280076052
1972748.7191226499
1966888.5170580111
1962811.853353132
1955409.2721939597
1949367.4273261402
1940455.3750973518
1939098.9175494108
1931416.3370765634
1924461.1360771917
1915496.8374514636
1908295.7711313106
1903092.572071685
1895513.491929359
1892614.0682226259
1882566.2749788607
1878304.1701937118
1873548.4414874227
1868980.653256544
1861055.9335479548
1854660.223199584
1851455.6382432997
1844593.558209835
1838396.7412475324
1830208.6966727113
1826116.9548023734
1819192.9993410856
1811175.622135614
1808596.5184376752
1802025.4329665373
1798156.8816200758
1795210.1744952141
1792373.905341877
1788919.9462146563
1784189.837696926
1779361.7844035916
1774091.7787148724
1767389.82439145
1762449.1349048908
1762000.2151266118
1757844.1624844812
1753103.7955451314
1748799.077733072
1745212.1022232762
1740006.7405872217
1735662.757292068
1733381.4776038933
1725932.192414283
1723922.3889614122
1720099.341396764
1719425.7283902476
1718240.4646801564
1715452.5350139125
1714583.5310732662
1713000.5964193842
1712443.9576684954
1709144.5396220018
1707083.8523097048
1702532.8336101125
1697470.1036506435
1694211.663061075
1689099.2196015043
1684380.245665404
1677754.6399439578
1673563.4491803597
1670464.689530835
1669167.4809199912
1664188.2951281697
1662837.280900953
1659446.281566632
1658079.5159076257
1655050.1017858512
1653397.1852327813
1651988.4382956142
1649491.997421365
1642845.3184657046
1642669.0107894624
1641572.0566516335
1637965.9725038598
1634369.1301268858
1631030.1856980007
1628954.4498700555
1624619.5988547264
1624234.5908289906
1622614.7843816977
1621675.982090502
1616352.9876916297
1612535.880884972
1609849.9661616283
1605993.3552952977
1602250.288657902
1599669.8592298569
1594947.8761013718
1594128.6017201943
1592495.2784848157
1587704.0806356622
1581809.2437771908
1581475.0077117863
1580084.098723298
1578306.4375377195
1575256.4229726274
1573946.5307903895
1567905.7301325777
1567235.455543626
1565405.845599417
1563841.3573282151
1558598.6698784395
1556760.3292321903
1556271.6976247958
1554474.3291283436
1552966.7700206656
1550181.1328896554
1549667.801914524
1548086.5103029348
1547613.4066940872
1545658.7499528797
1545106.0559996695
1544625.2434105952
1542493.140676685
1541534.7309307493
1540852.5476183617
1540468.4261057924
1537370.0574843255
1534819.1495353878
1532051.3697596672
1531513.4538844228
1531000.6684540277
1530074.8927297757
1529604.224533469
1529077.5154480597
1528759.6219914146
1528759.6219914146
1528171.9633815046
1522018.5193536733
1520452.7346610106
1519434.5497941005
1517588.5047270143
1515538.6072766837
1514057.7449485534
1511593.2617698053
1510966.6982324459
1508958.6410294469
1505435.7847572335
1502140.168971482
1501271.3312276585
1499392.2950712177
1497740.8726950712
1494425.227328044
1492685.069051317
1492454.7680957129
1489298.9283065116
1488349.8912255743
1485315.4043052245
1482069.6605162525
1476362.605332293
1474500.2934344667
1471537.659384698
1470214.9051020169
1468988.749439861
1467300.1687650313
1465896.725973884
1465419.0854898368
1465419.0854898368
1464966.4454000997
1463987.31903073
1461951.3270216966
1460804.6457711214
1459513.6615830362
1459013.2687930174
1459013.2687930174
1458128.007853047
1455586.7736875548
1452053.2037680347
1451696.8697081301
1450877.8793677026
1450214.7670322165
1449413.1224133014
1448405.715498949
1444912.6799361133
1443703.4340643461
1441722.0992826053
1441087.3424669271
1440734.4631311672
1440188.5282044187
1439035.2110078265
1437404.1575990738
1436627.162671219
1434043.0436224805
1433041.6375258276
1432427.3479758576
1431806.3956372864
1431655.6638244968
1429718.2545124413
1429718.2545124413
1428695.7700828335
1427616.7751719174
1427037.2161845183
1425140.8675515165
1423545.7820629384
1421171.7191126961
1419638.7415515855
1418007.4311241326
1417713.5964861477
1416059.7018100875
1414034.9437463237
1412307.6522370519
1410043.4268963605
1410043.4268963605
1409379.5585545576
1408066.68980703
1405503.5225993814
1404607.4122344428
1403689.1116420908
1402032.373703792
1399308.2324696174
1398074.314444022
1395365.4407613473
1395304.9901613675
1393259.3390185745
1392999.0063945642
1391694.8947298261
1391694.8947298261
1391176.7031568196
1388957.5803080555
1388282.3755079738
1386040.4229658458
1385664.6134813065
1385664.6134813065
1384103.3409274535
1382663.7342059189
1381478.6060818722
1381478.6060818722
1381426.9951439262
1379658.103545959
1377210.0309308697
1376440.314673047
1376097.951284977
1374024.8125169314
1371991.912923302
1371864.673534805
1371864.673534805
1371847.3774541926
1371035.3453645268
1370466.4050691482
1369760.0815151606
1369098.3751350683
1368158.5704168202
1366554.08526413
1366209.7950130785
1365638.4536091972
1365314.3358917597
1364763.3198981383
1364562.7637530775
1362429.7501984527
1361849.3952808352
1358512.3631222914
1355471.1049021762
1355471.1049021762
1355419.358508872
1351920.2160826132
1351200.0632559052
1351018.463258889
1349591.7081901066
1348838.4594953603
1347090.480318436
1346221.4144577906
1345362.7290327763
1344918.6934252959
1341559.7629436639
1340171.3545518206
1338360.8095861147
1337617.9903651946
1337227.0394962751
1337227.0394962751
1337008.0348627975
1336050.2926234421
1335618.44575328
1335367.6016899976
1334308.7847451363
1333718.9902722493
1332837.899644527
1332209.8462056746
1332209.8462056746
1331292.8644226284
1331088.600806787
1330203.146642733
1330010.3046034656
1329891.7571344294
1329505.2843205403
1328827.310429479
1328291.3943081554
1327426.5062086242
1327426.5062086242
1326994.9661117585
1325760.361171674
1325614.2025412302
1325466.397230026
1324805.1022657405
1324242.1812127626
1322234.6180197236
1321870.077582931
1321064.8554472737
1320709.7047932895
1319780.0976423356
1317345.2954410864
1317345.2954410864
1317345.2954410864
1316829.4951921063
1316038.2893354048
1315276.1469523245
1315276.1469523245
1315226.9666334807
1313177.056660558
1311789.2111913562
1311788.0677528908
1310834.2915721564
1309599.6757043644
1308195.2765505593
1307693.5616257724
1307693.5616257724
1305929.6785413204
1305647.7369259794
1303308.2311641602
1303152.7032885493
1302536.6838737638
1302536.6838737638
1301824.9832229936
1301647.2493832186
1301501.5696549907
1301467.1355515127
1301193.5911083838
1300305.7135239367
1300305.7135239367
1299614.3258044845
1297170.79405945
1296062.9052216667
1295773.8882035217
1295082.1851164051
1294917.186337234
1292516.4471273827
1291476.2522549694
1290779.5564950693
1290316.6421074015
1289063.1200929089
1288956.8788742702
1288312.1235630088
1287322.243229671
1286489.0737894345
1285686.524923225
1285686.524923225
1285686.524923225
1284609.0121282062
1283400.2534287283
1282365.1923192502
1281946.4601417915
1281946.4601417915
1281086.4678396787
1279834.8212833111
1278787.274416041
1276921.4273427036
1276765.81857767
1276469.024319183
1276469.024319183
1276185.5669410906
1276144.9826231992
1275223.1550026468
1274094.6883713943
1271630.9585507377
1271630.9585507377
1271172.6947830236
1268757.423567607
1268179.9584847973
1267646.7856295845
1267646.7856295845
1266061.0988867064
1266061.0988867064
1265597.7945109236
1264243.4550406137
1263909.1010905132
1263909.1010905132
1263814.1675588347
1262447.7659270077
1262447.7659270077
1261775.6668118425
1261304.646125772
1260191.7794557041
1260191.7794557041
1258649.6871801857
1257677.272558895
1257455.951662138
1257226.6955547868
1257226.6955547868
1256390.802629988
1256390.802629988
1256363.210223415
1256363.210223415
1255868.6596704405
1255271.207102505
1255050.7369148517
1254255.5240499375
1254255.5240499375
1253602.1565880668
1252789.0318884265
1252789.0318884265
1252789.0318884265
1251729.3227750359
1251729.3227750359
1251624.637794877
1250715.6883472963
1250615.5323169637
1250232.3257459567
1247566.0008135927
1247132.7998996503
1246602.98440948
1246584.5387389818
1245176.2352104571
1244775.4380181239
1244250.0520527249
1242760.616860789
1242326.0040593976
1242273.3424791296
1242167.6623376743
1242089.8219897728
1241866.4827728705
1241866.4827728705
1241844.1317074227
1241489.413419158
1241489.413419158
1241111.0353740654
1240413.3641391569
1238302.3173857084
1237124.0074238423
1235705.7238614885
1235705.7238614885
1235705.7238614885
1235705.7238614885
1234787.4074872541
1234714.7357107212
1232989.5943479394
1231510.3465669644
1231510.3465669644
1229879.3843857872
1229879.3843857872
1229879.3843857872
1229879.3843857872
1229879.3843857872
1229879.3843857872
1229289.0330825066
1229157.2201068145
1228385.6349624298
1228162.8554755552
1227835.6545783118
1227080.611963485
1226998.840911763
1226587.57293544
1226451.9476418698
1225660.105397652
1224817.7200986505
1224459.4095395685
1223793.8010813508
1223793.8010813508
1223586.731274601
1223586.731274601
1223158.5771054863
1222962.9034526718
1222962.9034526718
1222754.3201049622
1222522.766858826
1221551.355417516
1221445.343231685
1221445.343231685
1220619.450572547
1220478.5523133627
1220259.3117182641
1219812.028199573
1219812.028199573
1219331.7130011902
1219324.840494919
1218476.5305039957
1217511.3655988113
1217381.933008757
1216498.8342201156
1216254.9592339548
1216254.9592339548
1216254.9592339548
1214426.6319161202
1213142.3867729912
1212736.169760957
1212736.169760957
1212338.037483687
1211131.1529237593
1210661.257254825
1210661.257254825
1210661.257254825
1210608.6043595588
1210608.6043595588
1209259.3351885346
1208814.4566002907
1207283.506450952
1206824.597639493
1206284.1724857846
1203828.3232749957
1203675.229290504
1203628.26045144
1203350.1272019777
1203040.6522026048
1202975.6545300067
1202975.6545300067
1202968.857011368
1202968.857011368
1202941.2489470076
1202361.8369342652
1201033.911739903
1199391.1630683143
1199391.1630683143
1199391.1630683143
1199391.1630683143
1199391.1630683143
1197882.472973567
1197882.472973567
1196291.3961424718
1194247.6020813172
1190859.3660114089
1190859.3660114089
1190859.3660114089
1190340.6807251007
1188144.514488733
1188144.514488733
1188144.514488733
1187241.719858886
1185977.8905449826
1184701.7451194762
1184346.371056403
1184346.371056403
1182626.6333326893
1181318.8301958577
1179789.9545878908
1178559.657546653
1178559.657546653
1177950.7968493234
1177217.5765124082
1177217.5765124082
1177217.5765124082
1176571.1925700698
1176421.2082323
1175912.4926638617
1175912.4926638617
1175912.4926638617
1175912.4926638617
1174521.1074313386
1174452.7336398212
1174246.565110919
1174082.7562528134
1172120.4214268704
1170853.5905663045
1170853.5905663045
1170450.0136073255
1169918.0529331327
1169531.0697414451
1168887.5475603635
1168336.5207218898
1168336.5207218898
1168336.5207218898
1167152.1923335656
1165396.8826245158
1164667.6124120024
1164237.5114853866
1164237.5114853866
1164237.5114853866
1164237.5114853866
1164212.695820117
1164212.695820117
1163565.5410075528
1163565.5410075528
1162958.0941047433
1162776.1305991998
1162446.5806756858
1162446.5806756858
1160981.0960562204
1160823.8768704445
1160823.8768704445
1159365.438892317
1158480.1817672532
1158480.1817672532
1157461.3024721174
1157128.8266384413
1157128.8266384413
1157128.8266384413
1157128.8266384413
1156829.0681753193
1156829.0681753193
1156270.0361347375
1155320.9888510932
1155057.700902985
1154813.776468318
1154551.8042485039
1154547.2908687647
1154514.6781417346
1154190.2541072974
1154190.2541072974
1153954.6339989696
1153954.6339989696
1153954.6339989696
1152556.454094741
1152556.454094741
1152255.2042867788
1152195.6262360844
1152195.6262360844
1151759.299576196
1151527.8326728323
1150832.49064227
1150642.3599208635
1150341.0666284077
1150093.7589124218
1149797.145376518
1148993.7581451158
1148993.7581451158
1148563.1410352925
1147658.0888976874
1146958.3254515515
1146355.4942455026
1146147.2731152894
1145376.8347431119
1145205.241709893
1145205.241709893
1145205.241709893
1145205.241709893
1145014.8716243154
1144990.5220051096
1144396.971640841
1143791.2581226462
1142128.109414339
1141026.3609117754
1141007.0829959037
1140928.2633932927
1140843.1418979862
1140336.827222316
1139352.2836645697
1138150.542137662
1136917.8654220123
1135976.806622143
1135692.4042195105
1135553.3136204076
1135220.8083888856
1135220.8083888856
1135035.4382623925
1135035.4382623925
1134731.3433185227
1134675.6555001123
1133865.178367628
1133834.6318571458
1133834.6318571458
1133312.1867905476
1133312.1867905476
1132518.2962738718
1132276.3486443954
1132081.474285976
1131505.7229914241
1130822.7605390404
1130725.8777968741
1130596.1168791745
1130494.9828226739
1130494.9828226739
1130494.9828226739
1130478.0724247014
1130128.7229470662
1129770.131101938
1129745.7999387723
1129077.1504634838
1129077.1504634838
1128884.0365976007
1128884.0365976007
1128801.8301319776
1128801.8301319776
1128799.543610501
1128519.8017164725
1128246.3862248233
1127631.9003715867
1127280.969115414
1127280.969115414
1127280.969115414
1126878.8245301684
1126768.2051899633
1126173.3805648773
1126173.3805648773
1125581.1979085451
1125504.4404006903
1125504.4404006903
1125060.8712824062
1124353.4177950148
1124353.4177950148
1124353.4177950148
1124353.4177950148
1124210.8655978884
1122939.6170156556
1122939.6170156556
1122939.6170156556
1122939.6170156556
1122205.3485133762
1121817.6430778492
1121817.6430778492
1121420.1466266976
1121420.1466266976
1121420.1466266976
1121420.1466266976
1121420.1466266976
1121420.1466266976
1121420.1466266976
1121420.1466266976
1120343.1167763676
1119882.0692224575
1119882.0692224575
1119882.0692224575
1119543.970155776
1119543.970155776
1119543.970155776
1119543.970155776
1119543.970155776
1119499.0963622986
1119093.1256608535
1119093.1256608535
1119093.1256608535
1118530.9914862826
1118530.9914862826
1118530.9914862826
1118530.9914862826
1117741.6418336027
1117741.6418336027
1117509.16163329
1117429.747763055
1116325.9391092302
1116226.9831964355
1115889.8463472086
1115338.5337528423
1115168.1078965412
1115030.5954233357
1115030.5954233357
1115030.5954233357
1115030.5954233357
1114212.6157871922
1114212.6157871922
1112569.7754036556
1112569.7754036556
1112569.7754036556
1112569.7754036556
1112569.7754036556
1112244.9887609037
1112244.9887609037
1111896.0342377143
1111615.80826936
1111615.80826936
1111615.80826936
1111615.80826936
1111288.970336717
1111013.2603522982
1111013.2603522982
1110129.6194660827
1110129.6194660827
1109466.4171771267
1109466.4171771267
1109466.4171771267
1109139.5098585777
1108660.8085608338
1108660.8085608338
1108660.8085608338
1108660.8085608338
1107755.2719837476
1107755.2719837476
1107003.2201156316
1107003.2201156316
1107003.2201156316
1106753.775616807
1106753.775616807
1106569.3140951898
1106569.3140951898
1106569.3140951898
1106569.3140951898
1106126.0482984264
1106126.0482984264
1106081.5554739898
1106081.5554739898
1105633.586780281
1104919.1444717173
1104919.1444717173
1104919.1444717173
1104919.1444717173
1104919.1444717173
1104912.232672323
1104912.232672323
1104912.232672323
1104553.7730891048
1104516.145155378
1104330.2389944196
1104330.2389944196
1104107.5110052428
1104107.5110052428
1103865.0101632217
1103335.8902630883
1102640.2419886584
1101137.6923970561
1100470.6058338578
1100077.188569173
1099243.704336721
1098512.0087084367
1098371.5449790277
1098134.864164174
1098134.864164174
1097583.0910487368
1097583.0910487368
1096085.5447540907
1095424.8763401532
1095370.7620944825
1095338.6846261318
1095338.6846261318
1095338.6846261318
1095338.6846261318
1094444.6603377454
1094444.6603377454
1093932.8278959375
1093932.8278959375
1093593.7699185791
1093593.7699185791
1093593.7699185791
1093593.7699185791
1093593.7699185791
1093593.7699185791
1093274.707936384
1093274.707936384
1093127.0083316648
1092020.8182751248
1091758.3335789526
1091548.3886022903
1091548.3886022903
1091548.3886022903
1091548.3886022903
1091148.2455940542
1090598.8713620922
1090598.8713620922
1090431.0722641265
1090431.0722641265
1090431.0722641265
1090431.0722641265
1090431.0722641265
1090179.71590595
1090179.71590595
1089578.9140914143
1089578.9140914143
1089578.9140914143
1089578.9140914143
1089578.9140914143
1088907.3143267229
1088851.431514849
1088363.4251459027
1088280.4037576271
1088280.4037576271
1088158.6694210372
1087875.8022073677
1087653.2423525197
1087372.4550193069
1085146.7692166422
1085098.319883925
1084685.4478143465
1084685.4478143465
1084328.0881477362
1084328.0881477362
1083798.1218172675
1083798.1218172675
1083783.4658277435
1083697.3400074826
1083335.9123227932
1082953.4815299956
1082309.3918812936
1082103.1299789231
1082056.6928718644
1082030.7851762907
1081927.8482902625
1081927.8482902625
1081927.8482902625
1081547.8177821247
1081325.902738981
1081325.902738981
1081137.7103882036
1080752.3978489425
1080752.3978489425
1080752.3978489425
1079909.4261660946
1079909.4261660946
1079872.5502452007
1079872.5502452007
1079872.5502452007
1078992.7251688389
1078798.3280134085
1078073.3346793945
1078024.7728078167
1076903.6769879984
1076903.6769879984
1076784.677983298
1076784.677983298
1076784.677983298
1076530.9410476307
1075396.963859047
1075396.963859047
1075396.963859047
1075396.963859047
1074552.2947102878
1074552.2947102878
1074552.2947102878
1074552.2947102878
1074457.2901604208
1074249.256032497
1073909.5996086076
1073909.5996086076
1073909.5996086076
1073848.3684130572
1073848.3684130572
1072793.5833498235
1072793.5833498235
1072479.1388019794
1072479.1388019794
1072479.1388019794
1072216.5542582097
1072054.6509086578
1071996.3140961956
1071964.8957161033
1071964.8957161033
1071964.8957161033
1071340.9973736815
1070671.8444786407
1070671.8444786407
1070550.402811459
1070550.402811459
1070550.402811459
1070051.9293826201
1068959.106225852
1068260.5217818539
1068260.5217818539
1068260.5217818539
1067722.5746047338
1067722.5746047338
1067722.5746047338
1067722.5746047338
1066933.960651285
1066073.5191935494
1066073.5191935494
1066073.5191935494
1065203.1769192223
1065203.1769192223
1065203.1769192223
1065002.046073091
1064845.8495263923
1064845.8495263923
1064845.8495263923
1064845.8495263923
1064845.8495263923
1064845.8495263923
1064845.8495263923
1064845.8495263923
1064168.255804302
1063853.3687936305
1063480.9330920072
1063467.4523984205
1063467.4523984205
1063467.4523984205
1063467.4523984205
1063268.64025868
1063268.64025868
1062988.1938011455
1062795.659441683
1062400.5616602553
1062400.5616602553
1062105.0826658956
1062105.0826658956
1062105.0826658956
1062105.0826658956
1062105.0826658956
1061820.3963703006
1061820.3963703006
1060752.1563705744
1060752.1563705744
1060168.087549734
1060168.087549734
1059850.3300817024
1059850.3300817024
1059850.3300817024
1059850.3300817024
1059850.3300817024
1059850.3300817024
1059850.3300817024
1059777.2283445764
1059670.659689892
1059670.659689892
1059670.659689892
1059670.659689892
1059670.659689892
1058907.2603771058
1058907.2603771058
1058864.2100680047
1058864.2100680047
1058305.825859078
1058118.7068686858
1057936.623305332
1057936.623305332
1057743.1754335153
1057680.2972555566
1056285.492393218
1056285.492393218
1055139.558370006
1054978.2265120419
1054591.9485886702
1054591.9485886702
1053147.807922639
1052932.8089017887
1052292.7834250317
1052292.7834250317
1052029.0394890984
1051645.7693379251
1051645.7693379251
1051645.7693379251
1051645.7693379251
1051396.4206191013
1051396.4206191013
1051396.4206191013
1051396.4206191013
1051396.0173547026
1051295.247542413
1051158.4392991026
1051024.0849120237
1051024.0849120237
1051024.0849120237
1051024.0849120237
1051024.0849120237
1051024.0849120237
1051024.0849120237
1051024.0849120237
1051024.0849120237
1051024.0849120237
1051024.0849120237
1051024.0849120237
1050583.2725629578
1050583.2725629578
1050583.2725629578
1050583.2725629578
1050583.2725629578
1050426.182556953
1050405.6529097022
1050405.6529097022
1050405.6529097022
1050405.6529097022
1050105.9331641197
1050038.5590389126
1050038.5590389126
1050038.5590389126
1050038.5590389126
1050038.5590389126
1050038.5590389126
1050038.5590389126
1049123.9038843631
1049123.9038843631
1049123.9038843631
1049013.5761861873
1048774.4124012738
1048774.4124012738
1048638.8847527388
1047407.735382329
1047407.735382329
1047407.735382329
1047407.735382329
1047407.735382329
1046136.7540784427
1046003.7027292104
1046003.7027292104
1046003.7027292104
1046003.7027292104
1046003.7027292104
1046003.7027292104
1046003.7027292104
1045624.6846497703
1045413.0435334379
1045204.3934581999
1045204.3934581999
1045204.3934581999
1045204.3934581999
1045032.3072172
1045032.3072172
1045027.7885900901
1044989.3833449404
1044619.2258211076
1044338.3141664417
1043566.7884986352
1043566.7884986352
1043566.7884986352
1042852.521696749
1042852.521696749
1042793.1398876018
1042251.525277354
1042251.525277354
1042251.525277354
1041510.6001975987
1041510.6001975987
1040984.8650357046
1040898.3915356488
1040898.3915356488
1040898.3915356488
1040898.3915356488
1040898.3915356488
1040898.3915356488
1040898.6459382921
1040898.6459382921
1040261.5518444414
1039607.1771882818
1038945.4563260507
1038945.4563260507
1038945.4563260507
1038669.7243535186
1037466.8686026963
1037466.8686026963
1037466.8686026963
1036890.1972998418
1036890.1972998418
1036078.0410401716
1036072.3638421779
1036072.3638421779
1036072.3638421779
1036072.3638421779
1035628.6311289442
1035549.4728486342
1035496.3705163505
1035368.4545854408
1035223.7043941325
1035223.7043941325
1035223.7043941325
1035223.7043941325
1035223.7043941325
1035223.7043941325
1034642.7196101497
1034642.7196101497
1034155.6111784691
1033896.6327527105
1033896.6327527105
1033896.6327527105
1033896.6327527105
1033896.6327527105
1033896.6327527105
1033896.6327527105
1033641.3833143066
1033641.3833143066
1033498.1620712066
1033242.405224635
1033242.405224635
1033242.405224635
1033242.405224635
1033107.818563788
1033107.818563788
1032689.0985060267
1031507.2582356492
1031395.3116904962
1031395.3116904962
1031355.8905591368
1031355.8905591368
1030759.4759648497
1030759.4759648497
1030759.4759648497
1030759.4759648497
1030078.5566133909
1030078.5566133909
1030078.5566133909
1029405.0248034128
1029405.0248034128
1029024.688599257
1029024.688599257
1028915.2963508312
1028915.2963508312
1028915.2963508312
1028915.2963508312
1028915.2963508312
1028915.2963508312
1028413.676402824
1028413.676402824
1028228.1728863446
1028228.1728863446
1027693.8060921426
1027693.8060921426
1026992.4124397032
1026992.4124397032
1026992.4124397032
1026992.4124397032
1026992.4124397032
1026992.4124397032
1026992.4124397032
1026992.4124397032
1026992.4124397032
1026992.4124397032
1026710.0599412778
1026476.5516305022
1026476.5516305022
1026476.5516305022
1026360.717199074
1026360.717199074
1026360.717199074
1026360.717199074
1026360.717199074
1026360.717199074
1026360.717199074
1026360.717199074
1026360.717199074
1026181.2411485604
1026181.2411485604
1026181.2411485604
1025937.5405235228
1025539.4771844406
1025539.4771844406
1025539.4771844406
1025539.4771844406
1025489.9273714924
1025489.9273714924
1025489.9273714924
1025479.6466050365
1025479.6466050365
1025479.6466050365
1025479.6466050365
1024552.1180315798
1024552.1180315798
1024222.9197746303
1024182.6868478348
1022708.2772475987
1022708.2772475987
1022708.2772475987
1022708.2772475987
1022708.2772475987
1022708.2772475987
1022370.55425967
1022370.55425967
1022370.55425967
1022370.55425967
1022312.7819719287
1022312.7819719287
1022312.7819719287
1021290.535161474
1021290.535161474
1021290.535161474
1021290.535161474
1021290.535161474
1021290.535161474
1021290.535161474
1020773.6850017821
1020773.6850017821
1020606.3602444571
1019787.6654293882
1019787.6654293882
1019787.6654293882
1019787.6654293882
1019787.6654293882
1019077.7480133522
1019077.7480133522
1019077.7480133522
1019077.7480133522
1019077.7480133522
1018761.6225855583
1018761.6225855583
1018761.6225855583
1018761.6225855583
1018761.6225855583
1018761.6225855583
1018761.6225855583
1018626.5413398803
1018626.5413398803
1018626.5413398803
1018626.5413398803
1018286.7807068061
1018286.7807068061
1018286.7807068061
1018286.7807068061
1018286.7807068061
1017861.4538912668
1017861.4538912668
1017396.3549622707
1016296.4096406
1016296.4096406
1016009.4100636727
1016009.4100636727
1015933.9145140471
1015933.9145140471
1015933.9145140471
1015292.6075384722
1015292.6075384722
1015292.6075384722
1015292.6075384722
1015292.6075384722
1014899.0613919343
1014658.2160165524
1014658.2160165524
1014491.1242667855
1014491.1242667855
1014242.2054453013
1014242.2054453013
1014242.2054453013
1014242.2054453013
1014242.2054453013
1013553.2084906258
1011053.8165907227
1011053.8165907227
1011053.8165907227
1010686.8092755177
1010686.8092755177
1010686.8092755177
1010194.5387078745
1010194.5387078745
1010048.0912797776
1010028.2349174825
1008673.9013558254
1008591.4634651724
1008591.4634651724
1007849.3489065149
1007849.3489065149
1007849.3489065149
1007792.8126071158
1007002.2104520784
1006790.3784827313
1006790.3784827313
1006790.3784827313
1006001.7387904202
1006001.7387904202
1005741.9228311888
1005741.9228311888
1005295.3279388577
1004314.2655244395
1003848.6662276182
1003848.6662276182
1003540.2151689972
1003296.6588651165
1003296.6588651165
1003296.6588651165
1002663.3233464756
1002663.3233464756
1002663.3233464756
1002663.3233464756
1002663.3233464756
1002452.8543176141
1002452.8543176141
1002452.8543176141
1002096.3334353075
1001414.9720363409
1001414.9720363409
1001414.9720363409
1001414.9720363409
1001414.9720363409
1001414.9720363409
1000965.0700027144
1000965.0700027144
999682.4407157723
999439.9673208952
998766.6578665833
998766.6578665833
998431.261254847
998431.261254847
997977.9829639727
997977.9829639727
997679.2329247724
997469.7448259018
997469.7448259018
997462.8350644247
997462.8350644247
997462.8350644247
997462.8350644247
997327.0638490478
997327.0638490478
997327.0638490478
997291.6020710376
996088.4336148973
995390.0248624035
995390.0248624035
995364.5179029896
995364.5179029896
995364.5179029896
995364.5179029896
995364.5179029896
995364.5179029896
995364.5179029896
995364.5179029896
994895.0734404627
994895.0734404627
994799.9373819507
994614.0649537693
994614.0649537693
994614.0649537693
994614.0649537693
994614.0649537693
994614.0649537693
994418.442894009
994418.442894009
994418.442894009
994418.442894009
994418.442894009
994418.442894009
994112.5548640498
994112.5548640498
994112.5548640498
993984.3697625312
993984.3697625312
993580.2954391621
992903.2929851732
992903.2929851732
992903.2929851732
992291.9813966595
992291.9813966595
992291.9813966595
992291.9813966595
992291.9813966595
992291.9813966595
992291.9813966595
991718.1231920497
991718.1231920497
991718.1231920497
991718.1231920497
991718.1231920497
991718.1231920497
991718.1231920497
991718.1231920497
990984.720610562
990984.720610562
990984.720610562
990979.9047395929
990979.9047395929
990763.0466575681
989937.1814798457
989937.1814798457
989937.1814798457
989937.1814798457
989937.1814798457
989937.1814798457
989937.1814798457
989937.1814798457
989937.1814798457
989937.1814798457
989757.2309644094
989757.2309644094
989757.2309644094
989440.0719479292
989440.0719479292
989440.0719479292
989440.0719479292
989140.6909480295
988561.0888310861
988561.0888310861
988561.0888310861
988561.0888310861
988561.0888310861
988561.0888310861
988520.0109631706
988229.4801212965
988229.4801212965
987634.8234834007
986495.5843411451
986495.5843411451
986495.5843411451
986495.5843411451
986495.5843411451
984979.1354404103
984979.1354404103
984761.3377399417
984761.3377399417
984104.5624856388
984079.7530689833
984079.7530689833
984079.7530689833
984079.7530689833
984079.7530689833
984079.7530689833
984079.7530689833
984079.7530689833
984079.7530689833
984079.7530689833
984079.7530689833
984079.7530689833
983442.987245328
983442.987245328
982862.4012999539
982862.4012999539
982862.4012999539
982862.4012999539
982862.4012999539
982862.4012999539
982862.4012999539
982862.4012999539
982420.0768342512
982420.0768342512
982381.3917246887
982381.3917246887
982381.3917246887
982381.3917246887
982381.3917246887
982381.3917246887
982381.3917246887
982381.3917246887
982381.3917246887
982381.3917246887
982381.3917246887
982381.3917246887
982381.3917246887
982381.3917246887
982381.3917246887
981941.0876050672
981941.0876050672
981941.0876050672
981941.0876050672
981941.0876050672
981941.0876050672
981757.2543968197
981757.2543968197
981650.7847352384
981650.7847352384
981632.4295324871
981632.4295324871
981632.4295324871
981632.4295324871
980919.0250705148
980919.0250705148
980919.0250705148
980040.324485338
980040.324485338
980040.324485338
980040.324485338
980040.324485338
980040.324485338
979869.8030419446
979479.8010004569
979157.4462380458
978764.8518986745
978336.6396353876
978116.8786873582
978116.8786873582
978028.4305087163
978028.4305087163
978028.4305087163
978028.4305087163
978028.4305087163
978028.4305087163
978028.4305087163
978028.4305087163
978028.4305087163
977671.3650274967
976989.8133508153
976989.8133508153
976989.8133508153
976989.8133508153
976989.8133508153
976989.8133508153
976093.2732025572
976093.2732025572
976093.2732025572
974353.6675218076
974353.6675218076
974353.6675218076
974353.6675218076
974353.6675218076
974353.6675218076
974353.6675218076
973307.5027004603
973307.5027004603
973307.5027004603
973307.5027004603
973307.5027004603
973054.3190753945
973054.3190753945
972727.9642021887
972727.9642021887
972727.9642021887
972727.9642021887
972681.587038789
972666.7303610515
972356.4917320018
972356.4917320018
972356.4917320018
972356.4917320018
972348.6825473908
972348.6825473908
971996.9616578135
971996.9616578135
971996.9616578135
971996.9616578135
971996.9616578135
971996.9616578135
971996.9616578135
971923.9382370629
971923.9382370629
971923.9382370629
971482.4877636639
971482.4877636639
971482.4877636639
971206.4224294034
971206.4224294034
971206.4224294034
971206.4224294034
971206.4224294034
971206.4224294034
971206.4224294034
970382.2974473158
970382.2974473158
970382.2974473158
970382.2974473158
970382.2974473158
970382.2974473158
970347.2351577915
970347.2351577915
970347.2351577915
969504.0145201493
969444.1762603846
969444.1762603846
969444.1762603846
969444.1762603846
969444.1762603846
969444.1762603846
969444.1762603846
969444.1762603846
969239.8530127225
969239.8530127225
969239.8530127225
969239.8530127225
969239.8530127225
969239.8530127225
968865.5608580892
968338.393692603
968338.393692603
968311.8808633445
968311.8808633445
968311.8808633445
968016.7572810487
968016.7572810487
968016.7572810487
968016.7572810487
968016.7572810487
968016.7572810487
968016.7572810487
968016.7572810487
968016.7572810487
968016.7572810487
968016.7572810487
968016.7572810487
967642.1309618189
967642.1309618189
967642.1309618189
967642.1309618189
967642.1309618189
967642.1309618189
967630.7814609227
967630.7814609227
967458.9442947708
967348.1766324174
967348.1766324174
967292.5604422059
967292.5604422059
967292.5604422059
967292.5604422059
967292.5604422059
967292.5604422059
967292.5604422059
967292.5604422059
966751.1236858165
966337.8061921834
966337.8061921834
966277.868473276
966277.868473276
966277.868473276
966277.868473276
966277.868473276
966172.076290773
965995.0578885917
965995.0578885917
965678.3144977973
965678.3144977973
965678.3144977973
965678.3144977973
965678.3144977973
965678.3144977973
965678.3144977973
965678.3144977973
965577.1063656633
965577.1063656633
965139.4231985614
965139.4231985614
964898.5882065082
964898.5882065082
964898.5882065082
964898.5882065082
964842.7214242422
964842.7214242422
964842.7214242422
964842.7214242422
964842.7214242422
964842.7214242422
964422.0283873501
964422.0283873501
964422.0283873501
964422.0283873501
964127.9226230943
964111.7885672603
963732.7501958149
963233.4384445477
963233.4384445477
963019.9046298845
963019.9046298845
963019.9046298845
963019.9046298845
962952.178526392
962952.178526392
962771.5994916353
962771.5994916353
962530.8287194369
962530.8287194369
962514.2686513336
962148.2640117445
962148.2640117445
962048.0786066062
962048.0786066062
962048.0786066062
962039.2938395648
961967.8527626606
961573.5877820228
961573.5877820228
961573.5877820228
961505.8611247513
961505.8611247513
961505.8611247513
961505.8611247513
961400.3290516281
961317.0653117681
961119.6633528065
959921.7111879867
959921.7111879867
959921.7111879867
959248.4236497262
959248.4236497262
959248.4236497262
959010.0594891512
958860.2664173488
958860.2664173488
958860.2664173488
958860.2664173488
958860.2664173488
958860.2664173488
958773.8364114165
958773.8364114165
958773.8364114165
958154.0785964527
957263.4634269096
957263.4634269096
957263.4634269096
956536.1478791384
956434.9684013772
956434.9684013772
956411.8632461071
956101.575374205
956101.575374205
956101.575374205
956101.575374205
956101.575374205
956101.575374205
956006.7619969869
955455.5079480112
955109.2371106423
955109.2371106423
955109.2371106423
955109.2371106423
955109.2371106423
955109.2371106423
955109.2371106423
955109.2371106423
955109.2371106423
955109.2371106423
955109.2371106423
954947.2836615313
954947.2836615313
954947.2836615313
954595.5577819154
954595.5577819154
954595.5577819154
954544.1450599348
954280.3457855373
954280.3457855373
954280.3457855373
954280.3457855373
953789.5471034201
953789.5471034201
953789.5471034201
953789.5471034201
953194.3952773877
953180.9318943315
953180.9318943315
953180.9318943315
952894.1333766705
952894.1333766705
952894.1333766705
952894.1333766705
952894.1333766705
952692.2371888313
952692.2371888313
952692.2371888313
952692.2371888313
952692.2371888313
952692.2371888313
952692.2371888313
952692.2371888313
952692.2371888313
952614.5095560661
952614.5095560661
952614.5095560661
952480.7232228464
952480.7232228464
952480.7232228464
952480.7232228464
952480.7232228464
952480.7232228464
952480.7232228464
951824.9733560614
951824.9733560614
951824.9733560614
951824.9733560614
951824.9733560614
951824.9733560614
951824.9733560614
951824.9733560614
951824.9733560614
951824.9733560614
951824.9733560614
951824.9733560614
951824.9733560614
951824.9733560614
951324.7488482702
951324.7488482702
951324.7488482702
951324.7488482702
951324.7488482702
951324.7488482702
951324.7488482702
951324.7488482702
951324.7488482702
951324.7488482702
950408.1960267823
950155.8877015514
950155.8877015514
949869.2791776826
949869.2791776826
949680.6770223856
949680.6770223856
949309.1990158531
949232.6618455707
949232.6618455707
949232.6618455707
949232.6618455707
949232.6618455707
949226.3344925256
949028.7667740702
949028.7667740702
948991.6338608155
948932.9250053191
948932.9250053191
948932.9250053191
948932.9250053191
948932.9250053191
948932.9250053191
948932.9250053191
948932.9250053191
948932.9250053191
948932.9250053191
948932.9250053191
948932.9250053191
948777.779516689
948777.779516689
948013.8827213777
948013.8827213777
948013.8827213777
948013.8827213777
948013.8827213777
948013.8827213777
948013.8827213777
948013.8827213777
948013.8827213777
948013.8827213777
947474.41708953
947474.41708953
947474.41708953
947474.41708953
947474.41708953
947474.41708953
947474.41708953
947474.41708953
947474.41708953
947474.41708953
947474.41708953
947435.1408960782
947435.1408960782
947435.1408960782
947435.1408960782
947435.1408960782
947435.1408960782
947435.1408960782
947142.6074713055
946740.9132671403
946740.9132671403
946158.2782149856
946158.2782149856
946158.2782149856
946158.2782149856
946036.8862096674
946019.9493498311
946019.9493498311
946019.9493498311
945938.9318980611
945938.9318980611
945938.9318980611
945938.9318980611
945938.9318980611
945822.1955906772
945822.1955906772
945822.1955906772
945822.1955906772
945665.7517666337
945665.7517666337
945320.6348118626
945320.6348118626
945320.6348118626
945036.7312003011
945036.7312003011
945036.7312003011
944998.6715700827
944998.6715700827
944998.6715700827
944998.6715700827
944998.6715700827
944998.6715700827
944998.6715700827
944998.6715700827
944998.6715700827
944962.3425776274
944962.3425776274
944949.6299877382
944164.7978098431
944138.4953750696
944138.4953750696
943918.2579767816
943918.2579767816
943336.5959585472
943336.5959585472
943333.5517932235
943333.5517932235
943333.5517932235
943333.5517932235
943004.0033854657
942770.9211920284
942770.9211920284
942324.0624999149
942324.0624999149
942324.0624999149
942074.6411831444
942074.6411831444
941986.0069251931
941986.0069251931
941842.8554639586
941836.8143983867
941458.1192864196
941458.1192864196
941391.7816946278
941391.7816946278
941356.369761802
941356.369761802
941134.8320093872
941134.8320093872
941134.8320093872
941134.8320093872
941134.8320093872
941134.8320093872
941134.8320093872
941084.2216170321
940693.2696230229
940693.2696230229
940693.2696230229
940693.2696230229
940693.2696230229
940693.2696230229
940693.2696230229
940693.2696230229
940659.3630555924
940659.3630555924
940659.3630555924
940659.3630555924
940659.3630555924
940659.3630555924
940659.3630555924
940048.5453053887
939871.5323311738
939871.5323311738
939871.5323311738
939823.278792212
939823.278792212
939823.278792212
939823.278792212
939823.278792212
939823.278792212
939823.278792212
938740.6358433637
938740.6358433637
938740.6358433637
938740.6358433637
938740.6358433637
938740.6358433637
938571.2921776115
938421.753218964
938421.753218964
936624.6163476765
936542.0985756102
936542.0985756102
935834.0192423661
935834.0192423661
935834.0192423661
935834.0192423661
935834.0192423661
935834.0192423661
935834.0192423661
935834.0192423661
935834.0192423661
935834.0192423661
935834.0192423661
935834.0192423661
935302.4617680062
935302.4617680062
935124.8038957898
935124.8038957898
934521.9839069613
934521.9839069613
934155.5108641582
934155.5108641582
934155.5108641582
934155.5108641582
934155.5108641582
933813.3330218038
933813.3330218038
933813.3330218038
933813.3330218038
933813.3330218038
933813.3330218038
933813.3330218038
933813.3330218038
933569.50326763
933569.50326763
933569.50326763
933569.50326763
933569.50326763
933569.50326763
933481.8792309761
933481.8792309761
933481.8792309761
933481.8792309761
933481.8792309761
933481.8792309761
933481.8792309761
933481.8792309761
933481.8792309761
933481.8792309761
933481.8792309761
933481.8792309761
933481.8792309761
933481.8792309761
933481.8792309761
933481.8792309761
933481.8792309761
933481.8792309761
933481.8792309761
933223.250219951
933223.250219951
933017.2779069976
933017.2779069976
933017.2779069976
932539.331964306
932539.331964306
932539.331964306
932539.331964306
932539.331964306
932539.331964306
932539.331964306
932539.331964306
932539.331964306
932539.331964306
932539.331964306
932005.8237305769
932005.8237305769
932005.8237305769
932005.8237305769
932005.8237305769
931960.8212640774
931960.8212640774
931960.8212640774
931960.8212640774
931960.8212640774
931960.8212640774
931960.8212640774
931892.282226207
931892.282226207
931892.282226207
931892.282226207
931892.282226207
931892.282226207
931892.282226207
931673.2462255151
931673.2462255151
931287.0341044671
931287.0341044671
931287.0341044671
930841.4098061665
930841.4098061665
930638.1620173561
930638.1620173561
930585.2514090259
930452.4795813564
930452.4795813564
930452.4795813564
930452.4795813564
930452.4795813564
930452.4795813564
930317.3475213493
930317.3475213493
930317.3475213493
930317.3475213493
930317.3475213493
930317.3475213493
930317.3475213493
929676.9873768163
929676.9873768163
929676.9873768163
929676.9873768163
929676.9873768163
929676.9873768163
929579.6817953417
929579.6817953417
929579.6817953417
929535.0401238732
929360.8159327852
929360.8159327852
929360.8159327852
929360.8159327852
929360.8159327852
929360.8159327852
929360.8159327852
929360.8159327852
929328.276433412
928455.7753616795
928455.7753616795
928152.5264445525
928152.5264445525
928152.5264445525
928152.5264445525
928152.5264445525
928152.5264445525
928152.5264445525
928152.5264445525
928152.5264445525
927552.0724879026
927552.0724879026
927552.0724879026
927552.0724879026
927552.0724879026
927552.0724879026
927552.0724879026
927431.4448610153
927431.4448610153
927431.4448610153
927431.4448610153
927431.4448610153
927431.4448610153
927431.4448610153
927413.672640458
927286.263092499
927286.263092499
927286.263092499
927248.7489640646
927248.7489640646
927248.7489640646
927248.7489640646
927248.7489640646
927248.7489640646
927248.7489640646
927129.691588853
927129.691588853
927129.691588853
927129.691588853
927129.691588853
927129.691588853
927129.691588853
927129.691588853
927129.691588853
927129.691588853
927129.691588853
926706.8679377425
926706.8679377425
926706.8679377425
926706.8679377425
926706.8679377425
926706.8679377425
926706.8679377425
926706.8679377425
926460.1345673644
926460.1345673644
926459.3423403082
926368.6316092894
926303.3235273649
926303.3235273649
926303.3235273649
926303.3235273649
926303.3235273649
926303.3235273649
926303.3235273649
926303.3235273649
926303.3235273649
926303.3235273649
926303.3235273649
926303.3235273649
926303.3235273649
926303.3235273649
926303.3235273649
925919.1163608093
925919.1163608093
925919.1163608093
925791.2463247913
925567.8511133466
925567.8511133466
925567.8511133466
925368.1254626992
925368.1254626992
925368.1254626992
924747.7892363583
924747.7892363583
924738.2566589501
924385.4011766696
924287.9460496455
924287.9460496455
924287.9460496455
923852.2869343756
923852.2869343756
923852.2869343756
923547.0289361287
923178.2229814903
922555.8888319781
922519.8851752814
922519.8851752814
922519.8851752814
922383.2798488927
922383.2798488927
922383.2798488927
922383.2798488927
922113.1076928077
922113.1076928077
922113.1076928077
922113.1076928077
922113.1076928077
922113.1076928077
922081.506914129
921610.2468813579
921610.2468813579
921068.0524010836
921068.0524010836
920322.0766308731
920322.0766308731
920322.0766308731
920322.0766308731
920322.0766308731
920322.0766308731
920322.0766308731
920322.0766308731
920322.0766308731
920322.0766308731
920322.0766308731
920322.0766308731
920322.0766308731
920322.0766308731
920322.0766308731
920322.0766308731
919489.785543028
919474.0319862375
919474.0319862375
919474.0319862375
919353.0342755549
919353.0342755549
919235.8975746494
919235.8975746494
919172.545456878
919172.545456878
919172.545456878
919172.545456878
919172.545456878
919172.545456878
919015.8174032951
919015.8174032951
919015.8174032951
919015.8174032951
919015.8174032951
919015.8174032951
919015.8174032951
918970.5497051454
918970.5497051454
918970.5497051454
918970.5497051454
918762.6151436355
918762.6151436355
918762.6151436355
918762.6151436355
918762.6151436355
918762.6151436355
918762.6151436355
918672.1641699369
918655.9150019803
918556.7722453789
918556.7722453789
918556.7722453789
918556.7722453789
918490.550758654
918490.550758654
918490.550758654
918490.550758654
918490.550758654
918490.550758654
918490.550758654
918490.550758654
918490.550758654
918458.1880473925
918458.1880473925
918376.1336789455
918376.1336789455
918128.4010331295
918128.4010331295
918128.4010331295
918128.4010331295
918128.4010331295
918128.4010331295
917770.8120572127
917770.8120572127
917770.8120572127
917770.8120572127
917770.8120572127
917770.8120572127
917214.6989017841
917214.6989017841
917214.6989017841
917214.6989017841
917214.6989017841
916947.9765678798
916947.9765678798
916947.9765678798
916947.9765678798
916566.667838173
916566.667838173
916566.667838173
916566.667838173
916111.3051368792
916111.3051368792
916111.3051368792
916111.3051368792
916111.3051368792
916111.3051368792
916111.3051368792
916111.3051368792
916111.3051368792
916111.3051368792
915841.8355378686
915841.8355378686
915841.8355378686
915841.8355378686
915570.9226693822
915570.9226693822
915478.4107464832
915478.4107464832
915478.4107464832
915478.4107464832
915478.4107464832
915478.4107464832
915478.4107464832
915478.4107464832
915478.4107464832
915478.4107464832
915422.4615332966
915408.5721165175
915408.5721165175
915408.5721165175
915408.5721165175
915408.5721165175
915408.5721165175
915408.5721165175
915408.5721165175
915408.5721165175
915408.5721165175
915408.5721165175
915408.5721165175
915408.5721165175
915365.769076419
915365.769076419
914899.4508717217
914899.4508717217
914899.4508717217
914899.4508717217
914899.4508717217
914899.4508717217
914899.4508717217
914899.4508717217
914899.4508717217
914899.4508717217
914899.4508717217
914899.4508717217
914899.4508717217
914899.4508717217
914899.4508717217
914732.0216954463
914732.0216954463
914732.0216954463
914732.0216954463
914732.0216954463
914732.0216954463
914732.0216954463
914732.0216954463
914732.0216954463
914732.0216954463
914732.0216954463
914732.0216954463
914016.7505726833
914016.7505726833
914016.7505726833
914016.7505726833
914016.7505726833
914016.7505726833
913151.0941613581
912948.5198608965
912948.5198608965
912848.277423764
912848.277423764
912848.277423764
912848.277423764
912848.277423764
912848.277423764
912848.277423764
912848.277423764
912848.277423764
912848.277423764
912848.277423764
912848.277423764
912785.9859349628
912785.9859349628
912785.9859349628
912785.9859349628
912785.9859349628
912650.8289371156
912650.8289371156
912341.0600188586
911824.7941590147
911824.7941590147
911824.7941590147
911367.8793143574
911367.8793143574
911367.8793143574
911367.8793143574
911367.8793143574
911367.8793143574
911367.8793143574
911367.8793143574
911367.8793143574
911367.8793143574
911367.8793143574
911367.8793143574
911239.8058934219
911239.8058934219
911239.8058934219
911239.8058934219
911239.8058934219
910993.7753902233
910993.7753902233
910988.2966361474
910988.2966361474
910988.2966361474
910988.2966361474
910729.9197642549
910729.9197642549
910729.9197642549
910729.9197642549
910729.9197642549
910729.9197642549
910729.9197642549
910729.9197642549
910729.9197642549
910729.9197642549
910729.9197642549
910581.9479694244
910185.6137845038
910185.6137845038
910185.6137845038
910185.6137845038
910096.7396068337
909858.7985747155
909858.7985747155
909858.7985747155
909858.7985747155
909451.1932468149
909451.1932468149
909265.9242161626
909251.5267502877
909251.5267502877
909251.5267502877
909251.5267502877
909251.5267502877
909251.5267502877
909251.5267502877
909251.5267502877
909251.5267502877
909251.5267502877
909019.4505346448
909019.4505346448
909019.4505346448
909019.4505346448
908916.7312241278
908916.7312241278
908916.7312241278
908916.7312241278
908916.7312241278
908916.7312241278
908916.7312241278
908916.7312241278
908547.3924817548
908547.3924817548
908547.3924817548
908547.3924817548
908547.3924817548
908547.3924817548
908412.2916322708
908412.2916322708
908412.2916322708
908412.2916322708
908384.6352368979
908384.6352368979
908384.6352368979
908172.2414571265
908172.2414571265
908081.3907773758
908081.3907773758
908081.3907773758
908081.3907773758
908081.3907773758
908081.3907773758
907840.797090041
907840.797090041
907840.797090041
907067.1632514154
907067.1632514154
907067.1632514154
907067.1632514154
907067.1632514154
907067.1632514154
907067.1632514154
907067.1632514154
906427.9720806903
905935.8971267705
905935.8971267705
905935.8971267705
905935.8971267705
905935.8971267705
905935.8971267705
905935.8971267705
905935.8971267705
905935.8971267705
905935.8971267705
905935.8971267705
905935.8971267705
905935.8971267705
905935.8971267705
905935.8971267705
905935.8971267705
905935.8971267705
905935.8971267705
905935.8971267705
905935.8971267705
905935.8971267705
905935.8971267705
905935.8971267705
905354.6215893456
905354.6215893456
905354.6215893456
905000.1666996501
905000.1666996501
905000.1666996501
905000.1666996501
905000.1666996501
905000.1666996501
905000.1666996501
905000.1666996501
905000.1666996501
904972.531741532
904972.531741532
904972.531741532
904972.531741532
904972.531741532
904972.531741532
904972.531741532
904972.531741532
904840.7073794412
904832.2394029252
904832.2394029252
904832.2394029252
904832.2394029252
904832.2394029252
904832.2394029252
904832.2394029252
904832.2394029252
904832.2394029252
904832.2394029252
904832.2394029252
904832.2394029252
904832.2394029252
904832.2394029252
904832.2394029252
904770.4681690887
904770.4681690887
904770.4681690887
904770.4681690887
904770.4681690887
904770.4681690887
904702.0273659709
904702.0273659709
904475.1071709971
904475.1071709971
904475.1071709971
904333.2244493619
904331.5072895158
904331.5072895158
904331.5072895158
904331.5072895158
904245.7240685929
904245.7240685929
904245.7240685929
903918.9294969253
903918.9294969253
903121.324919428
903121.324919428
903121.324919428
903121.324919428
902926.2509676323
902926.2509676323
902692.7250461353
902692.7250461353
902692.7250461353
902335.8679646046
902335.8679646046
902335.8679646046
902335.8679646046
902335.8679646046
902335.8679646046
902335.8679646046
902335.8679646046
902335.8679646046
902335.8679646046
902185.390007304
902185.390007304
902185.390007304
902185.390007304
902185.390007304
902185.390007304
902185.390007304
902185.390007304
901784.7276387436
901613.8670117334
901613.8670117334
901613.8670117334
901613.8670117334
901613.8670117334
901613.8670117334
901613.8670117334
901613.8670117334
901299.3835271945
901299.3835271945
901299.3835271945
901299.3835271945
901299.3835271945
901299.3835271945
901195.24364339
901195.24364339
901195.24364339
901195.24364339
901195.24364339
901195.24364339
901195.24364339
901195.24364339
901195.24364339
900891.5374026409
900891.5374026409
900891.5374026409
900891.5374026409
900891.5374026409
900891.5374026409
900891.5374026409
900891.5374026409
900891.5374026409
900891.5374026409
900891.5374026409
900891.5374026409
900891.5374026409
900485.5053146579
900485.5053146579
900485.5053146579
900485.5053146579
900485.5053146579
899901.7909495913
899901.7909495913
899901.7909495913
899901.7909495913
899901.7909495913
899901.7909495913
899901.7909495913
899901.7909495913
899901.7909495913
899901.7909495913
899901.7909495913
899901.7909495913
899901.7909495913
899901.7909495913
899901.7909495913
899901.7909495913
899543.6169784877
899292.2900572666
898777.9036442193
898777.9036442193
898777.9036442193
898777.9036442193
898777.9036442193
898777.9036442193
898695.8248314424
898193.5273965561
898193.5273965561
898193.5273965561
898193.5273965561
898193.5273965561
898193.5273965561
897572.8459276967
897572.8459276967
897572.8459276967
897572.8459276967
897572.8459276967
897494.6444623669
897320.0015154844
897248.9874627383
897248.9874627383
897248.9874627383
897248.9874627383
897248.9874627383
897248.9874627383
897248.9874627383
897139.9623197505
897139.9623197505
896810.8956369865
896810.8956369865
896810.8956369865
896810.8956369865
896810.8956369865
896810.8956369865
896810.8956369865
896810.8956369865
896355.2903917041
896355.2903917041
896355.2903917041
895699.1956747083
895699.1956747083
895699.1956747083
895395.2144940414
895395.2144940414
894718.6571467211
894718.6571467211
894718.6571467211
894718.6571467211
894600.9084880326
894259.2969522865
894259.2969522865
894259.2969522865
894259.2969522865
893993.6268589939
893993.6268589939
893993.6268589939
893756.7673167783
893745.09080213
893745.09080213
893745.09080213
893745.09080213
893745.09080213
893745.09080213
893745.09080213
893745.09080213
893745.09080213
893745.09080213
893745.09080213
893745.09080213
893745.09080213
893745.09080213
893745.09080213
893552.8084204773
893552.8084204773
893552.8084204773
893552.8084204773
893552.8084204773
893552.8084204773
893552.8084204773
893498.7109532687
893480.9677505939
893480.9677505939
893480.9677505939
893480.9677505939
893480.9677505939
893480.9677505939
893447.9833486591
893447.9833486591
893447.9833486591
893348.113074552
893348.113074552
893348.113074552
893348.113074552
893348.113074552
893348.113074552
893348.113074552
893348.113074552
893348.113074552
893348.113074552
892838.5931199187
892546.3293296602
892546.3293296602
892546.3293296602
892481.3951615845
892468.1774417222
892468.1774417222
892468.1774417222
892468.1774417222
892468.1774417222
892468.1774417222
892468.1774417222
892019.2131545496
892019.2131545496
892019.2131545496
892019.2131545496
892019.2131545496
892019.2131545496
892019.2131545496
892019.2131545496
892019.2131545496
892019.2131545496
892019.2131545496
892019.2131545496
892019.2131545496
892019.2131545496
891953.0559253956
891953.0559253956
891953.0559253956
891932.3721702398
891932.3721702398
891932.3721702398
891932.3721702398
891932.3721702398
891932.3721702398
891832.216956251
891832.216956251
891832.216956251
891832.216956251
891832.216956251
891718.550248927
891718.550248927
891718.550248927
891718.550248927
891718.550248927
891718.550248927
891718.550248927
891718.550248927
891718.550248927
891718.550248927
891493.2371130653
890456.4957368228
890456.4957368228
890456.4957368228
890455.2804208542
890455.2804208542
890455.2804208542
889960.5506613615
889960.5506613615
889633.7525205675
889633.7525205675
889633.7525205675
888882.651020403
887378.7107788981
887378.7107788981
887378.7107788981
887378.7107788981
887378.7107788981
887378.7107788981
887378.7107788981
887378.7107788981
887378.7107788981
886744.723860123
886744.723860123
886744.723860123
886744.723860123
886744.723860123
886744.723860123
886744.723860123
886744.723860123
886744.723860123
886744.723860123
886744.723860123
886744.723860123
886744.723860123
886744.723860123
886680.310284503
886191.7503632347
886191.7503632347
886191.7503632347
886191.7503632347
886191.7503632347
885760.6455868422
885760.6455868422
885760.6455868422
885201.5894841201
885201.5894841201
885201.5894841201
885201.5894841201
885201.5894841201
885201.5894841201
885201.5894841201
885201.5894841201
885201.5894841201
885201.5894841201
885201.5894841201
885201.5894841201
885201.5894841201
885115.3311943285
885115.3311943285
885115.3311943285
885115.3311943285
885115.3311943285
885115.3311943285
885115.3311943285
885115.3311943285
885115.3311943285
883602.660933319
883201.6101363195
883201.6101363195
883201.6101363195
882735.0917452874
882735.0917452874
882735.0917452874
882735.0917452874
882735.0917452874
882735.0917452874
882735.0917452874
882475.0513333607
882475.0513333607
882475.0513333607
882475.0513333607
882475.0513333607
882475.0513333607
882475.0513333607
882475.0513333607
882475.0513333607
882475.0513333607
882451.9625286714
882451.9625286714
882451.9625286714
882451.9625286714
882451.9625286714
882451.9625286714
882168.587282848
882168.587282848
882168.587282848
882168.587282848
882168.587282848
882168.587282848
882168.587282848
882168.587282848
882168.587282848
882168.587282848
882168.587282848
882168.587282848
882168.587282848
882168.587282848
882168.587282848
882168.587282848
882168.587282848
881577.0087333589
881577.0087333589
881577.0087333589
881577.0087333589
881577.0087333589
881577.0087333589
881577.0087333589
881577.0087333589
881577.0087333589
881577.0087333589
881577.0087333589
881577.0087333589
881577.0087333589
881577.0087333589
881577.0087333589
881225.1613251736
881225.1613251736
881225.1613251736
881225.1613251736
881138.2020376391
881138.2020376391
881138.2020376391
881138.2020376391
881138.2020376391
881138.2020376391
881138.2020376391
881138.2020376391
881138.2020376391
881138.2020376391
881138.2020376391
881138.2020376391
881138.2020376391
881138.2020376391
881117.6949816343
881117.6949816343
881117.6949816343
881117.6949816343
881024.4357485317
881024.4357485317
880779.0225552743
880779.0225552743
880779.0225552743
880779.0225552743
880779.0225552743
880779.0225552743
880779.0225552743
880779.0225552743
880779.0225552743
880779.0225552743
880181.197783059
880181.197783059
880181.197783059
880181.197783059
880181.197783059
880181.197783059
880181.197783059
880181.197783059
880181.197783059
880181.197783059
880181.197783059
880181.197783059
880181.197783059
879669.4089207448
879669.4089207448
879669.4089207448
879549.0567810906
879549.0567810906
879549.0567810906
879490.6101213808
879490.6101213808
879490.6101213808
879362.0899496893
879362.0899496893
879362.0899496893
879261.7567567846
879261.7567567846
879261.7567567846
879032.6773917248
879032.6773917248
878544.9052933906
878544.9052933906
878266.6541231878
878266.6541231878
878266.6541231878
878266.6541231878
878266.6541231878
878266.6541231878
878266.6541231878
878266.6541231878
878266.6541231878
878266.6541231878
878266.6541231878
878266.6541231878
878266.6541231878
878266.6541231878
877562.8778477714
877562.8778477714
877562.8778477714
877562.8778477714
877562.8778477714
877562.8778477714
877562.8778477714
877562.8778477714
877562.8778477714
877562.8778477714
877562.8778477714
877562.8778477714
877562.8778477714
877562.8778477714
877562.8778477714
877562.8778477714
877562.8778477714
877562.8778477714
877562.8778477714
877562.8778477714
877562.8778477714
877562.8778477714
877562.8778477714
877562.8778477714
877562.8778477714
877562.8778477714
877562.8778477714
877562.8778477714
877352.1999951636
877352.1999951636
877280.7930920066
877280.7930920066
877280.7930920066
877280.7930920066
877280.7930920066
877280.7930920066
877280.7930920066
877280.7930920066
877280.7930920066
877280.7930920066
877280.7930920066
877280.7930920066
877280.7930920066
877280.7930920066
877280.7930920066
877280.7930920066
877280.7930920066
877280.7930920066
877280.7930920066
877280.7930920066
876826.7615463652
876299.8754390902
876299.8754390902
876299.8754390902
876299.8754390902
876299.8754390902
876299.8754390902
876299.8754390902
876299.8754390902
876299.8754390902
876299.8754390902
876296.5799912964
876296.5799912964
876296.5799912964
876296.5799912964
876296.5799912964
876296.5799912964
876296.5799912964
876296.5799912964
876296.5799912964
876296.5799912964
876296.5799912964
876296.5799912964
876296.5799912964
876296.5799912964
876227.4333352227
876227.4333352227
876227.4333352227
876227.4333352227
876227.4333352227
876227.4333352227
876195.6079954738
876179.5615342438
876179.5615342438
876179.5615342438
876179.5615342438
876179.5615342438
876179.5615342438
876179.5615342438
876179.5615342438
876179.5615342438
876179.5615342438
876179.5615342438
876179.5615342438
876052.3774668903
876052.3774668903
876052.3774668903
876052.3774668903
876052.3774668903
876052.3774668903
876052.3774668903
876052.3774668903
876052.3774668903
875964.3020196434
875964.3020196434
875920.8868722498
875920.8868722498
875920.8868722498
875786.6848518925
875786.6848518925
875367.9925746687
875367.9925746687
875367.9925746687
875367.9925746687
875367.9925746687
875367.9925746687
875367.9925746687
875367.9925746687
875367.9925746687
875314.3849121855
875314.3849121855
875202.428202199
875202.428202199
875202.428202199
875202.428202199
875202.428202199
875202.428202199
874910.1876033493
874910.1876033493
874910.1876033493
874910.1876033493
874910.1876033493
874910.1876033493
874910.1876033493
874910.1876033493
874227.4667261684
874227.4667261684
874227.4667261684
874227.4667261684
874227.4667261684
874227.4667261684
874227.4667261684
874227.4667261684
874227.4667261684
874227.4667261684
874227.4667261684
873944.5610474993
873944.5610474993
873944.5610474993
873528.2182960471
873528.2182960471
873528.2182960471
873528.2182960471
873528.2182960471
873528.2182960471
873528.2182960471
873528.2182960471
873528.2182960471
873351.4735050437
873351.4735050437
873351.4735050437
873351.4735050437
873351.4735050437
873351.4735050437
873068.0284927464
873068.0284927464
872844.1461360842
872753.4707254707
872753.4707254707
872753.4707254707
872753.4707254707
872753.4707254707
872753.4707254707
872753.4707254707
872753.4707254707
872753.4707254707
872753.4707254707
872753.4707254707
872753.4707254707
872753.4707254707
872753.4707254707
872753.4707254707
872753.4707254707
872753.4707254707
872276.8561249976
872276.8561249976
872276.8561249976
872276.8561249976
872276.8561249976
871807.9586332542
871807.9586332542
871807.9586332542
871807.9586332542
871725.6526897508
871725.6526897508
871725.6526897508
871725.6526897508
871725.6526897508
871725.6526897508
871725.6526897508
871725.6526897508
871725.6526897508
871725.6526897508
871189.4585040219
871189.4585040219
871189.4585040219
871189.4585040219
871189.4585040219
871189.4585040219
871189.4585040219
870874.3809016957
870874.3809016957
870874.3809016957
870874.3809016957
870874.3809016957
870874.3809016957
870874.3809016957
870741.5153247411
870741.5153247411
870741.5153247411
870619.518135431
870619.518135431
870619.518135431
870619.518135431
870619.518135431
870619.518135431
870619.518135431
870619.518135431
870619.518135431
870619.518135431
870619.518135431
870619.518135431
870619.518135431
870619.518135431
870619.518135431
870619.518135431
870619.518135431
870619.518135431
870619.518135431
870619.518135431
870619.518135431
870619.518135431
870619.518135431
870619.518135431
870619.518135431
870619.518135431
870619.518135431
870342.0548534866
870342.0548534866
870342.0548534866
870342.0548534866
870342.0548534866
870342.0548534866
870342.0548534866
870342.0548534866
870342.0548534866
870342.0548534866
870342.0548534866
870208.4918376511
870208.4918376511
870208.4918376511
870208.4918376511
870208.4918376511
870208.4918376511
870208.4918376511
870208.4918376511
869743.2030180896
869743.2030180896
869442.0458106545
869442.0458106545
869200.2877688541
869178.289118632
869178.289118632
867881.9951150554
867773.6199613765
867773.6199613765
867773.6199613765
867773.6199613765
867773.6199613765
867773.6199613765
867773.6199613765
867773.6199613765
867773.6199613765
867773.6199613765
867773.6199613765
867773.6199613765
867773.6199613765
867773.6199613765
867773.6199613765
867773.6199613765
867773.6199613765
867773.6199613765
867773.6199613765
867773.6199613765
867773.6199613765
867773.6199613765
867773.6199613765
867699.5712099683
867684.1258369447
867684.1258369447
867684.1258369447
867684.1258369447
867684.1258369447
867684.1258369447
867684.1258369447
867684.1258369447
867684.1258369447
867684.1258369447
867684.1258369447
867679.9568193855
867679.9568193855
867252.9316860345
867252.9316860345
867102.6832369259
867102.6832369259
867102.6832369259
867102.6832369259
867102.6832369259
867102.6832369259
867102.6832369259
867102.6832369259
867102.6832369259
867102.6832369259
867102.6832369259
867102.6832369259
867102.6832369259
867102.6832369259
867102.6832369259
867102.6832369259
867102.6832369259
866722.0046159667
866722.0046159667
866722.0046159667
866722.0046159667
866721.7125475723
866721.7125475723
866685.1839208263
866685.1839208263
866685.1839208263
866685.1839208263
866685.1839208263
866685.1839208263
866685.1839208263
866685.1839208263
866685.1839208263
866685.1839208263
866426.3123597027
866426.3123597027
866426.3123597027
866426.3123597027
866426.3123597027
865755.6700723236
865755.6700723236
865755.6700723236
865755.6700723236
865638.0193443166
865638.0193443166
865234.8019624808
865234.8019624808
864844.4851966797
864844.4851966797
864844.4851966797
864844.4851966797
864767.2437782545
864767.2437782545
864767.2437782545
864767.2437782545
864767.2437782545
864767.2437782545
864767.2437782545
864767.2437782545
864767.2437782545
864767.2437782545
864767.2437782545
864767.2437782545
864767.2437782545
864767.2437782545
864767.2437782545
864767.2437782545
864767.2437782545
864767.2437782545
864767.2437782545
864767.2437782545
864767.2437782545
864767.2437782545
864767.2437782545
864767.2437782545
864607.1217414609
864607.1217414609
864607.1217414609
864607.1217414609
864607.1217414609
864195.143123551
864195.143123551
864195.143123551
864195.143123551
864127.1731326979
863979.8826097595
863979.8826097595
863979.8826097595
863979.8826097595
863979.8826097595
863979.8826097595
863979.8826097595
863979.8826097595
863979.8826097595
863979.8826097595
863979.8826097595
863979.8826097595
863979.8826097595
863979.8826097595
863979.8826097595
863808.4460235348
863808.4460235348
863808.4460235348
863808.4460235348
863808.4460235348
863808.4460235348
863808.4460235348
863808.4460235348
863808.4460235348
863808.4460235348
863765.6564763996
863765.6564763996
863765.6564763996
863765.6564763996
863765.6564763996
863765.6564763996
863765.6564763996
863765.6564763996
863765.6564763996
863765.6564763996
863744.9205996022
863744.9205996022
863744.9205996022
863744.9205996022
863744.9205996022
863744.9205996022
863744.9205996022
863744.9205996022
863744.9205996022
862848.5761638153
862848.5761638153
862848.5761638153
862848.5761638153
862848.5761638153
862848.5761638153
862848.5761638153
862848.5761638153
862848.5761638153
862848.5761638153
862848.5761638153
862848.5761638153
862848.5761638153
862848.5761638153
862848.5761638153
862848.5761638153
862848.5761638153
862848.5761638153
861766.152361318
861766.152361318
861766.152361318
861685.9854701727
861398.301863258
861398.301863258
861398.301863258
861398.301863258
861398.301863258
861398.301863258
861398.301863258
861102.8456737781
861102.8456737781
861079.7608323253
861079.7608323253
861079.7608323253
861079.7608323253
861079.7608323253
860981.7707981952
860981.7707981952
860330.2622659341
860330.2622659341
860330.2622659341
860330.2622659341
860330.2622659341
860330.2622659341
860330.2622659341
860330.2622659341
860330.2622659341
860330.2622659341
860330.2622659341
860330.2622659341
860330.2622659341
859998.8627501999
859798.6315389976
859798.6315389976
859798.6315389976
859798.6315389976
859798.6315389976
859798.6315389976
859798.6315389976
859798.6315389976
859798.6315389976
859798.6315389976
859798.6315389976
859798.6315389976
859798.6315389976
859798.6315389976
859798.6315389976
859798.6315389976
859798.6315389976
859798.6315389976
859640.1766534052
859640.1766534052
859640.1766534052
859640.1766534052
859640.1766534052
859640.1766534052
859640.1766534052
859640.1766534052
859640.1766534052
859640.1766534052
859640.1766534052
859640.1766534052
859640.1766534052
859640.1766534052
859640.1766534052
859640.1766534052
859640.1766534052
859577.985252414
859238.5947032606
859238.5947032606
859238.5947032606
859238.5947032606
859238.5947032606
859238.5947032606
859238.5947032606
859055.309239313
859055.309239313
859055.309239313
859055.309239313
859055.309239313
859055.309239313
859055.309239313
859055.309239313
859055.309239313
859055.309239313
859055.309239313
859055.309239313
858531.0046863401
858531.0046863401
858531.0046863401
858477.6755147119
857662.5903784544
857449.9063171828
857449.9063171828
857449.9063171828
857449.9063171828
857443.6105782845
857443.6105782845
857443.6105782845
857443.6105782845
857443.6105782845
857443.6105782845
857443.6105782845
857443.6105782845
857443.6105782845
857443.6105782845
857443.6105782845
857443.6105782845
857443.6105782845
857443.6105782845
857443.6105782845
857443.6105782845
857443.6105782845
857443.6105782845
857443.6105782845
857443.6105782845
857443.6105782845
857443.6105782845
857443.6105782845
857443.6105782845
857443.6105782845
857287.0002454184
857287.0002454184
857287.0002454184
857287.0002454184
857287.0002454184
857057.6163822494
857057.6163822494
857057.6163822494
857057.6163822494
857057.6163822494
857057.6163822494
857057.6163822494
857057.6163822494
857057.6163822494
857057.6163822494
857057.6163822494
857057.6163822494
857057.6163822494
857057.6163822494
857057.6163822494
857057.6163822494
857057.6163822494
857057.6163822494
857057.6163822494
857057.6163822494
857057.6163822494
857057.6163822494
857057.6163822494
856353.8321634855
856353.8321634855
856353.8321634855
856353.8321634855
856353.8321634855
856353.8321634855
855661.3837944176
855661.3837944176
855661.3837944176
855661.3837944176
855661.3837944176
855661.3837944176
855661.3837944176
855661.3837944176
855661.3837944176
855661.3837944176
855661.3837944176
855661.3837944176
855661.3837944176
855661.3837944176
855661.3837944176
855661.3837944176
855661.3837944176
855661.3837944176
855661.3837944176
855661.3837944176
855661.3837944176
855661.3837944176
855661.3837944176
855661.3837944176
855661.3837944176
855661.3837944176
855661.3837944176
855661.3837944176
855661.3837944176
854235.807126804
854235.807126804
854235.807126804
854235.807126804
854235.807126804
854235.807126804
854235.807126804
853896.7140051727
853839.868436675
853839.868436675
853618.5911604527
853618.5911604527
853618.5911604527
853618.5911604527
853618.5911604527
853618.5911604527
853444.6120365764
853444.6120365764
853444.6120365764
853444.6120365764
853444.6120365764
853444.6120365764
853444.6120365764
853444.6120365764
853444.6120365764
853444.6120365764
853444.6120365764
853444.6120365764
853444.6120365764
853444.6120365764
853444.6120365764
853444.6120365764
853374.6490743614
853374.6490743614
853374.6490743614
853374.6490743614
853374.6490743614
853374.6490743614
853178.153534488
853178.153534488
853178.153534488
853178.153534488
852935.685597102
852935.685597102
852935.685597102
852935.685597102
852935.685597102
852935.685597102
852935.685597102
852935.685597102
852935.685597102
852935.685597102
851762.6818525894
851762.6818525894
851762.6818525894
851762.6818525894
851762.6818525894
851455.0027173255
851455.0027173255
851455.0027173255
851455.0027173255
851209.2609563207
851209.2609563207
851209.2609563207
851209.2609563207
851209.2609563207
851209.2609563207
851209.2609563207
850837.7544727277
850837.7544727277
850580.4956913467
850580.4956913467
850580.4956913467
850580.4956913467
850580.4956913467
850547.3623280404
850547.3623280404
850547.3623280404
850547.3623280404
850547.3623280404
850547.3623280404
850547.3623280404
850547.3623280404
850547.3623280404
850326.762743357
850020.3772809438
850020.3772809438
850020.3772809438
849890.7166665087
849890.7166665087
849890.7166665087
849890.7166665087
849890.7166665087
849890.7166665087
849890.7166665087
849890.7166665087
849593.7960048756
849593.7960048756
849593.7960048756
849593.7960048756
849593.7960048756
849593.7960048756
849593.7960048756
849593.7960048756
849556.6250333192
849556.6250333192
849556.6250333192
849556.6250333192
849556.6250333192
849556.6250333192
849551.4263092175
849551.4263092175
849551.4263092175
849551.4263092175
849513.5813188264
849513.5813188264
849513.5813188264
849513.5813188264
849513.5813188264
849226.8690217057
849226.8690217057
849226.8690217057
849226.8690217057
849226.8690217057
849226.8690217057
849226.8690217057
849226.8690217057
849226.8690217057
849226.8690217057
849226.8690217057
849226.8690217057
849226.8690217057
849226.8690217057
849226.8690217057
849226.8690217057
849226.8690217057
849226.8690217057
849118.6731324065
849118.6731324065
849118.6731324065
849118.6731324065
849118.6731324065
849118.6731324065
849118.6731324065
849118.6731324065
849118.6731324065
849118.6731324065
849118.6731324065
849118.6731324065
849118.6731324065
848817.1869201206
848817.1869201206
848817.1869201206
848817.1869201206
848817.1869201206
848817.1869201206
848817.1869201206
848817.1869201206
848817.1869201206
848817.1869201206
848817.1869201206
848817.1869201206
848817.1869201206
848817.1869201206
848817.1869201206
848817.1869201206
848817.1869201206
848817.1869201206
848817.1869201206
848817.1869201206
848817.1869201206
848817.1869201206
848817.1869201206
848817.1869201206
848817.1869201206
848817.1869201206
848817.1869201206
848817.1869201206
848817.1869201206
848817.1869201206
848817.1869201206
848817.1869201206
848817.1869201206
848817.1869201206
848817.1869201206
848817.1869201206
848817.1869201206
848817.1869201206
848817.1869201206
848817.1869201206
848817.1869201206
848817.1869201206
848817.1869201206
848817.1869201206
848817.1869201206
848817.1869201206
848817.1869201206
848817.1869201206
848817.1869201206
848817.1869201206
848817.1869201206
