    3    3   15
 22.990 30.974 32.066
    1    1  0.0150  0.0000  0.0000
 -0.040689989440  -0.003827109562   0.000000000000
  0.027209507609  -0.004361439705  -0.000000000000
  0.013480481831   0.008188549267  -0.000000000000
    1    2  0.0000  0.0150  0.0000
 -0.003101574566  -0.045746170617   0.000000000000
 -0.004709919757   0.020792264649   0.000000000000
  0.007811494323   0.024953905968  -0.000000000000
    1    3  0.0000  0.0000  0.0150
 -0.000012467246   0.000008721945   0.013374010374
  0.000009908259  -0.000013174032  -0.005934531983
  0.000002558987   0.000004452088  -0.007439478392
    2    1  0.0150  0.0000  0.0000
  0.025226704650  -0.002931070203  -0.000000000000
 -0.305348465316   0.142722840656   0.000000000000
  0.280121760666  -0.139791770453   0.000000000000
    2    2  0.0000  0.0150  0.0000
 -0.004298531208   0.023689557262  -0.000000000000
  0.145724648000  -0.111565673107   0.000000000000
 -0.141426116792   0.087876115845  -0.000000000000
    2    3  0.0000  0.0000  0.0150
 -0.000007751471  -0.000015538258  -0.005955822932
 -0.000039496820   0.000018654960  -0.006780962048
  0.000047248291  -0.000003116702   0.012736784980
    3    1  0.0150  0.0000  0.0000
  0.013276083873   0.007048340679   0.000000000000
  0.282606550593  -0.142610136708   0.000000000000
 -0.295882634467   0.135561796029  -0.000000000000
    3    2  0.0000  0.0150  0.0000
  0.008041527345   0.024531518918  -0.000000000000
 -0.141867165373   0.084598268351   0.000000000000
  0.133825638029  -0.109129787269  -0.000000000000
    3    3  0.0000  0.0000  0.0150
  0.000003073001   0.000004392136  -0.009096055803
  0.000085042700  -0.000027540458   0.011445125898
 -0.000088115700   0.000023148322  -0.002349070095
