4146085.0606766967
3772765.8441732754
3390019.625586983
3086657.044654398
2821670.3282180373
2573582.0952760708
2337028.069870396
2124321.1512082135
1946841.905553515
1778015.4107642313
1632325.0196452658
1505013.8063700835
1388470.273356209
1284094.9813381683
1180195.1009764127
1095787.1476912359
1024559.2029191526
963465.7786382262
896223.6342669969
843088.4040728972
793274.3220052355
747813.9081722348
704437.1109587152
672280.4642895538
640913.2583564094
608539.0775071912
583021.1545462913
558877.9516829945
537767.1853560793
517624.3500119292
494791.90563488274
477874.8144165201
460206.8766657395
442697.7499045731
428068.22777266405
415024.2227346819
401096.1245375094
388372.5425788103
377344.14795081725
367011.47448472143
357480.31859099795
347211.6809710942
338683.4911130074
332081.25333862024
323531.5091996379
315434.3137645805
307859.588404063
301110.93087700306
296146.04160404904
290435.92056074773
285068.38813512464
278323.93604506255
274057.81431383354
268763.32289038255
263987.84883993515
259334.6988874232
255437.84074209727
251432.73015393523
247430.06058729597
243922.93954856685
240375.75701306932
236349.98248546943
232204.74736893846
228732.76020811326
225593.11446418348
222113.64944375303
219449.2741936859
215983.86744302826
213339.54338068605
210734.5794998019
209071.06008175353
207277.57080471722
205188.159170973
202995.74326093018
200768.45475467638
198962.60335321416
196338.37201869301
194736.5634807358
192550.3925275788
190388.66353896074
188716.04510926316
186952.0121115478
185735.32777840365
184298.17019380268
183621.99032361025
182297.58376523794
180429.00228971973
179536.41516312776
178725.68746827592
177581.4117676862
176453.88046477275
175020.0788263238
173300.40071773872
172295.95228079462
170924.72735438048
169677.56296070767
168725.40336848673
167672.50716579164
166666.13079128414
165931.89151555547
165125.430534491
164228.49565310095
163222.4740567196
162242.39637153485
161765.61343328297
160904.15579812307
160117.71366062932
159459.61686443695
158767.83886694897
157731.63615941643
157012.06347725668
156594.17380791742
156250.1785691398
155911.17450139133
155346.0171054773
154890.39541853764
154446.15618622967
153753.89702881238
153252.03327504135
152607.11248104548
152074.61512992682
151565.26500434714
151189.20847684948
150621.64818760852
150274.03964191637
149700.7995721563
149545.05495736637
149188.01053960714
149042.54147786653
148680.01965091436
148462.61117523885
148308.66798365396
147957.5700481471
147656.05953455233
147520.19817651407
147015.19037992647
146549.9049422237
145885.065048239
145558.80728580523
145389.08548496108
145127.9617336759
144811.55854467134
144521.81925301498
144217.0670418873
143940.06221249796
143733.34310784066
143350.31286141666
142986.1276033022
142903.73012682793
142651.92044404647
142568.9262917689
142456.02807247714
142192.52884600544
141959.93282461632
141618.28193924399
141243.13003980764
141057.7418123185
140411.48476981762
140062.87166689878
139891.2004601269
139671.7900957387
139451.66075901914
139322.03628864442
139050.58785818337
138738.64456412412
138505.00241310213
138402.62137711004
138233.90857225616
138082.0871934845
137897.17401986505
137777.88130948367
137640.9037430879
137539.2277522595
137298.37773310783
137009.93291554425
136784.94056897925
136657.36619371385
136471.32636286458
136171.41688980866
136003.49571553204
135935.17114983246
135755.96635411208
135508.82877683002
135250.6758138684
135049.26137737362
134964.70110057647
134840.88293188528
134709.90355867462
134645.9152747027
134617.17399042807
134523.58834630964
134405.369289386
134183.34225528914
134036.10052104635
133923.65585512208
133823.35871762183
133589.07325941938
133529.55862940196
133316.09307530365
133023.99990952705
132971.24810489838
132903.25720663197
132603.3318647453
132446.88365046107
132384.93512637593
132253.7941345355
132085.4365438532
131974.25795890135
131803.08740761076
131743.47561679542
131609.36433724448
131572.81177758472
131437.39639901847
131275.98150874942
131185.4267872557
131144.24175836652
131023.26870349656
130951.7978855918
130754.62147434689
130654.41456031102
130526.54555688553
130358.61243543422
130293.34055657042
130236.19010418236
130182.31839195044
130177.99457253667
130148.877416526
130019.85016339741
129675.86256372934
129561.90897823968
129518.13231300085
129477.93976954249
129417.49311063823
129245.87249134161
129238.79297103407
129218.01363088569
129211.32804918304
129112.24343332491
129001.08632586518
128966.89572563223
128880.19221531063
128873.54212790352
128837.50117833348
128785.83436296573
128687.13345306957
128627.268000587
128612.23205121252
128559.30556763338
128463.2354070594
128338.77802836458
128266.14570437583
128224.43338734302
128064.20059071983
127892.92229832438
127859.17257627228
127804.73476062798
127758.88115410303
127722.35133934648
127623.90475699688
127609.86052161694
127505.51361702058
127436.92445161333
127344.61219470677
127255.13183348633
127227.2924482883
127078.92353452378
127033.96042817058
126991.57153674956
126991.57153674956
126918.22417038915
126909.2399953951
126889.6195737198
126878.80677197213
126866.35721816022
126799.09502392856
126785.83514818139
126735.04896224584
126641.9286375762
126596.71574880391
126562.34601965881
126488.37918428142
126488.37918428142
126421.28585301441
126352.65762827997
126240.05816008555
126147.38873915035
126024.22019271835
126011.55166161187
125952.91194394234
125864.17031104318
125734.79596967764
125718.2390000893
125640.3547409029
125561.62476171891
125549.83359677167
125470.60899154752
125421.09580161746
125421.09580161746
125394.37770510826
125297.15102014565
125265.81956332026
125239.21878376656
125213.00989850787
125189.47152448175
125183.32153489257
125142.08474011021
125142.08474011021
125086.68722791382
124997.64399563771
124959.93240141644
124925.61128186938
124895.86287235805
124893.31865248765
124889.65201738427
124702.7285070623
124665.51184808105
124659.20573718025
124539.84458387544
124465.8142230694
124457.8762396047
124383.3033477255
124369.8523346747
124344.04586232234
124282.80549761916
124266.032231147
124173.00880981098
124154.03763881969
124122.95332386738
124122.95332386738
124122.95332386738
124043.69112584287
123986.70792320115
123919.25789265265
123861.35685970096
123861.22041732864
123848.90720363896
123848.3603055476
123797.77519003654
123781.20878371187
123779.70235680888
123667.55845464485
123659.15501999823
123633.66111561202
123617.40751348759
123617.40751348759
123584.38802015372
123498.49888404211
123490.55268282261
123464.4104831923
123466.7727832343
123466.79114117025
123457.82685027918
123453.39107821441
123441.28239631746
123425.54620339652
123385.78684756094
123383.65128891947
123347.37971249309
123329.53107530903
123326.32544303354
123207.8260092974
123196.1139049489
123160.9649753113
123104.58769902145
123092.49485425785
123082.86122382226
122991.52323191144
122972.11660527563
122906.4264328884
122874.52322036095
122828.71907682107
122734.22155535067
122542.152535887
122505.0569853402
122446.61355982753
122400.0163927452
122357.00121706151
122332.1150834708
122293.7382936019
122256.5127471151
122218.03286414678
122199.05218646314
122133.1858396414
122123.81355214183
122121.50480931278
122080.78306783787
122037.26493562138
122031.41005232929
121970.88058241141
121955.59951504105
121922.4870655562
121910.21346038429
121910.15088133543
121882.28450854769
121796.30251917668
121795.57335998585
121788.9282653782
121760.12315324022
121723.76240362132
121705.6646930659
121701.736096809
121653.37748322026
121627.34598863011
121587.6207666098
121554.82345079893
121554.59822167741
121515.52622715107
121518.55027665282
121502.60846181796
121450.8379808075
121448.73747991539
121420.67338114309
121398.98985337047
121368.16470361067
121365.03403641512
121284.87005140266
121253.62022792932
121253.72858124261
121244.22281348566
121229.64722050409
121208.05163017727
121212.12901122954
121212.12901122954
121214.99529750107
121155.87469539016
121100.47315793115
121080.66658646602
121052.42796502108
121027.0835385054
121025.97253542047
121021.76919187646
121019.96661715413
120956.69028280352
120936.40119422777
120923.41436184371
120923.16702889018
120912.38120215293
120902.09545652548
120837.93322208329
120838.15548090405
120806.89359767048
120770.10364639285
120728.19790980975
120665.61666831438
120620.50291972951
120620.73816204809
120621.64693775981
120617.42145423219
120598.32087202622
120530.20725731752
120506.22560017681
120501.95606029202
120494.79043563498
120466.94087688046
120449.84396278614
120426.0386495552
120407.48241953547
120407.48241953547
120393.95662966814
120379.93488446402
120332.71684105998
120325.16772243567
120283.61060190793
120262.21862088371
120237.73139180751
120225.61639680038
120224.01274772693
120214.54924941133
120203.47816007094
120158.20050561576
120148.03807608555
120133.0346542149
120081.3589111192
120082.61919071463
120064.9889745693
120064.9889745693
120064.9889745693
120053.21604506651
120046.76600972482
120004.7250652057
120003.90671101627
119975.0543515038
119929.81833692254
119929.70998360924
119928.19114939636
119915.85491806678
119915.85491806678
119903.2144055054
119903.2144055054
119903.2144055054
119903.2144055054
119889.20144255513
119862.78455321427
119862.78455321427
119862.78455321427
119862.45699761271
119862.56535092602
119862.56535092602
119846.2730172309
119846.2730172309
119843.18658022945
119834.97284001915
119791.20030068146
119791.20030068146
119791.20030068146
119767.69556677813
119757.11909299545
119757.11909299545
119756.45103851665
119746.15363400533
119745.13978803053
119729.38170074564
119698.13095968122
119665.92414464412
119665.92414464412
119665.4164627644
119665.26441896654
119667.89935423541
119651.10831330618
119643.27965787337
119642.72511299397
119556.42285355603
119531.65320939913
119508.74534069159
119504.53298223673
119502.08513877488
119499.96261926001
119473.58568622413
119473.58568622413
119471.3553382899
119374.81112007964
119373.77706415366
119369.64184539496
119369.7938891928
119369.7938891928
119352.41436073181
119352.26231693396
119352.41436073183
119352.41436073183
119352.41436073183
119325.26316449615
119325.26316449615
119322.19493684956
119311.75818929057
119310.80396716495
119313.38697959074
119303.92741417223
119304.38771668094
119300.50706753311
119300.50706753311
119303.69545855194
119304.25000343134
119296.70590803729
119296.70590803729
119287.41453021426
119288.99325186692
119286.37354823493
119284.31741184015
119282.01970247205
119278.85205088984
119276.28956418054
119248.03445437114
119247.16765822229
119247.16765822229
119247.16765822229
119209.53987714535
119175.44970695883
119140.66508325395
119132.42863220286
119132.42863220286
119099.09444550413
119099.09444550413
119099.09444550413
119084.56085351342
119077.54297661738
119077.54297661738
119067.9793614134
119067.9793614134
119063.4644853067
119059.54296622785
119053.02930880777
119048.77862441368
119045.92750818263
118979.52015934499
118963.27548343454
118957.63544886906
118953.72295538892
118926.37426883183
118929.60324509011
118929.60324509011
118930.70190178583
118922.1305887076
118922.01038469795
118912.8880387232
118809.15030199176
118804.32127404484
118801.75151002756
118788.1829760769
118788.1829760769
118788.1829760769
118785.30860817879
118776.35685689644
118774.89024129837
118691.77641926109
118691.77641926109
118691.0904987447
118691.0904987447
118665.21947313071
118661.61314392937
118661.4032989342
118661.15628150314
118657.77047661477
118658.43361317721
118658.5462601789
118658.5462601789
118658.52377522591
118644.23328685298
118637.95460263349
118634.80283687552
118634.80283687552
118635.19649942263
118605.67349141448
118605.9681270011
118605.9681270011
118605.9681270011
118605.75828200593
118604.960390394
118604.960390394
118560.33843468307
118560.33843468307
118560.33843468307
118552.0971557857
118535.28748463863
118535.28748463863
118535.28748463863
118535.4973296338
118537.72709766644
118537.72709766644
118538.52972002934
118538.10744071013
118538.10744071013
118538.10744071013
118538.10744071013
118483.1322933805
118474.20416569035
118474.20416569035
118469.40796768489
118470.32628813566
118470.74856745488
118469.92151102882
118468.08700800413
118465.82476770208
118465.61492270691
118465.61492270691
118462.45048046907
118462.45048046907
118442.47462754126
118443.94637513702
118443.94637513702
118443.94637513702
118446.64733242229
118425.84869402352
118427.77519045616
118387.45817649292
118380.57792252458
118380.57792252458
118379.316019924
118379.316019924
118379.316019924
118379.316019924
118379.316019924
118379.316019924
118379.316019924
118375.83198909646
118375.83198909646
118374.26312035814
118369.60683434461
118369.88958997343
118369.88958997343
118369.64037311406
118370.64377272813
118373.1435677184
118372.53633733292
118372.53633733292
118372.53633733292
118371.77077715745
118369.02723060989
118369.02723060989
118369.02723060989
118369.02723060989
118362.70228411333
118369.0064885494
118369.0064885494
118369.0064885494
118346.6835430765
118339.24803224708
118286.11052966688
118287.4008172254
118287.4008172254
118287.4008172254
118287.15351936343
118287.15351936343
118281.09853178676
118281.09853178676
118279.41933321608
118279.41933321608
118279.41933321608
118279.6910462115
118279.6910462115
118279.6910462115
118279.6910462115
118279.6910462115
118279.12824465678
118279.81198988893
118279.81198988893
118279.10573765528
118279.10573765528
118276.42218879734
118276.42218879734
118276.21234380217
118276.21234380217
118276.21234380217
118271.36155036524
118272.59293550212
118275.02044010568
118277.74984010817
118275.54202892096
118274.62662056414
118272.87612771876
118273.08597271392
118273.08597271392
118273.08597271392
118234.219703743
118234.219703743
118232.67966503493
118232.67966503493
118232.83496948893
118232.83496948893
118231.70121053285
118219.62896388365
118207.59608003299
118207.59608003299
118207.59608003299
118207.59608003299
118207.38623503782
118205.47063882434
118204.81808324848
118204.81808324848
118204.81808324848
118204.81808324848
118142.49893109316
118141.85593573381
118141.85593573381
118141.85593573381
118141.85593573381
118141.85593573381
118142.70198960311
118142.70198960311
118141.96964572198
118141.96964572198
118122.82300208676
118122.82300208676
118121.23974393935
118121.23974393935
118114.65959047938
118097.1678242403
118097.1678242403
118097.1678242403
118093.09867097635
118090.73521881075
118090.73521881075
118084.12813401746
118084.12813401746
118080.39852002898
118062.54053911418
118062.54053911418
118057.15841954625
118057.15841954625
118057.15841954625
118057.36826454142
118055.51101914825
118001.13519593663
117997.4523947628
117994.21399475582
117962.6495820455
117952.69667748109
117952.69667748109
117946.72436660335
117946.72436660335
117946.72436660335
117949.01415557321
117949.01415557321
117947.2611744351
117947.2611744351
117947.9702240497
117919.70009136261
117919.94738922454
117901.3487317928
117901.3487317928
117900.98821703243
117898.33787636796
117887.36184501767
117882.27003970035
117873.29075151072
117873.29075151072
117876.0548887669
117876.0548887669
117876.16727978844
117876.16727978844
117872.74071328412
117870.57346075907
117870.57346075907
117870.90168049504
117870.90168049504
117870.90168049504
117870.90168049504
117869.94568467721
117868.56446903669
117868.56446903669
117868.56446903669
117868.56446903669
117868.56446903669
117868.56446903669
117868.56446903669
117870.47275462879
117871.85397026931
117871.85397026931
117872.80996608714
117872.80996608714
117872.80996608714
117872.80996608714
117872.17875458437
117872.17875458437
117872.17875458437
117870.42577344624
117869.46977762842
117869.46977762842
117868.20201357291
117867.99216857774
117867.99216857774
117865.83987442548
117864.45865878498
117864.45865878498
117864.45865878498
117864.45865878498
117864.45865878498
117861.6945215288
117861.95419559727
117861.95419559727
117851.37684316604
117851.26445214447
117851.26445214447
117851.26445214447
117851.26445214447
117851.97350175909
117852.18334675426
117852.18334675426
117851.97350175907
117849.94591171686
117849.68623764839
117849.68623764839
117849.68623764839
117849.68623764839
117851.34169033568
117836.74529336687
117836.74529336687
117836.74529336687
117836.74529336687
117836.85768438841
117839.02555333605
117837.37880726029
117837.37880726029
117837.37880726029
117837.37880726029
117837.26641623874
117833.1005429777
117833.1005429777
117833.1005429777
117830.91352187065
117824.47791889838
117826.5915893731
117826.5915893731
117826.5915893731
117826.5915893731
117827.11190070698
117825.45644801969
117827.10319409544
117817.23452869311
117817.44437368831
117816.92406235442
117816.92406235442
117816.71421735924
117816.71421735924
117816.71421735924
117816.71421735924
117816.71421735924
117816.34151359128
117806.26465325983
117802.50423670936
117802.50423670936
117802.50423670936
117802.50423670936
117802.87694047732
117802.87694047732
117802.87694047732
117802.87694047732
117792.36582916556
117793.204481676
117793.204481676
117791.69772836054
117791.69772836054
117791.69772836054
117791.74755743383
117791.74755743383
117791.74755743383
117791.74755743383
117791.74755743383
117781.02767924705
117781.02767924705
117787.46328221931
117787.46328221931
117787.46328221931
117787.46328221931
117786.26752412727
117786.26752412727
117786.26752412727
117790.5407615753
117790.5407615753
117790.5407615753
117790.5407615753
117790.5407615753
117786.65011428582
117786.65011428582
117787.7554818402
117787.7554818402
117787.96532683536
117787.96532683536
117787.96532683536
117787.96532683536
117787.96532683536
117772.26879087847
117772.26879087847
117772.26879087847
117772.05894588331
117772.2687908785
117773.47085882991
117773.47085882991
117754.42284101056
117754.42284101056
117755.89152846462
117755.89152846462
117755.89152846462
117755.89152846462
117755.68168346945
117755.68168346945
117755.89152846464
117755.89152846464
117755.89152846464
117755.89152846464
117754.47961551804
117757.86081109534
117757.86081109534
117757.86081109534
117757.86081109534
117757.65096610016
117756.96427586916
117756.96427586916
117758.61779817875
117758.61779817875
117758.82764317392
117756.03868071653
117756.03868071653
117756.03868071653
117756.65316463774
117756.65316463774
117756.65316463774
117756.65316463774
117756.65316463774
117756.65316463774
117756.65316463774
117756.65316463774
117756.65316463774
117756.65316463774
117758.33236320844
117758.33236320844
117762.37952664857
117758.99833107126
117758.99833107126
117758.80559113198
117759.05288899393
117759.05288899393
117756.91654756611
117756.08202070766
117756.08202070766
117756.08202070766
117758.26904181472
117758.26904181472
117758.26904181472
117758.26904181472
117758.26904181472
117758.26904181472
117758.26904181472
117758.26904181472
117758.26904181472
117758.80042759169
117758.80042759169
117760.03409906787
117758.71784411918
117758.50799912399
117758.50799912399
117758.50799912399
117758.50799912399
117758.50799912399
117758.50799912399
117756.73544438073
117756.94528937593
117754.54384526565
117754.54384526565
117729.07806885616
117726.89104774912
117726.89104774912
117726.89104774912
117729.36021199203
117727.76627426854
117727.76627426854
117724.56983432207
117724.56983432207
117724.56983432207
117724.81713218402
117723.82323071652
117723.82323071652
117723.82323071652
117721.8967342839
117721.8967342839
117721.8967342839
117721.8967342839
117721.8967342839
117721.8967342839
117721.8967342839
117721.8967342839
117724.47153885369
117724.47153885369
117724.47153885369
117703.88092865622
117703.88092865622
117703.88092865622
117703.88092865622
117703.88092865622
117705.36275623926
117704.53317544304
117704.53317544304
117704.7928495115
117704.7928495115
117704.7928495115
117704.7928495115
117704.7928495115
117704.7928495115
117704.7928495115
117704.65995587368
117704.65995587368
117704.65995587368
117704.65995587368
117704.65995587368
117704.65995587368
117704.65995587368
117704.45011087849
117704.45011087849
117706.03344595549
117706.03344595549
117706.03344595549
117705.77238618943
117705.98223118462
117705.98223118462
117706.48907868264
117706.48907868264
117706.48907868264
117706.48907868264
117706.27923368747
117706.27923368747
117706.27923368747
117706.27923368747
117691.57930153287
117691.57930153287
117691.57930153287
117691.57930153287
117691.57930153287
117691.57930153287
117691.57930153287
117691.57930153287
117691.57930153287
117691.57930153287
117682.81667319631
117682.81667319631
117682.81667319631
117683.07634726478
117660.54904355394
117660.70434800794
117660.70434800794
117660.70434800794
117661.06486276831
117654.75071200254
117654.75071200254
117654.75071200254
117654.75071200254
117654.75071200254
117657.5286305669
117659.6649719947
117659.6649719947
117665.00948464836
117665.00948464836
117665.00948464836
117664.7498105799
117665.14505111627
117665.14505111627
117663.00870968844
117663.00870968844
117613.04126252336
117613.04126252336
117596.886448389
117547.10742020764
117547.10742020764
117547.10742020764
117547.10742020764
117547.10742020764
117546.49886769647
117538.87996372281
117500.21635261306
117499.97359036049
117499.97359036049
117499.97359036049
117499.97359036049
117499.97359036049
117456.09935730073
117456.76597243699
117455.19214347476
117375.63187876856
117372.38489262263
117338.12831554827
117338.12831554827
117338.12831554827
117338.12831554827
117131.42407239604
117131.21422740087
117131.21422740087
117131.21422740087
117131.21422740087
117131.21422740087
117131.21422740087
117131.21422740087
117131.21422740087
117128.30160292436
117128.30160292436
117125.53333285837
117125.53333285837
117125.53333285837
117099.4441694868
117099.4441694868
117098.64748631834
117060.11768937227
117046.15537081473
117046.15537081473
117044.02526189678
117044.23821500727
117044.44806000244
117029.14333305087
117026.21910530006
117021.87576384169
117021.87576384169
117021.87576384169
117021.87576384169
117008.45922987076
116949.80163776386
116949.80163776386
116931.93172591712
116931.80494548648
116936.19057433368
116932.440751672
116913.08265295919
116913.29249795436
116913.29249795436
116911.57629724275
116908.33640811311
116905.79816282325
116905.79816282325
116905.79816282325
116901.18911465947
116901.18911465947
116901.39895965467
116901.39895965467
116901.39895965467
116897.15946301725
116897.15946301725
116897.15946301725
116897.15946301725
116897.15946301725
116897.15946301725
116897.15946301725
116895.73438196488
116895.73438196488
116895.73438196488
116895.5245369697
116895.65131740033
116895.65131740033
116895.65131740033
116895.2475330864
116895.2475330864
116895.2475330864
116895.2475330864
116895.2475330864
116895.2475330864
116895.2475330864
116895.2475330864
116874.29676587545
116874.29676587545
116874.29676587545
116867.13674962925
116867.13674962925
116867.13674962925
116867.13674962925
116867.13674962925
116873.13358068775
116854.52484534676
116854.52484534676
116854.52484534676
116835.95773307688
116835.95773307688
116835.95773307688
116835.95773307688
116835.95773307688
116835.95773307688
116812.13223817188
116811.97693371787
116811.97693371787
116811.97693371787
116811.97693371787
116811.97693371787
116800.68598268417
116800.68598268417
116800.68598268417
116767.82318758509
116746.264490073
116746.264490073
116749.11666435757
116737.38367770743
116737.78746202137
116718.94286366274
116718.94286366274
116695.19693122449
116691.34097916765
116691.34097916765
116691.34097916765
116691.34097916765
116691.34097916765
116691.34097916765
116691.34097916765
116691.34097916765
116691.34097916765
116697.42062813672
116697.42062813672
116655.28925327318
116655.28925327318
116655.28925327318
116639.31865436933
116639.31865436933
116639.3481444891
116639.3481444891
116639.3481444891
116636.6483894306
116636.38871536215
116630.09922139789
116630.09922139789
116625.47167389494
116625.47167389494
116625.47167389494
116582.4715217581
116582.4715217581
116582.4715217581
116582.4715217581
116582.4715217581
116578.00607296926
116575.30074982412
116575.75902843954
116575.75902843954
116575.72953831978
116575.72953831978
116575.72953831978
116577.86587974758
116572.11779642814
116572.11779642814
116572.63920371185
116572.63920371185
116572.63920371185
116572.63920371185
116570.52022354715
116568.38388211935
116566.46803179686
116566.46803179686
116566.46803179686
116563.92921135345
116563.92921135345
116563.92921135345
116563.92921135345
116563.92921135345
116566.33685260825
116566.33685260825
116566.33685260825
116564.40725327816
116564.40725327816
116556.66557865743
116556.66557865743
116556.66557865743
116553.26532505862
116553.05548006344
116549.39391853384
116549.39391853384
116549.39391853384
116549.54922298784
116549.54922298784
116549.54922298784
116549.54922298784
116549.54922298784
116549.54922298784
116544.85767906412
116544.83054431164
116544.83054431164
116544.83054431164
116544.83054431164
116544.83054431164
116544.83054431164
116544.83054431164
116544.83054431164
116544.83054431164
116544.83054431164
116544.83054431164
116544.83054431164
116544.83054431164
116536.05766521613
116530.0026096674
116530.0026096674
116530.0026096674
116530.25939370708
116530.25939370708
116521.9300370356
116521.9300370356
116505.12030049087
116505.12030049087
116505.12030049087
116505.33014548606
116505.12030049087
116505.38748022319
116507.25664191869
116507.25664191869
116504.01997996171
116504.01997996171
116499.18543373956
116499.18543373956
116499.5369767836
116499.5369767836
116499.28967892163
116499.28967892163
116499.28967892163
116497.91810196766
116497.91810196766
116496.23890339697
116496.39420785097
116493.46849108374
116493.46849108374
116486.80843095275
116486.80843095275
116486.80843095275
116486.80843095275
116482.01602128787
116482.01602128787
116484.50330576808
116484.50330576808
116482.8241071974
116482.8241071974
116482.8241071974
116482.01602128787
116482.01602128787
116482.01602128787
116482.01602128787
116482.01602128787
116459.6017504423
116459.6017504423
116459.6017504423
116461.35329506823
116461.35329506823
116461.35329506823
116461.35329506823
116461.35329506823
116407.89434646093
116407.89434646093
116407.5685858324
116406.275279992
116406.275279992
116406.275279992
116403.09896154783
116403.09896154783
116403.09896154783
116403.09896154783
116403.30880654303
116403.30880654303
116405.46743290976
116405.46743290976
116409.54407407268
116395.37482204966
116387.30842813144
116387.30842813144
116386.59173563821
116386.80158063342
116386.80158063342
116386.80158063342
116386.80158063342
116386.80158063342
116386.80158063342
116380.32904201109
116380.32904201109
116380.32904201109
116373.19085772269
116373.19085772269
116373.19085772269
116373.76394441744
116373.76394441744
116373.76394441744
116373.76394441744
116354.54296744349
116360.20381448232
116360.20381448232
116360.20381448232
116360.20381448232
116342.88137648966
116342.88137648966
116342.15298534092
116311.0908147658
116305.27665188162
116305.41320793887
116290.8984236119
116290.8984236119
116284.05834366649
116283.84849867129
116283.84849867129
116283.84849867129
116284.05834366649
116284.05834366649
116284.05834366649
116288.85550199867
116288.85550199867
116288.85550199867
116288.85550199867
116295.74164336918
116295.74164336918
116294.10916417315
116293.90109357773
116293.90109357773
116270.01079480999
116270.01079480999
116270.01079480999
116268.1998456313
116268.1998456313
116268.1998456313
116268.1998456313
116256.70615064568
116256.70615064568
116256.86145509969
116256.86145509969
116256.86145509969
116256.86145509969
116256.86145509969
116256.86145509969
116256.86145509969
116256.86145509969
116257.58984624842
116257.97913175871
116257.97913175871
116257.97913175871
116256.33843322797
116256.33843322797
116256.33843322797
116256.33843322797
116255.94914771768
116255.94914771768
116255.94914771768
116253.406665712
116253.406665712
116253.406665712
116257.42264700841
116257.42264700841
116257.42264700841
116257.42264700841
116256.91579951039
116256.91579951039
116256.91579951039
116252.89981821398
116250.97332178133
116250.97332178133
116250.76347678615
116250.76347678615
116250.76347678615
116250.76347678615
116250.76347678615
116251.15276229643
116251.44632308211
116251.44632308211
116251.44632308211
116252.56842509042
116252.56842509042
116252.56842509042
116253.00330582235
116253.00330582235
116252.79346082718
116252.79346082718
116252.79346082718
116252.98889385158
116244.0690903948
116243.67980488452
116243.67980488452
116243.67980488452
116243.67980488452
116243.67980488452
116243.67980488452
116243.88964987971
116243.88964987971
116244.27893538999
116244.27893538999
116242.63823685923
116242.42839186406
116242.09445536282
116242.09445536282
116242.09445536282
116242.09445536282
116242.09445536282
116242.09445536282
116242.09445536282
116242.09445536282
116241.89902233842
116241.89902233842
116241.89902233842
116241.89902233842
116238.73367396096
116238.73367396096
116218.11747513988
116218.11747513988
116218.11747513988
116218.11747513988
116218.11747513988
116218.45141164112
116218.45141164112
116218.45141164112
116218.7110857096
116218.7110857096
116218.7110857096
116218.5012407144
116218.5012407144
116218.5012407144
116218.5012407144
116218.5012407144
116218.5012407144
116218.5012407144
116218.5012407144
116218.5012407144
116218.5012407144
116218.5012407144
116218.71108570958
116218.71108570958
116218.71108570958
116218.71108570958
116218.71108570958
116218.88927315047
116218.88927315047
116218.88927315047
116218.88927315047
116218.88927315047
116218.88927315047
116219.81307025925
116219.65776580526
116219.90506366719
116217.76872223939
116217.76872223939
116217.76872223939
116217.97856723456
116217.97856723456
116217.97856723456
116217.5892817243
116219.98538171694
116221.48639284674
116220.73099138484
116220.73099138484
116220.47131731638
116218.79211874568
116218.79211874568
116218.79211874568
116218.97030618657
116218.97030618657
116223.4713073316
116215.81488298198
116215.81488298198
116215.81488298198
116215.81488298198
116215.81488298198
116215.81488298198
116215.81488298198
116215.81488298198
116215.81488298198
116215.6050379868
116215.6050379868
116215.6050379868
116208.3025725284
116208.3025725284
116208.3025725284
116208.3025725284
116208.3025725284
116208.3025725284
116208.69185803867
116208.69185803867
116193.08311609711
116193.08311609711
116193.08311609711
116193.29296109229
116193.44826554628
116196.47100700554
116191.89746710713
116189.86818743873
116189.86818743873
116189.86818743873
116191.64074218197
116191.64074218197
116191.64074218197
116188.10734799375
116188.10734799375
116191.2524632704
116191.2524632704
116189.47990852715
116189.47990852715
116189.47990852715
116189.68975352234
116189.68975352234
116189.72470785055
116189.72470785055
116179.29849948587
116175.19847823033
116175.19847823033
116174.98863323516
116174.98863323516
116174.98863323516
116174.59934772487
116174.59934772487
116174.59934772487
116174.85720143077
116174.85720143077
116174.85720143077
116160.10014552408
116160.95242432739
116164.00175383111
116163.33885168814
116163.33885168814
116162.48657288481
116162.22871917891
116162.48657288481
116162.48657288481
116163.35932002298
116163.35932002298
116164.11069320858
116164.11069320858
116166.2470346364
116166.2470346364
116165.28581645561
116165.28581645561
116165.28581645561
116165.28581645561
116165.28581645561
116165.28581645561
116165.28581645561
116166.04121791752
116166.04121791752
116166.04121791752
116165.79392005557
116165.03851859368
116157.03941717098
116133.20494925251
116133.45224711446
116133.45224711446
116131.31590568664
116131.52575068183
116131.01890318381
116130.50031014878
116130.50031014878
116130.50031014878
116130.50031014878
116130.50031014878
116132.54030588265
116132.33046088748
116102.56302613621
116102.56302613621
116070.32527248138
116070.32527248138
116060.53315605603
116059.87370405954
116059.87370405954
116060.62910552144
116060.62910552144
116050.47093485694
116050.47093485694
116050.0880619721
116050.29790696726
116050.29790696726
116050.29790696726
116050.08806197208
116050.08806197208
116050.08806197208
116050.08806197208
116050.08806197208
116050.29790696726
116050.29790696726
116050.29790696726
116052.64619273428
116052.64619273428
116052.64619273428
116052.64619273428
116052.64619273428
116052.64619273428
116054.50221426587
116054.50221426587
116054.50221426587
116053.74681280396
116053.74681280396
116053.74681280396
116053.74681280396
116053.74681280396
116053.74681280396
116053.74681280396
116053.74681280396
116053.74681280396
116053.74681280396
116055.50119293804
116055.50119293804
116055.50119293804
116053.5369678088
116053.74681280398
116053.53696780879
116053.53696780879
116053.53696780879
116053.53696780879
116053.53696780879
116053.2791141029
116053.2791141029
116053.2791141029
116052.59668766754
116052.59668766754
116052.59668766754
116052.59668766754
116052.59668766754
116053.2791141029
116053.65986348511
116053.53696780879
116053.74681280398
116053.74681280398
116053.74681280398
116054.52366085985
116054.52366085985
116054.52366085985
116054.52366085985
116054.52366085985
116054.52366085985
116054.52366085985
116054.52366085985
116054.52366085985
116054.52366085985
116054.60436853813
116054.60436853813
116052.66763932823
116051.52153628349
116051.52153628349
116051.52153628349
116051.31169128831
116051.57887102063
116051.57887102063
116031.09722089466
116033.08905877646
116032.84176091451
116032.84176091451
116032.84176091451
116032.84176091451
116035.04024287645
116035.28692861693
116035.28692861693
116035.21363967896
116035.21363967896
116035.21363967896
116035.21363967896
116035.21363967896
116035.21363967896
116031.86346751204
116031.2495074697
116032.0953079158
116029.70293515953
116029.70293515953
116029.70293515953
116029.70293515953
116029.95023302147
116029.95023302147
116033.15836387721
116033.15836387721
116033.15836387721
116031.02202244938
116031.23186744456
116031.23186744456
116031.23186744456
116031.23186744456
116031.23186744456
116031.23186744456
116030.72501994653
116030.72501994653
116030.72501994653
116030.72501994653
116030.72501994653
116030.72501994653
116030.72501994653
116030.72501994653
116030.72501994653
116030.72501994653
116030.72501994653
116030.72501994653
116030.72501994653
116030.72501994653
116030.72501994653
116030.72501994653
116030.72501994653
116031.48042140844
116031.48042140844
116017.24382722017
116014.03569636443
116014.03569636443
116014.2953704329
116014.2953704329
116014.2953704329
116014.2953704329
116014.2953704329
116014.2953704329
116014.2953704329
116014.2953704329
116014.2953704329
116013.95641748482
116013.95641748482
115998.30361106843
115998.30361106843
115998.30361106843
115998.30361106843
115998.28553404743
115998.79238154544
115998.79238154544
115998.79238154544
115998.79238154544
115998.79238154544
115998.79238154544
115998.79238154544
115998.94768599945
115998.94768599945
115998.73784100427
115998.73784100427
115999.00502073657
115999.00502073657
115999.00502073657
116001.1413621644
115998.92712995037
116001.3551096561
116001.3551096561
116001.10781179415
116001.10781179415
116001.10781179415
116001.10781179415
116001.10781179415
116001.3551096561
116001.3551096561
116001.3551096561
116001.3551096561
116001.10781179417
115999.42861322346
115999.42861322346
115999.69579295577
115999.69579295577
115999.69579295577
115997.87449161768
115997.87449161768
115996.33904862788
115995.92232834062
115995.92232834062
115995.92232834062
115995.65514860829
115995.65514860829
115995.65514860829
115995.6732256293
115995.6732256293
115995.6732256293
115995.6732256293
115995.6732256293
115995.6732256293
115995.6732256293
115995.6732256293
115995.6732256293
115995.6732256293
115996.48668670966
115995.19297850551
115995.46015823781
115995.46015823781
115995.46015823781
115995.46015823781
115995.46015823781
115995.46015823781
115995.46015823781
115995.46015823781
115995.25031324264
115995.25031324264
115994.7434657446
115994.7434657446
115994.7434657446
115985.22045116255
115984.67489469584
115984.67489469584
115984.11037298772
115985.0715911685
115985.0715911685
115985.0715911685
115984.80441143618
115984.80441143618
115984.80441143618
115984.80441143618
115984.80441143618
115984.80441143618
115984.80441143618
115984.54473736772
115984.54473736772
115984.54473736772
115988.74353725673
115988.594542389
115988.594542389
115954.31392709802
115954.31392709802
115954.31392709802
115954.31392709802
115950.11512720902
115950.11512720902
115951.79432577972
115950.11512720902
115950.11512720902
115950.11512720902
115950.11512720902
115950.11512720902
115950.11512720902
115950.11512720902
115950.11512720902
115950.11512720902
115950.11512720902
115950.11512720902
115950.11512720902
115950.11512720902
115949.15390902825
115949.15390902825
115949.15390902825
115948.57203932834
115948.57203932834
115948.36219433314
115948.36219433314
115949.28576211844
115949.49560711363
115949.49560711363
115949.49560711363
115949.28576211844
115949.28576211844
115949.49560711363
115949.49560711363
115949.49560711363
115948.86904183117
115948.86904183117
115948.86904183117
115948.86904183117
115948.86904183117
115948.86904183117
115948.86904183117
115952.41057110095
115949.0180366989
115949.0180366989
115949.22788169407
115949.0180366989
115949.0180366989
115949.0180366989
115949.0180366989
115949.0180366989
115949.0180366989
115949.0180366989
115942.9807441113
115942.9807441113
115942.9807441113
115942.9807441113
115942.9807441113
115942.9807441113
115945.07909136245
115945.07909136245
115945.07909136245
115945.07909136245
115943.39989279179
115943.39989279179
115943.39989279179
115943.39989279179
115943.39989279179
115942.68320029858
115942.68320029858
115942.68320029858
115942.68320029858
115942.68320029858
115942.68320029858
115942.68320029858
115942.68320029858
115942.89304529375
115942.89304529375
115943.39989279177
115945.07909136245
115945.07909136245
115945.07909136245
115945.07909136245
115946.32855863485
115946.32855863485
115946.58823270333
115946.58823270333
115946.58823270333
115946.58823270333
115946.58823270333
115946.58823270333
115946.58823270333
115946.58823270333
115947.17010240324
115947.17010240324
115946.83553056527
115946.83553056527
115946.83553056527
115946.83553056527
115946.83553056527
115946.83553056527
115946.83553056527
115946.58823270333
115946.58823270333
115946.58823270333
115946.58823270333
115946.58823270333
115946.83553056527
115946.83553056527
115946.58823270332
115946.32868306724
115944.19234163943
115944.40218663462
115946.7945593909
115946.7945593909
115946.7945593909
115946.7945593909
115946.7945593909
115946.7945593909
115946.58525570559
115946.58525570559
115946.58525570559
115945.12594343802
115945.12594343802
115945.12594343802
115945.12594343802
115945.12594343802
115945.12594343802
115945.12594343802
115945.12594343802
115945.12594343802
115945.3357884332
115945.3357884332
115945.3357884332
115945.12594343803
115944.86626936955
115944.86626936955
115944.86626936955
115944.86626936955
115944.86626936955
115945.07611436473
115947.00261079735
115947.00261079735
115944.86626936955
115944.86626936955
115948.4522895826
115948.4522895826
115948.66213457777
115948.66213457777
115948.66213457777
115948.66213457777
115948.4522895826
115948.4522895826
115948.4522895826
115948.4522895826
115948.4522895826
115949.87936697979
115916.62927269615
115916.62927269615
115916.62927269615
115916.62927269615
115916.62927269615
115914.57660782471
115914.36676282954
115914.36676282954
115914.57660782471
115914.36676282954
115914.57660782473
115914.57660782473
115912.18423506845
115912.18423506845
115912.18423506845
115912.18423506845
115912.18423506845
115912.18423506845
115912.18423506845
115912.18423506845
115912.18423506845
115912.18423506845
115912.18423506845
115912.18423506845
115912.18423506845
115912.18423506845
115912.18423506845
115912.18423506845
115912.18423506845
115912.18423506845
115912.18423506845
115912.18423506845
115912.18423506845
115912.18423506845
115912.18423506845
115912.18423506845
115915.41151660033
115915.41151660033
115915.41151660033
115915.41151660033
115915.41151660033
115915.41151660033
115915.41151660033
115915.41151660033
115915.41151660033
115915.41151660033
115916.66098387272
115916.66098387272
115916.92816360501
115916.92816360501
115916.92816360501
115916.92816360501
115916.92816360501
115916.92816360501
115916.92816360501
115916.92816360501
115916.92816360501
115916.92816360501
115916.92816360501
115916.92816360501
115916.92816360501
115921.10068603561
115921.10068603561
115884.97328145168
115884.97328145168
115884.97328145168
115884.97328145168
115884.97328145168
115881.74599991979
115881.5906954658
115881.5906954658
115881.5906954658
115881.5906954658
115881.5906954658
115881.5906954658
115881.5906954658
115870.66390486795
115870.66390486795
115870.22718905521
115870.22718905521
115870.4370340504
115870.4370340504
115870.4370340504
115870.4370340504
115875.99530101728
115875.99530101728
115875.99530101728
115875.99530101728
115875.99530101728
115875.99530101728
115875.99530101728
115875.99530101728
115875.99530101728
115875.99530101728
115875.72812128498
115875.72812128498
115874.51702645165
115874.30718145648
115874.51702645165
115874.51702645165
115874.77670052013
115875.75283418136
115875.75283418136
115875.75283418136
115875.75283418136
115875.75283418136
115875.75283418136
115875.75283418136
115875.75283418136
115875.75283418136
115875.75283418136
115875.75283418136
115875.75283418136
115876.6622899001
115876.6622899001
115876.6622899001
115876.45244490489
115876.45244490489
115876.45244490489
115876.45244490489
115876.45244490489
115876.45244490489
115876.45244490489
115876.24314121959
115876.45298621478
115876.45298621478
115876.45298621478
115876.45244490489
115876.45244490489
115876.45244490489
115876.45244490489
115874.68991350324
115874.68991350324
115874.68991350324
115874.68991350324
115874.68991350324
115874.68991350324
115874.68991350324
115870.51907724144
115870.30923224625
115870.30923224625
115870.30923224625
115870.30923224625
115870.30923224625
115838.29178803685
115838.29178803685
115838.3650769748
115838.3650769748
115838.3650769748
115838.3650769748
115838.3650769748
115838.3650769748
115838.3650769748
115838.3650769748
115838.57492197
115838.3650769748
115835.1337756219
115835.06048668394
115835.06048668394
115835.06048668394
115835.06048668394
115835.06048668394
115835.06048668394
115835.06048668394
115834.15103096522
115836.72835738948
115836.72835738948
115836.72835738948
115836.93820238467
115836.93820238467
115835.68873511227
115835.68873511227
115835.68873511227
115833.29636235599
115833.08651736079
115833.08651736079
115833.08651736079
115833.08651736079
115835.89322233619
115835.89322233619
115835.89322233619
115835.89322233619
115835.89322233619
115835.89322233619
115835.89322233619
115835.21625872861
115835.21571741875
115835.21571741875
115835.21571741875
115835.21571741875
115835.21571741875
115830.27517746593
115830.27517746593
115830.27517746593
115830.27517746593
115830.27517746593
115830.27517746593
115830.48502246109
115830.48502246109
115830.48502246109
115830.48502246109
115830.48502246109
115830.27517746591
115830.27517746591
115832.41151889373
115832.16422103177
115832.16422103177
115832.41151889373
115832.41151889373
115832.41151889373
115832.41151889373
115832.41151889373
115831.90454696331
115831.90454696331
115835.29669562561
115835.29669562561
115834.70652427153
115834.70652427153
115834.70652427153
115834.90368293325
115834.90368293325
115834.90368293325
115834.90368293325
115834.90368293325
115834.90368293325
115834.90368293325
115834.90368293325
115834.90368293325
115835.15098079518
115836.95290947953
115837.22008921183
115837.22008921183
115837.22008921183
115837.22008921183
115835.03051262563
115835.03051262563
115835.03051262563
115834.78321476368
115834.02744830883
115834.02744830883
115834.02744830883
115834.61761966292
115834.61761966292
115834.61761966292
115834.86491752487
115834.86491752487
115834.27474617079
115834.27474617079
115834.27474617079
115834.16287089247
115834.16287089247
115832.02652946467
115832.29370919697
115832.29370919697
115832.29370919697
115834.8443519579
115835.05419695308
115835.05419695308
115835.18596814203
115835.18596814203
115835.44564221048
115786.04849132335
115786.04849132335
115786.04849132335
115780.46304930301
115780.46304930301
115780.46304930301
115780.46304930301
115779.32461053698
115779.50911630414
115779.50911630414
115779.32461053698
115779.32461053698
115779.53445553215
115779.53445553215
115779.16930608297
115779.16930608297
115779.16930608297
115779.16930608297
115779.16930608297
115779.16930608297
115777.91983881059
115778.12968380576
115778.12968380576
115778.12968380576
115778.12968380576
115778.28498825975
115778.28498825975
115778.28498825975
115778.28498825975
115778.49429194507
115778.49429194507
115778.49429194507
115778.49429194507
115778.67879771223
115778.67879771223
115778.67879771223
115778.67879771223
115778.67879771223
115778.67879771223
115778.67879771223
115778.67879771223
115778.67879771223
115778.41912364376
115778.41912364376
115781.10102153831
115781.10102153831
115781.10102153831
115781.10102153831
115781.10102153831
115781.10102153831
115781.10102153831
115781.10102153831
115781.10102153831
115780.85372367637
115780.85372367637
115780.85372367637
115780.85372367637
115780.85372367637
115780.85372367637
115780.85372367637
115780.85372367637
115780.85372367637
115780.85372367637
115780.85372367637
115780.85372367637
115782.99467939988
115783.77378296704
115783.77378296704
115784.02108082897
115784.02108082897
115785.54633771026
115783.86713913959
115783.86713913959
115783.59734187144
115783.59734187144
115783.59734187144
115783.59734187144
115783.59734187144
115783.59734187144
115783.59734187144
115783.59734187144
115783.59734187144
115783.59734187144
115784.18751322554
115783.97766823035
115784.18751322554
115781.04719050066
115781.04719050066
115781.04719050066
115781.03555962164
115780.82571462647
115780.82571462647
115781.08538869493
115781.08538869493
115776.75413733975
115776.76576821876
115776.76576821876
115776.97561321393
115776.97561321393
115776.76576821876
115779.68945911885
115779.89930411402
115779.89930411402
115779.68945911885
115779.68945911885
115779.17720148046
115779.17720148046
115779.17720148046
115781.31354290829
115781.31354290829
115781.31354290829
115781.31354290829
115781.31354290829
115781.31354290829
115781.31354290829
115781.31354290829
115781.31354290829
115781.31354290829
115780.61585236134
115781.12810999973
115781.12810999973
115778.9917685719
115778.9917685719
115778.9917685719
115778.9917685719
115781.12810999973
115780.88081213777
115780.88081213777
115780.88081213777
115780.88081213777
115780.88081213777
115780.88081213777
115780.88081213777
115780.88081213777
115780.88081213777
115780.88081213777
115780.88081213777
115780.88081213777
115781.12810999973
115781.12810999973
115778.9917685719
115778.8364641179
115778.8364641179
115778.8364641179
115778.8364641179
115778.8364641179
115784.108289553
115781.77184338908
115786.10309474426
115786.10309474426
115786.10309474426
115786.10309474426
115786.10309474426
115786.10309474426
115786.10309474426
115780.45386956818
115776.122618213
115776.122618213
115776.122618213
115776.122618213
115775.86294414452
115775.86294414452
115775.65309914935
115775.65309914935
115775.65309914935
115775.65309914935
115775.65309914935
115775.65309914935
115775.65309914935
115775.65309914935
115775.65309914935
115775.65309914935
115775.64146827035
115775.64146827035
115775.64146827035
115775.64146827035
115775.64146827035
115775.64146827035
115775.8513132655
115775.8513132655
115775.64146827035
115775.64146827035
115775.85131326552
115775.85131326552
115775.64146827035
115775.64146827035
115775.64146827035
115775.64146827035
115775.64146827035
115775.64146827035
115775.85131326552
115776.44148461962
115776.44148461962
115776.44148461962
115776.23163962443
115776.23163962443
115776.23163962443
115776.23163962443
115776.23163962443
115776.24327050343
115779.09205061803
115779.24735507203
115779.24735507203
115779.24735507203
115779.24735507203
115779.23572419301
115779.23572419301
115779.23572419301
115779.23572419301
115779.23572419301
115779.44556918819
115779.84463099134
115779.84463099134
115779.84463099134
115779.84463099134
115779.84463099134
115779.84463099134
115779.84463099134
115779.84463099134
115779.63478599617
115779.63478599617
115779.63478599617
115779.63478599617
115779.63478599617
115779.84463099134
115779.84463099134
115779.84463099134
115779.84463099134
115779.84463099134
115779.84463099134
115779.84463099134
115779.84463099134
115779.84463099134
115779.84463099134
115779.63478599617
115779.63478599617
115779.63478599617
115779.63478599617
115779.63478599617
115779.63478599617
115779.63478599617
115779.63478599617
115779.63478599617
115778.50098797276
115778.50098797276
115778.50098797276
115778.50098797276
115778.50098797276
115778.50098797276
115778.48032273113
115778.48032273113
115778.48032273113
115777.53051817481
115777.53051817481
115776.94034682072
115776.94034682072
115777.9015650015
115777.52316844
115779.5267969482
115779.5267969482
115779.5267969482
115779.5267969482
115779.5267969482
115779.5267969482
115779.5267969482
115779.5267969482
115780.53582888318
115780.53582888318
115780.53582888318
115782.35615685402
115782.35615685402
115782.35615685402
115780.35252834583
115780.35252834583
115781.52765159286
115782.12774860076
115781.88045073881
115781.88045073881
115779.99140717294
115779.99140717294
115779.99140717294
115779.99140717294
115782.71485634346
115782.71485634346
115782.92470133863
115783.19008600521
115783.19008600521
115783.5415011409
115783.5415011409
115783.5415011409
115783.5415011409
115783.5415011409
115783.7513461361
115783.7513461361
115783.7513461361
115783.7513461361
115783.7513461361
115783.7513461361
115783.7513461361
115783.5415011409
115783.5415011409
115787.32204940161
115787.32204940161
115787.32204940161
115787.11220440641
115787.11220440641
115786.35680294452
115766.77856834137
115773.35881018292
115771.22246875509
115771.22246875509
115771.22246875509
115771.22246875509
115771.22246875509
115771.43231375028
115770.22793057421
115770.22793057421
115770.22793057421
115768.72952641579
115768.72952641579
115768.88483086978
115768.88483086978
115768.88483086978
115768.88483086978
115768.88483086978
115768.88483086978
115768.88483086978
115765.31412760427
115765.31412760427
115765.31412760427
115765.1042826091
115765.1042826091
115765.09265173011
115765.1042826091
115765.1042826091
115765.1042826091
115765.1042826091
115765.1042826091
115765.1042826091
115765.09265173011
115765.31412760427
115765.31412760427
115766.40315482086
115764.72395625018
115764.72395625018
115764.72395625018
115764.72395625018
115764.72395625018
115764.514111255
115764.514111255
115764.514111255
115764.514111255
115764.89250781652
115764.89250781652
115765.64790927843
115765.64790927843
115765.64790927843
115765.64790927843
115765.85775427359
115765.85775427359
115765.85775427359
115765.85775427359
115768.70653438818
115768.70653438818
115768.70653438818
115768.70653438818
115768.70653438818
115768.70653438818
115768.70653438818
115768.70653438818
115768.49668939301
115768.49668939301
115768.49668939301
115768.70653438818
115768.5512299342
115768.5512299342
115768.5512299342
115768.5512299342
115768.5512299342
115766.44240938072
115766.44240938072
115766.44240938072
115766.44240938072
115766.44240938072
115766.44240938072
115766.44240938072
115766.44240938072
115766.44240938072
115766.44240938072
115766.44240938072
115766.44240938072
115766.44240938072
115766.44240938072
115769.1468010562
115769.41659832434
115769.41659832434
115769.62644331952
115769.62644331952
115769.41659832434
115769.62644331952
115769.62644331952
115769.88611738798
115769.10701382085
115769.10701382085
115769.10701382085
115769.10701382085
115769.10701382085
115769.10701382085
115769.10701382085
115769.10701382085
115769.88611738798
115767.18172571252
115765.04076998899
115765.04076998899
115765.04076998899
115762.19198987441
115761.98214487922
115761.98214487922
115761.98214487922
115764.59918902595
115764.59918902595
115764.59918902595
115764.59918902595
115764.33951495748
115768.09088922245
115768.09088922245
115768.09088922245
115768.09088922245
115767.88104422727
115767.88104422727
115767.88104422727
115765.26400008054
115765.26400008054
115765.05469639522
115765.05469639522
115764.27559282808
115764.97328337503
115765.1831283702
115764.97328337503
115764.97328337503
115764.97328337503
115764.97328337503
115764.97328337503
115764.97328337503
115764.42772690832
115764.42772690832
115764.42772690832
115764.42772690832
115765.94965892745
115765.73981393225
115765.73981393225
115765.94965892745
115766.53983028153
115766.53983028153
115768.47870292068
115766.95677090155
115765.27757233087
115764.37003678874
115764.37003678874
115764.11036272027
115764.11036272027
115764.11036272027
115764.11036272027
115764.11036272027
115764.11036272027
115764.11036272027
115764.11036272027
115764.11036272027
115764.80805326722
115764.80805326722
115764.80805326722
115764.62354750006
115764.62354750006
115763.92585695311
115763.92585695311
115763.92585695311
115763.92585695311
115763.92585695311
115764.13516063843
115764.13516063843
115764.72037341123
115764.72037341123
115764.93021840641
115764.93021840641
115764.93021840641
115764.93021840641
115764.93021840641
115764.93021840641
115764.93021840641
115764.93021840641
115764.93021840641
115764.93021840641
115764.93021840641
115764.7209147211
115764.7209147211
115764.7209147211
115764.7209147211
115764.7209147211
115764.7209147211
115764.7209147211
115764.7209147211
115764.7209147211
115766.61989027937
115766.61989027937
115762.17598986566
115762.17598986566
115762.17598986566
115762.17598986566
115763.85518843634
115762.17598986566
115762.17598986566
115762.17598986566
115761.96614487047
115761.96614487047
115761.96614487047
115761.96614487047
115761.96614487047
115761.96614487047
115761.96614487047
115761.96614487047
115761.96614487047
115761.96614487047
115761.96614487047
115761.96614487047
115761.96614487047
115761.96614487047
115761.96614487047
115761.96614487047
115761.96614487047
115761.96614487047
115761.38093209767
115761.38093209767
115761.38093209767
115761.38093209767
115761.38093209767
115759.48195653938
115759.48195653938
115759.6912602247
115759.6912602247
115759.6912602247
115759.6912602247
115759.6912602247
115759.6912602247
115759.6912602247
115759.6912602247
115759.6912602247
115761.66595399083
115761.66595399083
115761.66595399083
115761.66595399083
115761.66595399083
115761.66595399083
115759.90110521989
115759.90110521989
115761.66595399083
115761.66595399083
115762.04132176845
115762.04132176845
115762.04132176845
115762.25116676363
115762.25116676363
115762.25116676363
115762.25116676363
115762.25116676363
115762.25116676363
115762.25116676363
115762.25116676363
115762.25116676363
115762.25116676363
115762.62956332514
115762.62956332514
115762.62956332514
115762.62956332514
115762.62956332514
115762.41971832995
115762.62956332511
115762.62956332511
115762.62956332511
115762.62956332511
115762.62956332511
115762.42025963981
115762.42025963981
115762.42025963981
115762.62956332511
115762.62956332511
115762.62956332511
115762.62956332511
115762.62956332511
115762.62956332511
115762.62956332511
115762.62956332511
115766.62708324936
115769.04119137235
115767.61987876636
115767.77518322036
115767.77518322036
115767.77518322036
115767.77518322036
115767.77518322036
115767.77518322036
115770.98967878007
115770.98967878007
115766.43877769572
115765.74602854053
115765.74602854053
115765.74602854054
115765.74602854054
115763.63959810039
115763.63959810039
115763.63959810039
115761.1622580596
115762.12347624038
115762.12347624038
115762.52253804353
115762.52253804353
115762.52253804353
115762.52253804353
115762.52253804353
115762.52253804353
115760.10842992054
115759.14721173976
115761.04618729805
115761.82529086518
115761.82529086518
115761.82529086518
115764.90777378522
115764.90777378522
115764.90777378522
115764.90777378522
115764.90777378522
115764.90777378522
115764.90777378522
115764.75246933123
115764.75246933123
115764.75246933123
115764.9623143264
115764.56325252325
115764.56325252325
115764.56325252325
115764.35394883793
115764.35394883793
115764.35394883793
115764.35394883793
115764.35394883793
115764.35394883793
115761.50516872334
115761.50516872334
115762.26057018523
115764.22031099391
115764.22031099391
115764.22031099391
115764.22031099391
115764.22031099391
115762.38729534626
115761.13782807387
115761.13782807387
115761.13782807387
115761.13782807387
115761.13782807387
115761.13782807387
115761.24691852689
115761.24691852689
115761.24691852689
115761.24691852689
115761.94460907383
115761.94460907383
115761.95623995282
115761.95623995282
115761.95623995282
115761.95623995282
115761.95623995282
115761.95623995282
115761.95623995282
115761.95623995282
115761.95623995282
115761.95623995282
115761.95623995282
115761.95623995282
115761.95623995282
115761.95623995282
115761.95623995282
115761.95623995282
115762.81620857505
115762.81620857505
115762.81620857505
115762.81620857505
115762.54641130692
115761.95623995284
115761.95623995284
115761.95623995284
115761.95623995284
115761.25854940589
115761.04870441071
115761.04870441071
115761.04870441071
115761.04870441071
115761.04870441071
115761.04870441071
115761.04870441071
115761.04870441071
115761.04870441071
115761.04870441071
115761.04870441071
115761.04870441071
115761.04870441071
115761.04870441071
115761.04870441071
115761.41385385989
115761.41385385989
115761.41385385989
115766.46219788516
115766.46219788516
115764.56322232689
115764.56322232689
115764.56322232689
115758.52592973929
115758.52592973929
115758.73577473446
115758.73577473446
115758.73577473446
115758.52592973929
115758.52592973929
115758.52592973929
115758.52592973929
115758.72414385546
115758.72414385546
115758.72414385546
115758.72414385546
115759.42183440241
115759.42183440241
115759.42183440241
115759.42183440241
115759.21198940722
115761.45001103259
115761.45001103259
115761.45001103259
115761.45001103259
115761.45001103259
115761.65985602776
115761.65985602776
115761.45001103259
115761.45001103259
115761.45001103259
115761.45001103259
115761.45001103259
115761.45001103259
115761.45001103259
115761.45001103259
115761.45001103259
115761.45001103259
115761.45001103259
115761.45001103259
115761.45001103259
115760.75232048564
115760.75232048564
115760.75232048564
115760.75232048564
115760.75232048564
115760.96216548083
115762.8356280191
115762.8356280191
115762.8356280191
115762.8356280191
115762.8356280191
115762.6803235651
115762.6803235651
115762.6803235651
115762.6803235651
115762.6803235651
115762.95642519713
115762.95642519713
115759.13093876404
115759.13093876404
115759.13093876404
115759.14256964304
115759.14256964304
115759.14256964304
115758.93272464786
115758.93272464786
115758.93272464786
115758.93272464786
115759.14256964304
115759.14256964304
115759.8983360979
115759.8983360979
115759.8983360979
115759.8983360979
115759.8983360979
115759.8983360979
115759.8983360979
115759.8983360979
115759.8983360979
115759.8983360979
115759.8983360979
115759.8983360979
115759.8983360979
115761.57753466858
115761.57753466858
115761.57753466858
115761.57753466858
115761.57753466858
115761.57753466858
115762.35663823572
115762.35663823572
115762.60393609767
115762.60393609767
115762.60393609767
115762.75924055166
115762.75924055166
115762.75924055166
115762.75924055166
115762.75924055166
115762.75924055166
115762.75924055166
115762.51194268971
115762.51194268971
115762.51194268971
115762.51194268971
115762.51194268971
115764.14863440432
115763.39286794946
115763.39286794946
115763.39286794946
115763.18302295427
115763.18302295427
115763.18302295427
115763.18302295427
115763.18302295427
115763.31479414324
115759.99890385798
115759.99890385798
115759.84359940398
115759.84359940398
115759.84359940398
115760.10327347243
115759.3241699053
115759.3241699053
115759.3241699053
115759.53401490048
115759.53401490048
115759.68931935445
115759.68931935445
115758.43985208208
115758.43985208208
115758.21837620788
115758.21837620788
115758.21837620788
115758.21837620788
115758.03387044072
115758.04550131972
115758.04550131972
115760.79263862866
115760.79263862866
115760.79263862866
115760.79263862866
115760.79263862866
115760.79263862866
115760.79263862866
115760.79263862866
115760.79263862866
115760.79263862866
115764.10852891393
115763.83873164578
115763.83873164578
115763.83873164578
115763.83873164578
115764.04857664097
115764.04857664097
115764.04857664097
115764.04857664097
115764.04857664097
115764.04857664097
115764.04857664097
115764.04857664097
115764.04857664097
115766.720159513
115766.51031451781
115772.01510228061
115772.01510228061
115772.01510228061
115772.01510228061
115772.01510228061
115772.28489954876
115772.28489954876
115772.28489954876
115772.28489954876
115772.28489954876
115770.14394382524
115770.14394382524
115770.14394382524
115770.14394382524
115769.93464013992
115766.61874985465
115763.92185627134
115763.92185627134
115763.92185627134
115763.92185627134
115763.92185627134
115764.13170126652
115764.13170126652
115764.13170126652
115764.13170126652
115764.13170126652
115755.03367756944
115755.03367756944
115755.03367756944
115705.40797104697
115705.40797104697
115704.90320701619
115704.693362021
115706.44070758535
115706.44070758535
115706.44070758535
115707.90848817419
115707.698643179
115707.698643179
115703.03353798819
115703.03353798819
115703.03353798819
115703.03353798819
115703.03353798819
115703.03353798819
115703.03353798819
115703.03353798819
115703.03353798819
115708.29642622577
115708.29642622577
115708.50627122095
115706.09216309796
115701.80240657824
115701.80240657824
115701.80240657824
115701.80240657824
115701.80240657824
115701.80240657824
115701.80240657824
115705.1182968635
115705.1182968635
115705.1182968635
115704.90845186832
115704.90845186832
115704.90845186832
115704.90845186832
115704.90845186832
115704.32036315047
115704.32036315047
115708.65161450565
115708.65161450565
115708.65161450565
115707.08890475758
115707.08890475758
115707.08890475758
115707.08890475758
115707.08890475758
115707.08890475758
115708.96236729587
115714.21865333607
115714.21865333607
115714.21865333607
115714.21865333607
115713.6575671171
115713.6575671171
115712.12006654793
115712.12006654793
115712.12006654794
115712.12006654794
115712.12006654794
115712.12006654794
115712.12006654794
115715.66204801937
115715.66204801937
115715.66204801937
115715.66204801937
115715.66204801937
115715.66204801937
115715.66204801937
115715.87135170467
115715.87135170467
115715.87135170467
115716.43243792365
115717.940443456
115716.51330608403
115716.51330608403
115714.55897538536
115714.55897538536
115714.55897538536
115714.76882038053
115714.76882038053
115714.76882038053
115714.549266838
115714.549266838
115717.0994182088
115717.0994182088
115717.0994182088
115717.0994182088
115717.0994182088
115716.70035640566
115716.70035640566
115716.70035640566
115716.70035640566
115716.70035640566
115716.70035640566
115716.49051141046
115716.88957321362
115716.88957321362
115716.88957321362
115716.88957321362
115716.32848699465
115716.32848699465
115716.32848699465
115716.32848699465
115716.32848699465
115716.88957321362
115716.88957321362
115716.88957321362
115716.88957321362
115716.43927988036
115716.43927988036
115716.0402180772
115713.71127008802
115713.71127008802
115713.71127008802
115713.71127008802
115713.71127008802
115713.71127008802
115713.71127008802
115713.45159601956
115713.24175102437
115713.6408128275
115713.6408128275
115713.6408128275
115713.6408128275
115713.6408128275
115713.6408128275
115713.6408128275
115713.6408128275
115713.6408128275
115713.6408128275
115713.6408128275
115713.6408128275
115713.6408128275
115713.64135413739
115713.64135413739
115704.89833542981
115706.82483186244
115676.6715656989
115676.6715656989
115676.6715656989
115676.6715656989
115676.6715656989
115676.6715656989
115676.11047947992
115676.11047947992
115673.97413805212
115674.23381212057
115674.44365711574
115674.23381212057
115674.44365711576
115674.44365711576
115674.44365711576
115674.44365711576
115673.74596656881
115673.48629250034
115673.48629250034
115673.48629250034
115673.48629250034
115673.48629250034
115673.48629250034
115668.74752373763
115669.40766206608
115669.40766206608
115627.72467185164
115627.72467185164
115627.72467185164
115627.72467185164
115627.51482685647
115628.61953729896
115628.61953729898
115628.61953729898
115628.82938229415
115628.82938229415
115628.82938229415
115630.7640501582
115630.7640501582
115630.7640501582
115630.7640501582
115630.7640501582
115632.90039158604
115632.90039158604
115632.90039158604
115632.90039158604
115632.90039158604
115632.90039158604
115632.90039158604
115632.90039158604
115632.65309372408
115632.65309372408
115632.65309372408
115632.80839817808
115633.0177018634
115633.0177018634
115633.0177018634
115633.0177018634
115633.0177018634
115633.0177018634
115633.0177018634
115633.0177018634
115631.33850329272
115629.57365452177
115629.36380952658
115629.36380952658
115629.36380952658
115631.23727206486
115631.23727206486
115631.23727206486
115631.44711706004
115631.44711706004
115631.44711706004
115630.2337928502
115630.2337928502
115630.2337928502
115630.2337928502
115630.79487906917
115630.79487906917
115630.13474074073
115630.83243128768
115628.0463905377
115627.83654554251
115627.83654554251
115627.83654554251
115627.83654554251
115629.29585781007
115630.97505638076
115630.97505638076
115630.97505638076
115630.97505638076
115630.97505638076
115631.23473044923
115631.23473044923
115629.70947356793
115627.78297713527
115627.78297713527
115627.78297713527
115627.78297713527
115627.57313214013
115625.42861928086
115625.42861928086
115629.70409280279
115630.29426415688
115630.29426415688
115630.03459008841
115629.44937731561
115629.44937731561
115628.38441581039
115628.38441581039
115628.38441581039
115628.38441581039
115628.38441581039
115628.38441581039
115628.22911135638
115627.53142080944
115627.53142080944
115627.53142080944
115627.53142080944
115627.53142080944
115627.32211712412
115627.32211712412
115627.32211712412
115626.73194577002
115626.73194577002
115626.73194577002
115626.73194577002
115626.73194577002
115626.73194577002
115626.73194577002
115626.73194577002
115626.73194577002
115622.4564722481
115622.6117767021
115622.6117767021
115622.4564722481
115623.15416279505
115623.36346648037
115623.36346648037
115623.36346648037
115623.15416279505
115623.15416279505
115627.30252560863
115627.30252560863
115627.30252560863
115628.82445762774
115628.82445762774
115628.82445762774
115628.82445762774
115629.03430262291
115629.03430262291
115629.03430262291
115630.71350119359
115630.96079905555
115631.22047312402
115631.22047312402
115628.753552696
115628.753552696
115628.753552696
115627.07435412533
115627.07435412533
115627.07435412533
115627.07435412533
115627.07435412533
115626.86450913013
115626.86450913013
115626.86450913013
115627.07381281545
115627.07381281545
115627.07381281545
115627.07381281545
115627.07381281545
115627.07381281545
115630.38970310072
115630.38970310072
115630.38970310072
115630.13002903225
115630.13002903225
115630.13002903225
115630.33987402744
115630.33987402744
115630.15536826028
115630.15536826028
115630.85305880722
115630.85305880722
115631.11273287568
115630.90288788048
115630.90288788048
115630.90288788048
115630.90288788048
115633.03922930831
115633.03922930831
115632.58262776105
115633.16784053385
115633.16784053385
115633.16784053385
115633.16784053385
115631.48864196317
115631.48864196317
115631.48864196317
115631.86703852467
115631.86703852467
115631.86703852467
115633.11650579705
115633.11650579705
115633.11650579705
115632.90666080185
115632.90666080185
115632.20897025493
115632.20897025493
115632.20897025493
115632.20897025493
115633.07841226869
115633.07841226869
115633.07841226869
115633.77610281562
115633.20684424366
115632.9471701752
115632.9471701752
115632.9471701752
115632.73732518002
115632.73732518002
115632.73732518002
115632.73732518002
115632.73732518002
115632.9471701752
115632.9471701752
115632.73786648989
115632.73786648989
115632.34351572755
115632.34351572755
115632.34351572755
115632.34351572755
115632.34351572755
115632.34351572755
115634.88846930902
115634.88846930902
115634.88846930902
115634.88846930902
115634.88846930902
115634.88846930902
115632.9413114897
115629.00279367133
115629.00279367133
115628.79294867613
115628.79294867613
115629.18346727628
115629.18346727628
115629.39331227148
115629.39331227148
115629.18346727628
115628.91367000813
115628.91367000813
115627.73412115069
115624.93764139444
115624.93764139444
115624.93764139444
115625.14748638961
115625.20743866258
115628.94120710966
115628.94120710966
115628.94120710966
115630.19067438203
115630.19067438203
115630.19067438203
115630.4005193772
115630.4005193772
115626.39695366201
115625.14748638961
115625.14748638961
115625.14748638961
115625.14748638961
115625.14748638961
115625.14748638961
115625.14748638961
115625.14748638961
115625.14748638961
115627.45244457829
115627.83084113977
115625.30440707694
115625.30440707694
115625.30440707694
115625.30440707694
115625.30440707694
115625.30440707694
115625.30440707694
115625.30440707694
115625.30440707694
115625.30440707694
115625.89457843102
115625.51618186952
115625.51618186952
115625.51618186952
115625.51618186952
115625.51618186952
115625.51618186952
115625.51618186952
115625.51618186952
115625.51618186952
115626.21387241647
115626.21387241647
115626.21387241647
115626.21387241647
115626.21387241647
115626.21387241647
115626.21387241647
115626.22550329546
115626.22550329546
115626.22550329546
115625.52781274852
115625.52781274852
115625.52781274852
115625.90620931002
115625.90620931002
115625.90620931002
115625.90620931002
115625.90620931002
115625.90620931002
115625.90620931002
115625.90620931002
115630.02853121943
115630.02853121943
115630.02853121943
115630.2383762146
115628.54104140459
115628.54104140459
115628.54104140459
115628.54104140459
115628.54104140459
115628.33119640942
115628.33119640942
115628.33119640942
115628.33119640942
115628.33119640942
115628.33119640942
115628.33119640942
115628.54104140459
115627.95087005051
115627.95087005051
115628.1061745045
115628.1061745045
115626.34132573358
115626.34132573358
115625.47134240993
115625.47134240993
115625.47134240993
115625.47134240993
115625.47134240993
115625.47134240993
115625.47134240993
115626.06151376403
115626.06151376403
115626.06151376403
115625.90620931002
115625.90620931002
115625.90620931002
115630.02047611534
115630.02047611534
115630.02047611534
115630.02047611534
115630.02047611534
115630.23032111053
115630.23032111053
115630.23032111053
115630.23032111053
115630.23032111053
115630.23032111053
115630.23032111053
115630.23032111053
115630.23032111053
115630.23032111053
115630.23032111053
115630.23032111053
115632.49625663795
115632.49625663795
115632.49625663795
115632.49625663795
115631.90608528387
115632.17588255201
115632.17588255201
115632.17588255201
115633.42534982439
115633.42534982439
115633.03483122424
115633.03483122424
115633.03483122424
115633.03483122424
115632.82498622905
115632.82498622905
115631.78536395186
115631.78536395186
115631.78536395186
115631.78536395186
115631.78536395186
115632.37553530594
115632.37553530594
115632.89973097097
115633.10957596615
115633.10957596615
115633.10957596615
115633.10957596615
115633.4936576939
115633.4936576939
115633.4936576939
115633.4936576939
115633.4936576939
115633.4936576939
115636.417348594
115636.20750359881
115640.03971186676
115636.20750359882
115636.20750359882
115636.20750359882
115636.20750359882
115636.20750359882
115636.20750359882
115636.20750359882
115636.20750359882
115636.20750359882
115636.20750359882
115636.03326686624
115636.03326686624
115633.10957596615
115633.10957596615
115633.10957596615
115633.10957596615
115633.10957596615
115637.72193784945
115637.72193784945
115637.51209285425
115637.51209285425
115637.51209285425
115637.51209285425
115637.51209285425
115637.72193784945
115637.72193784945
115637.72193784945
115637.72193784945
115637.72193784945
115638.3820761779
115638.3820761779
115635.91422715384
115635.91422715384
115635.91422715384
115635.91422715384
115635.91422715384
115635.91422715384
115635.91422715384
115635.91422715384
115635.91422715384
115637.66279375336
115637.66279375336
115637.66279375336
115637.66279375336
115637.66279375336
115637.66279375336
115637.66279375336
115637.66279375336
115637.66279375336
115637.66279375336
115637.66279375336
115637.66279375336
115637.66279375336
115637.66279375336
115637.66279375336
115637.38428933159
115637.38428933159
115637.38428933159
115638.40334957384
115636.50613457651
115636.50613457651
115636.50613457651
115638.25470117603
115638.25470117603
115638.25470117603
115636.11835974822
115636.11835974822
115636.11835974822
115636.11835974822
115636.12355375479
115636.12355375479
115636.12355375479
115636.12355375479
115636.12355375479
115636.12355375479
115636.12355375479
115636.33339874996
115641.31203059858
115641.31203059858
115641.31203059858
115641.31203059858
115641.31203059858
115641.31203059858
115641.31203059858
115641.31203059858
115641.31203059858
115641.10218560338
115641.10218560338
115641.10218560338
115641.10218560338
115641.10218560338
115641.10218560338
115639.01361009087
115639.01361009087
115639.19570309909
115639.19570309909
115639.19570309909
115639.19570309909
115639.19570309909
115639.19570309909
115639.19570309909
115639.19570309909
115639.19570309909
115639.19570309909
115639.19570309909
115639.40554809429
115636.87911403144
115636.87911403144
115632.87554831622
115632.87554831622
115632.87554831622
115630.60961278882
115630.60961278882
115630.60961278882
115630.60961278882
115630.39976779361
115630.39976779361
115630.39976779361
115628.6512011941
115628.6512011941
115631.17763525696
115631.17763525696
115631.17763525696
115631.17763525696
115631.17763525696
115631.17763525696
115631.17763525696
115631.17763525696
115631.17763525696
115631.17763525696
115631.17763525696
115631.17763525696
115631.17763525696
115631.17763525696
115631.17763525696
115631.17763525696
115631.17763525696
115631.38748025213
115631.38748025213
115631.38748025213
115628.8610461893
115628.65120119411
115628.65120119411
115628.65120119411
115628.65120119411
115628.65120119411
115628.65120119411
115628.65120119411
115628.65120119411
115628.65120119411
115628.65120119411
115628.6395703151
115628.6395703151
115628.6395703151
115630.70599981035
115630.70599981035
115630.70599981035
115630.70599981035
115630.70599981035
115630.70599981035
115630.70599981035
115630.70599981035
115630.70599981035
115630.70599981035
115630.70599981035
115630.70599981035
115630.70599981035
115630.70599981035
115630.96567387882
115630.96567387882
115630.96567387882
115630.96567387882
115630.96567387882
115630.96567387882
115630.96567387882
115630.96567387882
115630.96567387882
115630.96567387882
115631.175518874
115630.99101310686
115630.99101310686
115630.7313390384
115630.7313390384
115630.7313390384
115630.7313390384
115630.88664349238
115630.88664349238
115632.56584206308
115632.56584206308
115632.56584206308
