4211966.710908
3808612.096976429
3455431.5550624314
3122487.544540104
2820218.852073279
2573428.180692063
2354677.461795845
2151886.795256584
1972880.669836818
1803716.9422957334
1668530.931042896
1532667.9054949663
1408661.8527432522
1304264.3761456427
1214584.446315134
1132361.5706115796
1046394.9129242456
972875.2461538706
909885.7860871545
854447.8031473858
807035.6997847798
760591.2462980932
721306.0067399323
684449.3117208189
650357.017117308
616408.2802769336
587653.4361225858
563521.8902460174
539638.6921699746
517342.4541820954
497505.9209740101
479051.5498793109
460492.84164291667
445555.12217099057
429413.8476915888
417249.480029042
403988.54812321626
393574.96463863546
382080.04017623275
372128.88584039663
364366.98784264247
355133.697317395
347238.2291583417
337832.27422549186
328768.4351712408
319678.44168910995
312178.3974163711
305067.1897471881
299310.9413118791
293345.3606400803
286351.85230577755
281103.1585263926
275413.2225540739
270087.04443760286
264413.58127651096
260236.98459321912
255488.2773513656
250511.26311313256
246252.86867430163
242452.1500448333
238395.4322422208
234958.53038914615
231669.49699719108
228577.67217908587
226653.8817091593
223224.29485419212
220624.6795067523
218134.53718545398
216397.03214100766
213878.60194105888
211894.8765283152
209503.45921529713
207250.73190714093
204712.01264768798
202434.8234448408
199771.9120379812
197689.39146445636
195597.8259127015
193578.49291857137
191962.38759398053
189946.1910977214
188224.7843257007
186744.34854538337
185017.59934638388
183436.77513773838
182286.5069826288
181020.7765707647
179011.43731893186
177720.45065807865
176842.68054176331
175316.74577155808
173990.68761855224
171892.21521131397
171265.104813795
170369.75564963394
169128.16823218483
168546.55813545018
167066.61212679517
166057.61995019723
165278.74198090367
164222.42324282514
163237.43720228947
162223.42588661288
161556.82900321757
160730.50447427254
160253.12110558114
159240.1911614645
158386.65970781067
157509.73732506286
157014.73401050095
156219.85876259752
155637.36535187677
155101.88255227165
154299.11948810017
153563.3405556826
152779.81575831462
152316.76491289394
151046.21139906778
150538.1165579053
150176.2349576138
149292.80638251378
148648.69400800625
148486.1455410181
148083.38489619334
147731.7082877313
147331.97842681737
146736.4394475653
146278.46008668854
145947.9713417105
145456.5716125368
144766.71997945377
144462.4612892128
144196.56409756292
143925.29730643734
143294.74685494968
143046.53196043888
142913.45475263725
142821.01983460848
142543.31588398188
142395.86747137774
142267.90936093088
142023.5143923589
141632.43281108595
141469.50219030952
141181.5970640554
140786.34176253277
140536.43016952337
140416.30653522376
140191.11465617683
139857.6992025929
139638.68220925928
139537.57298443915
139160.70704672142
139007.79087739182
138643.01425385027
138371.041045
137966.38667128363
137725.6698297781
137481.45130417933
137154.63103131024
136686.6854833826
136605.54042792643
136506.58195349487
136183.52796219283
136033.64092738525
135746.47827494872
135514.2738246182
135382.5232627024
135135.35162768542
134960.46579960955
134882.4861698589
134751.32483398632
134672.09449775377
134613.36160163349
134291.11567843374
134201.1475135366
133916.2807683618
133871.07201041497
133789.8042897062
133652.028777404
133636.12631209876
133564.51541193965
133444.23417552566
133249.7763786305
133165.64899656485
133098.8545534017
132962.33740272734
132830.94225909794
132719.0178400065
132620.10822395008
132498.79637764685
132288.4614868824
132127.36151555547
131953.01193552034
131891.13495287742
131793.48059829336
131715.35104260058
131553.3602196686
131546.49174242432
131288.62154637888
131218.96916499847
131061.65623767753
130960.05726276501
130788.02219929117
130656.5625700068
130476.1588476009
130388.61992141085
130353.84157757323
130324.27904750986
130235.47896912137
130196.47248317937
130178.41921417712
130030.46307091598
130002.72294188176
129863.36491413777
129824.92675908505
129783.18267423715
129678.00639053796
129545.34411061558
129422.45193239207
129365.71248632875
129221.96946429902
129180.70254836546
129102.88076601143
128954.79979465436
128863.38862012996
128832.49448179075
128822.32341735416
128726.01243748849
128692.04687653744
128643.19822113875
128601.41195729404
128545.06242794628
128529.87486635041
128476.81014069157
128374.33288838596
128293.74471816423
128207.54674419347
128114.79328485302
128009.79606166732
127997.7359476341
127955.15516005953
127900.76809527547
127873.88213477004
127849.63487510517
127775.84457573618
127727.66636834934
127725.57373004957
127716.75768959697
127620.82663077177
127549.29955301646
127496.9580283507
127451.7767156598
127444.88875968423
127420.53603350284
127399.87889726368
127326.48919447577
127269.2282376533
127180.8975958617
127091.08357338671
127088.48995805686
126985.26672756055
126932.26256675264
126852.45574336722
126755.73807695683
126663.35036806397
126554.50280336392
126541.05220828629
126541.05220828629
126504.37490991331
126482.94723828588
126453.12183246284
126450.05750597353
126435.83618046262
126382.8678665289
126381.2024024728
126379.55785017101
126291.13366161504
126210.84421355888
126192.42406333197
126135.97733637551
126070.10996117962
126004.04930500222
125937.39770467023
125900.49536838199
125887.93326002632
125820.28561555163
125816.3851589216
125662.63663653204
125623.87557739658
125553.12117866553
125519.80233571664
125490.29753661169
125436.1945653715
125435.02243244943
125305.73061391959
125273.86044352359
125182.13854409385
125135.65415364067
125118.3272549723
125118.3272549723
125053.8915082583
125049.14013924569
124998.81578371902
124969.56003817488
124962.2718603372
124932.82695582072
124932.82695582072
124796.25353979153
124732.60139034937
124662.596151329
124607.32831572369
124580.12926417077
124580.12926417077
124554.93898015178
124554.93898015178
124484.33912949532
124440.25245379082
124420.00031443695
124363.51194227197
124270.0647393208
124209.73518533667
124173.27952597066
124173.27952597066
124122.08185911414
123988.12031036231
123976.93055440887
123949.39341868352
123949.39341868352
123949.39341868352
123860.5459880333
123861.65259228289
123820.79205038265
123804.78448496334
123773.79933280841
123772.43109560167
123711.12100807583
123690.65985533447
123660.25127856253
123626.83779286542
123595.06394681553
123588.44764478182
123588.44764478182
123537.17450809808
123509.88822826563
123404.512915289
123383.32613023662
123373.28501186245
123373.64485742435
123354.61155806194
123328.74128120988
123327.82700882782
123318.63771776305
123292.33455053475
123288.33638656273
123279.63055023993
123209.74018523318
123191.93139974991
123192.0168081737
123140.3069560186
123130.51667392564
123092.34357697959
123066.72102971526
123066.72102971526
123001.82742377563
123000.33555959971
122984.84978264455
122979.6497738883
122978.31233425881
122920.39242838505
122902.51796470277
122895.06475622312
122849.48999255618
122786.05629042277
122786.05629042277
122774.23427384329
122760.89322255916
122755.07104354052
122742.5467618332
122739.18222403206
122739.18222403206
122739.18222403206
122737.97766555872
122716.04234108202
122713.465002636
122703.31997866457
122619.73092239493
122603.83396161665
122595.53774468729
122562.7129712185
122535.04958282097
122514.46594871319
122500.68795520396
122467.99374405676
122403.8928170673
122383.13177903142
122328.4676500217
122315.75692205479
122315.75692205479
122315.75692205479
122257.65565272767
122258.63452722694
122233.21153524803
122223.34440800405
122223.11429928578
122213.60524436862
122210.73211259654
122209.82358611695
122209.45178069157
122194.29203710769
122150.96079539532
122125.12425801609
122118.3044206727
122022.32703117441
122022.32703117441
122003.08155072984
122003.08155072984
121968.24865360424
121966.21007370943
121943.74847823512
121913.22544962444
121913.1710200829
121913.1710200829
121907.17898813062
121872.3276461836
121854.15040788669
121829.65255117929
121818.06116449895
121818.06116449895
121809.05283266131
121810.9690434142
121799.34314275705
121769.24960473472
121766.12451835931
121766.12451835931
121745.96884202366
121745.96884202366
121742.44623962446
121742.44623962446
121740.1138426297
121727.73495528987
121706.02643655919
121706.66921046356
121697.84803292132
121693.99988100908
121686.97098355847
121674.5215998689
121673.02507930585
121673.02507930585
121650.06641160879
121612.8086964909
121606.7575928064
121554.16870128743
121542.47865245248
121542.47865245248
121505.14174064933
121502.43567761425
121502.43567761425
121502.43567761425
121457.07953282006
121441.60536486746
121417.63494313759
121416.57941473718
121389.21737086124
121386.09465090153
121384.71527813314
121384.71527813314
121384.80068655695
121338.73441824422
121338.89887053052
121261.99216156926
121261.3646188348
121248.25345736818
121242.79123559492
121242.79123559492
121242.79123559492
121242.79123559492
121231.6730353371
121230.11513278133
121218.40175532384
121183.77701504524
121174.9436046542
121169.86699848661
121135.33343530944
121076.46112188848
121063.44268922889
121058.81574774021
121056.73212890796
121052.21409807412
121052.21409807412
121052.21409807412
121053.1200838072
121045.61023421989
121045.61023421989
121044.01404423753
121044.01404423753
121036.64431194538
121036.76353392594
121027.27384333377
121016.19053372003
121009.96808800657
121009.96808800657
121009.96808800657
121009.07557342193
120929.22407437649
120929.48501690698
120882.74411570739
120882.58695190592
120881.62090436042
120881.62090436042
120833.55777036765
120832.26534847902
120802.99827703541
120789.0790331274
120789.0790331274
120789.0790331274
120729.76199248566
120710.73496177977
120682.34431865695
120637.51839166961
120637.56978691788
120624.69998967645
120605.28101911717
120566.59780218003
120541.25630810193
120538.34604174357
120526.48960878483
120520.70994563376
120520.98490584237
120520.17361216186
120500.06648867924
120499.45647041337
120496.14364081199
120492.60640840133
120494.0503903438
120494.0503903438
120494.0503903438
120480.2224301864
120480.2224301864
120471.8815853972
120449.77019575948
120446.26106475524
120435.02979273575
120437.3792210961
120437.3792210961
120437.3792210961
120432.32947068485
120412.57537041244
120362.92440876598
120347.02508612917
120347.02508612917
120345.79354923568
120345.79354923568
120345.79354923568
120345.79354923568
120345.79354923568
120348.77575770667
120347.73048536252
120338.30030878348
120338.30030878348
120338.30030878348
120334.8972577436
120333.46319998516
120332.78560255739
120332.78560255739
120306.95931365617
120299.81977062399
120297.85000764792
120297.85000764792
120300.54328953428
120300.54328953428
120300.54328953428
120300.54328953428
120296.63274492885
120292.19136197252
120292.57437408742
120294.9739376946
120294.9739376946
120294.9739376946
120294.9739376946
120294.9739376946
120234.34649984277
120234.1231369527
120232.12863477966
120232.12863477966
120231.759751456
120231.0603604872
120231.0603604872
120231.0603604872
120211.72882835363
120185.08406022057
120186.69154760933
120180.5814655231
120181.96623337867
120181.96623337867
120181.96623337867
120130.28058962719
120130.28058962719
120130.28058962719
120130.28058962719
120100.95273630126
120100.2751388735
120100.2751388735
120077.8303207662
120077.8303207662
120078.76508381878
120078.76508381878
120078.76508381878
120078.76508381878
120079.04089876768
120079.04089876768
120077.44931248092
120076.43377400169
120078.04634339994
120078.04634339994
120078.04634339994
120074.84459489374
120067.38381981496
120063.106588593
120063.106588593
120060.66081443334
120051.02585697881
120034.29482413211
120034.29482413211
120035.41744862127
120032.20353752395
120032.20353752395
120032.20353752395
120033.82580062444
120033.82580062444
120033.82580062444
120033.82580062444
120033.82580062444
120031.78739375486
120031.78739375486
120031.9319453919
120031.9319453919
120031.9319453919
120031.04626623601
120029.24167685582
120029.24167685582
120029.24167685582
119986.93175156492
119963.09801078927
119961.09218622888
119961.09218622888
119959.46992312839
119959.46992312839
119960.37101638054
119960.37101638054
119945.71783407936
119945.28524144848
119931.20533182382
119931.20533182382
119931.20533182382
119931.20533182382
119931.90472279262
119886.4007939944
119886.4007939944
119886.4007939944
119886.4007939944
119886.63335958378
119886.63335958378
119886.77791122082
119853.32015055686
119847.28978446669
119841.84502452868
119838.89564792269
119839.60718337251
119839.60718337251
119839.60718337251
119839.60718337251
119834.0145368487
119790.0953076712
119788.79219143267
119786.03943736499
119766.39222947019
119720.82120143081
119695.69554512606
119695.76063207758
119695.76063207758
119695.76063207758
119695.76063207758
119697.92289627665
119699.9306792448
119680.42565659253
119678.26339239346
119678.26339239346
119665.97660790953
119667.49069110212
119642.57646304721
119642.57646304721
119642.57646304721
119642.57646304721
119644.00322179524
119644.00322179524
119621.23649636326
119621.23649636326
119590.8010318658
119558.72450701361
119558.72450701361
119558.72450701361
119563.57006832343
119563.57006832343
119563.57006832343
119563.57006832343
119563.57006832343
119563.57006832343
119563.57006832343
119563.57006832343
119563.57006832343
119563.57006832343
119560.3203052748
119560.3203052748
119559.37712616722
119559.86692252752
119535.69164862219
119533.20974600138
119516.85057351593
119497.9578162656
119497.9578162656
119497.55740756416
119497.55740756416
119492.69327373282
119471.5420834425
119469.87684413696
119469.18173085392
119456.06268778635
119456.06268778635
119454.00365155295
119437.66915195144
119437.66915195144
119424.93869558423
119424.93869558423
119424.93869558423
119424.93869558423
119424.57515850065
119423.1957128439
119423.1957128439
119423.1957128439
119422.12179260876
119408.95671700739
119408.95671700739
119359.55632073956
119331.77966075971
119309.70329364466
119309.70329364466
119308.82750728837
119308.82750728837
119308.1051640609
119308.1051640609
119307.22855799747
119298.8151522519
119278.5958555583
119267.31368246986
119257.19251031855
119257.31494628807
119246.73132077692
119249.13088438407
119249.13088438407
119249.13088438407
119248.99118775415
119248.84162482864
119228.82341715612
119228.82341715612
119221.88830534153
119221.88830534153
119221.88830534153
119220.63762327287
119221.17746276516
119221.17746276516
119221.17746276516
119207.99694233993
119205.0845563524
119205.0845563524
119205.0845563524
119205.0845563524
119205.0845563524
119203.07872353151
119203.07872353151
119203.07872353151
119203.07872353151
119203.07872353151
119201.85324471253
119208.03197276793
119208.03197276793
119208.62817967463
119181.71474176765
119181.71474176765
119170.37020819253
119162.94033120749
119154.54613243145
119154.68296413112
119154.82306125545
119154.82306125545
119154.71497723051
119145.27623398136
119148.02898804905
119148.02898804905
119148.02898804905
119147.73816749634
119147.73816749634
119140.14559427556
119137.39284020787
119137.39284020787
119135.87966921377
119133.61750272689
119133.61750272689
119133.61750272689
119115.58729135682
119115.58729135682
119076.62434569062
119076.62434569062
119065.54128429128
119061.42054685674
119051.15590952516
119052.03251558857
119052.03251558857
119039.68052315855
119038.80391709515
119038.50772457386
119038.50772457386
119038.50772457386
119024.20997164742
119024.20997164742
119024.65109360754
119024.20997164742
119010.74844680312
119010.74844680312
119010.74844680312
119010.74844680312
119010.74844680312
119010.74844680312
119010.74844680312
118978.11808943134
118978.11808943134
118978.11808943134
118978.55921139148
118978.55921139148
118978.55921139148
118975.99072197115
118975.61842463016
118975.61842463016
118974.22830819435
118970.58044083406
118954.4147957153
118954.4147957153
118915.14964744178
118906.54771203345
118901.07140077805
118901.07140077805
118834.42551515633
118834.42551515633
118816.10721031003
118814.78774366564
118814.78774366564
118815.97406753832
118815.97406753832
118815.97406753832
118815.97406753832
118809.465062374
118808.96719577159
118806.71243475737
118761.11800526013
118761.11800526013
118730.23200333134
118730.23200333134
118729.51269903281
118729.51269903281
118708.56335995527
118708.56335995527
118708.56335995527
118708.56335995527
118708.56335995527
118708.56335995527
118708.56335995527
118707.58438460188
118708.09287245164
118708.09287245164
118708.09287245164
118704.99333168702
118700.09529584397
118700.09529584397
118700.09529584397
118700.09529584397
118700.09529584397
118692.20229352375
118692.20229352375
118692.20229352375
118691.32568746031
118691.32568746031
118691.32568746031
118691.32568746031
118691.32568746031
118691.32568746031
118691.32568746031
118691.32568746031
118691.32568746031
118691.32568746031
118692.20229352375
118686.81171727253
118686.81171727253
118687.11909647615
118687.11909647615
118680.52184017684
118680.52184017684
118680.52184017684
118680.96296213697
118680.96296213697
118680.96296213697
118680.96296213697
118682.2402096552
118682.2402096552
118682.2402096552
118682.2402096552
118681.36360359177
118681.36360359177
118681.36360359177
118682.2402096552
118682.2402096552
118682.2402096552
118682.2402096552
118682.2402096552
118671.27282496213
118671.27282496213
118670.3962188987
118655.85624671979
118656.73285278323
118656.73285278323
118656.73285278323
118655.85624671979
118648.9185369959
118648.9185369959
118649.34817980269
118649.34817980269
118649.34817980269
118649.34817980269
118644.75258739867
118644.75258739867
118644.75258739867
118644.75258739867
118644.75258739867
118644.0096969251
118644.0096969251
118624.12875382269
118624.12875382269
118625.00535988613
118625.00535988613
118625.00535988613
118625.00535988613
118625.00535988613
118625.00535988613
118619.61509789673
118619.38476970285
118619.38476970285
118619.38476970285
118614.2743839504
118609.24714199555
118609.24714199555
118608.71832774449
118608.71832774449
118608.71832774449
118608.71832774449
118608.71832774449
118608.71832774449
118608.71832774449
118608.71832774449
118608.71832774449
118608.71832774449
118600.86987123368
118600.35019670159
118600.35019670159
118577.45586646338
118577.45586646338
118577.45586646338
118577.45586646338
118577.45586646338
118578.55138844784
118578.12033467228
118578.12033467228
118578.12033467228
118578.12033467228
118578.12033467228
118577.5116181699
118567.88885507928
118568.49757158165
118568.49757158165
118568.49757158165
118568.49757158165
118527.89828515056
118526.80276316608
118526.1940466637
118526.1940466637
118526.1940466637
118526.1940466637
118526.1940466637
118526.1940466637
118526.36164120595
118526.36164120595
118526.36164120595
118526.36164120595
118526.36164120595
118526.36164120595
118526.36164120595
118526.22403690906
118526.22403690906
118526.22403690906
118526.22403690906
118526.22403690906
118526.22403690906
118514.49178216551
118514.49178216551
118514.49178216551
118514.93290412564
118514.93290412564
118514.93290412564
118514.93290412564
118514.93290412564
118514.93290412564
118514.93290412564
118482.98892944376
118482.98892944376
118482.98892944376
118483.68045361325
118481.87855455471
118481.87855455471
118482.75516061814
118483.27483515022
118483.27483515022
118483.27483515022
118483.27483515022
118484.94681989826
118484.07021383484
118484.07021383484
118484.07021383484
118484.07021383484
118484.94681989826
118484.0478420438
118483.17123598036
118478.17898115884
118478.17898115884
118440.84360320054
118440.84360320054
118438.56493764896
118420.50769013091
118406.58406175187
118406.58406175187
118406.58406175187
118406.58406175187
118406.58406175187
118406.58406175187
118404.91207700383
118404.91207700383
118404.91207700383
118404.91207700383
118404.91207700383
118407.31164061099
118404.91207700383
118404.91207700383
118404.91207700383
118403.98443556292
118403.98443556292
118351.78109906349
118342.20569912915
118342.20569912915
118342.20569912915
118342.20569912915
118342.20569912915
118342.20569912915
118342.20569912915
118342.20569912915
118341.76457716901
118341.76457716901
118341.76457716901
118341.76457716901
118341.76457716901
118336.27095139737
118336.27095139737
118336.27095139737
118336.27095139737
118336.27095139737
118336.27095139737
118336.27095139737
118336.27095139737
118336.27095139737
118337.14755746079
118337.14755746079
118337.14755746079
118333.96283402461
118331.89333715008
118331.89333715008
118331.89333715008
118331.89333715008
118331.6756163004
118331.6756163004
118331.6756163004
118331.6756163004
118318.9068135175
118318.9068135175
118318.03020745407
118318.03020745407
118318.03020745407
118310.48955622513
118310.48955622513
118309.61295016171
118307.93196669404
118307.93196669404
118307.93196669404
118298.57324328282
118298.57324328282
118298.57324328282
118298.57324328282
118298.57324328282
118298.57324328282
118298.57324328282
118298.57324328282
118297.74978552031
118297.74978552031
118297.74978552031
118297.74978552031
118297.74978552031
118297.74978552031
118277.78621010037
118277.78621010037
118277.78621010037
118277.78621010037
118278.22733206052
118278.22733206052
118278.22733206052
118278.22733206052
118278.22733206052
118278.22733206052
118278.22733206052
118278.22733206052
118278.22733206052
118278.22733206052
118278.22733206052
118279.48235888086
118279.65102772415
118279.48235888086
118279.48235888086
118279.48235888086
118279.48235888086
118279.48235888086
118279.48235888086
118279.48235888086
118279.48235888086
118279.48235888086
118279.48235888086
118262.32824979656
118262.32694010803
118262.32694010803
118262.32694010803
118262.32694010803
118262.32694010803
118262.32694010803
118262.32694010803
118262.32694010803
118266.25417401377
118266.25417401377
118266.25417401377
118266.25417401377
118266.25417401377
118264.58208957867
118264.58208957867
118264.58208957867
118264.58339926718
118264.58339926718
118264.58339926718
118266.77004989286
118266.77004989286
118266.77004989286
118266.74166754424
118266.74166754424
118266.74166754424
118266.74166754424
118266.74166754424
118266.74166754424
118266.74166754424
118266.74166754424
118266.74166754424
118265.56105955553
118265.56105955553
118267.17345679807
118265.60701604244
118265.60701604244
118265.60701604244
118265.60701604244
118265.60701604244
118265.60701604244
118265.60701604244
118265.60701604244
118265.60701604244
118265.60701604244
118265.60701604244
118265.60701604244
118265.82473689211
118265.82473689211
118265.82473689211
118265.82473689211
118264.21233964957
118262.54898867464
118263.58309259352
118263.58309259352
118263.58309259352
118263.58309259352
118263.58309259352
118263.58309259352
118253.83890259187
118249.91166868614
118249.91166868614
118249.91166868614
118249.91166868614
118249.91166868614
118248.7159464263
118248.7159464263
118248.7159464263
118248.71463673779
118248.71463673779
118248.71463673779
118248.71463673779
118246.33895676103
118222.62690045967
118222.62690045967
118222.62690045967
118222.62690045967
118222.62690045967
118222.62690045967
118222.62690045967
118222.62690045967
118223.50350652309
118225.00005744488
118225.00005744488
118225.00005744488
118226.1322714689
118226.1322714689
118227.22534508319
118229.02724414175
118230.29916284862
118231.17576891204
118233.78900472252
118232.51708601565
118232.51708601565
118231.38487199164
118231.38487199164
118231.38487199164
118231.38487199164
118231.38487199164
118231.38487199164
118231.38487199164
118231.38487199164
118230.50826592822
118230.50826592822
118229.7409436462
118229.7409436462
118229.7409436462
118229.7409436462
118230.40204389016
118207.04204097818
118206.5651407981
118207.44174686151
118207.44174686151
118207.44174686151
118207.44174686151
118207.44174686151
118207.44174686151
118207.44174686151
118208.18834074028
118208.18834074028
118208.18834074028
118208.18834074028
118169.06690716589
118168.06995686481
118164.33340114495
118164.33340114495
118164.33340114495
118163.45679508154
118163.45679508154
118163.45679508154
118163.45679508154
118163.45679508154
118163.45679508154
118163.45679508154
118161.10656090904
118161.10656090904
118161.10656090904
118161.10656090904
118161.10656090904
118150.11971862253
118150.11971862253
118150.11971862253
118150.11971862253
118150.11971862253
118150.11971862253
118150.11971862253
118150.11971862253
118150.11971862253
118150.11971862253
118150.11971862253
118150.11971862253
118150.11971862253
118150.11971862253
118150.11971862253
118150.11971862253
118150.11971862253
118152.31824191511
118152.31824191511
118152.31824191511
118119.32989982745
118119.32989982745
118119.32989982745
118119.32989982745
118119.32989982745
118119.32989982745
118119.32989982745
118118.03723550076
118118.03723550076
118118.03723550076
118118.03723550076
118118.03723550076
118118.03723550076
118114.0994469529
118114.0994469529
118111.90092366029
118111.23982341634
118111.23982341634
118111.23982341634
118111.23982341634
118111.23982341634
118111.23982341634
118111.1939766169
118111.1939766169
118111.1939766169
118112.11642947976
118111.1939766169
118111.1939766169
118111.1952863054
118111.1952863054
118111.1952863054
118111.1952863054
118110.31868024198
118110.31868024198
118110.31868024198
118110.31868024198
118107.70544443149
118107.70544443149
118107.70544443149
118107.70544443149
118107.70544443149
118099.90319675786
118099.90319675786
118099.90319675786
118099.90319675786
118099.90319675786
118099.90319675786
118099.90319675786
118099.90319675786
118099.90319675786
118099.90319675786
118099.90319675786
118099.90319675786
118099.90319675786
118099.90319675786
118099.90319675786
118098.39674566225
118099.27204203716
118099.27204203716
118099.27204203716
118099.27204203716
118099.27204203716
118099.27204203716
118099.27204203716
118099.27204203716
118099.27204203716
118099.27204203716
118099.27204203716
118099.27204203716
118099.27204203716
118099.27204203716
118099.27204203716
118099.27204203716
118096.8378228741
118096.8378228741
118096.8378228741
118096.8378228741
118096.8378228741
118096.8378228741
118096.8378228741
118096.8378228741
118095.96121681068
118096.88397947045
118096.88397947045
118096.88397947045
118095.96121681068
118095.96121681068
118095.96121681068
118095.96121681068
118095.96121681068
118095.96121681068
118095.96121681068
118095.96121681068
118095.96121681068
118095.96121681068
118095.96121681068
118096.8378228741
118096.8378228741
118096.8378228741
118096.8378228741
118096.8378228741
118096.8378228741
118096.8378228741
118096.8378228741
118096.8378228741
118096.8378228741
118096.8378228741
118096.8378228741
118096.8378228741
118096.8378228741
118095.96252649919
118100.76637650104
118100.76637650104
118100.76637650104
118102.24226789083
118102.24226789083
118100.76637650104
118100.76637650104
118098.36681289389
118098.36681289389
118098.36681289389
118091.57219729022
118091.57219729022
118091.57219729022
118091.57219729022
118091.57219729022
118091.57219729022
118091.57219729022
118091.57219729022
118091.57219729022
118091.57219729022
118091.57219729022
118091.57219729022
118091.57219729022
118091.57088760172
118091.57088760172
118091.57088760172
118091.57088760172
118091.57088760172
118092.54927593443
118092.54927593443
118092.54927593443
118092.54927593443
118093.15335432284
118093.15335432284
118093.15335432284
118093.15335432284
118093.15335432284
118093.15335432284
118093.15335432284
118093.15335432284
118093.15335432284
118093.15335432284
118093.15335432284
118093.15335432284
118092.34892829307
118092.34892829307
118092.34892829307
118082.94967212262
118082.94967212262
118082.94967212262
118082.34468158548
118069.74549240802
118069.74549240802
118069.74549240802
118068.7671040753
118068.7671040753
118071.16666768247
118071.16666768247
118071.16666768247
118071.02697105253
118070.32758008371
118070.32758008371
118069.64371013873
118069.64371013873
118069.64371013873
118069.64371013873
118069.64371013873
118069.64371013873
118069.64371013873
118069.64371013873
118069.64371013873
118066.97548560426
118054.15555268187
118054.15555268187
118054.15555268187
118054.15555268187
118054.15555268187
118054.45210009199
118055.32870615543
118055.32870615543
118055.32870615543
118055.32870615543
118055.32870615543
118055.32870615543
118055.32870615543
118055.32870615543
118055.32870615543
118055.32870615543
118055.32870615543
118055.32870615543
118055.32870615543
118055.32870615543
118055.32870615543
118055.32870615543
118055.32870615543
118055.32739646692
118054.45079040348
118054.45079040348
118054.45079040348
118054.45079040348
118054.15555268186
118054.15555268186
118048.47955333443
118048.47955333443
118048.47955333443
118048.47955333443
118048.47955333443
118048.47955333443
118048.47955333443
118048.47955333443
118048.47955333443
118022.29020888955
118022.29020888955
118022.29020888955
117983.4229646103
117983.4229646103
117985.62495824826
117985.62495824826
117985.62495824826
117985.62495824826
117985.62495824826
117986.2823997078
117986.2823997078
117986.2823997078
117986.2823997078
117986.2823997078
117986.2823997078
117986.2823997078
117986.2823997078
117986.2823997078
117986.2823997078
117986.2823997078
117986.2823997078
117986.2823997078
117986.2823997078
117986.2823997078
117977.66331850342
117977.66331850342
117977.66331850342
117977.66331850342
117977.66331850342
117977.66331850342
117978.935438099
117978.935438099
117978.935438099
117978.935438099
117981.05211886874
117981.05211886874
117981.05211886874
117981.05211886874
117981.05211886874
117981.05211886874
117981.05211886874
117981.05211886874
117981.05211886874
117980.27187399377
117980.27187399377
117980.27187399377
117980.27187399377
117980.27187399377
117980.27187399377
117980.27187399377
117979.27394126084
117971.62055387766
117971.62055387766
117971.62055387766
117971.62055387766
117971.62055387766
117971.62055387766
117971.83807766941
117971.83807766941
117971.83807766941
117971.83807766941
117971.83807766941
117968.351881023
117957.77469566371
117957.77469566371
117957.77469566371
117957.77469566371
117957.77469566371
117957.77469566371
117957.77469566371
117957.77469566371
117957.77469566371
117920.79793010841
117909.73022743613
117909.51270364437
117909.51270364437
117909.51270364437
117910.67624658608
117910.67624658608
117910.67624658608
117910.67624658608
117910.67624658608
117907.98205871673
117907.98205871673
117907.98205871673
