4247580.283840928
3831134.114053822
3430701.5676334947
3094426.69160995
2815842.8496721517
2554166.9970736764
2312765.4239666844
2104292.9043269856
1917851.269598762
1760939.7447219454
1619474.5111622144
1491067.2799132233
1374958.550144342
1283097.5081463694
1195035.0293295656
1117904.2465948071
1042717.7359814164
977123.9167218001
919159.298513441
867158.0341271928
812131.304270502
767831.2443874101
726652.2765201179
689244.1395817361
655279.8484099758
623912.6885176661
597919.1889003887
571907.571794558
547093.7094564091
525519.6382570299
501217.094824509
482109.693895248
466383.5510841528
446546.1673788761
428592.18318184675
413436.2617572071
399933.8809555281
388537.7753562939
376499.82393765904
366806.93353775836
355802.6628935431
345703.8719878404
336106.2163075394
328998.88633255934
322109.31815735
314671.67775017716
308329.9995779908
300408.50609655597
293168.25643337914
286507.71228149976
281697.01258261694
276268.170656092
271012.87349653087
265705.5261160047
261503.36769605434
255974.54303151093
252103.94877049956
248350.380590324
242648.87351340626
239049.99210797757
236070.347347739
232712.35706532456
229639.62738005037
225925.34279767645
223190.63583977742
220131.23674329103
216684.04644356185
214016.02477470518
211081.32499159948
208411.16768306022
206083.6470898466
203474.7995350152
201933.34359890013
199834.40988866938
197232.92633846676
195191.8890004969
193126.452205516
191196.4246759506
190292.5010550717
188348.8849123468
186142.5249796813
184965.26514588285
183051.47645215102
181331.06377116623
180015.94459823953
178535.14633078378
177098.5351159486
175827.63604200285
174866.90768810676
173862.1569651344
172826.41549074996
172015.46266862925
170915.8329745828
169782.8558543084
168566.61707918078
167979.23586100276
167031.02384129405
166265.3294998466
165636.63188868432
165010.05806802408
163851.29152549268
163003.3045727075
162005.20495334512
161397.65273460152
160346.41638025836
159526.7692747572
159204.70221794397
158780.96077729715
158501.9057672842
157822.21408363857
157223.51914006367
156170.46205088357
155138.6093742454
154904.35125837632
154321.0782782783
153691.15521780017
153117.90246538096
152672.03719014165
152260.74857688585
151861.2584335169
151273.7083300663
150848.67756127514
150268.84942667052
149686.55504901585
149033.43362781178
148635.88762520565
148212.87996387645
147737.39579516085
147318.0218070663
146963.5243207955
146544.818563172
146078.26806438508
145716.42334971146
145462.31566084805
145170.77556467257
144658.54851187667
144473.96533594362
144069.7672894791
143875.96008816018
143664.7720561737
143411.53885814024
143210.4830735791
142698.21051317686
142498.11717572497
142083.65729233157
141720.8553218188
141372.42356156552
141149.79809518252
141033.23089943972
140795.72989228263
140681.39227901315
140253.5004254515
139800.02893453542
139604.6916232353
139423.14105251996
139127.84613815774
138907.12362052433
138579.28305206756
138169.7100126091
137980.66547876573
137785.0456403302
137526.0808078407
137462.51642312523
137263.7446326641
137106.0552847259
136890.9546242814
136788.58243790874
136716.0501811747
136488.3349390844
136303.11565810972
136135.59324554095
135971.7557126967
135855.75349668687
135751.39315813783
135641.52414423283
135393.92294984977
135171.39696574106
135052.601351272
134917.88342631594
134749.95342414474
134516.82619414254
134351.14443585437
134225.7147818219
134117.96006305097
133960.48831570463
133823.73001847096
133724.9905173183
133681.16420912032
133583.50251161872
133513.35774383723
133479.07855954499
133341.76760207722
133246.90207005484
133109.32202421236
133096.6344758493
132918.84656703786
132686.8515393854
132528.12026211846
132433.8822734275
132246.27990334877
132196.2714158221
132100.57547407498
132003.72100655612
131918.48862190696
131879.97940110113
131754.20966635642
131680.19128237435
131572.68041949923
131454.3441949474
131414.40180561756
131387.55648308736
131281.77684896864
131215.95408630502
131188.47388657936
131118.5465286746
131064.59923437708
131027.0574592045
130906.73723684094
130861.11920177002
130779.14730953444
130729.7652451261
130647.95304168508
130553.23912379083
130514.80110483756
130464.37318301637
130246.87874227388
130092.77619714476
130039.55981094053
129975.95262959396
129933.09308694386
129898.26660566956
129866.51936561067
129824.0231065348
129780.38783933278
129662.60584978739
129617.62643323462
129577.55236504055
129534.37660161452
129447.87624775822
129418.64275282407
129353.78282894177
129205.50629983566
129141.27929597403
129072.5480465997
128958.9713886709
128769.54863588652
128673.2120344622
128579.10994060329
128569.66584220354
128533.88232364209
128518.57021790817
128401.76592779314
128264.01619058676
128207.18163412082
128080.58525592214
127984.40504960775
127961.68516724673
127893.47134209791
127775.97264210481
127747.69500656317
127650.11621548995
127528.59956220113
127450.67516690562
127419.32979515281
127308.53194975779
127196.96102672193
127140.55113097432
127116.11000355656
127116.11000355656
127106.54252756161
127046.52970237957
127013.90236936591
127013.90236936591
126997.61876285565
126989.63734464269
126975.94102144934
126895.61852029181
126846.16579730582
126827.19579485196
126749.87614866083
126684.35750186509
126675.29754000538
126446.75706960834
126389.58810488021
126367.01360265851
126356.47585707493
126325.90479694367
126325.90479694367
126317.9453015826
126302.19359674389
126251.34893296278
126194.45779192552
126160.30619278325
126136.68262460743
126108.61964986337
126111.98029744707
126081.6332119389
126008.78145985189
125994.37422429788
125989.82829837257
125964.44390043573
125937.14628083562
125927.98229069612
125927.98229069612
125867.7744479447
125795.77045826244
125768.33277360367
125710.97266672521
125643.51835209677
125609.31054456555
125599.29703232372
125592.40385046872
125574.20853562106
125569.81097369664
125450.26976152963
125427.53709363326
125363.14837576973
125319.43231274077
125317.63068371119
125222.39105113689
125204.36319016901
125170.04259686862
125151.05134857331
125099.64163166577
125078.170055149
125062.9708253092
125057.39355935354
125024.92906651078
124990.50426243676
124960.84806420354
124919.28154415573
124917.76569682723
124892.64759329814
124842.13536991464
124789.7646338389
124700.2001586064
124670.61040109767
124615.70134811662
124614.4064337406
124572.98381649872
124568.34467053128
124568.34467053128
124532.67099954456
124529.44692350103
124524.70601736048
124510.92565751937
124516.20128437415
124491.63108095143
124475.28034345347
124453.38747724728
124426.57698749659
124309.7603675783
124303.44956624552
124302.80535575602
124263.96392726045
124240.35756103921
124192.55877709542
124163.20625300228
124163.20625300228
124136.76566116777
124140.46118690204
124139.10187882316
124052.05026035989
124048.43065373402
124043.76171219868
124032.9798683428
124018.76655522262
123942.23878776252
123902.703222829
123904.08149462666
123904.44644711063
123903.77859676813
123882.58255869822
123876.86787844096
123876.86787844096
123824.97858878909
123827.21192254644
123779.75974100479
123732.51175961405
123732.75160206456
123705.50027480767
123696.55279710276
123694.78123644856
123694.78123644856
123630.09617834634
123636.03484430557
123624.68008912649
123624.69319112533
123569.23066298028
123563.9148725438
123551.90681800897
123546.98054770261
123547.90021399572
123531.49703055967
123513.74413704115
123516.23698834628
123514.28989455837
123494.25238331084
123476.15743143317
123476.15743143317
123468.89748708392
123439.35130188354
123440.05929419662
123422.41246076234
123417.46073591858
123412.19791523993
123404.65930694147
123396.08693860643
123328.65503810877
123295.56738082215
123286.39121047476
123278.04880144255
123257.34987203141
123211.60754600813
123169.69652988904
123088.6479835271
123055.86190110398
123031.41432521962
122964.06166361753
122961.15489114626
122961.15489114626
122958.68907347426
122958.21231167107
122959.49841582158
122959.49841582158
122958.30200548698
122958.30200548698
122958.30200548698
122946.68800280549
122946.82913890263
122901.96399667594
122832.93244752407
122832.93244752407
122828.93629025997
122822.1079780542
122822.72177118249
122810.06895523009
122805.47973363005
122802.7042003248
122802.7042003248
122754.57261686743
122696.6814531913
122672.60226597673
122672.60226597673
122669.14643591631
122518.20793118724
122516.58988152668
122516.46952722421
122515.40633892443
122515.40633892443
122505.90187145246
122506.96425498909
122506.96425498909
122506.96425498909
122506.96425498909
122495.4780049693
122495.4780049693
122493.58620135425
122491.8911322901
122484.06779280139
122470.18024334688
122468.39980090506
122470.40577819885
122402.03876861825
122395.47530002035
122362.00525843089
122354.58797695054
122354.58797695054
122338.75429136775
122338.75429136775
122322.60082743416
122312.57511840426
122300.66380308312
122296.92158138874
122258.16112396657
122243.28418980513
122243.28418980513
122243.28418980513
122198.74742020029
122158.80695546544
122144.27420023686
122129.47694112212
122130.65688498708
122132.62791900765
122128.17441158034
122127.68755475446
122119.76609408535
122108.68009216226
122048.2177298512
122044.58068491772
122043.29614279006
122033.10521479322
122033.10521479322
122023.92379863045
122014.64459164937
121980.01596250723
121977.71274629797
121976.022380617
121967.97208320964
121967.09146214148
121949.91253873936
121938.43956364875
121938.43956364875
121938.43956364875
121938.43956364875
121936.37459168027
121910.08805690912
121854.18849197534
121852.09603982735
121846.99251645086
121768.58082225724
121768.58082225724
121763.8397964848
121746.141288285
121744.00736401907
121744.00736401907
121745.75843966991
121745.39109309771
121745.39109309771
121741.75787475568
121739.10868253736
121739.10868253736
121728.63818209224
121716.3013268149
121716.05240701995
121714.37577435192
121706.76008457482
121700.47805299729
121698.72697734644
121697.46955448142
121697.08546068083
121697.08546068083
121697.08546068083
121681.50180846328
121681.50180846328
121681.50180846328
121677.06314339861
121677.06314339861
121582.15067609877
121582.15067609877
121547.28411353315
121547.28411353315
121495.69741605644
121496.33679797189
121496.33679797189
121471.70600582853
121471.70600582853
121471.66188926232
121472.21059644254
121462.847154146
121462.847154146
121462.847154146
121440.89992803801
121440.89992803801
121430.26343881479
121409.39120814954
121409.39120814954
121409.39120814954
121409.39120814954
121409.39120814954
121377.9258163834
121377.9258163834
121377.9258163834
121366.2648536194
121357.44797327396
121355.91475992673
121356.24701715287
121356.24701715287
121351.96559104114
121351.96559104114
121346.31450755084
121344.23142172807
121344.23142172807
121338.11345219394
121337.30303078346
121333.3261308517
121333.3261308517
121335.14876211407
121335.14876211407
121335.14876211407
121330.2374870022
121330.2374870022
121331.99520136556
121330.2374870022
121292.24001298862
121292.24001298862
121295.06808238695
121295.06808238695
121295.70746430238
121294.8160614059
121259.7839696233
121259.7839696233
121259.7839696233
121245.25951299493
121247.61553430888
121236.14636394934
121232.57283257032
121230.1650424048
121230.1650424048
121228.79435626826
121229.77257784236
121229.77257784236
121215.27228868661
121216.17714493522
121211.77396296097
121214.18175312648
121214.18175312648
121214.18175312648
121210.94139056251
121210.94139056251
121212.30028643634
121207.43284225656
121206.52798600795
121206.52798600795
121181.5926499441
121181.5926499441
121184.7830548806
121184.7830548806
121178.4812643599
121178.4812643599
121177.09011664902
121177.09011664902
121177.09011664902
121177.34213763007
121177.34213763007
121177.34213763007
121151.40121775292
121151.40121775292
121150.22817848375
121150.22817848375
121140.91239936964
121141.17222887179
121141.17222887179
121103.04298400282
121100.91438551425
121100.91438551425
121102.17292304852
121066.26690328802
121028.06700145041
121028.06700145041
121028.06700145041
121028.06700145041
120998.34674213798
120998.34674213798
120998.34674213798
120995.48923475044
120992.46140810597
120992.46140810597
120992.46140810597
120992.46140810597
120965.17969714297
120965.17969714297
120965.17969714297
120965.17969714297
120965.17969714297
120965.17969714297
120961.15987684653
120959.92932547712
120961.96798276794
120963.22652030221
120961.96798276794
120961.96798276794
120956.03871989404
120956.03871989404
120937.76368829518
120937.76368829518
120937.76368829518
120933.03725091777
120930.9717495994
120930.9717495994
120930.9717495994
120930.9717495994
120930.33236768396
120915.0479130639
120915.0479130639
120914.68519728183
120914.68519728183
120914.68519728183
120914.68519728183
120914.68519728183
120916.21332650897
120916.85270842438
120912.98712996223
120912.3477480468
120902.44318433822
120902.44318433822
120874.00869275817
120874.00869275817
120874.00869275817
120874.3660440064
120874.3660440064
120874.3660440064
120874.3660440064
120874.3660440064
120874.3660440064
120874.3660440064
120855.06015716598
120855.48332080027
120851.06019657524
120851.06019657524
120852.04043855408
120852.04043855408
120852.04043855408
120848.44679984197
120848.44679984197
120848.80332410926
120848.80332410926
120848.80332410926
120848.80332410926
120848.80332410926
120848.82080672942
120848.82080672942
120852.1904901267
120852.1904901267
120828.63286705344
120828.63286705344
120818.54402794168
120819.9087798314
120819.9087798314
120819.9087798314
120820.31941286122
120820.31941286122
120820.31941286122
120812.83603504459
120812.83603504459
120806.7815151032
120806.7815151032
120800.53128028153
120799.48126533629
120799.48126533629
120799.48126533629
120799.48126533629
120785.79225435609
120785.79225435609
120786.70893017907
120776.92818823711
120776.92818823711
120776.92818823711
120777.33882126695
120777.33882126695
120776.59614148637
120777.5061977618
120777.5061977618
120765.43920620496
120765.43920620496
120755.23198667212
120733.88305463994
120728.89975367507
120728.89975367507
120723.3719187315
120726.46882723381
120721.42947471917
120721.42947471917
120721.42947471917
120706.69449665694
120706.69449665694
120706.69449665694
120706.69449665694
120707.37237210246
120707.01584783517
120704.92610348173
120704.92610348173
120704.92610348173
120661.67149881119
120658.86933701613
120654.82228188647
120656.98550687288
120657.13933700982
120656.7819857616
120639.18291598014
120639.18291598014
120605.78395870564
120605.78395870564
120605.78395870564
120605.78395870564
120605.78395870564
120605.78395870564
120605.78395870564
120604.2736623303
120603.5957868848
120603.5957868848
120603.5957868848
120603.5957868848
120598.51358187388
120573.08841284584
120573.08841284584
120573.08841284584
120573.08841284584
120573.08841284584
120573.08841284584
120573.08841284584
120573.08841284584
120573.08841284584
120574.30208338084
120565.84827822498
120565.34421454041
120565.98359645583
120565.98359645583
120565.98359645583
120565.98359645583
120558.66587181311
120558.02648989767
120558.02648989767
120557.85689683547
120550.35256052375
120548.43507007387
120517.15215000513
120510.33013398902
120510.96951590446
120510.96951590446
120510.96951590446
120510.96951590446
120510.96951590446
120507.18607413975
120507.18607413975
120507.18607413975
120507.18607413975
120505.15849772755
120505.15849772755
120505.15849772755
120505.15849772755
120504.51911581212
120502.04445124176
120503.7041597473
120503.7041597473
120503.7041597473
120503.7041597473
120504.96456737796
120504.96456737796
120504.96456737796
120479.27509514184
120480.74276622434
120465.8009605897
120458.25651744951
120458.25651744951
120458.25651744951
120458.25651744951
120463.34365849357
120463.34365849357
120437.27281259306
120437.27281259306
120437.27281259306
120434.82841230925
120434.82841230925
120434.82841230925
120405.37862410964
120402.05610766912
120402.05610766912
120405.09995297817
120405.09995297817
120405.09995297817
120408.55605024708
120409.19543216252
120397.97807463555
120391.97616239576
120387.70397713486
120384.71398121794
120376.55059978276
120376.55059978276
120376.55059978276
120376.55059978276
120376.55059978276
120376.55059978276
120376.55059978276
120376.55059978276
120376.55059978276
120376.55059978276
120376.55059978276
120376.55059978276
120376.55059978276
120373.09450251385
120373.09450251385
120372.4551205984
120372.4551205984
120372.4551205984
120372.4551205984
120373.09450251384
120373.09450251384
120373.09450251384
120373.09450251384
120373.09450251384
120373.09450251384
120372.4551205984
120368.5622775905
120369.5962063252
120369.5962063252
120369.5962063252
120368.5622775905
120363.91647944751
120363.91647944751
120362.80541140263
120362.61517678898
120362.61517678898
120362.61517678898
120362.80541140263
120362.80541140263
120362.80541140263
120355.73577667869
120354.35311343806
120354.46011885919
120354.46011885919
120355.27054026967
120355.27054026967
120355.27054026967
120355.27054026967
120355.27054026967
120355.74643482658
120355.74643482658
120355.74643482658
120357.50693157464
120357.50693157464
120357.50693157464
120357.50693157464
120361.90921043008
120361.26982851463
120361.26982851463
120361.26982851463
120358.88727589007
120358.88727589007
120358.88727589007
120358.24723792318
120358.24723792318
120358.3225998209
120358.3225998209
120358.3225998209
120358.3225998209
120358.3225998209
120360.92810457443
120360.92810457443
120342.31538436405
120342.31538436405
120342.31538436405
120342.31538436405
120319.0801257203
120319.0801257203
120319.71950763575
120321.12228089356
120320.48289897811
120319.62862964801
120308.95641074203
120308.95641074203
120308.95641074203
120308.95641074203
120308.3639840472
120294.2173338754
120289.5577386618
120289.83289108833
120290.26001758284
120265.99614556681
120265.99614556681
120265.99614556681
120265.4719763248
120265.4719763248
120249.22009383398
120249.01062160305
120249.01062160305
120249.01062160305
120241.18045323841
120241.18045323841
120241.18045323841
120240.37003182794
120240.37003182794
120240.56427122126
120240.56427122126
120207.20094512148
120208.01136653195
120208.01136653195
120203.38716163616
120203.38716163616
120203.38716163616
120204.02654355162
120204.02654355162
120203.65916530922
120203.01978339377
120203.01978339377
120203.51319333122
120203.51319333122
120203.51319333122
120203.51319333122
120204.62999236438
120204.62999236438
120204.5527290414
120204.5527290414
120203.43593000824
120194.97284169905
120194.97284169905
120192.40192354051
120115.52903529193
120106.2256933547
120106.2256933547
120103.26149861448
120095.66635475558
120096.30573667101
120096.49997606434
120096.49997606434
120096.49997606434
120096.49997606434
120096.49997606434
120096.49997606434
120096.49997606434
120096.49997606434
120096.49997606434
120096.49997606434
120096.49997606434
120056.48600195853
120056.48600195853
120058.99216132902
120058.7424774548
120058.7424774548
120058.7424774548
120058.7424774548
120058.7424774548
120058.7424774548
120058.7424774548
120058.7424774548
120058.7424774548
120058.7424774548
120058.7424774548
120058.7424774548
120061.9229380668
120060.68294296667
120060.6595677211
120059.79462702117
120059.79462702117
120056.84890395548
120055.80681031954
120053.00423524808
120053.00423524808
120043.9772221093
120043.9772221093
120044.59824782451
120044.15663580087
120045.08295242956
120044.99823737766
120044.99823737766
120042.04215503426
120041.5413752875
120040.17068915097
120039.24437252228
120037.91818730293
120037.91818730293
120037.91818730293
120037.91818730293
120037.91818730293
120020.24333243333
120019.34729335684
120019.34729335684
120023.61869304982
120019.77038736464
120018.90265480042
120018.90265480042
120020.58947016648
120020.74330030342
120021.38268221886
120020.74330030342
120020.74330030342
120014.07089203352
120014.09357716845
120014.09357716845
120014.09357716845
120014.09357716845
120014.09357716845
120014.09357716845
120014.09357716845
119996.50278035464
119996.50278035464
119994.29618207211
119994.29618207211
119991.0534943899
119989.96894883149
119989.32956691606
119989.32956691606
119989.32956691606
119989.32956691606
119989.32956691606
119989.32956691606
119988.0691592854
119988.34431171195
119988.34431171195
119988.34431171195
119958.26023368762
119958.50433635994
119958.50433635994
119958.50433635994
119960.40395754886
119960.40395754886
119961.48850310726
119961.21335068071
119961.21335068071
119961.21335068071
119961.21335068071
119962.31073179096
119960.56748988689
119958.11423658786
119958.11423658786
119958.11423658786
119958.11423658786
119957.6693999019
119957.6693999019
119958.59525139253
119959.04008807849
119951.67699393917
119951.67699393917
119951.67699393917
119949.31790609588
119949.31790609588
119949.31790609588
119949.31790609588
119944.70264563084
119944.70264563084
119943.61810007243
119943.61810007243
119938.93725026882
119938.93725026882
119938.49241358286
119938.49241358286
119938.49241358286
119938.49241358286
119938.49241358286
119938.49241358286
119938.49241358286
119937.60985281138
119937.60985281138
119937.60985281138
119937.60985281138
119937.60985281138
119937.60985281138
119937.60985281138
119937.26897627764
119902.59112837682
119902.59112837682
119902.59112837682
119905.79664678613
119905.79664678613
119905.79664678613
119905.79664678613
119907.63782405821
119909.39582375652
119908.7564418411
119903.0285442975
119903.0285442975
119903.0285442975
119903.0285442975
119903.0285442975
119905.19969121023
119905.19969121023
119902.9073664119
119899.70184800262
119901.30960499748
119901.30960499748
119901.30960499748
119900.04919736684
119900.04919736684
119875.44174402385
119875.44174402385
119875.44174402385
119875.44174402385
119874.5966255832
119862.66320485045
119863.30258676589
119863.19224456641
119863.19224456641
119863.19224456641
119863.19224456641
119861.35106729434
119854.6779183932
119854.6779183932
119830.16871496652
119830.32254510347
119830.32254510347
119830.32254510347
119824.32104526585
119824.32104526585
119823.68166335042
119823.68166335042
119823.68166335042
119823.68166335042
119823.68166335042
119825.14577150307
119823.16231082345
119823.16231082345
119823.16231082345
119823.16231082345
119826.61312943598
119826.61312943598
119827.11933779535
119826.66657508991
119826.66657508991
119826.66657508991
119826.66657508991
119827.11141177587
119830.14703646579
119830.14703646579
119830.14703646579
119826.69621785326
119826.69621785326
119826.69621785326
119826.69621785326
119826.69621785326
119826.69621785326
119826.68441933498
119826.68441933498
119825.75856784434
119825.75856784434
119811.68125100763
119811.68125100763
119811.68125100763
119806.68868646247
119806.68868646247
119807.32806837792
119806.68868646248
119806.68868646248
119806.68868646248
119793.74992468106
119793.74992468106
119793.74992468106
119793.74992468106
119794.86672371422
119794.86672371422
119794.86672371422
119794.86672371422
119794.86672371422
119793.49603757769
119793.49603757769
119793.49603757769
119793.49603757769
119793.49603757769
119792.39865646744
119793.29469554393
119793.29469554393
119793.29469554393
119793.29469554393
119793.29469554393
119793.29469554393
119793.29469554393
119793.29469554393
119793.29469554393
119793.29469554393
119795.1074270007
119795.1074270007
119794.95359686375
119775.1649486245
119775.1649486245
119775.1649486245
119770.30221776903
119770.30221776903
119770.30221776903
119769.40617869256
119773.05790306968
119770.18765216591
119770.18765216591
119770.18765216591
119770.18765216591
119771.24859887344
119771.24859887344
119771.24859887344
119771.24859887344
119771.24859887344
119771.24859887344
119771.24859887344
119766.48713934928
119766.48713934928
119766.48713934928
119769.6326806352
119769.6326806352
119766.48713934926
119766.48713934926
119766.48713934926
119766.48713934926
119766.22292144649
119766.22292144649
119766.22292144649
119766.22292144649
119761.27734031809
119761.27734031809
119761.27734031809
119761.27734031809
119760.21639361055
119761.4768012412
119761.4768012412
119761.4768012412
119761.4768012412
119761.4768012412
119763.3520633799
119763.3520633799
119763.3520633799
119768.50109347256
119768.50109347256
119768.50109347256
119768.50109347256
119768.50109347256
119769.04797492281
119771.22830930154
119771.22830930154
119767.68398225651
119770.04028180936
119766.14245305472
119766.14245305472
119766.14245305472
119765.56206858573
119762.81292644807
119762.81292644807
119762.81292644807
119762.81292644807
119762.81292644807
119768.05929990823
119764.38008151497
119759.99408226486
119730.34616286945
119732.95097982384
119732.95097982384
119732.95097982384
119733.2259632886
119733.2259632886
119733.2259632886
119733.2259632886
119732.08786538689
119733.18524649713
119733.70436438301
119700.5601585119
119700.5601585119
119700.5601585119
119700.5601585119
119700.5601585119
119702.24585762221
119702.24585762221
119700.40468035013
119700.40468035013
119700.40468035013
119700.40468035013
119702.71894477896
119702.71894477896
119702.71894477896
119705.8117085001
119705.8117085001
119705.8117085001
119689.31973158271
119689.31973158271
119689.31973158271
119689.31973158271
119689.31973158271
119689.31973158271
119689.31973158271
119689.31973158271
119689.31973158271
119682.69008665874
119682.69008665874
119682.69008665874
119679.8743388782
119679.21165716238
119679.8510390778
119679.8510390778
119679.23048232583
119679.23048232583
119679.89316404168
119679.89316404168
119679.89316404168
119679.89316404168
119679.89316404168
119680.5872788696
119680.5872788696
119680.5872788696
119680.5872788696
119658.89607899312
119658.89607899312
119658.11087365373
119658.11087365373
119658.11087365373
119655.73105971553
119654.63367860529
119654.63367860529
119653.57273189776
119653.57273189776
119653.57273189776
119653.57273189776
119653.57273189776
119654.26684672566
119654.26684672566
119654.26684672566
119654.26684672566
119654.26684672566
119651.67170218274
119651.67170218274
119651.67170218274
119651.67170218274
119651.67170218274
119654.15625251153
119653.73729011016
119653.73729011016
119653.73729011016
119653.73729011016
119653.73729011016
119653.73729011016
119655.28369835275
119657.12487562481
119657.12487562481
119657.12487562481
119657.12487562481
119657.12487562481
119656.48549370939
119647.19859383872
119648.56927997529
119648.56927997529
119648.56927997529
119648.46170917303
119648.46170917303
119647.94259128717
119644.40075823787
119642.60561169493
119650.27435974737
119650.27435974737
119650.27435974737
119650.27435974737
119651.6223268431
119650.12867559757
119654.59454914986
119653.97893117213
119653.97893117213
119653.97893117213
119653.97893117213
119655.78503932679
119653.60145019747
119653.11760753565
119644.19379348152
119644.53163319279
119644.53163319279
119644.53163319279
119644.92570211565
119644.92570211565
119644.92570211565
119620.90645623638
119620.90645623638
119620.90645623638
119608.69956688718
119608.69956688718
119608.69956688718
119608.69956688718
119608.69956688718
119608.87281507904
119608.87281507904
119608.87281507904
119608.87281507904
119608.87281507904
119608.87281507904
119608.87281507904
119608.23343316361
119599.08220690108
119597.3515624447
119597.3515624447
119597.3515624447
119542.4053497868
119542.4053497868
119540.56417251474
119543.00715866633
119543.00715866633
119543.16098880328
119543.16098880328
119543.16098880328
119515.28173102846
119515.28173102846
119515.28173102846
119515.34473209488
119515.34473209488
119515.34473209488
119516.18088329061
119516.18088329061
119516.18088329061
119516.18088329061
119516.18088329061
119516.18088329061
119516.18088329061
119516.18088329061
119516.18088329061
119516.18088329061
119516.18088329061
119516.18088329061
119516.18088329061
119516.18088329061
119516.34705466786
119516.34705466786
119514.00853537502
119514.00853537502
119514.00853537502
119513.9455343086
119513.9455343086
119513.9455343086
119509.94435946418
119509.94435946418
119509.94435946418
119510.45056782354
119510.45056782354
119509.94435946419
119510.58374137963
119510.58374137963
119510.58374137963
119511.79741191462
119511.79741191462
119511.79741191462
119511.79741191462
119511.79741191462
119511.79741191462
119513.42386195512
119514.91751320063
119514.2781312852
119514.2781312852
119514.2781312852
119514.2781312852
119512.78448003969
119512.78448003969
119512.78448003969
119512.78448003969
119512.78448003969
119512.78448003969
119512.78448003969
119512.78448003969
119512.78448003969
119512.78448003969
119512.78448003969
119512.78448003969
119512.78448003969
119512.78448003969
119512.78448003969
119512.78448003969
119513.71916445968
119488.77508265099
119488.77508265099
119488.77508265099
119488.77508265099
119488.35354758403
119489.17475082894
119489.17475082894
119489.17475082894
119485.51342700854
119485.51342700854
119485.51342700854
119485.51342700854
119481.65892126028
119483.9731856891
119483.9731856891
119479.87447640269
119478.55641568857
119478.55641568857
119478.55641568857
119478.55641568857
119479.25053051648
119479.25053051648
119479.25053051648
119479.25053051648
119479.25053051648
119479.25053051648
119478.55641568857
119479.37761893347
119480.69567964762
119480.69567964762
119480.69567964762
119481.33506156303
119479.49388429098
119479.49388429098
119479.49388429098
119479.49388429098
119479.49388429098
119479.49388429098
119479.49388429098
119479.49388429098
119479.49388429098
119479.49388429098
119479.49388429098
119479.49388429098
119480.00009265033
119481.42306394095
119483.52132009955
119483.52132009955
119483.52132009955
119483.52132009955
119483.52132009955
119483.52132009955
119483.52132009955
119483.52132009955
119483.52132009955
119483.52132009955
119483.52132009955
119483.52132009955
119482.03708800816
119482.03708800816
119480.75892798362
119480.2750853218
119478.07635133773
119478.07635133773
119478.07635133773
119478.07635133773
119478.07635133773
119478.07635133773
119482.02269603209
119482.02269603209
119482.02269603209
119482.02269603209
119482.02269603209
119457.2832207388
119457.2832207388
119457.2832207388
119457.2832207388
119457.2832207388
119457.2832207388
119454.78264191073
119454.78264191073
119454.78264191073
119454.78264191073
119455.45930114074
119455.45930114074
119455.45930114074
119455.45930114074
119454.8199192253
119454.8199192253
119454.8390381576
119454.16882183269
119454.16882183269
119454.16882183269
119454.65437361118
119454.65437361118
119453.71968919117
119453.71968919117
119453.71968919117
119453.71968919117
119453.71968919117
119456.93867066153
119449.39019002518
119449.39019002518
119449.39019002518
119446.5373127501
119447.23142757802
119447.23142757802
119447.23142757802
119447.23142757802
119447.38525771498
119447.17396055756
119447.17396055756
119447.17396055756
119444.14071440723
119444.14071440723
119444.81737363723
119444.83649256954
119444.83649256954
119444.83649256954
119444.83649256954
119444.83649256954
119444.83649256954
119434.60084518028
119434.60084518028
119433.93062885538
119433.77679871842
119433.77679871842
119433.77679871842
119433.77679871842
119437.29220828609
119437.29220828609
119437.29220828609
119437.29220828609
119437.29220828609
119437.29220828609
119439.63749580848
119439.63749580848
119403.28133991876
119403.28133991876
119403.28133991876
119403.28133991876
119404.86805076676
119404.86805076676
119404.86805076676
119404.86805076676
119404.36184240741
119404.36184240741
119404.36184240741
119403.81266553173
119403.17328361631
119403.17328361631
119403.17328361631
119401.28867952939
119401.28867952939
119400.58751052935
119400.58751052935
119400.58751052935
119399.95357150171
119399.95357150171
119405.10547331374
119406.19833444754
119406.19833444754
119407.12945562406
119385.3159800676
119385.3159800676
119385.3159800676
119386.74803991758
119386.74803991758
119386.74803991758
119387.86645690615
119387.86645690615
119387.86645690615
119362.03759544113
119364.79201500435
119364.79201500435
119360.86417062947
119360.86417062947
119360.86417062947
119360.86417062947
119360.86417062947
119360.86417062947
119360.86417062947
119360.35796227012
119361.17916551503
119361.87328034293
119361.19281834098
119361.19281834098
119362.5286172262
119362.5286172262
119360.71302086164
119360.8668509986
119360.72610975563
119360.72610975563
119360.72610975563
119360.72610975563
119360.72610975563
119362.68956493419
119362.68956493419
119362.68956493419
119362.68956493419
119363.32894684962
119363.32894684962
119363.32894684962
119363.32894684962
119361.32302291354
119361.32302291354
119361.32302291354
119361.32302291354
119361.32302291354
119360.68364099809
119360.68364099809
119360.68364099809
119360.68364099809
119361.16407259234
119360.10312588481
119360.10312588481
119359.45147981442
119359.45147981442
119359.45147981442
119360.76954052856
119360.76954052856
119360.76554709404
119361.88060857345
119361.88060857345
119361.88060857345
119361.88060857345
119361.88060857345
119364.38118740152
119364.38118740152
119364.38118740152
119364.38118740152
119363.2661259221
119363.2661259221
119363.11229578515
119363.11229578515
119363.11229578515
119363.11229578515
119363.11229578515
119363.37638723789
119363.37638723789
119362.70150667641
119363.34088859186
119362.64616249694
119362.64616249694
119362.64616249694
119362.64616249694
119362.64616249694
119362.64616249694
119362.64616249694
119363.70710920446
119363.70710920446
119363.70710920446
119363.70710920446
119360.95268964124
119362.0412041982
119362.94939125085
119362.94939125085
119362.94939125085
119351.80720533925
119351.80720533925
119352.91827338414
119352.91827338414
119353.66810731193
119355.36005487118
119355.36005487118
119355.36005487118
119355.36005487118
119355.36005487118
119355.20622473423
119355.20622473423
119351.10366616402
119351.10366616402
119351.25749630098
119351.25749630098
119350.61811438555
119350.61811438555
119350.61811438555
119350.61811438555
119350.61811438555
119350.61811438555
119350.61811438555
119350.61811438555
119350.61811438555
119350.61811438555
119350.61811438555
119350.61811438555
119350.46428424859
119350.46428424859
119348.77233668933
119348.77233668933
119349.13357080644
119349.13357080644
119349.13357080644
119349.13357080644
119348.0726240989
119348.82813955705
119350.66931682912
119350.66931682912
119350.66931682912
119350.66931682912
119350.66931682912
119354.00415343628
119354.00415343628
119354.00415343628
119354.00415343625
119354.00415343625
119354.00415343625
119354.00415343625
119349.0826059811
119347.24142870902
119343.21596553054
119343.21596553054
119343.21596553054
119343.21596553054
119343.21596553054
119333.16189924514
119331.843838531
119333.14888443775
119332.21420001774
119332.21420001774
119335.62760936432
119335.62760936432
119335.62760936432
119334.80640611942
119334.80640611942
119334.80640611942
119334.80640611942
119334.80640611942
119334.80640611942
119333.46894251878
119333.46894251878
119334.52988922632
119334.52988922632
119334.52988922632
119333.34768712104
119333.501517258
119334.83898085862
119334.83898085862
119336.05265139363
119336.05265139363
119336.05265139363
119336.05265139363
119334.71518779299
119334.71518779299
119335.35456970843
119335.35456970843
119335.35456970843
119335.35456970843
119335.35456970843
119335.35456970843
119335.35456970843
119336.06464824006
119336.06464824006
119336.06464824006
119335.78949581353
119332.37608646695
119331.66600793532
119331.02662601988
119331.02662601988
119331.02662601988
119319.0984903866
119319.0984903866
119319.0984903866
119319.0984903866
119319.0984903866
119319.0984903866
119319.0984903866
119319.0984903866
119319.0984903866
119319.0984903866
119319.0984903866
119319.0984903866
119319.0984903866
119319.0984903866
119319.0984903866
119319.0984903866
119319.0984903866
119319.0984903866
119317.27513765503
119317.27513765503
119317.27513765503
119317.27513765503
119317.27513765503
119317.27513765503
119310.90755624036
119310.90755624036
119310.90755624036
119310.90755624036
119310.90755624036
119310.90755624036
119309.69388570535
119309.69388570535
119309.69388570535
119309.69388570535
119309.69388570535
119311.41376459971
119312.73182531385
119314.57300258594
119314.57300258594
119315.79840387835
119317.81196246613
119317.81196246613
119317.81196246613
119317.81196246613
119318.45134438158
119322.63820255667
119322.63820255667
119322.63820255667
119322.63820255667
119319.90175162785
119322.72604158298
119322.72604158298
119322.72604158298
119322.08665966755
119322.08665966755
119322.08665966755
119322.08665966755
119322.08665966755
119322.08665966755
119278.22645718744
119278.22645718744
119278.22645718744
119278.88573353062
119278.88573353062
119278.58950541218
119278.58950541218
119278.58950541218
119276.14510512838
119276.09763245806
119272.5450691565
119274.25644206945
119274.25644206945
119271.43215211433
119271.43215211433
119271.43215211433
119271.43215211433
119271.43215211433
119270.55383250353
119270.55383250353
119270.55383250353
119270.60130517386
119270.60130517386
119271.2406870893
119269.92262637516
119269.28324445972
119269.28324445972
119269.28324445972
119268.02283682907
119268.02283682907
119268.02283682907
119267.97536415874
119268.02283682907
119268.02283682907
119268.02283682907
119268.02283682907
119268.66221874452
119270.44734268513
119270.44734268513
119269.33627464026
119269.33627464026
119271.92154974141
119269.33627464026
119268.83006628088
119268.83006628088
119268.83006628088
119267.73720514707
119267.73720514707
119242.34561266343
119242.34561266343
119241.70623074798
119241.70623074798
119241.70623074798
119246.30895568433
119244.52383174372
119244.52383174372
119244.52383174372
119245.16321365917
119246.79215861433
119250.1539515433
119250.1539515433
119250.1539515433
119250.66015990268
119250.66015990268
119251.53847951347
119251.53847951347
119251.03227115411
119251.03227115411
119247.03109630969
119243.76963528791
119243.76963528791
119243.76963528791
119243.76963528791
119245.03004291856
119245.669424834
119245.03004291856
119245.03004291856
119245.03004291856
119245.03004291856
119246.4265790559
119246.4265790559
119246.4265790559
119247.3612634759
119248.77319249416
119248.77319249416
119248.77319249416
119249.59439573907
119250.3044742707
119249.01942105516
119245.67161717331
119238.63514627705
119238.63514627705
119238.63514627705
119235.66837443438
119235.66837443438
119235.66837443438
119235.66837443438
119235.66837443438
119235.66837443438
119235.66837443438
119235.66837443438
119238.44955342663
119238.44955342663
119238.44955342663
119238.44955342663
119238.31084306006
119238.31084306006
119238.31084306006
119238.1604430081
119237.52106109266
119237.52106109266
119237.52106109266
119237.37525534329
119237.37525534329
119217.14504144619
119217.14504144619
119217.13875166947
119217.13875166947
119217.76644389954
119216.9883516175
119216.9883516175
119216.9883516175
119216.9883516175
119216.9883516175
119216.97960940594
119216.97960940594
119216.2695308743
119211.92929190028
119212.63937043189
119214.46272316347
119214.46272316347
119214.46272316347
119214.46272316347
119213.76138684341
119173.77342540323
119173.77342540323
119173.77342540323
119173.77342540323
119175.39474766875
119175.39474766875
119176.0341295842
119176.0341295842
119173.20983962905
119173.20983962905
119173.20983962905
119173.20983962905
119173.84551090488
119173.84551090488
119173.84551090488
119173.84551090488
119168.51151318297
119168.51151318297
119170.00516442848
119170.85137478015
119170.85137478015
119170.85137478015
119168.3605808986
119168.3605808986
119172.01420829074
119172.01420829074
119169.48519279792
119169.48519279792
119169.48519279792
119169.48519279792
119172.46427827381
119171.5295938538
119173.53179591306
119174.17117782851
119174.17117782851
119174.17117782851
119173.53179591306
119173.38139586111
119173.38139586111
119176.87071649262
119176.87071649262
119176.87071649262
119177.50083750038
119178.14021941583
119178.14021941583
119177.50083750038
119177.50083750038
119177.50083750038
119177.50083750038
119178.14021941583
119173.2991247047
119173.2991247047
119173.2991247047
119173.2991247047
119173.2991247047
119172.17013578127
119161.09027291027
119163.13536929869
119163.46978517727
119164.83207158264
119163.46978517727
119163.46978517727
119162.8396641695
119162.8396641695
119162.8396641695
119162.8396641695
119162.8396641695
119164.82079896948
119164.82079896948
119164.82079896948
119164.82079896948
119158.95557306684
119158.95557306684
119158.95557306684
119158.95557306684
119158.95557306684
119158.95557306684
119158.31619115142
119158.85951732649
119159.18178795933
119159.18178795933
119159.18178795933
119159.82116987476
119159.82116987476
119159.18178795931
119156.23884971162
119156.23884971162
119156.23884971162
119156.23884971162
119154.88783591939
119154.88783591939
119154.88783591939
119154.25771491164
119156.76387428213
119156.76387428213
119156.76387428213
119156.76387428213
119156.76387428213
119156.76387428213
119155.82918986212
119155.82918986212
119155.82918986212
119155.82918986212
119155.82918986212
119155.82918986212
119157.14056117652
119157.14056117652
119157.14056117652
119157.14056117652
119157.14056117652
119153.25395066864
119153.25395066864
119153.25395066864
119153.25395066864
119155.37198997982
119155.37198997982
119155.37198997982
119155.37198997982
119155.37198997982
119154.02097618759
119154.02097618759
119154.02097618759
119154.02097618759
119154.9556606076
119138.6172682251
119135.2683455337
119135.2683455337
119136.3612066675
119135.81788049242
119138.90219465978
119139.54157657523
119139.54157657523
119138.90219465978
119120.33414321707
119120.33414321707
119120.33414321707
119120.33414321707
119121.04422174871
119121.04422174871
119121.04422174871
119121.04422174871
119121.04422174871
119123.10923518203
119123.10923518203
119123.10923518203
119123.24375008343
119121.23557208083
119121.23557208083
119121.23557208083
119124.12397287476
119124.12397287476
119117.80216621346
119117.80216621346
119117.80216621346
119117.80216621346
119120.09553950015
119114.88897126791
119115.11206890075
119115.11206890075
119110.30793820218
119110.30793820218
119110.53683835176
119110.53683835176
119110.53683835176
119110.53683835176
119110.53683835176
119110.53683835176
119110.30793820218
119110.30793820218
119110.30793820218
119110.30793820218
119110.30793820218
119110.41235160612
119110.41235160612
119110.41235160612
119110.22833577948
119110.22833577948
119110.22833577948
119107.54499898388
119107.54499898388
119107.54499898388
119107.54499898388
119107.54499898388
119107.54499898388
119110.94832358733
119113.85254594035
119113.85254594035
119074.43947089516
119038.83234552882
119038.83234552882
119038.83234552882
119038.83234552882
119038.83234552882
119038.21830392505
119036.87777284684
119035.76670480194
119012.06953468328
119011.86413787038
119014.0771586915
119014.0771586915
119014.0771586915
119014.0771586915
119014.0771586915
119014.0771586915
119010.94351929365
119010.94351929365
119010.94351929365
119011.56262572663
119011.56262572663
119011.56262572663
119011.56262572663
119011.56262572663
119005.54563029596
119005.54563029596
119001.71485469969
118999.43905249695
118999.73733710151
118987.96588463461
118986.91075900065
118986.91075900065
118986.91075900065
118968.99179585977
118968.99179585977
118951.6338809531
118951.6338809531
118951.6338809531
118951.6338809531
118951.6338809531
118949.73595106468
118949.73595106468
118953.50897237797
118953.50897237797
118953.50897237797
118953.50897237797
118953.40630466651
118953.40630466651
118953.40630466651
118953.40630466651
118930.2089055203
118930.2089055203
118930.2089055203
118930.2089055203
118930.2089055203
118930.2089055203
118930.2089055203
118930.84828743571
118930.84828743571
118930.84828743571
118936.55478852749
118935.91540661205
118935.91540661205
118941.89009645063
118896.29012417013
118896.29012417013
118896.29012417013
118900.32689166951
118899.22821796636
118899.22821796636
118899.22821796636
118899.22821796636
118900.33928601125
118900.5663557614
118900.5663557614
118901.19647676917
118901.19647676917
118900.45966013969
118900.45966013969
118900.0673316289
118899.61844252702
118899.72111023848
118899.72111023848
118899.72111023848
118899.72111023848
118878.91019168781
118878.91019168781
118880.59013414197
118880.59013414197
118880.4874664305
118880.4874664305
118880.4874664305
118862.93830103884
118862.26376354795
118862.26376354795
118774.16210627218
118774.16210627218
118774.554434783
118774.554434783
118773.65539457006
118773.65539457006
118761.562077347
118761.86868772346
118761.86868772346
118762.99153180576
118762.99153180576
118761.53468159615
118758.05936229111
118758.05936229111
118758.05936229111
118756.9204051229
118756.9204051229
118756.44472273027
118756.44472273027
118726.60109584869
118726.60109584869
118726.60109584869
118727.6767593979
118727.6767593979
118727.6767593979
118728.29779621624
118728.29779621624
118725.47032735133
118724.8548305227
118724.8548305227
118722.4040949138
118721.76471299835
118721.76471299835
118721.76471299835
118721.76471299835
118721.76471299835
118721.0544812443
118721.0544812443
118720.94812530556
118721.587507221
118721.587507221
118721.587507221
118721.587507221
118722.29758575262
118722.29758575262
118722.21576307747
118722.21576307747
118722.21576307747
118722.21576307747
118722.29758575262
118713.60585840725
118713.60585840725
118709.73205010084
118710.22654862244
118710.85666963019
118710.85666963019
118710.85666963019
118710.85666963019
118710.85666963019
118710.85666963019
118711.51141653798
118711.51141653798
118711.51141653798
118711.51141653798
118711.51141653798
118710.80133800635
118710.80133800635
118710.80133800635
118710.80133800635
118714.03576439731
118714.03576439731
118714.03576439731
118714.03576439731
118714.03576439731
118712.82651071504
118712.83141419411
118712.83141419411
118712.83141419411
118712.83141419411
118712.83141419411
118710.23472037153
118690.07588961399
118690.71527152942
118686.43410955115
118686.43410955115
118686.43410955115
118686.43410955115
118686.43410955115
118686.43410955115
118686.43410955115
118686.43410955115
118687.00072718598
118687.00072718598
118687.00072718598
118687.00072718598
118687.00072718598
118687.00072718598
118688.4624253722
118688.4624253722
118687.12645308883
118687.12645308883
118687.12645308883
118687.90334867963
118687.90334867963
118687.93994720744
118687.93994720744
118687.93994720744
118687.93994720744
118687.93994720744
118687.93994720744
118687.93994720744
118687.93994720744
118687.2746524877
118687.2746524877
118687.2746524877
118687.2746524877
118687.2746524877
118688.04486107662
118688.71015579638
118688.71015579638
118688.71015579638
118688.71015579638
118691.15706932872
118690.54430628257
118680.86080842635
118680.86080842635
118680.86080842635
118681.50019034179
118681.50019034179
118681.50019034179
118681.50019034179
118681.50019034179
118681.50019034179
118681.50019034179
118681.50019034179
118681.46359181397
118681.46359181397
118681.46359181397
118681.46359181397
118674.64103755867
118674.64103755867
118674.64103755867
118674.00165564325
118674.00165564325
118674.00165564325
118674.00165564325
118671.55474211091
118670.92462110316
118670.92462110316
118670.92462110316
118670.92462110316
118669.50834359691
118669.50834359691
118669.50834359691
118669.50834359691
118669.50834359691
118669.50834359691
118669.50834359691
118670.5548526264
118670.5548526264
118670.5548526264
118670.5548526264
118670.1625241156
118670.1625241156
118670.1625241156
118670.1625241156
118670.1625241156
118670.1625241156
118670.1625241156
118670.1625241156
118670.56648281003
118671.45743413901
118671.45743413901
118671.45743413901
118670.34636609413
118670.34636609413
118670.34636609413
118670.34636609413
118670.34636609413
118660.35972652098
118660.35972652098
118660.35972652098
118660.35972652098
118660.35972652098
118660.35972652098
118660.35972652098
118660.87530727105
118660.87530727105
118660.87530727105
118660.87530727105
118660.87530727105
118660.87530727105
118660.87530727105
118660.87530727105
118660.87530727105
118658.56042177729
118657.77664099047
118657.77664099047
118658.88770903536
118658.88770903536
118658.88770903536
118658.88770903536
118658.88770903536
118658.88770903536
118658.88770903536
118658.88770903536
118658.88770903536
118658.88770903536
118658.88770903536
118658.88770903536
118658.88770903536
118658.88770903536
118627.06811379145
118627.06811379145
118627.06811379145
118627.06811379145
118627.06811379145
118627.06811379145
118627.6982347992
118627.6982347992
118627.6982347992
118626.23653661298
118626.23653661298
118626.23653661298
118626.23163313391
118626.23163313391
118626.23163313391
118626.23163313391
118626.23163313391
118626.23163313391
118626.23163313391
118626.23163313391
118626.23163313391
118626.23163313391
118626.23163313391
118626.23163313391
118626.23163313391
118626.23163313391
118626.23163313391
118626.23163313391
118626.23163313391
118626.23163313391
118626.23163313391
