4296512.565648147
3862712.768960638
3481383.462936453
3153126.2911680304
2859122.822841257
2589113.6523329606
2366464.2553972355
2166972.961062235
1988781.5087163118
1820069.41940567
1668238.887334647
1535417.0430737229
1413444.5680643958
1315485.2060147654
1216417.2139758933
1124598.7756643833
1049719.6475439905
980802.8613231629
916500.7193512165
858142.2806756811
808472.5882335075
762552.6150599727
721024.4156816499
684838.4842600963
651206.7361460093
619841.0194482242
591009.4387929351
566871.3479317018
543284.8564497242
523899.1386984543
500237.4030519669
481191.9215987925
463086.89989120024
445955.82117680646
430710.30766814935
416554.89830064133
402709.6673053411
392147.45151040744
381665.7455584032
371318.2076218469
361596.8526295952
352939.7665076922
343548.62034403067
334770.0590782073
328006.37587617326
320590.88714003813
314915.64438728645
308293.37308439764
300030.5450709902
294576.634672116
288545.3341681892
281426.2825132811
275926.2219587842
271382.00272827776
266512.76220043964
261292.61617796362
255615.07294197674
251977.97676751716
247954.72925700684
244809.55713063275
241204.5067098047
238663.41310386008
234808.2429744342
231990.01300547583
228088.543674214
225248.16854451495
222309.13625474
219883.53073556963
217352.73881702946
214625.41418814362
212470.90785193627
209722.57644780798
206933.42308161384
205154.66506227845
202899.2851383856
201518.90012868348
199390.55937128712
197375.3729922863
195396.09404010975
193188.98853902746
190897.04761519784
189337.1412661675
187475.2522989218
186030.9385945843
184269.28057554926
183173.58118768458
182051.75432505348
180911.53253916855
180058.76269681158
178798.6792726726
177469.23159876931
175855.47842884602
174483.2295360901
173492.26071859046
172930.8540180086
171936.44813901995
170553.29108218086
169661.45605766162
168615.20303879175
167351.24994198536
166626.2310291412
165719.27375743588
164566.08285229967
163322.99945340285
162277.2950266003
161614.81039795515
160209.07240869873
159473.59319407787
158688.56438026892
157937.3383811646
157566.63065108308
156766.087814266
155815.6052612142
155230.2496277481
154701.71037223673
153962.358966958
153169.66117196676
152445.5042783536
151744.56944281782
151066.74361044634
150761.69271850432
150333.08707334602
149838.35176777013
149627.2055784684
149264.9784631767
148971.15008422575
148322.0164428618
148190.43124681787
147774.90777985874
147166.0894437668
146965.3478823381
146822.39443760258
146274.54887113537
146154.13623768615
145908.459297831
145772.31072671805
145567.79618799582
145353.6247849107
144863.96869641473
144517.6304298529
144323.76354391212
143893.689599276
143721.22935700667
143463.2969338296
143105.02314556978
142731.38015579752
142499.48277485656
142338.62139140797
142194.65220742289
141892.79136283428
141595.9338255049
141452.55494114629
141015.1983655031
140934.33321418776
140686.12373848326
140517.23802588115
140417.51983380114
140190.32840483027
140110.8566617872
139872.88244561414
139625.35201460868
139526.78209698637
139311.66408873425
139097.65686430296
138922.9665181292
138815.84097507916
138500.0527841783
138304.03470707894
138110.34945738604
138065.10748012605
137771.57747787196
137599.65008957722
137418.5543229016
137180.79810692475
136760.54832064966
136704.05546140912
136485.07311654475
136423.22354440676
136320.536246616
136156.00794689247
136074.20581840747
135893.38398174968
135788.1459241204
135733.1625071413
135672.77987589195
135440.52354977027
135369.23313061008
135111.3318621097
134877.92583493964
134650.2757199909
134505.2955893688
134499.77019737227
134429.12506853772
134370.37171505208
134348.4666236335
134164.38468353136
134092.25069496597
134003.0517764961
133925.86658450257
133818.9538673393
133770.516118636
133705.79678605773
133560.17514203239
133523.4524332109
133357.7219393307
133299.38692821446
133175.59879810648
133078.11952811544
133041.7467674122
132855.5824122085
132648.38990352472
132459.7877895862
132359.31637826798
132301.4358812979
132108.13848990644
132073.98212297453
132018.15365742246
131967.67611341347
131915.33280218003
131800.87010316947
131684.62217416015
131663.7045285417
131567.59192424215
131438.76960976003
131432.0920242502
131384.4265275449
131227.92498530872
131212.40910497212
131184.13818336403
131086.5787858235
131063.7878966062
131026.77746677725
130959.69864900448
130928.53139886796
130909.23747132513
130824.07836534437
130709.6560769632
130644.81587086282
130554.32964138668
130468.93040500628
130447.55815509103
130358.107938479
130284.95358185245
130263.69101389102
130135.2583563315
130080.79892300171
129980.39495011751
129951.28625857929
129932.14130625574
129899.11737343042
129654.185779647
129529.91338108236
129413.94933424881
129362.62998867518
129246.78705016094
129180.30023562162
129090.55359804578
129028.78880014554
129028.71491322004
129019.76644439659
128897.24959208653
128771.48817672525
128603.36148118952
128584.47577088908
128528.85057463561
128424.30971783881
128351.1813152377
128323.59715943344
128104.65387577389
128073.4801652501
127991.08959105553
127971.49782841458
127916.48718471231
127896.56978163066
127827.1008751376
127817.93976007836
127804.97519248628
127770.4580676315
127748.15063071603
127599.40821569569
127534.6137142193
127494.7277664528
127471.93474705888
127390.70431761237
127335.93011719381
127291.8446199196
127266.64049751642
127183.01304684434
127163.19115617644
127095.89770844544
127068.9860657879
127039.71851052214
126935.78696860067
126930.01283077066
126803.91844930421
126800.96786941207
126753.28592131828
126700.99540791704
126634.80407527082
126626.56599730226
126558.41033324004
126555.16053955957
126474.03543385313
126426.74831208121
126365.10735291638
126239.63935141987
126194.76978517097
126195.64561657791
126165.60176263575
126090.697948264
126088.26497152357
126082.13612735063
126049.09754200382
126021.1092623361
125995.60395986699
125973.32182267017
125966.0812773862
125945.37644737639
125940.67150225746
125935.05392222374
125931.13084860065
125923.89528577094
125879.5649995126
125754.39265703385
125708.11247960676
125653.44040864205
125631.60932854268
125631.60932854268
125576.82013312842
125560.18019247259
125518.78413677982
125473.21592191822
125419.46597165738
125394.07325618895
125255.38361259976
125251.25797843198
125175.13615740143
125142.85345652244
125139.51531776693
125136.14904327426
125119.97058248013
125062.46658534798
124996.2787456293
124960.70861235775
