4137766.5543366196
3741823.45764478
3377059.043746228
3062983.631717615
2782697.4551375373
2517168.7614401965
2288535.3188755265
2073751.4282859694
1890669.964221571
1727295.8665669006
1590532.6637059874
1473568.4072961835
1363394.1198436553
1268737.419964326
1175130.7241659968
1104792.716242806
1027925.8529178322
965801.3591432624
908104.8182973294
851743.1118189546
802342.9975997614
758578.1920459307
717963.7574628834
685394.2132711094
649419.1645174958
616850.1452447444
588718.6169289164
565620.5954514066
544998.4868756016
521975.9312363233
501371.5360852139
482276.42226562824
464777.9320800763
450299.61173087964
435797.8889716441
420407.97997170733
408001.27530459967
392449.65490112157
381868.8121332673
371982.6849955325
359115.0119112228
349199.2589669914
340764.78561426327
332265.161325401
325040.0358137087
316181.304849594
307805.6761356254
301007.58497748827
295427.52114089904
289175.14219303464
283760.24197768717
277986.1532723701
272312.2979419241
268182.3284310566
262775.16730922426
257865.01271625195
253866.36535364148
250188.22782550854
247427.27412891324
243434.96308751422
240100.8137434835
236329.84257414134
232965.24294557952
229865.02906145933
226196.65852532315
223733.58072050958
221758.94552886966
219251.76830980644
216051.35673873883
212822.50132450246
210062.00404282255
207447.1516606374
205269.23015964124
203610.8357935508
201442.64470794523
199675.6020360118
197376.25050199154
195316.91142142954
193629.01362044207
191551.92932857873
189652.35883993556
188220.37967353928
187390.2160917482
185874.88465378614
184998.27734559623
183327.51446295605
182198.17295445397
180694.1472593161
178767.16621214343
177400.4770209632
176334.8748911281
175400.09278417687
174504.91953332524
173379.95529638708
172264.54345038882
171481.13284472574
170335.469602028
169507.36461721972
168762.97921306116
167221.1400610482
166628.41466108774
165639.6527340335
164845.76574025076
164058.3529422179
163190.54853556
162421.51781175364
161352.23198901204
160410.74897578417
159783.84597321093
159242.60536450148
158774.21452065354
158099.8903657407
156923.14917305895
156358.83768588983
155710.8009945621
155151.31727854937
154232.14692154713
153615.98520528176
152869.10973364091
152244.34043873576
151263.6885166041
150643.39413769817
149915.02456827962
149070.48196040504
148241.11725674485
147824.11549281894
147339.0313200963
146806.28176225664
146428.53463501885
146125.27059863007
145933.4638044461
145635.075997581
145224.75087819042
144978.32141240843
144710.0578539555
144533.636859999
144003.87290973766
143747.0309242782
143529.78437195695
143128.65090928253
142805.28400782915
142508.39634563803
142226.47976173332
141678.6584675995
141468.94793423722
141103.6561462173
140673.86159498213
140341.95725073895
140234.96454661278
139998.85716166563
139854.9854106746
139517.12426656543
139148.32715585636
138975.02965237573
138797.9593730865
138463.36511423605
138190.5351898113
137956.71534994437
137599.01442010957
137499.04784129641
137248.0991410909
137126.52873104892
137072.67130934366
136940.31458788767
136793.64037397524
136667.08489293768
136454.4785832552
136423.92841841647
136193.2108420626
135918.6889416008
135742.8577859412
135487.47258059346
135313.50442636161
135064.92317453428
134788.4291928966
134589.4982968112
134389.37203436528
134279.60019083496
134167.34841475158
134030.9835243773
133851.68774468297
133735.81773269654
133683.4735935484
133638.43964423105
133408.52279355546
133322.75969698408
133155.24053117592
132991.24543883704
132867.73102590043
132665.80765254478
132599.51001746993
132410.92043410102
132344.78936887212
132188.35462386784
132139.509419508
131966.23492112145
131712.1569141845
131582.2184151304
131523.64894554563
131356.22765628266
131264.40357840928
131162.83927925408
131007.52043692858
131007.87829882349
130882.43257243646
130705.37260391368
130687.98589905989
130600.93238703543
130512.74470505466
130219.42510904967
130106.13471844945
129997.89975966343
129930.30642414982
129812.85859341917
