4201210.887443954
3805543.1783281034
3460992.152684111
3153244.6857615253
2844244.2119076364
2575681.3091443814
2335293.5725281145
2129689.1781271272
1955658.6703370824
1791412.8998569148
1644159.7362304968
1512526.3853140548
1401309.5166622365
1294531.0902996152
1199725.5609446515
1113859.4755539936
1044548.1481722792
975231.0343896991
912121.1935652206
853948.4775339697
804746.2835754249
761215.2535928674
721124.3593328886
684387.5559097988
648822.6949361088
621435.0733516339
589874.2800072732
561238.503675912
539855.7435805671
516902.56052260805
498473.8286189511
479572.376400583
461755.51016465435
447180.6847236826
430665.6330777217
415626.4362612547
402285.1703293789
391989.88487274747
379718.1548341641
368662.9010543641
359290.2399331191
349863.0851216016
340901.98413746245
332727.0100128462
324799.1193588899
318477.61400062765
310703.7748389363
302890.03561749693
297031.0730947762
291444.3546701686
285751.72581674356
280625.28611242125
276183.555454292
271389.61048159725
264980.9084800741
261358.3557548884
256412.49748316297
252213.15113901848
247849.99360668557
244354.99436354695
240512.86884901894
237138.15325780044
233438.53304804442
229201.81546995096
225943.99492115888
223194.6796847164
219149.22574278602
216252.73095933784
213872.76453163626
210932.03331153956
208982.05044544942
205788.68429635832
203301.94169981516
201026.9031144036
198808.2414593238
197384.7518011182
195120.28957592114
192704.36858435342
190549.08764322236
188734.38209755698
186994.3827865945
185670.64465536183
184500.7469024415
182406.36620721634
181134.44757575184
179748.3547309993
178721.2347857423
177337.30639716232
175753.52209444897
174649.9599352057
173482.3888654986
171977.8142897148
171221.619488293
170429.08752144338
169809.069102286
169166.16122362547
167990.36659556555
166439.29595218715
165485.0860216216
164575.880985629
163954.99015483027
163556.01565052458
163100.37154482654
162260.72434072435
161614.04869919614
161101.69834666036
160122.44684211243
159417.84768653705
158875.7534669622
158231.0686519473
157681.1361576835
157122.7211360496
156739.48611732753
155785.92738548975
155389.55566624043
154650.8094362449
154209.76836290996
153758.6323078144
153268.86884767382
152688.45239250534
152384.79760063413
151849.24046796968
151247.714866861
150764.08350998175
150372.66090114356
150216.78794429835
150018.8723087348
149784.59838257695
149306.5311536504
148946.8929238792
148493.29035371006
148228.60389151907
147744.06268037594
147440.74843929714
146838.92748447205
146673.95590100746
146379.46055371495
146079.62543145422
145677.94202174043
145268.11092168264
144906.95425140328
144760.09758838709
144311.50882971278
144121.8188784847
143913.0514543769
143756.65366057854
143271.48331541335
142937.86613047853
142707.37980677088
142641.76939909504
142431.25343748188
142147.04428726085
141883.77763930708
141732.3516944003
141320.84800500286
140861.1904209083
140673.74463571122
140406.08942375064
140170.21702865543
139861.35827890475
139721.40191436565
139543.4711485332
139348.4444903574
139071.5801317772
138946.54674280356
138760.77108768298
138495.13072758712
138393.03450559225
138242.335350099
138204.36126995413
138113.40186797568
137781.60072684026
137582.38967718533
137306.72770014819
137236.09202932293
137210.86526920117
137039.91208484987
136940.35672989517
136880.48477628737
136786.6498154708
136552.72326481837
136452.4592572988
136310.00245025515
136218.44504428454
136065.34957823623
135907.19871126735
135848.8163729058
135790.40304372454
135569.8075865378
135502.135140702
135480.58206374085
135421.13440558017
135229.07089180627
135088.0385829141
134992.6203426178
134878.54362110182
134710.19848974695
134530.25948887572
134289.80172676023
134072.7445495436
133907.86741856858
133851.59221026633
133541.32420932385
133408.29205900698
133220.17407116556
133099.8506732098
132968.5939295903
132946.26285051563
132854.3555206891
132838.64898595124
132711.41173005983
132675.83890848098
132521.20683970134
132345.16420913854
132279.99983685208
132063.33856514323
131912.85342334426
131735.1142051512
131670.2444284425
131597.02876912602
131588.54503783493
131433.85289910156
131385.95944032422
131349.22634509928
131239.69026007954
131181.95902615224
131092.67625030273
130957.71006504237
130875.44653710994
130711.96699717683
130694.47871915081
130647.11370951033
130629.18044040028
130469.68567455045
130338.52448244955
130253.0873672526
130222.69168153146
130169.92074066753
130049.65458973969
130012.18334907247
129894.67047613223
129800.51406564108
129710.57721124882
129704.74126931914
129693.62408378179
129676.94943094792
129622.95079335298
129548.61566251657
129527.38352355942
129279.34132396904
129214.00131703744
129095.10912681524
129084.17915346066
128970.71241131584
128887.08696731442
128848.11889864088
128791.1861449729
128734.27175669334
128682.73345138198
128594.51429732834
128492.53561212984
128467.26872095381
128430.63528891817
128367.83178550655
128296.9928609505
128176.69851986889
128120.18128529341
128019.99650075572
127911.94800866272
127842.54990340592
127800.33581130652
127747.03474723599
127673.37547803349
127601.68784415003
127417.18445918724
127357.66619614512
127297.06495923725
127267.59691753879
127242.28436753334
127175.26317241204
127170.71121420334
127158.61297932822
127101.52597035652
126996.3541072724
126983.59890771151
126963.63038981572
126851.17227486076
126751.0506983277
126751.0506983277
126712.64655763547
126640.34149067372
126557.5794032206
126521.4052428107
126501.19739214232
126500.78041646318
126500.11537157322
126498.7256223938
126449.44020739642
126435.46877756674
126386.94227070277
126299.33165561075
126137.84017908724
126133.69179339614
126068.26811711988
126066.80810702026
126066.80810702026
126047.03813930102
125971.31893119503
125941.12961840181
125914.41198611846
125789.2873233888
125729.71957387375
125659.39652803127
125543.69541452735
125420.44502634891
125359.62289901069
125359.62289901069
125325.05598694958
125314.4303769042
125266.27179924239
125213.78626860506
125151.93275972441
125131.8447788435
