13293.71298744405
13217.92393113914
13158.003421373007
13090.074283397134
13038.096063006567
12972.155533585123
12925.426446055968
12872.437231027068
12818.270552906664
12773.790883959256
12718.345313225884
12690.411555839562
12653.61180347034
12605.910960577521
12571.765522763744
12535.224907638154
12501.827021069366
12476.043397590322
12436.080280835045
12421.919747073756
12408.178870632324
12377.10122368539
12351.181014707394
12333.394864509832
12331.334005211238
12324.474119524355
12305.486506246463
12281.188684125867
12279.739949802302
12260.439099255793
12261.772036396826
12244.579323235748
12224.7525979764
12224.854552113455
12222.450557897908
12202.009469221368
12179.864097049345
12182.855651040345
12179.980052673222
12168.838570505606
12164.410550364822
12170.509847410814
12167.697246929287
12156.536815681175
12153.169070479658
12155.021878272652
12142.161235671665
12142.224726589491
12146.994049833793
12152.365283389314
12141.399449306804
12135.050534434764
12135.111837715878
12125.489768481992
12123.984672230743
12126.696867398136
12123.610146091836
12121.409755217825
12114.04059866432
12115.616104085451
12108.854535509205
12101.926553575147
12103.83397174834
12102.871243837573
12099.941907088565
12103.48206400609
12100.70120699018
12100.905102731158
12094.90342532238
12085.766838176343
12086.1154763555
12071.349229939939
12075.59665487711
12072.764601173016
12071.20972081332
12063.866592578703
12061.830941246371
12058.955018610195
12071.218942064515
12072.716551681573
12078.59122416328
12074.86975744606
12057.805888350042
12071.53597011073
12066.88814572512
12064.37075135662
12073.985508366093
12068.132571255775
12065.318606233355
12059.79279415117
12063.686199949887
12071.130362163824
12069.673754628573
12062.979583999138
12051.166353344182
12053.977281215
12058.80509578917
12064.091820375048
12061.011804387275
12081.30670206852
12074.767258203814
12077.596325730665
12080.734801238585
12081.350541373136
12075.330207940196
12081.698034906707
12079.346517002456
12072.877173292489
12078.883580765232
12073.806803140578
12082.385842499905
12083.690198269851
12092.382606198473
12097.2039362256
12102.093133550803
12111.750980760478
12112.051015018651
12107.461304734392
12107.205149704954
12103.748818441032
12092.771389447025
12086.943883048043
12074.423450742233
12064.652086870843
12061.264158117669
12061.26458839888
12059.184151228303
12048.806182707014
12046.420600504302
12056.575003778395
12065.854782177757
12069.081145958491
12076.304836006744
12068.521179222022
12072.507281180666
12073.170841209121
12073.624749161576
12072.927014722816
12075.751636141486
12075.184029910793
12071.98307830287
12079.875691293211
12071.522410450743
12075.420223869969
12076.461105894941
12089.006124915188
12096.623286156677
12090.12607700762
12093.447494326578
12099.35052659169
12099.345917958546
12093.985590034055
12096.32953445292
12110.39087471404
12107.130239494105
12111.655048671066
12101.3858383722
12092.74063352256
12100.874632352685
12092.532767190449
12088.925838994568
12086.32642450984
12082.85636244508
12082.550279508187
12077.554715751254
12085.196428825535
12078.726777936037
12061.867949767337
12058.354544941714
12054.871147573787
12045.830087488863
12041.042283713816
12046.015993272435
12041.943817089845
12043.217966925691
12045.00685718396
12053.121640302572
12066.298576238383
12059.084543491805
12056.34346742223
12066.624641782619
12065.552721794544
12064.429835519182
12070.480677593594
12067.95793520939
12065.224007193166
12062.89091225479
12068.581062835929
12077.643622165342
12069.871267095132
12071.27270064396
12074.792882815962
12075.689950346485
12080.280854149332
12083.005780924708
12071.814420136972
12069.883762788417
12070.326662455394
12062.530140174364
12067.245955948372
12071.276602054495
12077.298734844942
12071.227461373172
12079.126849830762
12081.211538501193
12083.847982996274
12080.312123505846
12072.012960445016
12059.171423613305
12065.36608460074
12077.029872699188
12077.51435447353
12071.630943290818
12070.984983726446
12065.6230918115
12059.156845451183
12062.350447669576
12056.350650903507
12063.796330368074
12055.537135066319
12061.367390423482
12066.931707206699
12067.912883874298
12067.154122718017
12071.745909405905
12076.315355589204
12073.794693110342
12061.11435879458
12062.877098867015
12055.723592484508
12049.693045471437
12033.37814233452
12035.488146772352
12032.819161258878
12027.456862271123
12002.060989739603
12004.584071273806
12014.531365007593
12013.217118939781
12019.400887976892
12022.80989560516
12030.284758305188
12032.203220590767
12031.985019895857
12032.952157937014
12032.632067520626
12035.524988611203
12032.560710939177
12031.471661364516
12030.539772981912
12039.562792147626
12040.913619375418
12037.857442364599
12041.865210077412
12045.887889687256
12043.127362268784
12048.100461043716
12030.068809106408
12022.074663221909
12029.518205804387
12030.183626888938
12035.82380071783
12031.023450049242
12036.713615571472
12039.67638541623
12047.987527910944
12047.268504905536
12047.681668296304
12045.139879555445
12039.53351680418
12043.208964714844
12041.89277660254
12042.487702628627
12046.61727546337
12037.743950094176
12040.754375420276
12038.122101366078
12044.40171412667
12039.31431086388
12037.53779521343
12032.476933386253
12041.624867427608
12045.14815786076
12055.428200682196
12066.616182441423
12065.639012091604
12066.401220442862
12077.078872191425
12078.64491971557
12073.210785125426
12077.005937411555
12074.498685384453
12068.232927228953
12059.783924607678
12068.01558452985
12063.068847472721
12064.608564074555
12065.544174405124
12060.643534863797
12061.687130931808
12070.3585395611
12064.86267130926
12067.84317821846
12064.141123564368
12054.336947121654
12048.357141875582
12053.547972924724
12059.839822086436
12071.510241051312
12066.686613482256
12069.681660535824
12069.857463907978
12056.477975488062
12055.412962918792
12053.191558731629
12053.438920021443
12055.130710354242
12057.231322853613
12057.288559072893
12049.989831067465
12057.015939596642
12055.459825355796
12075.6715530529
12076.921087013565
12074.87584889244
12082.529034142863
12088.223166777143
12080.43735307836
12084.953759431837
12092.999543813361
12081.676181948322
12076.071311603206
12078.882214335015
12077.639392831512
12077.503055900517
12067.390708804836
12048.41749796035
12051.411709998722
12056.479293980341
12063.164053456898
12068.543795177513
12067.017038383114
12066.070634522053
12066.915494566314
12074.611749702024
12072.408383450462
12070.757186333569
12077.91442956608
12063.570553579058
12059.113942853533
12053.281991756832
12046.77669475268
12042.21984635479
12039.03609509168
12037.839099033068
12041.350814870631
12037.078854079287
12045.832466399208
12045.047149852659
12042.898735332337
12046.136725580767
12053.119536858268
12048.377484721808
12042.97835814115
12049.284405140235
12047.862321603436
12056.056198364124
12060.428143151916
12058.866705130753
12058.861155123166
12064.872651278034
12067.311451170584
12072.990109747654
12080.65444720251
12077.159428041972
12072.026041402794
12071.201332922094
12066.527758571747
12071.909420122047
12069.946054452295
12070.056023220386
12070.85535007938
12061.41344890204
12067.331302406243
12068.725735944096
12072.213554050955
12076.2124781153
12076.999790194104
12081.21986952507
12093.596810680203
12087.683393405921
12089.42638625847
12086.527886576463
12084.741920596392
12087.739280846647
12081.225416673124
12081.205481645788
12074.725584813827
12071.421163832927
12063.728180151797
12067.836870678379
12073.425935765197
12078.037428468178
12091.917725472662
12097.578454359129
12098.006275725147
12083.754318154686
12070.694406663295
12073.39402292581
12061.57003067926
12074.44676154773
12072.83617655154
12077.043435581654
12073.634618611035
12070.962570260333
12073.527184133727
12079.870066931166
12081.491968161858
12076.215629800601
12079.041865780402
12073.178478448064
12077.430145859285
12083.490463833214
12080.330910117129
12085.61996472286
12080.224547228267
12073.794869382746
12075.049611272272
12077.957970519943
12082.131933137964
12071.238882093458
12062.707609531
12070.37915062801
12058.006123346633
12049.495242843894
12052.069876261336
12054.935446879608
12055.239491274708
12049.547750770624
12037.91200276979
12043.164699282419
12039.302571749324
12037.081104645698
12038.093640224142
12058.483419907234
12055.102552542652
12058.768022366909
12057.94362274612
12067.193888234842
12082.457630373789
12080.607686392877
12095.864383566555
12104.380592467047
12094.31634431466
12102.888262020904
12104.757178754298
12110.948301811892
12111.947427783842
12096.283214563644
12089.902812355995
12090.907587859732
12085.511274231128
12087.567627880679
12088.397051171098
12086.524904056987
12088.210876043275
12091.57147608951
12093.974719868704
12092.875693720176
12095.154607151737
12093.728127592316
12088.394770714072
12086.545346846171
12076.928003233099
12084.33411964319
12075.019045607874
12083.99551180403
12079.396028665833
12081.842928464286
12079.738390856035
12081.850669748601
12087.425551514
12097.201558800272
12103.007067474824
12096.077127992916
12085.124923044663
12092.254308191637
12092.60606031531
12093.821141395638
12103.161397857139
12108.034259243976
12104.851430665492
12105.385281355022
12090.115838817837
12077.207352194768
12085.427655338208
12090.474503782067
12092.972062539935
12080.121800337653
12077.727686836588
12081.869522217523
12086.26949284611
12081.952003128956
12068.91815104598
12074.770374564596
12081.05777150078
12075.094649955892
12063.589011746366
12066.259652023762
12059.516827190331
12052.124836932371
12060.124189565116
12057.152669896668
12057.799533990008
12058.771612344379
12064.948781892253
12069.12384985733
12059.855346296747
12064.986591598148
12062.756983003736
12056.953540610559
12056.807327899794
12061.722466166735
12065.617529524972
12055.946802533697
12062.063153276082
12081.659652366083
12083.965367730218
12077.04664696939
12073.863942217462
12079.919221582179
12077.728277375652
12082.400566253835
12089.71767968945
12086.760928356889
12087.16912169778
12076.021149890561
12087.795201971938
12103.717751119158
12111.509902924055
12108.302500955437
12099.584650324898
12102.293513036275
12097.188689323391
12095.36383552824
12091.101103341734
12091.574109777386
12096.417910207922
12102.077784600693
12096.69813260022
12095.449456157556
12101.622378269594
12107.271535679352
12100.934725190053
12094.33614017632
12087.980605783232
12085.549512487174
12094.601629698693
12096.504892808556
12093.083546834476
12099.54857747193
12098.891809322715
12078.407812488069
12068.134572679915
12075.322347639889
12070.522197846163
12065.328148437336
12064.88821288752
12066.22637030456
12079.708061446912
12081.426803404735
12084.261133332297
12086.8291952431
12073.242891195086
12065.481750764598
12081.209914055455
12088.311165617442
12093.757699457863
12081.60814075435
12097.266470215112
12085.738600016608
12087.040288580472
12098.838453722712
12104.714388590182
12102.978956247667
12105.026891051242
12098.391153301744
12095.407967194778
12081.669618221134
12082.696104794128
12073.727724381579
12074.564691951928
12064.856822044672
12066.32019849105
12059.330219401818
12057.791233366457
12060.531421622924
12050.306894748097
12063.87244686138
12056.851157489982
12053.056602964993
12044.181551324258
12046.130338523588
12046.37153296937
12040.63637234785
12031.464683965854
12022.419603379123
12030.732260502218
12032.712489815978
12033.605330097806
12025.932059777537
12029.546448178548
12024.030857859674
12021.093608500114
12010.774796404525
12010.239375221223
12008.952213002665
12016.975702566859
12019.302222274875
12025.984535855987
12021.4550953209
12025.045954225468
12024.356149202738
12028.893886697111
12028.654678473547
12022.273200595728
12033.198270227835
12031.002936526296
12017.330637400983
12012.84685549379
12020.72694624209
12025.64627266155
12036.901784088222
12047.924422410877
12039.5022880078
12041.918455454068
12022.854254496895
12023.980485190976
12035.255832437266
12044.950299355176
12045.245246976749
12053.072477970509
12060.064769615066
12050.548859146724
12039.460467724226
12045.533029607024
12042.095331434519
12051.354495430556
12048.466029144889
12046.655132678887
12053.23147091737
12061.657528754102
12066.252893557228
12069.226129659546
12064.585664662312
12057.192784558247
12043.850337208682
12037.578166782288
12044.496462237941
12044.165183483205
12048.172758417202
12052.184348076544
12041.239159046048
12039.842044986317
12036.558605297378
12034.945505888929
12039.332391688637
12036.377368213216
12037.138465530665
12031.869649917357
12032.702381232652
12036.232596512831
12042.663030236658
12058.271086187033
12046.239011875925
12040.716960134765
12048.661099956107
12038.55444706369
12030.089384775343
12041.389059075911
12046.20632051777
12054.79801967218
12057.039349129527
12057.411295219878
12051.577487873545
12054.070731913294
12035.183702104816
12031.647787361984
12029.459122035492
12034.72022206282
12035.35253061662
12036.608541750771
12036.761991013136
12040.07138770774
12036.774165881725
12034.711893004045
12029.88304745288
12025.559559036568
12029.990120305185
12024.469472513114
12019.107793408817
12021.395791584178
12013.121066509557
12016.550148387068
12020.64113270009
12032.835813760454
12028.848336418352
12022.21471962919
12022.782052555855
12028.107346291528
12024.257145723648
12032.813551923542
12036.697428425441
12031.823161963363
12026.429358476464
12025.483438650856
12021.460971490633
12015.189816341353
12017.99089723771
12012.855735870542
12016.497303335327
12017.694072482525
12019.116014673935
12017.388842190556
12023.208324567342
12028.85152068531
12028.167737885704
12023.757073743145
12026.949468500581
12034.682032537821
12030.820965775343
12031.604781278445
12039.831076432423
12032.394986190397
12040.72677103564
12048.101592272084
12032.357747138994
12028.530025369513
12019.461862884375
12023.016757266196
12016.265664733231
12013.59677822861
12017.391460087138
12023.355669056495
12026.271751967659
12019.60018992097
12009.621382937316
12009.264010121173
12007.627703037626
12009.884332979997
12024.403186117592
12026.794266040393
12025.814372289049
12026.356464601777
12016.069329649014
12029.85841808018
12027.081425748822
12026.8442432502
12036.806440401317
12032.841041093403
12038.62067332701
12031.932934156526
12032.694171635303
12039.106417079249
12042.343276780026
12036.876768669692
12035.050813710703
12026.414990170131
12022.59313251372
12034.243926712808
12037.866996244638
12038.785610553332
12044.864392996808
12051.218871000756
12053.343357739315
12050.176355167225
12048.024020340345
12048.337798658653
12047.69121285005
12054.94223056695
12056.365651323144
12055.91052409637
12056.7076543793
12059.251659167245
12057.344456812467
12045.294341289575
12059.009447416476
12061.184463939542
12061.469942578799
12049.794517880411
12058.025912412362
12074.982037489448
12079.604265172831
12085.362170203643
12080.913140476878
12083.161942958399
12090.603979425081
12080.864007278342
12082.642797194627
12092.101644092352
12089.914325609676
12099.255510306664
12096.949666774011
12099.111520647963
12094.832267568016
12082.970856241907
12087.292777046127
12095.225066429368
12095.352204110475
12094.209033353012
12102.816354096314
12102.749818345008
12099.396603346355
12096.342087887093
12093.690966815517
12093.247532521962
12087.211330937931
12084.569850676764
12083.53785231866
12075.29783380546
12074.603698117182
12067.085732835763
12067.119663736223
12057.811157526816
12055.186613600832
12066.829722961444
12058.375918067668
12055.662686027448
12054.645549161509
12046.111030577682
12039.90156760931
12029.388993368402
12033.242627613257
12040.776753408893
12033.929501387165
12032.516578605304
12033.503569452914
12033.58913095773
12041.275962421763
12039.601465543428
12032.865215286227
12034.158907304143
12038.022547699611
12043.09679978598
12044.177812553438
12034.919241980473
12040.149119656347
12051.860585908413
12046.357656000419
12039.12081543493
12034.920424784377
12026.701645912017
12024.098884568772
12030.20872265422
12040.923749429501
12030.248703411766
12015.309919999065
12020.44325871029
12017.255300432545
12007.90390899278
12021.934692116112
12027.525465069888
12022.904761363263
12031.362401845301
12025.678712636929
12028.993333190057
12022.176090734494
12030.441465046766
12030.951365710469
12021.330144239659
12027.091285277225
12021.618390902484
12021.84676296589
12027.752286825515
12033.406218782171
12015.717519417187
12010.471293401242
12013.946981457892
12012.542790678295
12012.836163420394
12028.718711787982
12028.892010754076
12026.317176644434
12029.233646516372
12030.744539103283
12043.190946099845
12037.827058343511
12029.814857839654
12027.304878681914
12024.01399208358
12040.888706667367
12047.178672453849
12050.913950620346
12055.588991077675
12042.203172290037
12033.514575979094
12033.35871611624
12033.525792304583
12032.835876541776
12029.445673914548
12020.803740782403
12017.573492470576
12003.269685773208
12013.682787044308
12016.90681765466
12016.252772118665
12015.046417089745
12009.169373805778
12005.826988217028
12009.609369734551
12012.707581042154
12010.725763098562
12018.252874168711
12024.257268650412
12023.216285372731
12026.263616562275
12029.20648260721
12043.336421710706
12044.381205041987
12043.300814697071
12050.797830483567
12049.917956147463
12050.297936498886
12039.08943879882
12049.500018713541
12060.948538784965
12065.154368566356
12072.085228786214
12060.84066667487
12065.071308296981
12048.979474909684
12055.680317320304
12058.210707794311
12072.245573369368
12065.592064610362
12065.162223370902
12055.619509994176
12049.943429013414
12054.39425541546
12054.025336235673
12061.512465062278
12059.821787293024
12071.608008010768
12076.76097903918
12059.601670270535
12065.541855957305
12055.511195205496
12072.587463535734
12073.440143163683
12070.005060607147
12067.321050381404
12064.909991586708
12070.861005167872
12070.394309586663
12066.580045567578
12077.075280538236
12077.796323231743
12069.913131910715
12074.608073033869
12075.317440091954
12066.650426140965
12062.019527545619
12057.899276968885
12057.707557531598
12049.479561429765
12045.140484459016
12055.250997807354
12063.409410003922
12066.216801029383
12063.278125737383
12067.271588054013
12056.045038365392
12046.853630798189
12050.423461498674
12046.96307437279
12041.879002930262
12052.300564065721
12064.635042335321
12075.02891908966
12069.595978241416
12065.108780894918
12063.216937883897
12062.002668952067
12067.750421659084
12074.415915045298
12073.531352519898
12074.728943411315
12081.88983227401
12069.543038263328
12061.985260316069
12057.970891088822
12047.370202700084
12052.499341716783
12042.741704083743
12042.000827926855
12040.04133206993
12048.735782971562
12046.019168323659
12047.262434747603
12040.238699407753
12040.541474844773
12050.98228750594
12046.45624306241
12045.651257425938
12046.84734642957
12045.435283408082
12049.767302741178
12047.935424376134
12041.504533727988
12044.449047880167
12044.288665023027
12040.92660147495
12037.377820324298
12030.728871735693
12037.286856035058
12033.638910378708
12030.200595940369
12033.56667688668
12017.537916403615
12027.02024222797
12026.698323053348
12044.847540503404
12048.355036869994
12053.721139306424
12061.017000302414
12067.742598048182
12072.53439276347
12075.407096397386
12078.013059285973
12079.450121870772
12078.91969814599
12085.761981038777
12099.595060286618
12086.97068716879
12074.941227607804
12065.873613685186
12067.197552337318
12073.355073691038
12077.734891069173
12077.548369191212
12075.247734360762
12076.39593812815
12068.694814949644
12068.281656769175
12071.614282791796
12061.795615464442
12055.961488316592
12062.78878740199
12060.124819330618
12061.129704702662
12058.686317157775
12056.53246183763
12057.757080736465
12044.042387770776
12040.390540546723
12033.824044476158
12026.127574717193
12036.847951935246
12047.335591033607
12055.440046177839
12057.49625268936
12046.63892883027
12050.97975603434
12058.433776443984
12059.496472609637
12054.11964789479
12048.44318183772
12042.63672059163
12046.047638747747
12046.577286119385
12041.335269911755
12044.782319339249
12051.576796701407
12054.49673184512
12059.705127502893
12058.06996641586
12058.314982390488
12059.92968170653
12061.647466659995
12058.898408777633
12068.418781517707
12061.518585558373
12055.712228262972
12055.170791807532
12057.148191386788
12053.284771700462
12047.380503381231
12052.495864795204
12051.116731694354
12045.195230795522
12039.986122184328
12037.233360549886
12035.791764733862
12041.34011924368
12047.039673207175
12051.037468369017
12054.197900410149
12064.159986124007
12073.638818838943
12073.977041509628
12074.46390483536
12071.893656088188
12067.107442961795
12069.234687540895
12064.148362785094
12076.11291461187
12071.469492389675
12077.117773777882
12079.993486869927
12080.637292615922
12081.318880366225
12081.861292935038
12087.292902429479
12089.49669427637
12083.758256738514
12090.809376437981
12083.603392539855
12090.326472921117
12088.22423161089
12089.151390783403
12080.91304018522
12083.232758514256
12081.400714539872
12069.39903231986
12059.50638971178
12059.280087073637
12061.999056113826
12045.520882122768
12054.318114870795
12047.628999765911
12045.056531607977
12051.826029015258
12045.852699710078
12041.329485316848
12046.804486867453
12048.653311458027
12056.893631775725
12066.068019706383
12073.919220444153
12081.658559025731
12091.230994564497
12093.867996764893
12095.377078717227
12096.461901858584
12102.221136869448
12097.865280776157
12097.341403042916
12095.43380609779
12089.69391560927
12079.851397128408
12084.787987859181
12089.56264982733
12098.086576005519
12093.463572364048
12105.996428368304
12107.756476139382
12107.976755389662
12111.80089446195
12111.935769295942
12119.999383827178
12110.844621798235
12100.320441719789
12099.486233557127
12094.887619501114
12093.593895460574
12092.963570793752
12093.735538466775
12107.21775211432
12100.489290264297
12100.294517661823
12102.738875041834
12099.385206026214
12095.106082956874
12099.496656898133
12097.513999192046
12077.734366149492
12068.064125623994
12064.85098284041
12054.095342526212
12060.00269336516
12057.340158610043
12054.869020713948
12062.671478059096
12072.260006912147
12074.871483315364
12080.099163417286
12075.825082808813
12079.553949534537
12073.371545650523
12078.049409735708
12071.544526390398
12072.626142516905
12079.772430632624
12092.461847517348
12104.116464714516
12095.889247788573
12097.692754019818
12096.906625743595
12097.417921642551
12098.134720788172
12082.72444280071
12077.042938504941
12089.992609309575
12092.868410151457
12095.536284477625
12094.461415045203
12098.862911558073
12093.775432607614
12100.983462453776
12097.966201404673
12093.947240823542
12101.822957296896
12107.202470475664
12110.998750247316
12092.94944387123
12098.741742501843
12104.4487290958
12105.491064493024
12106.905601864431
12098.570418786523
12104.614450279018
12103.443525143957
12097.500041256299
12094.890066314396
12084.419114638167
12080.346520639505
12080.29176444345
12069.634716393142
12067.922547376349
12061.749440243551
12063.007061009881
12074.092986593167
12066.711183108586
12062.91871171952
12065.354438495422
12075.190580459675
12080.15154307134
12082.709321228685
12076.207789452743
12086.840598945135
12089.409784106776
12094.243429090111
12092.212796485363
12088.737239883005
12091.843956508792
12084.155107259943
12085.778237020913
12093.764180780696
12093.671863201205
12086.570171053358
12087.236479838635
12095.072593177867
12075.538370085978
12065.931173115572
12053.110986679458
12075.966108028717
12070.76870577011
12073.281559797102
12074.837179681654
12073.720246733661
12081.614890277418
12085.815467258191
12084.091838291062
12081.897162798025
12083.478512836358
12079.34851243386
12087.2700316136
12082.093934472568
12090.777194110899
12088.904578230835
12083.264274494108
12083.72313285344
12088.120404795052
12084.678952226948
12076.711591859928
12071.810946773663
12065.048010329741
12073.30078655471
12073.132062183646
12067.88577948957
12076.122136368249
12078.581209229136
12075.846732833186
12080.456681302308
12077.664368546786
12067.872224325356
12063.269678972414
12067.206333019116
12063.253074747208
12068.079269463575
12070.156331438466
12075.444998100016
12081.949735026812
12089.676549519947
12081.020042579145
12075.822569715026
12079.028915627576
12080.380108481575
12076.009955493028
12073.326829067308
12073.516269738931
12062.423716955724
12057.809758155756
12057.11738220563
12055.554078145879
12055.952192286502
12052.57088675147
12063.78034817307
12069.327409683321
12081.407848211562
12087.21483407812
12097.93141447288
12092.645007214825
12098.655221967345
12107.692648137996
12098.880913147164
12102.934722474543
12099.613863960922
12094.665638639462
12102.807684641224
12104.140316008474
12109.694901695188
12112.791525987632
12114.528023089388
12122.276699966998
12115.280214981773
12114.230889478142
12111.313477234613
12108.998568658602
12106.425331079636
12099.276320729221
12111.1067154039
12104.56121978573
12103.529855058758
12107.13652106764
12101.37893871085
12112.975786451654
12115.871182381023
12122.139860622414
12103.98310942626
12093.380251494782
12080.830909884717
12086.946215124475
12081.736752900402
12079.12537919034
12077.512819590964
12084.062228561404
12088.100527185907
12087.811580940554
12092.356612011821
12095.241189733546
12088.074120871315
12084.500572635981
12086.82561573237
12083.630474264013
12084.373826393323
12078.391552422709
12071.372120538083
12067.012198962351
12076.203814608234
12085.016020170915
12075.941369572134
12067.599192909336
12061.178832919999
12060.407704660625
12057.754641632491
12060.493995379926
12074.44224488525
12080.221786678025
12083.479024863802
12092.074268376182
12092.001668932016
12088.990511283184
12095.05091052664
12087.263943539188
12081.787810675845
12076.31812032418
12069.611605717246
12063.99482506017
12057.915098629746
12073.483708711121
12072.075156512958
12058.19699307338
12060.609550415247
12053.690594023887
12058.494204577913
12057.4196665273
12057.673176351214
12051.174981649834
12040.027661600148
12039.129914148027
12033.684658500148
12043.646329270938
12039.841896860544
12045.595012628877
12051.973107610573
12058.971571762184
12062.37010756342
12060.152674364606
12060.088096806277
12056.229068287532
12052.318375658791
12057.037436494005
12061.393617331803
12064.990038584936
12052.866394577479
12062.091403182076
12060.271934879675
12073.038841490335
12081.172776800438
12081.427971793695
12086.071050418921
12082.139715308298
12076.1691227999
12078.841767599502
12077.881952716209
12089.889280793086
12089.820272210709
12089.381645675037
12087.859026385708
12096.25376570294
12098.486626112368
12095.368396433983
12093.37959993013
12089.314148318752
12096.581123894806
12084.23295588111
12080.291615439772
12086.621532977457
12098.826953294612
12096.283729702347
12105.83403274241
12104.908582998552
12106.98559241144
12096.633416149187
12086.88532909279
12085.040119533023
12073.779543059332
12075.407129871703
12075.423680488639
12071.157809575849
12071.45792497453
12077.194962682344
12083.265080437493
12083.527569993821
12091.678448373172
12091.590147786603
12089.34958636569
12081.95318119296
12087.465690583736
12082.958323212277
12080.582425819615
12088.289001048957
12091.5849443258
12088.493488499065
12090.838731282727
12104.5600216758
12091.001062369483
12088.533052228959
12092.320072385999
12100.445560149165
12108.546165626747
12119.136319613614
12115.711394036545
12101.197394783801
12103.393474239541
12096.584561574471
12091.005493267097
12085.667149040266
12082.748628497542
12068.28527720718
12072.237756316255
12080.613030500082
12073.947277849984
12077.185238473005
12074.65060693327
12073.474154943411
12069.410964950192
12065.74094549664
12064.167537229674
12078.386133747292
12073.708195549687
12068.546300248145
12063.856694266244
12070.695841596436
12067.698546825633
12065.712019268914
12073.61175849985
12060.61394232055
12060.892765100358
12061.019389406498
12059.447426036153
12060.0283081507
12074.820040622304
12069.961389548445
12058.966488158096
12055.882191082721
12062.437253384078
12062.704664167184
12082.878894035819
12094.159099552015
12084.88303843674
12088.428461564374
12091.43102742275
12089.062896907266
12090.84140153863
12073.949450150329
12074.931849348224
12084.671908451222
12080.587518954413
12081.524231791613
12071.87979664954
12068.249167352651
12071.425136517573
12068.14100717596
12067.62860991236
12078.013544183952
12080.587228989047
12074.294025425294
12054.729037457128
12052.399015736923
12059.908872341577
12063.293755271025
12059.946175369316
12054.095081356147
12048.417501323165
12065.014294820368
12074.087039306234
12067.999149107212
12062.889560339176
12066.007273629952
12063.883095719788
12063.736129319892
12051.939200250934
12052.298048653784
12059.577943172295
12058.20239606551
12058.931197249785
12066.627216478551
12055.544382411943
12053.939115630776
12048.88713180966
12056.273331746524
12054.272765875437
12041.434520320394
12051.983387323871
12054.552445785499
12061.749749880895
12070.963709525418
12074.49402444869
12071.95687524632
12081.90940272489
12078.210615460146
12061.591423551403
12068.556584362472
12071.821163580309
12080.04563674801
12081.322313997569
12079.9838687347
12065.71425003597
12065.540753511512
12065.879497263057
12068.140502273305
12064.013025924927
12065.294245446212
12073.075605170598
12067.630135227844
12064.002411683732
12062.19654380997
12058.258495119575
12060.373583831626
12066.337404375714
12069.885838769595
12075.34017352728
12071.585077839189
12082.184292100148
12076.771437622101
12078.499581124584
12080.734146612816
12078.49077105432
12069.790787662467
12063.435118541416
12048.462131598199
12047.118377239463
12041.423179604088
12035.529912421827
12044.121400054988
12039.607699524475
12051.044306187381
12050.877376377424
12050.30831639031
12043.994175698444
12038.491263701912
12028.848943216159
12046.399415507787
12044.488110169685
12047.965861117038
12048.231433483346
12044.482262759957
12038.218968811574
12038.291418284494
12040.2175145996
12045.982384931027
12052.471835814387
12058.564984098246
12055.251786548639
12070.19940420811
12076.483359683642
12089.67168520105
12086.164468204639
12082.856309832772
12082.012747353381
12086.418442412623
12079.678146446666
12066.283444505983
12041.776001750251
12048.85121060738
12055.620249438562
12058.60875365425
12065.507675834475
12057.64845225796
12053.424126547614
12065.736159314602
12071.442953746813
12066.545378128412
12067.432048036857
12077.901091530839
12082.491930331526
12079.803276428836
12084.905769587345
12086.79316051997
12092.448678292381
12087.556850506657
12092.024896199644
12098.301710183374
12086.76613337492
12093.910669175824
12103.028724915268
12102.550458711848
12108.167107980764
12108.3942907893
12106.630187162136
12103.23171321365
12103.992974286644
12101.633960383348
12107.405135310542
12095.423089110134
12091.767474807202
12078.432782684264
12071.74893897574
12062.292982923616
12050.52890324188
12049.794601955702
12059.31845353157
12064.642624502249
12054.449488120665
12057.704068962004
12054.776954802419
12060.544616299836
12058.53217977743
12056.014687808243
12053.621373841874
12054.982598640167
12054.798458649077
12057.704599772933
12070.137831918248
12064.70076092568
12066.074141934307
12059.249804177834
12064.66060140946
12074.700906185732
12078.776954782645
12068.826957628495
12064.703662841861
12064.475081055887
12063.321060702196
12057.129632383161
12056.517899097205
12048.36008260967
12053.911342537958
12047.527548455688
12021.682855787421
12030.311389852199
12038.162797783745
12036.783801481972
12042.101195065614
12051.200789024882
12055.940928146105
12049.309197165403
12046.479295445792
12056.188580638734
12070.478013204744
12068.796455335405
12074.508173641276
12084.310357294558
12080.957187944183
12080.62600625756
12069.83950603333
12073.353397187988
12063.60589389984
12064.76095600374
12067.387516780735
12056.401299495428
12058.48363120943
12048.448269083136
12044.55611434325
12040.25127228207
12043.779714142362
12050.4734302575
12051.340955091746
12064.55681379011
12062.177176670171
12068.514314172911
12070.666355840967
12062.315023290663
12072.085820241284
12069.276239937677
12075.678448415212
12072.882245277318
12072.292672438572
12068.897591526984
12065.562127414963
12080.970313100235
12077.693576580028
12085.239944188994
12070.001546344909
12064.748372988266
12063.504946116369
12058.813453454997
12063.094018516984
12061.989364649255
12049.24407758086
12060.475849465616
12066.383577815319
12061.778697893471
12067.992201131683
12059.093120608184
12058.419561840072
12055.12038901527
12044.262525008558
12043.344151741005
12041.891588492726
12036.32369122214
12041.720803259457
12052.214511826161
12052.510333997989
12041.862269503246
12043.409336976561
12035.864146307493
12044.366216055345
12046.37868422654
12040.530876105528
12044.520863968995
12033.828466880566
12040.11799383798
12046.404735415806
12047.334911848367
12043.57453503289
12051.477042549988
12059.470104462798
12067.941465479653
12068.760483361735
12077.056484650146
12082.566159500728
12092.352202227929
12085.498047781952
12075.32951651264
12065.603634467203
12067.011039024375
12079.785754714278
12084.100764694285
12085.742207845811
12085.516625624026
12078.096159040884
12072.389679462929
12066.106527768987
12062.430802325685
12054.270720455701
12061.051098699376
12054.006007221738
12066.736508194525
12062.95399429668
12059.937870076328
12057.386829494448
12055.966610721529
12060.59422133792
12070.581151702194
12075.77828532987
12083.076766500571
12076.53244862837
12080.039026163427
12079.63948731167
12071.610061105155
12069.058324261172
12065.366755286368
12058.579166057725
12061.763691448696
12061.20567431123
12062.249761619474
12060.614210361913
12066.752928472899
12069.30434487485
12069.824914784629
12070.252243369901
12076.203101927611
12075.792985991262
12068.162139631419
12062.126990677034
12054.676201287382
12047.849459040757
12053.215253962102
12065.005987253124
12059.992320964338
12053.495725689598
12055.568067210103
12054.697927766709
12055.149733126513
12058.39365501314
12068.30197045335
12074.267721031003
12069.357830549834
12063.209135859517
12059.873445413934
12056.790484532687
12043.363930936108
12041.958511511144
12051.355813096896
12052.746982811714
12041.880285454665
12051.113723011902
12055.34122252576
12063.960631055681
12067.385251348924
12067.681870946439
12069.514078152253
12051.694231479963
12056.59621044781
12042.90790539957
12049.09185291952
12051.883073875415
12058.511902915567
12065.969765753687
12070.701530313298
12067.263018797861
12052.566887684683
12050.605419536567
12050.301044387643
12057.14857264921
12045.422033810348
12060.03255739604
12051.635750183204
12051.046603342953
12042.697710514793
12045.067657654667
12047.540773800136
12053.686837186326
12058.119579104925
12053.203825395216
12036.433692511324
12026.775348946081
12026.732376856175
12012.995276146241
12002.744226334129
12010.039927008933
11998.94883529671
12015.475197265416
12022.12830263927
12025.127329946623
12039.191207976954
12045.423552688108
12046.32053028871
12041.016753351418
12044.838955050149
12042.002713432837
12050.16712269187
12043.01009466454
12038.529180225472
12032.32427811323
12021.172434716731
12017.699606422957
12028.51390095264
12033.03869594351
12028.960078978504
12026.211598745344
12033.68897456564
12035.27851422369
12030.067940611214
12038.770047078267
12049.455370085794
12042.607778739355
12044.079502812836
12049.381614143564
12046.647530091475
12058.002665924694
12057.758130051277
12053.868802904908
12051.244588635927
12059.35909763461
12057.378954900436
12053.772035530925
12050.953022750888
12056.089594522433
12062.462007487215
12075.848451658523
12071.125432559602
12067.818247736883
12072.331185334804
12073.471733303788
12074.781162358704
12082.276831183395
12077.68143184746
12072.98799932443
12070.828717443404
12068.23608590667
12080.964242403195
12087.744635554409
12081.57333983515
12072.671401465821
12070.618859265778
12065.027565548728
12061.502693411649
12059.399432326158
12061.905679213382
12055.8894172188
12051.947756284299
12057.002346951449
12064.281731485149
12057.522870024837
12059.746178351987
12059.379369382652
12059.71402033129
12060.224028159388
12060.406874219972
12064.518567144447
12054.827281195041
12060.652816475053
12070.980659349236
12078.633440875528
12074.738484063702
12068.411515464635
12071.946400518776
12067.535690194729
12072.074252818804
12071.328844080166
12073.698517190962
12083.100004774014
12084.83348727383
12080.229622468805
12086.661888665489
12096.699571237052
12095.432206326102
12081.856701617831
12067.712739912424
12065.396104666026
12064.961762236733
12069.606843400868
12072.499394438986
12067.73409371207
12070.11778814609
12075.999604163866
12070.539090855798
12075.428337128118
12067.934471403329
12075.427110578581
12068.721050118753
12078.912942898794
12069.818996872405
12073.495365845136
12076.750511942879
12066.744612738512
12071.665005972132
12080.480214514158
12074.808595008164
12069.678294438469
12084.631302813708
12081.491224897962
12076.868270733608
12072.334338844048
12074.084951415782
12087.87999375439
12085.440829919773
12072.818206524638
12058.656054299967
12055.513778062552
12047.29178232829
12055.24218777841
12053.18402223367
12050.616974557008
12046.752445093767
12050.204762273876
12048.435929485362
12056.379543634863
12055.75438405922
12040.515797922046
12034.968524523261
12040.283740161163
12036.348430720918
12037.14877696571
12047.470852575932
12046.737873072285
12039.414363886473
12050.436351421527
12057.057059310535
12048.260743949424
12047.59457114666
12050.544259452747
12039.177886243056
12028.040857954878
12027.800182961675
12033.808804908876
12042.931768109527
12059.240203366262
12053.389072854912
12056.856377509153
12050.165003445964
12041.1056198406
12031.693396513332
12049.192475711898
12053.745883194315
12067.826379804537
12065.512785604187
12070.604364766816
12065.311695295853
12080.14992804542
12071.294462938175
12076.736277337957
12073.44347887058
12078.296978838123
12069.234573167469
12067.012858850941
12073.207419300168
12067.40162650797
12064.562379531812
12062.327355835145
12056.171269080172
12058.252404837738
12059.878380974074
12060.909309228367
12054.104814142724
12064.062863032323
12053.469129546735
12059.461842687546
12054.12596648687
12059.791605207145
12062.369902938071
12066.924673330817
12058.161410264625
12054.624887437853
12058.538036694246
12075.217582392539
12071.431858436792
12070.959407031338
12056.979907508645
12054.24230876801
12065.269027673756
12063.733081255477
12071.62827631783
12073.227866950612
12064.847248340538
12065.472539375372
12073.847145957157
12072.779575241631
12073.628983266302
12070.119205769606
12067.66137459048
12063.349627278341
12060.488461760182
12058.246777959848
12051.8505361985
12041.13063040752
12042.084429595376
12051.551394458227
12039.381893620493
12043.76216210798
12043.437719325877
12033.844967891831
12046.990705535805
12047.635872863537
12045.116237276827
12041.45595835502
12047.349013771167
12048.544276761368
12045.98676548051
12048.09592246463
12051.7622450858
12048.928101321038
12036.815270074523
12042.832754949875
12054.621496715014
12061.431232824743
12057.622399491345
12069.7579378258
12073.775091209496
12070.494850937821
12071.870433174841
12076.091937592053
12070.736435264429
12062.452201248121
12068.969080524734
12065.232017480255
12060.333986085989
12059.592979742625
12066.537811946448
12069.830491331237
12075.647154906124
12062.086202598304
12066.698496773992
12068.043011315276
12079.299166518842
12078.07837666665
12072.501572711568
12063.725357799689
12065.33891869021
12073.296892647271
12066.41852489297
12074.972415340435
12074.207792493682
12073.24756802122
12077.304051015413
12080.472887441196
12078.281516325684
12069.773891544755
12070.876710260407
12066.434054138292
12062.152523418734
12058.301409637843
12062.352492975335
12060.84018047479
12064.956036774482
12075.691600836375
12073.554414132563
12063.032501616643
12074.159804587243
12064.694763944784
12058.780328501762
12056.210313929467
12044.19437462563
12046.505085540144
12046.186144452944
12055.930403368373
12054.938459248859
12055.225143898584
12056.499680812143
12054.831559215687
12049.66613543396
12037.800530875007
12029.01959959861
12029.758731682883
12034.053524658782
12039.476045856609
12052.173377752639
12048.396054211275
12044.071194049644
12050.254182931325
12071.810390587289
12066.680933662125
12059.746936597769
12064.298206104548
12062.689699779894
12069.048803552841
12055.4768989005
12051.147234238115
12049.81063126662
12042.28322769187
12056.065819399279
12054.663673978012
12058.502556117535
12065.920255296813
12062.098017815788
12069.419063896303
12072.843347634907
12065.622164740389
12078.056172641114
12090.626413513128
12096.687833034557
12094.006908751251
12095.397598345924
12088.606715949296
12073.468175245318
12078.988062725395
12075.116670771733
12079.969892635141
12071.870878324982
12068.96857986636
12065.542713220246
12069.577133825725
12066.000357525842
12075.08996013293
12067.95537793447
12068.747097706122
12081.098583028517
12082.192829322843
12089.006172020841
12085.064982581225
12076.225829322695
12077.600343763095
12084.962418006226
12079.75419064744
12081.632078757186
12084.722871252277
12080.715707064512
12072.171535778209
12062.930906272626
12070.502592542623
12085.73324850169
12084.808347323633
12071.828352699551
12056.343023467882
12055.255164338483
12046.41324908843
12036.70657058928
12040.355887278547
12034.159433425228
12037.845662570042
12038.356901994526
12051.544583263698
12055.120996549193
12060.327058221012
12070.79322322899
12070.324076820943
12073.684774510592
12078.881708021136
12079.765147788312
12080.098311808753
12082.151690780409
12083.019572343375
12086.976004403637
12095.528678748473
12088.692758459376
12088.826223504737
12085.454919978642
12093.486024854006
12087.973327662128
12101.517683375612
12094.948851465375
12092.306839743038
12084.17737142331
12083.963004171637
12094.343529723978
12097.668750952205
12088.059637586593
12086.57875996791
12084.242956925136
12072.293066434568
12072.440482922219
12069.853882578649
12072.59962638094
12072.286198972966
12075.461051791312
12092.909733544944
12088.01313335144
12094.240930795126
12088.776496817183
12093.415941809319
12091.259646307723
12089.890456899962
12084.715513689158
12082.674529408483
12077.291730819063
12075.694800886578
12086.163751209457
12076.064471204527
12072.37585896263
12064.633488115765
12065.641187390687
12056.78516030542
12062.348607827133
12061.72671431335
12064.866097538437
12064.20388584314
12073.262699650437
12072.021294442264
12072.214885113446
12069.030696370399
12064.6469707808
12059.824375298127
12057.646762143397
12054.618324649673
12060.099431521907
12064.51124599764
12054.299707885768
12050.06953664713
12054.275191999783
12060.769518791
12066.48300690131
12069.459974132287
12075.938719300615
12078.600785680244
12070.71980689085
12068.087685806255
12077.176893129586
12081.696291817387
12086.784600609994
12085.832306653047
12076.507215749605
12074.138021402941
12080.46886839626
12081.604426953829
12090.255425670886
12094.696750773935
12107.991447957389
12102.061068645427
12099.478249574093
12102.516310769111
12106.809929272298
12106.547822099372
12096.71891540153
12093.634414531207
12098.855170598636
12106.670225592037
12110.196070858226
12105.300314539221
12106.00567673754
12102.347061315693
12100.56347017425
12094.660433552193
12092.332471083091
12091.420691587164
12081.75009106921
12079.014907361248
12079.848481021021
12071.240128302801
12075.339695236811
12091.809009281142
12085.940149763239
12086.10383310365
12099.081338645472
12098.341994446124
12107.249201680752
12098.907210802128
12092.257806170488
12099.723411358058
12097.69692286571
12104.781158494463
12110.362505464847
12102.72049353357
12094.087884994697
12087.030113968183
12081.166475139027
12073.487794318706
12072.148052222336
12072.092154422306
12069.0941695947
12074.080166579964
12071.936326476554
12064.596173771013
12077.470261715474
12069.885040534293
12077.852944713428
12077.62308856083
12080.88770178506
12081.419643593501
12084.570659403511
12099.239112325095
12093.68336738494
12080.468955796434
12076.222457469361
12068.299355134728
12064.988997892304
12060.414855652425
12062.602737343259
12061.899651238331
12074.389999357874
12080.305135204111
12073.290983635756
12070.033281097014
12070.043855918168
12075.89166456558
12074.194675611709
12076.470531072071
12076.388650800714
12068.158753900188
12059.582248274131
12063.123880843666
12073.107080732732
12084.174245021268
12091.408493239835
12090.638722533567
12094.892122068712
12096.557619792788
12098.390074247443
12096.724895428251
12105.609552227183
12107.44310205312
12109.490568126534
12105.6156226561
12097.701344469317
12095.001923308899
12086.045139625428
12094.494735811235
12109.34156074789
12115.060479050375
12109.71410008089
12104.37356873793
12100.793890289997
12104.603067492737
12103.145197222475
12101.177951108317
12126.86914426301
12132.964696728312
12119.503784450877
12117.669845075634
12108.872763456091
12115.3677303501
12119.989590669591
12119.257798922474
12129.03444508377
12125.783764867647
12111.82069151276
12103.033068863555
12103.455701831117
12099.795898960445
12092.355975081085
12092.590752821598
12095.890835555972
12101.84007669185
12104.469424051864
12094.7211141189
12097.223848275724
12099.448929514681
12091.09695704567
12085.057087358718
12076.253333809404
12074.265907087814
12080.812236829826
12080.557965778546
12085.157312162937
12081.733690956684
12081.228165604123
12081.044369307308
12074.063742664552
12073.362658347953
12082.419110063718
12072.665762288801
12080.488095615918
12081.365824055676
12074.208274704537
12074.143508416331
12084.36838470602
12092.531611043225
12091.034409243006
12097.788776610345
12091.587056038403
12099.548881614752
12115.476002694875
12098.197136578503
12101.043824727454
12096.083064852979
12097.73121347656
12107.238050908785
12099.602604405969
12084.04928600328
12075.024688627305
12086.98827353818
12072.100701704227
12068.281541264438
12062.334348350629
12065.662170134712
12066.285692631514
12057.57393055158
12051.385891522801
12047.37295318406
12047.941537427329
12056.272628379373
12061.369180585822
12054.77517795962
12051.276760121798
12047.269096574288
12041.592394508698
12040.269785344943
12052.321441162909
12051.814646406832
12056.966474619863
12055.903780820543
12063.934282008922
12066.107379387377
12062.827503409593
12067.32426894013
12066.720101336901
12072.642366898703
12073.186864362458
12075.403657314027
12071.148220851104
12071.330068664418
12058.52833918748
12068.835905975127
12070.772582232437
12062.969577952135
12064.242220274311
12064.992227494527
12073.581053876833
12085.479964836419
12096.116001720304
12102.518801249942
12107.283312597727
12096.83010095203
12091.332924095757
12098.353615603639
12105.93296077444
12106.402012576822
12121.682346014157
12132.26592284801
12134.011361014593
12117.236447218347
12126.099704988555
12119.720111946162
12116.266579323254
12112.161356894905
12114.383170847634
12110.205682083822
12121.955923280499
12115.437285406591
12121.256610049852
12130.603875245262
12136.7171258081
12134.052145786083
12127.690410904741
12123.268898768341
12120.245381645887
12111.729245846742
12103.809885481023
12100.779781820194
12091.195907460722
12080.002008896758
12080.667031495926
12074.232462220632
12069.310446006231
12064.132720076954
12067.688642395824
12072.620536147966
12069.708504101753
12084.533295003052
12078.605773129122
12082.711372007081
12078.290530529583
12082.402211758726
12086.647487613789
12090.561517043043
12086.27073639943
12082.376855943785
12079.835464673819
12071.650608798009
12077.409999492855
12089.229690285501
12075.370902796905
12075.715981434418
12072.399943868968
12068.410615183147
12071.428143734327
12068.687736368123
12065.080213056277
12056.727986214777
12054.088783841486
12051.7530239688
12046.477854942037
12051.43155432463
12061.910442245067
12068.954292416132
12075.23228523759
12073.876843639828
12064.657426343569
12062.974185233
12061.395233087651
12055.75184207741
12058.685218879822
12058.01171998794
12059.565364985867
12062.481160859727
12059.730477676578
12067.512343843082
12065.38877515424
12058.403661841778
12051.229520949983
12057.52820464017
12065.997534256865
12071.307195881702
12060.08568649687
12060.34371497398
12057.839791500748
12047.642110863655
12044.646762471051
12035.40800402994
12027.600341011592
12030.306663474508
12018.018050554097
12018.43467019574
12018.377279243628
12020.580786790106
12021.779564733444
12032.11160445561
12030.90620498852
12030.1639651752
12036.133940098838
12034.924601537079
12035.92408452685
12042.720351003196
12042.220117918083
12041.420635540097
12047.884816306318
12056.932320550386
12050.97828366685
12040.920650034557
12033.0169032085
12031.913941762587
12038.821707589217
12041.841956420965
12041.940913521612
12030.598102769705
12036.275651994494
12039.00230199554
12048.063957133923
12048.40684108446
12044.210262914456
12047.467781120835
12051.41343921156
12067.433462321627
12060.623278048843
12064.695189816008
12067.28498801035
12073.623687421652
12079.783723734101
12073.576455747694
12078.452979298421
12081.746007287169
12076.877175137537
12083.596857957116
12078.483619868042
12070.286712457737
12065.46006509502
12077.11675667965
12068.01986061842
12056.271938200662
12070.35467581117
12067.739451930873
12065.828449815306
12076.433496596866
12069.683396477594
12068.82180784191
12076.486885488792
12068.744863694077
12074.021533815994
12069.01740094494
12063.38352537413
12063.994957933053
12062.838888850252
12061.65849454346
12060.387919552846
12064.746202167846
12058.568967851601
12060.16795436851
12055.476869350266
12049.329815552037
12050.358324212624
12059.189833459006
12059.31198589587
12053.722462354253
12062.836770906497
12072.515385098035
12063.178258343032
12058.091242707436
12062.306559502624
12045.580260017152
12046.764266403738
12049.198614147092
12046.082540460313
12041.665652933223
12050.015150800555
12043.59152999247
12034.24109132509
12048.47749079991
12032.28719142206
12025.22484787987
12020.811758059876
12031.364583582745
12024.967880565531
12033.483283429716
12046.54816338376
12035.105827735402
12047.386630184892
12039.81345014349
12045.085924247494
12047.91999149694
12041.809831799155
12026.599120300205
12022.854673603379
12026.526536310408
12017.324790398881
12015.02826788875
12018.732739596562
12031.57469486295
12035.608002583276
12042.84089969203
12045.786825587344
12039.76642876825
12050.386676845745
12048.456273984211
12048.885836891504
12057.631816591382
12051.171141852097
12052.5214388998
12052.085937472893
12059.25651051748
12050.421838831124
12049.758111160452
12050.754192287928
12056.015084043318
12044.406132012089
12035.693985801334
12025.618628728367
12021.575349675913
12011.694503750772
12004.81661564509
11999.009830767309
11998.367026235894
11988.146168460858
11997.682426936775
11992.745386714354
11985.935338970608
11984.201156283525
11999.826964946365
12005.563245893773
12033.607554021772
12027.627415998171
12028.059285848201
12009.144100336263
12017.962807009766
12037.139497359232
12048.74397526863
12040.325764642723
12047.023650844149
12055.597439920597
12063.54336673606
12059.352713136215
12047.813534627985
12053.760530611744
12059.260882872079
12052.021007464518
12035.428909629982
12044.718174446256
12058.772859442512
12057.986110802323
12060.126946734068
12050.635341714788
12047.77893194101
12051.175599942213
12041.465089288617
12049.767816767884
12052.790080562398
12060.569684388147
12055.36416611463
12062.81940210412
12060.743156500379
12074.917269625388
12078.071539362416
12069.67382038368
12073.821382933473
12066.543942780958
12061.030425617306
12059.030078082102
12054.249009441173
12035.66302224253
12038.74953190389
12039.868156510098
12040.571226697575
12039.666874629991
12042.635917402753
12044.985612632745
12040.205748172411
12045.405773563605
12046.720576614083
12052.100976488708
12049.77970410926
12063.761254231891
12064.939340160621
12065.993003991793
12052.948578993888
12055.876930884839
12060.689217880288
12061.797996774269
12066.687226035247
12059.536944362757
12049.863607855052
12037.543466623309
12031.984419101616
12032.750710976663
12029.768953675626
12028.464510783095
12035.683738752945
12049.736730358407
12050.302378015458
12034.532106003346
12041.990609603836
12036.702120177804
12044.15526089053
12033.57937873818
12035.712245785413
12026.806223770323
12035.2650438856
12032.522005440136
12032.32485540634
12028.106486673609
12024.633464246666
12018.481826893069
12021.03857222437
12019.452471944005
12016.217641665638
12021.219818753385
12014.308527761474
12026.891459875376
12019.387300493574
12013.961581638072
12024.854822755673
12021.420792698253
12018.4419933994
12015.906016968456
12018.869935511655
12019.656845176585
12024.959925448165
12033.32845018529
12031.298138481101
12038.696841075536
12022.071168216204
12014.756579807356
12028.76232887579
12022.74855053156
12012.308077065423
12017.527124476848
12017.306602414392
12007.0466512694
12003.138742771709
12000.560067041923
12006.199145046427
12008.205249648701
12013.665866964844
12006.40763365821
12009.69434328739
12016.764706814974
12015.094451906454
12020.808828795878
12012.660389988745
12017.159076547287
12006.865523915387
12004.32386053922
12005.07409822839
12015.503415763154
12010.327982840841
12011.508161481022
12003.559795929203
12013.752033740118
12016.363463430358
12014.096401875304
12017.122190538546
12019.86680732706
12024.343624369254
12026.849784039883
12024.848640840086
12033.493208390968
12045.756797194375
12041.421873572865
12036.945503014425
12039.954348628195
12052.659532074653
12048.716951948865
12044.252162855371
12050.148713007336
12056.42053576543
12044.944031919691
12051.809173798645
12048.729480222935
12045.450187031667
12048.936590821191
12045.442723007753
12047.992499623593
12055.034493563213
12050.253693030221
12044.261390480337
12040.927479036827
12043.100045508263
12034.177417160849
12024.029413847387
12029.380249841208
12035.771353031108
12029.977079982647
12029.784536420784
12026.492437968103
12020.38120325607
12009.393830086019
12007.108295854865
12005.529971910702
11996.59136897367
11996.916195007208
11992.049781475056
11985.321630496375
11983.9972363089
11984.681447571804
11985.32471982292
12004.701678010118
12018.481589714656
12019.105285629168
12029.374159229661
12035.184897234134
12026.802953385246
12027.19971176021
12025.57320607698
12025.798212444695
12023.107612137672
12020.050963862535
12014.32913712296
12022.705265835819
12012.502476290307
12017.518743081144
12016.094904030018
12014.138620897724
12018.019771499614
12015.802649668814
12011.198306723292
12007.730994890233
12023.478589249902
12027.683685364591
12024.925206517206
12021.876183701745
12018.188400006458
12013.830336168481
12001.108948876768
12017.748076206473
12017.415379276339
12038.29139398606
12036.519690952
12029.295146986002
12025.843783592445
12034.70965960424
12029.403228649371
12032.350364349208
12041.722683141634
12037.719915586891
12019.962164198665
12014.050979094714
12025.622793342227
12019.214155668144
12025.297699778297
12037.147866912977
12026.06131655708
12019.991547454918
12029.976685540267
12037.23765660778
12045.272839532578
12045.340780392798
12049.895619429579
12057.849477829186
12062.185559899284
12057.109521586095
12055.381656007688
12053.203498491057
12052.683703667044
12054.07218820845
12050.997635202573
12050.723675223511
12058.026072883858
12049.741733876657
12057.688362674118
12056.619224752854
12066.830865635922
12070.139370489422
12059.741946119128
12068.586743896081
12068.576588610074
12068.611036046652
12087.159629003
12077.699482764128
12081.35972247041
12072.782935471974
12082.744460665166
12073.356302586502
12080.278232837718
12068.991802692915
12052.469787059905
12049.389089946362
12043.094110801998
12037.477792069045
12040.919191096062
12045.897642798529
12055.858833163442
12055.768490762901
12062.575402449695
12059.852553679197
12069.467694514255
12066.785698784548
12062.865881622114
12065.44546730168
12072.46776881605
12066.713316242816
12079.300879633387
12081.13107708807
12088.042549998776
12081.734241881586
12069.675335493353
12071.037106413527
12066.43655264341
12064.074207773561
12060.457638018972
