13243.101777077352
13160.281235172022
13084.244642295602
13004.554183186498
12945.82469575722
12887.107578632731
12830.982006416389
12787.018709309596
12744.587878202037
12695.998458043783
12652.883538433583
12618.36933095546
12585.703605173147
12550.080845387416
12511.002564653827
12480.470099601363
12444.240513441433
12421.217997928992
12388.807703017028
12366.628167980769
12346.668676157864
12327.163737059287
12311.273297706737
12300.189469392677
12279.646043398348
12273.270956500462
12252.068402508858
12230.66226791611
12215.875912578384
12206.570651445072
12197.689864282958
12187.429128013106
12175.387592833304
12173.915181865737
12167.40509464276
12164.16816671669
12142.692103233881
12128.867328840282
12111.958619695772
12101.922863177591
12100.443704268731
12095.374466582434
12083.756935069265
12074.426692149194
12058.93601036955
12071.701208752074
12064.785301503965
12052.40128003241
12038.235001567313
12032.682042282318
12028.948533879911
12027.464027446566
12016.513420346426
12017.93412454533
12013.46559333123
12012.789645195779
12016.144472179181
12003.300341169903
11988.261114358127
11984.642317823425
11981.21108493061
11984.00037792965
11979.151254948283
11991.09248702783
11983.316435439747
11978.387491119196
11972.507154844217
11966.14092250607
11953.235841784066
11963.965002919591
11957.403515342734
11963.218712763613
11976.561343193836
11982.760143221672
11974.77339810467
11973.385529374202
11962.914592700952
11964.337694359983
11974.306063220287
11986.518157819295
12002.306268868453
11988.577234834152
11994.689933576276
11981.988695792897
11992.408815067187
11986.645004475507
11976.473722190585
11980.96318976201
11976.161278359872
11975.739545433655
11982.35967393472
11983.376086481356
11984.262502919186
11978.099021610034
11981.797673314644
11981.264425755073
11985.836038910726
11999.365445167328
11985.609728585985
11988.890544274369
11984.953443343167
11982.008240597728
11988.095733629832
11992.53738273926
11993.64316315838
11986.084704092282
11981.131355140718
11972.486734240632
11984.229500813984
11974.07549111393
11993.732208521495
11999.325009360375
11999.152295571022
12011.347279914358
12014.80391203448
11998.625130984627
12008.333196349478
12013.421909703256
12005.623253576949
12005.32101485685
12004.591124223065
12015.864920712444
12007.907143730634
12001.888200921781
12001.400375820911
11992.560004523824
11989.157045090888
11984.623777499974
11983.41139193566
11982.329973737102
11977.199318277684
11974.358969849915
11977.662595918377
11965.287281223616
11964.646278500033
11957.12996751607
11944.390897065496
11941.812442720191
11932.337812434711
11922.164565952247
11922.444089948498
11928.365660984686
11928.402514412848
11927.98297137197
11947.502054035012
11950.409234743924
11954.60689138959
11962.229804352575
11960.636157258778
11948.915312447269
11947.300048737401
11950.605555546854
11951.481618667332
11964.056565825249
11964.654803187837
11965.869800507393
11963.984662053548
11967.531279656412
11959.223597954202
11957.398938009135
11946.994336286429
11944.920716375142
11938.791201987162
11943.844531693467
11947.676996905511
11946.847377570155
11950.036182587379
11961.939899242388
11956.692405890044
11949.309452345473
11959.866960647216
11962.455315591405
11974.795396800542
11966.512890991598
11969.667293644665
11970.780631516925
11964.32289516407
11963.488901260025
11950.755707784794
11946.705713399564
11951.711696937282
11951.013927997601
11963.938769208735
11953.663224068297
11955.138210773935
11952.926720441592
11956.200554524034
11950.27642330221
11935.201242499747
11936.447092330985
11944.648163895352
11942.787383453404
11951.125996161572
11952.762897948269
11960.585869077235
11954.36404400479
11960.442374056267
11964.68441802479
11961.233511735476
11966.565008278725
11955.043566083514
11942.76320070154
11947.28612804866
11952.732126827485
11949.287230739608
11928.498737177008
11936.3683635706
11933.20995937813
11924.933381947116
11917.858848741304
11937.378086799232
11942.840401617845
11952.429547577764
11944.448435787635
11951.568806689207
11950.344018467727
11945.74006909955
11935.373717709046
11933.582683109118
11931.499079636835
11933.851756577526
11939.312890040368
11947.249927990433
11944.630118428177
11945.746025718823
11931.714339136777
11931.239203261504
11938.178453910885
11940.554461882992
11924.118115096533
11922.997142985427
11916.035329617764
11930.70416867147
11929.948671586906
11928.106282789411
11925.269152968272
11931.009373701763
11925.33415648738
11927.305856107485
11935.92518186627
11948.064761916161
11959.828830400269
11963.980060465892
11973.685025944373
11971.156203375873
11969.056232849376
11964.55072930077
11966.909466927436
11956.481316057883
11961.608801792147
11951.724305616302
11946.62472646826
11948.63358790726
11959.828263285051
11954.44807561562
11943.006687395402
11951.39953780175
11957.754468485728
11965.518643703837
11964.192812163523
11966.83496811433
11970.077059006988
11967.378759717318
11966.938450126294
11953.60961833873
11966.309237547719
11952.224640109132
11953.546733500425
11961.921872566109
11959.280870433584
11971.511397840255
11974.089699252565
11968.901706102972
11963.86041804724
11967.21423035604
11974.410682618773
11973.129226477464
11959.335511448753
11968.709019356806
11961.142984545924
11961.412810738766
11950.774287333825
11956.110516604316
11954.103458024498
11955.542964365062
11953.178384544915
11943.096822733818
11949.966393126379
11946.896436153267
11952.683901982222
11943.571875919184
11948.632746980029
11954.687882216758
11966.169383054163
11968.58495479178
11974.546364334938
11984.026814352626
11977.094423606552
11980.028732503393
11971.194844966163
11954.371468952573
11951.468780977026
11953.616964238381
11931.566472545397
11939.042472104386
11931.077830884247
11928.214753555054
11918.906849489873
11917.513033665633
11925.91516815768
11927.05657442754
11928.492788688494
11934.769367437271
11931.269668745503
11930.94974503091
11937.197391998492
11943.416212346736
11943.525693380736
11936.45596474123
11928.270974445066
11926.579244185707
11923.261995560772
11919.360556309502
11931.381922488219
11935.439596576874
11943.183625307485
11944.08091255919
11944.295383696792
11941.785573519108
11938.495278959119
11938.588124691913
11951.075224064472
11947.991451048505
11938.065827811857
11929.980794942014
11924.007461140107
11919.797929562643
11919.464683302618
11921.519509902457
11926.89114760828
11934.897861568414
11942.395815065855
11944.609942918174
11952.927186171473
11959.907416516777
11965.107509365625
11961.53323025986
11970.987324276875
11953.436406051205
11954.59727093786
11950.414323767684
11945.794094961328
11948.821256115138
11943.813754593608
11950.695283006527
11949.673487861406
11944.675461146751
11933.911442481936
11924.739121069862
11929.436658034694
11936.70042075069
11944.03919226774
11945.715187518981
11951.189616265827
11941.236335770258
11939.687688027938
11937.707002222878
11941.064044359358
11941.201244116424
11935.433699422634
11941.255345768663
11935.712346495711
11947.182141722973
11941.417830960254
11942.4545928981
11954.94342244952
11949.154434862361
11946.042300858659
11943.041576716572
11952.33329136845
11957.867880780648
11959.218354882963
11956.042417909743
11947.289438630254
11951.880735254123
11953.153661250823
11964.518469534833
11962.182194755569
11965.858769762315
11950.595665372117
11943.180244468764
11938.573756795911
11931.423051737122
11924.278599926258
11922.841895704027
11923.590965954892
11931.378139064196
11942.759405410181
11949.234875500504
11955.690867533045
11955.02788230796
11953.006862697966
11954.467118060114
11958.05254569339
11954.09154428091
11951.22725053603
11948.737570297142
11943.755177328454
11934.253355368755
11928.912283238598
11930.51556211117
11939.571343734355
11939.991740124926
11946.568543278328
11949.10940889864
11958.826195956497
11954.57991217676
11954.44343406346
11951.182219498853
11947.85951751695
11956.01922082364
11959.885327331918
11974.467120151527
11995.787284208945
11988.486395856333
11989.48805896449
11998.293336848383
12004.510433716536
11991.25643822586
11985.938325989238
11981.941910307105
11980.22810972725
11987.719049528569
11988.376185270636
11992.709672217039
11996.949931161193
11992.117914823513
11982.202934807505
11978.737338173736
11974.303348298312
11989.491916313069
11980.013920135163
11986.739083798904
11979.376651182713
11992.534986402403
11992.46950991049
11989.429807361594
11992.94969069048
11988.792726824518
11973.616646027433
11974.309813339249
11972.620201429198
11976.882568621164
11979.76987900168
11983.206644226262
11979.773327249683
11982.134615842733
11988.914661709963
11984.085679814996
11979.660540933543
11978.37416225032
11979.944107480855
11979.553589744119
11977.383182389109
11976.209234648031
11970.167729224026
11985.669887396261
11991.449675163462
11997.89941912847
11992.734074818527
11993.560077707687
11989.802476216544
11979.627549457935
11980.594449156513
11982.472652478984
11987.13797013786
11985.610411693575
11981.00971896247
11982.922082871843
11994.299945047482
11997.399878533695
11993.438193741236
11993.636414495464
12004.869018916386
12004.351007245969
11992.264384790373
11987.155994692574
11989.000454127096
11995.339845449944
11978.705479932236
11978.674922411194
11979.830162764834
11986.393966872043
11989.343856821235
11983.200481934042
11979.221329077953
11990.18571001084
11998.956926851142
12004.459342702321
12007.808064323674
12003.711441545987
11992.516508709894
11977.018720695381
11986.22830684037
11974.651952311282
11971.078891042924
11970.938223964127
11967.170369303385
11962.579496483446
11966.232311522639
11969.452184336045
11972.498302404605
11984.87384997601
11979.782045819886
11972.736501158044
11974.771355864634
11992.781233103742
11984.898822921888
11983.891816026651
11980.889714692385
11978.047281908162
11964.530723378808
11964.893205274588
11959.542650921918
11959.656871703157
11965.814269649854
11970.193798081333
11966.747856940945
11966.200900947279
11947.103360368521
11951.582453892326
11951.229363870585
11950.538293835041
11965.94375260243
11959.07160164723
11964.862525862147
11966.418627683881
11964.203025226081
11962.708806065926
11958.597367759889
11957.717298105275
11957.730164084634
11959.366418583308
11967.996113398578
11971.120356113406
11962.630973592326
11971.472940525877
11966.50716429616
11969.004798783193
11970.903070359404
11972.597996588273
11981.855184854165
11979.019640845649
11985.62160507655
11982.25133616796
11989.000340262135
11985.739224357549
11988.909299904219
11985.193716420621
11978.514193653955
11965.880430916157
11972.227266805474
11968.19870574357
11967.220091055733
11970.656761394315
11971.108656429198
11971.811305555808
11967.51363240022
11961.019128878752
11954.05218020541
11949.897471418102
11971.290400584163
11965.094970470447
11964.14637264485
11960.013109971493
11966.104612410954
11959.691836405034
11949.608014358095
11954.487346046604
11955.386833253022
11953.094514693981
11948.475019090172
11948.712945823258
11954.281831456363
11958.709004144002
11949.769860657178
11951.498398991018
11937.982596306709
11934.70343140617
11935.063992418987
11924.575486812311
11919.128475409154
11941.569587494098
11940.51824495877
11943.618062248417
11948.195333686217
11943.716112454085
11944.93919800874
11955.19319577804
11970.973836524161
11964.040575927324
11962.030738929445
11956.922140704795
11952.023591207513
11942.371797093721
11955.545533439024
11951.224848865131
11948.910251843565
11954.069226737889
11943.706453892151
11940.164245975979
11926.117838275712
11919.579613821614
11909.31168177155
11916.776333291182
11925.664709855599
11926.662769522907
11928.28583174863
11913.407801524358
11914.032478518142
11910.218500893756
11917.611789494225
11914.237311230367
11920.949905700469
11911.907119261841
11908.783666006071
11913.663971224363
11917.037068334483
11910.637769964864
11899.92715828492
11897.380513312717
11899.851185174311
11899.933397992638
11893.976105652657
11889.967966375461
11893.976186954325
11898.18274631616
11903.045326622716
11905.012345524206
11897.96790439506
11894.344143332255
11897.781232240606
11899.824199459437
11903.086707327515
11907.684948068705
11915.308171287255
11920.238686388013
11925.245729630595
11929.46512978784
11927.264433128588
11929.547397682501
11925.095612967656
11924.168701100565
11924.213416733292
11930.152958105116
11923.38165352667
11912.701717303838
11921.291529959059
11931.873195917566
11937.954382880791
11926.999487937364
11922.000322183176
11916.58133376148
11927.082201665924
11922.932686289825
11914.602747986415
11927.950836067688
11912.021169881617
11921.24120331106
11923.925787301721
11927.746751090719
11928.89187727024
11921.802177380538
11924.115863221301
11919.503310793876
11930.411856640465
11936.701375074208
11926.679313454573
11933.092599545997
11939.531235892111
11929.54996965696
11930.426596226533
11934.652526375594
11936.57555727396
11934.845175000335
11940.420650867165
11941.686637695737
11931.478689200929
11929.504263479355
11927.990752902275
11928.27592408728
11937.239975910132
11937.662326489866
11932.08168273259
11942.365643353367
11941.696302211076
11934.473766382767
11930.856401952757
11921.724996003235
11922.21058845882
11931.084689230547
11930.258335154154
11938.563055321418
11934.353453281781
11933.215291078728
11938.878843135391
11940.638740409497
11932.357463208566
11939.526562658077
11933.298311341594
11937.938290347387
11936.791783804965
11933.636058242144
11932.917182419773
11936.594135709316
11949.762961089233
11944.54404209453
11952.366781072491
11953.997537751613
11956.159339825921
11958.115719430109
11952.286221369312
11952.821346928107
11949.527227202074
11944.934135039133
11949.285709548833
11948.580663581022
11948.865360616812
11949.110259046156
11958.485528530487
11949.69299081357
11940.701635516174
11937.967666642338
11937.198812496845
11937.45769281802
11928.315328095918
11925.697485455592
11930.113237622736
11946.170672454917
11936.676309095914
11944.214364865215
11944.934030662109
11954.649776388265
11952.980517778713
11943.9311726275
11951.914145568862
11955.0528709488
11950.314834364657
11955.70755010466
11961.603795141333
11957.242788255124
11954.111096688184
11941.225744637573
11937.922849970153
11933.986661236377
11928.679246291898
11937.507972466377
11936.270615508869
11934.617171709962
11928.931719094022
11919.86170769209
11920.196581889475
11924.034392592905
11919.713970488769
11917.664945816206
11926.061355458145
11922.957058693919
11923.685783284727
11932.79441238467
11917.971747281535
11921.582280314407
11912.592305169903
11925.545918294105
11931.65320293071
11935.270425269353
11929.716068377107
11924.172098526995
11930.085279603156
11924.107542615271
11925.93075617176
11933.85461982368
11933.56219435201
11927.264828762885
11937.55443978721
11941.992983169635
11937.893364739102
11946.414934148079
11947.081638955739
11950.97282053289
11963.108984479848
11958.273712058895
11962.7525793745
11954.406815176826
11954.435589507371
11960.689455101428
11958.058291425565
11965.231360646696
11959.639167172627
11957.328732552212
11967.935824162061
11968.982727378489
11963.25099355269
11962.824107118391
11963.437028953827
11960.995880310395
11954.000563705207
11943.44024547816
11949.0071308014
11954.412794168293
11958.118259768362
11956.934360158994
11962.144716628105
11953.431898360268
11950.82095085978
11964.399588118946
11961.5383076496
11964.85792761913
11973.139713951492
11971.064821440488
11965.342779837169
11962.248709365878
11955.548796513483
11950.027983896463
11952.577061578617
11955.634120343173
11957.877937515004
11952.105085601796
11952.41788824234
11953.254820432514
11947.973285432137
11943.150171106832
11935.02767369687
11937.132957176369
11937.450311398201
11937.201879529266
11943.393008055698
11948.320085252417
11947.162768848728
11954.317427100836
11952.325684056166
11954.992942892004
11967.28569949795
11966.368476854337
11970.594273061464
11959.309527862371
11943.201116354334
11939.96071487297
11935.765495457323
11941.971511633119
11947.63234058045
11946.599378439478
11947.795981099422
11948.334879649523
11940.596365137131
11946.23630326199
11948.792993672996
11935.211084465074
11930.828586400847
11928.21294671588
11929.415296865438
11936.461592079955
11937.912016156088
11933.717388610592
11926.704607089185
11946.045611646725
11946.433059280727
11954.55646056857
11954.981055213942
11949.506247230807
11946.341682381597
11934.7288455426
11942.454581110134
11940.718630664713
11942.570145695201
11940.129602885925
11925.320240911957
11929.547382043622
11944.084786835094
11945.4777112496
11950.773522291409
11951.745993415658
11958.133537110416
11963.785064616182
11946.621391451328
11950.70782699628
11943.141690360932
11945.015608316393
11951.210904387912
11955.498145643354
11953.848325781675
11962.754551567665
11965.804698579484
11956.568944982451
11950.081837629994
11954.169045878783
11953.512459499125
11956.641479220305
11953.142921725741
11944.07936607555
11950.128653345808
11957.240950533589
11964.335877488073
11949.871530411187
11949.927085796255
11956.255152799687
11944.399906329078
11949.024775747077
11944.772988709394
11935.711634414227
11949.317759943679
11952.937052474408
11949.822081717291
11929.862644671539
11936.017372983903
11937.647668468402
11939.739639012623
11937.233545758998
11939.979078369408
11943.905194246974
11926.617649439457
11927.31129162338
11931.883180428216
11923.18802296536
11928.580891065163
11923.667143945479
11930.62319282393
11936.718647952075
11939.783728755176
11933.990627303161
11931.377392341232
11937.140922035569
11938.064650219887
11935.34551081614
11943.337654921139
11936.313428626121
11938.752051901172
11938.393471170453
11950.292730111072
11954.502747136054
11963.153179472789
11962.173409048191
11952.957959441994
11965.75147243394
11975.252859627768
11970.523825898606
11973.048363048645
11969.213087336786
11966.451698551593
11960.900379217115
11966.697073926865
11955.214068193913
11945.568465730259
11948.528747442066
11954.344915449412
11958.284460909477
11970.111871033736
11969.371994215418
11968.145609524996
11971.974771367646
11962.971970035705
11962.555219332044
11960.846846519427
11955.52229751658
11947.700374703174
11947.442084400034
11953.793792561824
11955.892533935248
11968.467398653562
11971.304671177882
11976.613225966477
11975.911801434453
11972.713131380828
11969.128155146182
11964.850145415265
11976.996006358462
11973.511149836157
11978.186709112179
11976.183454426631
11972.869226391998
11968.110399718895
11961.498470926548
11957.086092949045
11962.743365345234
11960.160287552768
11948.727282786607
11948.546117053067
11946.581332755253
11944.270270378027
11949.201875372251
11946.41744542839
11954.27204838912
11942.009914503924
11939.753329931487
11935.771736180843
11931.414295488441
11928.112959508317
11924.947160916257
11930.25125132981
11936.175162599811
11933.501839042874
11938.985901988748
11946.55093460184
11948.553167432456
11944.568256359413
11944.080304987154
11948.699887129274
11954.596780293512
11959.672698351034
11958.453933768065
11952.823618759476
11954.239182929243
11946.604620564562
11942.122526357358
11941.891011966503
11947.563218934552
11940.684950442272
11938.92111642451
11945.383507594572
11946.123120158773
11960.468697695243
11963.62747706204
11968.778439066726
11971.467391309325
11974.067222850485
11986.879556848009
11982.5969409596
11978.658268542496
11983.777352206953
11974.367415658871
11984.795148505033
11982.628667607092
11974.849542805972
11969.055056572932
11963.22819883115
11960.128736207074
11966.108101785758
11960.53616357952
11972.840928949421
11969.842901239006
11971.058930209838
11974.377703150574
11975.474060988265
11988.26356398741
11993.211821308492
11992.102379939963
11981.85536408204
11978.981064035315
11985.180449335368
11990.679490786579
11986.160330901774
11993.082627321335
11982.96474317983
11973.002194479523
11969.061948033623
11964.161111582856
11961.748036763902
11950.61301759709
11949.342244150976
11950.618931663903
11948.970642630029
11950.790830948015
11938.419396811418
11941.308272573177
11938.950552690809
11945.522746830378
11954.004880309467
11946.262044493918
11945.147899511428
11944.566862847823
11960.26439728868
11958.598708096659
11954.110872150173
11963.453316146417
11953.599702664087
11963.553999166274
11962.511680619386
11949.192429690967
11952.087815266366
11945.949406179941
11944.716290559192
11941.476900616963
11944.389995539992
11940.014186769044
11935.030633149923
11936.718628107146
11935.817427873932
11934.089622247327
11940.640350762425
11952.860103092746
11950.929798658608
11955.082912099679
11955.933836082471
11957.25774959502
11964.05801115427
11964.912071437506
11967.530546038739
11973.473812742133
11976.427265015078
11983.407462192255
11971.195632699342
11961.549495834783
11964.184299043422
11960.804379408059
11967.463890725423
11961.68291354406
11965.850506790848
11967.669726280166
11959.656203092127
11951.232293812847
11960.869730713659
11951.993748412035
11935.258476228042
11933.871836649565
11932.437085026686
11945.712210792826
11939.379289850287
11942.157628719619
11951.266197080802
11952.417764864535
11951.629859007167
11969.58576664672
11971.14236692542
11964.034902481257
11975.18334618348
11977.145323926474
11986.465518249359
11973.784406309518
11976.585317870995
11981.791365978672
11980.257234174005
11972.774213177927
11970.274537724346
11971.385078070449
11985.504922642185
11989.242340281347
11992.45569900754
11984.874467358302
11990.669941983208
11976.794890901037
11978.999061336108
11979.893555902463
11970.569043632968
11973.032118520656
11973.998426100072
11970.617518155337
11961.069261798135
11961.985243709933
11955.380200093343
11951.733463098084
11959.879498272152
11964.176938637163
11960.057145580806
11955.330643180845
11952.802829499778
11950.066797909894
11943.806678408491
11943.542111059018
11935.443827716721
11946.05022841011
11931.823322002878
11937.098729224621
11929.351966978842
11929.26094511569
11931.727165819999
11921.186704565815
11924.315108841802
11919.178224450316
11933.318233800543
11931.080909047278
11933.607514815443
11930.968482105673
11931.671699431872
11939.971987048368
11925.610219819377
11915.877538467961
11920.155966029273
11919.984766506783
11912.193796456959
11923.05356320122
11924.742059729571
11933.78685156436
11942.856810404817
11943.450791339576
11951.063877356588
11945.988635174901
11942.86513870096
11943.077034722253
11942.09346069584
11943.554023619854
11942.39716057686
11954.113296207463
11949.7095772796
11950.55945584279
11952.383609281129
11946.265030211369
11944.68689216557
11940.019554024513
11940.504883777787
11937.965825345449
11938.34549875245
11942.72355112349
11938.485444193973
11940.51241432432
11935.813516807157
11934.881072510147
11933.851038892466
11945.624040943996
11940.235155592123
11948.43262081693
11939.706184563744
11944.38108759544
11945.037782115145
11944.886914917373
11950.749556094175
11957.026842000014
11951.091583398787
11958.612239705051
11957.678637908846
11961.370434932991
11962.380352484437
11945.444272151639
11944.699443095345
11940.523656840689
11940.350550602296
11938.706320725589
11943.76781645633
11944.58202768021
11941.575165074795
11930.544478423872
11933.775842754496
11940.622855451613
11931.416067638482
11945.572837562642
11937.348893610095
11949.317048222754
11945.475258352217
11952.866468729559
11944.135125266606
11941.960993921413
11924.778627346419
11935.751048311784
11918.42616393268
11918.476206691583
11921.15376781201
11925.178100005793
11926.743235228092
11920.845209458643
11934.768646492063
11931.854672377704
11926.76414388467
11931.088412757968
11927.209323704019
11926.929982332378
11934.194908012469
11943.860643544027
11936.32274251181
11932.598599547171
11945.026411529208
11937.686733383493
11943.809021059711
11940.553993044909
11932.60655019691
11934.572551092826
11935.067456366007
11933.965421901035
11933.022315269765
11938.651435225436
11946.732769963342
11944.656468902345
11943.36329038118
11945.447223548636
11944.724645654558
11946.106656512626
11951.029013566958
11949.050555436883
11941.058232137671
11933.2441866302
11937.75921438239
11937.190992728003
11951.14044514205
11953.560517527254
11950.782580390274
11957.498194304482
11948.497903835329
11954.052771204999
11949.284877964248
11951.84964047198
11961.226145078243
11969.003693095798
11976.164006392035
11982.037324971156
11977.149284547668
11966.968192272598
11960.945749559676
11959.369009532864
11958.226273891165
11959.971722822218
11959.282139671952
11958.37110964096
11956.929945973074
11946.51722974631
11946.168272521465
11948.599756887239
11950.48853915945
11938.923979594172
11936.062026501693
11937.305196329562
11937.882902863439
11935.62391237443
11942.412605922997
11938.515490123165
11950.633980699691
11944.147313536023
11944.203015150033
11934.046897842363
11947.134304173065
11951.20221127493
11947.419197573021
11953.393730772124
11948.718778878167
11934.590752748034
11936.655713926877
11944.18165039879
11948.436018643268
11942.397609307078
11942.658495862499
11946.357328581842
11940.196000914613
11935.099606308771
11937.548734941778
11931.317886232402
11928.818308179489
11926.05495252909
11929.217659524158
11929.325220441911
11924.295323167698
11932.14712193144
11931.837007771184
11924.244199743804
11927.160841786046
11934.173329267636
11935.398972337247
11947.455733094006
11957.01043836998
11964.82354225414
11965.777543565677
11963.193917641729
11956.92348673557
11958.285412202724
11951.350806033115
11957.744981115748
11953.327798730108
11945.713054061645
11953.539593946365
11959.18497227351
11955.93410804408
11953.849112863003
11946.871628402456
11947.577988265566
11952.700744660253
11961.21073328116
11958.297402301223
11960.720988978574
11949.73806264752
11950.237175284212
11949.951403345254
11943.772535036645
11944.967729652177
11938.838222477294
11929.935459846418
11923.972147254171
11920.960277574051
11920.903661414894
11933.517352640476
11936.70301956749
11939.185837693523
11940.667203672194
11944.595121721091
11950.195281764212
11955.836976369912
11936.204926663147
11935.6692800465
11931.48117836623
11929.390467996263
11921.597004609199
11915.94003977022
11923.16401945418
11925.279472578131
11943.160992955682
11944.7462356344
11943.156498524073
11942.240307550392
11928.962866823727
11930.311112689853
11936.592264402305
11944.265059051579
11929.284204520049
11925.839922525178
11921.518774957805
11912.034773104446
11922.768303667764
11913.636116417572
11919.069488948371
11923.411973680235
11921.277817902012
11908.758363596866
11910.192926332384
11906.363715723899
11910.428400567384
11922.854509850567
11942.268476328954
11936.585117385308
11931.002550685
11929.619112883012
11939.560124992084
11926.582842750573
11925.474353679669
11927.956508308107
11920.41534401913
11912.866376220485
11907.327784271034
11908.348974765227
11910.179636481313
11905.977913968632
11907.328977973744
11912.717266494785
11913.611828333776
11916.194888421796
11914.416584278064
11914.497339198304
11916.842780187613
11912.813800041618
11915.065813840229
11918.488522440362
11912.781402937464
11908.914670996466
11910.48776531871
11911.777321113645
11916.591107868426
11915.09929055351
11923.541192963688
11924.970122608793
11928.01982762563
11921.208146411744
11916.849816942591
11929.007921829667
11925.54465347713
11924.061827160345
11919.978724048477
11910.455722784616
11900.641439044919
11909.952832451492
11907.129828855883
11912.502196846184
11922.098342342766
11924.351527877752
11920.059484790407
11909.070829687946
11913.265506902862
11897.697194146189
11904.383579631736
11910.010384043366
11907.50124137539
11904.186188479533
11906.102888476587
11925.768160786112
11924.443914373622
11918.381149360404
11921.963995213626
11916.641870621585
11917.635271736024
11917.320675522946
11914.794236290283
11906.513035833312
11907.38825114399
11900.475081968676
11896.270123991402
11897.81870208108
11903.458933001752
11907.582910417499
11908.114052671017
11909.899990041622
11907.96221495637
11914.173306925926
11922.356233916722
11921.954318372354
11925.222726708482
11911.4937094924
11906.195011028194
11904.634818939072
11901.153301434044
11897.02933192792
11903.646034541347
11896.922140905637
11893.27040065535
11905.833229297736
11904.68619311945
11906.67893216764
11924.060197524279
11921.251731534641
11913.022572520194
11898.663030969634
11912.952280040197
11909.635892420709
11915.20872984708
11920.163670285589
11920.053185141827
11906.590517901166
11924.87466090995
11927.411358697012
11928.60616182363
11919.462314970802
11912.280841425156
11914.170280747243
11905.727175511209
11903.426875223084
11904.554217849205
11907.128171199456
11903.890054770987
11915.710799532859
11924.025336648334
11934.058918379542
11936.704007327264
11934.455844593578
11926.575511215124
11929.181989946323
11922.414306416693
11915.194556258402
11914.085509270248
11920.506551803224
11923.314955535883
11927.078218935796
11923.81947151825
11919.799259590418
11920.909455625668
11931.35487762142
11924.707835306182
11937.676362443093
11950.84302764119
11947.25740399365
11942.492931057974
11952.233864652204
11951.598355570468
11953.307430760577
11946.857042995049
11950.019770139992
11952.01174938981
11950.660791208244
11964.415155231272
11966.61372430027
11971.39688447538
11960.322317327767
11962.576485976751
11971.093300870834
11971.42783585476
11959.901910846558
11958.628770977975
11954.621990370893
11956.277382917262
11955.254075628682
11953.513047257202
11951.94612500163
11952.598981945379
11957.274176085148
11951.977928116696
11947.425676123268
11946.62930164369
11942.21821535573
11946.973240606734
11950.06205285441
11955.47221684383
11961.59387122524
11964.969582061534
11963.351584351065
11961.580557165802
11972.904881129436
11970.748276657781
11965.635506453775
11973.493355276929
11972.242545142717
11965.561232977318
11952.403357983276
11946.628331527665
11946.389381413946
11938.254298182477
11940.385365522501
11934.569447011263
11936.171340060115
11939.474734477482
11938.208916355004
11944.81270378906
11947.54053862158
11946.560660143068
11950.217103072056
11942.218903342178
11943.894856017276
11940.616298917059
11935.095291269572
11926.958576136656
11921.88048300846
11926.416269322945
11930.798405690073
11924.397249803207
11922.72953992599
11936.952829079473
11941.755657237918
11949.813817209733
11950.434857139597
11945.0778957096
11957.19774656059
11957.398615893584
11946.025587950524
11943.766877593005
11932.579098778628
11930.741167481083
11917.396635039586
11920.461922668894
11923.350176090475
11931.324790113704
11938.502097534372
11937.092808411639
11938.564823516439
11942.743946805847
11938.291990949394
11937.25429237576
11939.538920382442
11944.548474443756
11950.988562544817
11954.34875750023
11961.763005055798
11966.545961841519
11965.853488652287
11966.554073490228
11952.225496869396
11942.573750048548
11942.347490824719
11929.484250308738
11933.830321471534
11924.693875991077
11916.7841656803
11915.634580465832
11925.681072392683
11930.229392455385
11931.891438170342
11938.717021632372
11933.639829155356
11937.927894234406
11940.682986501837
11935.278207874599
11925.636849483399
11937.11452600314
11931.019191974387
11938.888114656533
11926.857290473949
11934.957821967824
11931.370602213927
11926.540541371516
11935.996863817934
11935.157010749695
11936.279190363257
11946.972949540337
11946.438950952028
11944.786523897428
11939.723396999305
11951.081307468186
11955.529600062608
11943.769739962734
11944.53838831538
11943.730536457342
11941.360815027134
11943.918070361833
11948.536934993106
11943.27093711305
11944.925446360143
11938.477569741657
11932.832279771694
11933.946691719597
11934.117771094847
11923.421582212495
11916.994252843722
11909.671316665092
11904.966693323102
11910.899163734764
11917.51000879338
11920.825236199493
11928.588180413946
11932.566414901188
11938.2689099169
11938.899742503338
11935.141758991434
11936.987273239076
11943.190277469927
11943.851552973523
11941.140161415695
11943.16198770092
11945.303470850195
11941.108708104799
11945.447804891053
11946.903738495617
11935.965827530106
11934.231890236566
11935.212034461943
11940.010235056958
11950.363427025644
11953.40241880648
11949.674585709832
11954.612601310671
11947.07148744173
11941.929391778027
11944.342600311182
11948.21899962332
11956.27512494523
11961.934599211152
11963.470174592801
11960.818074499019
11960.600768059168
11959.543596451604
11947.908169397182
11944.391608472926
11946.595224258737
11952.067691566863
11953.14331239161
11950.68695013735
11945.393381904945
11953.73667906388
11958.730768537356
11964.86862495932
11961.360161254725
11952.652748009947
11943.048590538283
11951.554088660785
11934.661435172624
11937.518030326644
11950.914299066293
11952.171169573234
11941.851668039675
11948.310808602735
11945.685518260985
11953.312881880644
11949.511591403136
11951.652600729332
11945.431167844872
11944.13550661332
11939.987773742887
11940.635033124723
11942.241900960798
11949.680310518113
11946.741284320848
11945.774794026176
11958.071231117145
11956.14231899823
11963.658863140525
11960.048190892896
11955.076144386581
11959.37498742493
11954.421674320813
11959.431440320317
11958.192803961096
11955.65703848924
11956.008814310979
11950.328573213652
11941.70662509894
11938.17264437384
11937.359395915166
11923.895433835572
11919.450599735419
11916.59984658764
11917.746420612231
11914.229006686737
11928.971288116718
11929.649415946764
11929.618970470172
11938.561738342665
11936.839483648126
11931.201676970288
11938.32533455645
11925.38295394203
11919.201604807913
11917.707323555627
11909.86812472974
11917.411962919206
11924.897495793717
11916.222001966016
11926.18072919876
11927.011397327446
11925.685701950739
11922.858771699062
11924.00373389859
11936.059802706035
11946.168640968972
11935.147275770962
11929.197759110704
11932.629833652263
11931.660226927112
11940.115127449355
11945.333942636076
11945.379913855384
11956.72797110198
11959.034194689415
11953.582738136141
11959.190252750297
11949.270904184148
11930.687648870276
11920.406321571583
11919.497192849425
11923.367444246036
11922.44212710352
11926.168616747851
11928.75275160089
11937.870757226618
11940.762200410223
11939.319650643336
11939.486178608244
11952.0688252641
11948.875548527889
11949.972958182318
11949.941333611614
11954.937995862034
11955.293043526071
11953.231536216617
11951.53335409101
11949.656996857912
11942.047245832091
11939.922502678666
11946.47428876381
11953.63932860483
11954.33686785915
11942.798201595208
11934.882843130817
11933.913581020253
11929.24212090114
11921.281809729222
11935.333301765997
11933.670788278654
11940.893480604102
11933.399787365837
11941.109016916369
11950.493485741332
11951.29341028367
11951.62520435132
11951.461745194161
11957.324037853183
11957.114229886361
11962.004131439153
11962.727306258545
11968.558049943596
11972.887110711858
11970.096783848574
11976.040900667827
11971.826569524019
11965.116056441984
11976.932737921845
11976.592407530134
11980.956975149802
11974.36975015878
11971.12401842509
11978.82938912846
11981.207145446948
11982.709168511257
11980.094858259943
11975.591691988975
11982.896364051714
11975.014434679917
11976.598110202563
11977.653059998556
11974.245560429608
11972.861396079334
11976.10353976888
11973.065284487791
11972.034035493638
11959.910610658118
11960.739475238119
11956.318228448434
11962.242755752002
11968.754505173567
11967.946608483193
11961.741242459206
11944.42397163558
11940.712947603803
11943.26300972727
11949.276437479264
11952.467326683898
11954.18173810334
11940.745320971771
11945.29976139941
11954.447407224703
11972.226475890393
11966.470459500852
11967.584823223699
11967.204970190385
11970.640589627137
11972.076935479436
11965.082478461862
11966.817405928856
11972.697313072105
11986.772325878153
11978.768603655439
11985.01457741391
11988.976841700605
11987.27138312319
11982.278310413598
11967.994747505012
11962.276467590153
11951.833861303538
11954.286928838183
11958.033261931529
11946.913572447349
11953.931551660808
11951.019849140373
11950.526342688352
11957.245679652104
11959.833110169018
11950.544123263426
11956.552988667825
11970.915905777336
11981.733872317964
11978.017250097339
11974.194471145935
11974.862785517973
11973.817533072935
11960.068539095835
11963.05223650646
11965.90047996764
11965.176506411539
11969.777910350767
11961.70932358419
11962.56234403573
11947.570240713852
11956.273431960177
11958.099578256657
11954.843719678314
11953.567799608158
11946.883603997834
11935.456694680088
11949.633636754257
11951.670092764014
11957.094283016875
11958.617308301069
11956.418837577174
11954.13113698314
11953.748425012323
11965.774737673068
11959.22731486111
11968.78491253923
11962.703396062674
11958.98529049919
11963.645090552947
11969.001662792669
11978.276104205437
11982.943942421874
11973.593360691335
11969.120370539207
11976.51100046057
11984.135829062805
11990.15771465263
11982.778921351777
11972.421332423246
11971.77213447594
11972.693852853405
11963.238321366338
11952.798308857036
11958.521727641666
11954.164083470805
11948.600474711098
11939.4587959284
11937.270650765608
11929.046974351342
11937.514313031585
11937.526054879705
11936.499581375916
11934.050087412332
11943.79821328331
11935.817902809487
11942.035105884677
11939.224298194924
11939.293279068497
11936.195513884848
11933.17932227895
11938.466305807691
11943.885754530045
11941.372812378047
11941.677611717645
11932.849847390018
11928.906246920387
11932.90625336302
11930.572615559988
11937.452563606572
11939.379912510602
11939.860647099456
11930.115187345404
11945.411432077875
11926.287178359475
11937.166701233193
11943.645433937574
11941.298633964334
11931.674754610358
11939.7448122028
11936.011072198806
11930.600275934234
11926.751642040736
11932.800035849756
11936.963407576308
11921.017123122667
11910.959958017087
11914.299459622212
11911.462550396269
11912.71537520265
11913.26785390253
11906.067565329902
11901.534840956032
11905.491398619313
11911.191424990537
11912.79918723824
11900.459848623761
11892.434548869143
11892.694894562686
11892.292619277827
11907.181620476
11901.383327328078
11906.3354041937
11904.81273978317
11909.92545548411
11910.253435273073
11915.714164471705
11905.326915415268
11906.802958690847
11906.671972600521
11915.27469213111
11914.522800202292
11915.275198033982
11907.10636584764
11892.092923745822
11890.566405373847
11892.176634409036
11888.467217601632
11878.154868294583
11879.68571948534
11881.988008356013
11889.688691236854
11887.58045082949
11888.244848481592
11889.231515358886
11894.37906557508
11891.478765771819
11889.235653585924
11889.733918345391
11877.04702137774
11880.741112534262
11871.475487499363
11884.32551619655
11867.553419017891
11880.064449026191
11886.913043027715
11890.73536340909
11899.715861329609
11906.315260380165
11920.500009634496
11917.740131736828
11914.220409405429
11908.67612820291
11909.410122579991
11912.630844443234
11919.352740646602
11918.328115010983
11915.460581230403
11920.897083209502
11919.674249403568
11915.02426752636
11916.901607636099
11904.562244393443
11906.951967081637
11912.952546990267
11910.242671688495
11904.29909896844
11901.99250015603
11904.65580439836
11899.359228208978
11903.277470840265
11911.577007754004
11929.634479231578
11936.566746822298
11927.072934920861
11933.872796355077
11941.807218737213
11939.882345292213
11932.559721712474
11925.88982539766
11913.31266312431
11931.851391290631
11923.259272986594
11925.183810642238
11943.168096251913
11939.695194201027
11937.45260302706
11942.256122363502
11939.652283941927
11948.422876023666
11946.452943374778
11949.728627493128
11952.55065819167
11953.393539923254
11954.564334485181
11966.370250655842
11959.72277372854
11962.179575992104
11961.283942009748
11961.286179213654
11956.877078852911
11946.649428872526
11949.79260036544
11950.284306198253
11945.838504783951
11949.939072084604
11943.729061593896
11943.838349565096
11946.294402364128
11937.465432859153
11936.961504054028
11944.250714574318
11944.752239934387
11943.911641103321
11936.431854252605
11939.33708826194
11932.145652880012
11938.333218423588
11939.853653757353
11942.994098716668
11933.856411224348
11943.383804370855
11940.521109011792
11950.139025065091
11952.817802424615
11948.473615806459
11945.078585524327
11946.283369723416
11952.461992483677
11962.025945534791
11957.929257951906
11954.356484502205
11945.657394294805
11952.504331439864
11953.335624597043
11956.115582107066
11956.619612669323
11959.336232903752
11953.543043606576
11967.736981302127
11963.550570753534
11963.649969593262
11971.154932261652
11958.573869625488
11960.6510687452
11967.293970456813
11973.94819579026
11977.292288043936
11980.222081877171
11973.7100083689
11988.279657192299
11981.243170195465
11972.85408078894
11977.084920974752
11974.554071248538
11978.613379818971
11972.37141736643
11973.615895069148
11974.553530901328
11973.464251505313
11971.128702783019
11966.949456337641
11961.011370472334
11961.761989277515
11974.05689935252
11976.346531564173
11970.043779716154
11960.215998472562
11952.503779214752
11948.405510510005
11948.001143962108
11942.747301570602
11919.888581339612
11917.20958696775
11915.159945420382
11919.556764174064
11913.007429505866
11912.687513174018
11910.707304980588
11917.635192548809
11922.500860799231
11931.307762089471
11945.460305287317
11923.050318627964
11916.002583700607
11913.7641102587
11908.224291566903
11918.575222390782
11914.863310801986
11921.915123535706
11921.240215777583
11931.69657687804
11933.100932106321
