4591091.623811299
4449699.56046438
4349137.384519011
4256098.71484068
4154863.3088139873
4077835.3080764064
3993145.5649432247
3907661.84093318
3795358.410097354
3711620.1245761793
3665880.1011718707
3603564.222035661
3526382.4557031966
3476293.2361375606
3420864.893251098
3364577.05651307
3325770.9809990665
3273816.8837383953
3222351.681332308
3166520.875710662
3117559.703509135
3089363.4238833766
3053618.239631639
3028101.9828820624
3000303.060400203
2946027.865707624
2913277.7582952087
2889701.461205821
2860883.7118055047
2839760.5632732133
2803870.039534115
2778104.6026638453
2753895.834070976
2729581.7470583743
2704023.724795062
2683788.6409506807
2653085.285433822
2630029.1297321673
2606146.8248376986
2583610.5470433664
2562327.075844752
2544550.69906296
2521826.615579156
2504175.264076408
2490035.822558118
2472744.1204940937
2450094.592552145
2426144.694227541
2409128.1650792803
2391659.6999516925
2370371.104943285
2359653.065166004
2349688.2260561995
2341726.7381406846
2328514.1172199645
2308250.566116648
2292161.2811518284
2284332.3454311304
2268853.0501010963
2255160.0271331347
2243370.2651918572
2230306.1375970664
2221001.968156993
2212424.247918872
2202419.38406307
2190133.737516049
2180716.235580749
2171186.150420729
2165553.5648960257
2163365.00090215
2150729.467954456
2140269.2566247676
2131769.1429744884
2120966.297834809
2105813.883335964
2098144.615535588
2085121.2075009793
2073181.821558407
2069751.7866336855
2062365.4472826996
2052918.024744296
2044407.2452337914
2033149.9695551367
2026132.6893309448
2014721.8409312873
2007191.8965720101
2000936.1380570168
1996195.5650241235
1987651.1740054064
1975912.8462349807
1968820.1149764722
1966596.4197490378
1953690.9258582983
1948573.4991640977
1943465.4796711998
1933972.0932153282
1927097.5230530833
1923079.0438600103
1921351.046442896
1918986.8010418778
1914694.508201395
1906197.2375872494
1902700.6569793634
1898035.9719692287
1891533.161621641
1889701.0299511983
1884940.4314655727
1878670.1250136357
1873235.960023968
1869282.5906849587
1864823.894379845
1857035.5246056996
1849506.5960812015
1845671.7338441974
1842672.8207662664
1841577.5299011893
1836435.001586969
1830173.416925976
1825637.941606396
1819993.438516136
1815128.4664584068
1809541.2840518497
1803388.3113279217
1796781.3171560871
1793357.2964546739
1785802.1596257864
1782548.724193172
1775182.3563568348
1769597.931535991
1765503.7932354002
1763383.7147378875
1761383.0973756872
1757152.24386284
1754032.3971677097
1751699.1919036394
1747945.3350183098
1744939.9479037228
1742690.6253563687
1737906.0563278957
1733440.73927028
1730749.8995410858
1728273.7188386084
1724606.5673048631
1719735.0719192238
1716521.3598994343
1713204.957687729
1709087.551497628
1706064.7531956334
1705881.6966550988
1699730.8440435964
1697808.6031432985
1694386.755997568
1691965.931802526
1690285.4130877636
1687216.7881124117
1681009.750245619
1675240.1286610342
1673612.6040365607
1670415.4328311635
1666149.177910991
1664025.9522157025
1661081.7299857582
1656484.0142604397
1653024.6187288556
1650117.2255025934
1643845.1347880268
1640870.5698751172
1636032.0545204612
1633397.443691086
1628888.1610605572
1625764.1927534593
1623719.1454598047
1622465.7758285205
1620646.1696038232
1619607.9154590485
1615866.1683719968
1611239.1386834031
1610458.1460272626
1608760.186557826
1608085.905127931
1607735.5625996566
1606588.9093033988
1604898.0159087474
1603093.662871476
1602103.1368388142
1600572.2431963813
1600414.3924300326
1599358.9042024533
1595320.6742717163
1593505.0515657756
1593505.0515657756
1590739.5916060032
1589302.450929544
1586768.0330643249
1583906.6608711714
1580463.7522048438
1577169.4896698338
1574528.7890754123
1571873.51628339
1571585.4612769745
1567617.6500082547
1564312.709465678
1561973.919709264
1558888.9769028593
1557840.18350931
1553080.7092933657
1550383.8441369697
1549179.875192169
1549179.9703381914
1548111.463088328
1546826.5417012891
1543063.289111183
1541153.9485738804
1539812.2642548704
1539737.7410950812
1536406.5423670423
1535136.9792827952
1530608.893080799
1526392.183085465
1526015.8108501518
1524060.4619314463
1522984.5409057986
1522495.002615144
1518739.9954407134
1516377.2089858456
1513115.0431839828
1510418.5003301285
1508771.9466675231
1508318.4462735811
1506691.3992613552
1505119.4152185393
1502334.3983169424
1500584.3397186112
1498484.9829583091
1497407.0802138073
1494932.8797548688
1493527.4340649159
1492888.2390447254
1491804.7512183979
1488547.8906756304
1484940.9498270708
1484884.801366714
1478681.857730519
1477582.0615094344
1476458.2349460095
1474991.0316283638
1473691.0303967572
1472449.4532080397
1471428.0718425803
1470211.5332709667
1468605.4928367971
1466139.132184569
1464416.6656615925
1461651.75030516
1460290.6248113578
1458357.4282896724
1457637.1050597501
1456636.9832046586
1454917.364195059
1453193.3073451766
1452415.1901771112
1448023.406591218
1446556.1007118854
1442083.3872522186
1439027.6423444569
1436480.9434948391
1435953.243748659
1434569.1240703107
1434164.66303608
1433074.2153376308
1431486.4873504583
1431158.254850577
1427968.604758891
1424810.1749491042
1424514.9888683746
1420377.9105333237
1418982.375709034
1416876.093036605
1416381.2862751447
1414569.8795906932
1413250.0947908428
1413250.0947908428
1411861.8923991024
1410603.863673952
1409956.052764116
1407204.0781521092
1406207.0264038176
1405679.8619158093
1403823.324460365
1403425.5121114536
1401141.1450837192
1401037.6564340019
1400723.885171746
1398854.6687120756
1398066.8822927207
1397386.1120323688
1396929.2199507938
1396929.2199507938
1395463.947502168
1394690.381954749
1392623.771698208
1388987.223479189
1388919.263354376
1388485.8557027527
1387465.8589999361
1386381.303839335
1384286.188569887
1381941.9417887498
1381562.8516774713
1380953.7923805846
1379810.9664835075
1379418.7232930742
1379367.5007551257
1377535.4872864177
1376316.093986291
1375653.743138976
1374854.4751400729
1373619.9717099825
1371612.6569055216
1370626.408301673
1370465.0444539157
1370120.313500507
1369194.3408263628
1368028.310841294
1365840.7986332802
1365677.8738970682
1364832.4594873602
1363957.177025536
1362069.4860735347
1361479.968285485
1360666.8518914338
1360095.6893641031
1359288.290329394
1359288.290329394
1358786.328209341
1358476.055242336
1358060.6599394178
1358003.579005649
1357881.4141367758
1357345.375774079
1356543.924046184
1356311.591201502
1355890.6908929232
1354476.508899921
1353518.809902826
1350993.201465163
1350993.201465163
1350633.044375412
1350633.044375412
1350499.1516373819
1350305.8597119069
1350305.8597119069
1350305.8597119069
1349744.621794226
1349288.9729759148
1347043.118583172
1345880.4289164462
1345496.4263043702
1345496.4263043702
1344307.8340394464
1344079.565667827
1344079.565667827
1343361.9777924707
1342041.9592265813
1341458.640569369
1340916.6932227914
1339418.137959051
1339339.476655522
1336776.1463173493
1336131.541271463
1334885.895707568
1334877.522379194
1334877.522379194
1334616.9662513533
1333485.788917569
1332890.7982426584
1331433.8918375089
1331136.4255901137
1331136.4255901137
1329962.0641803413
1327392.9059838685
1326380.8432744173
1325158.7849005174
1325158.7849005174
1324622.6776170158
1324622.6776170158
1324622.6776170158
1323331.5024109695
1322578.4881272283
1321559.084135172
1320972.689056641
1320972.689056641
1319321.4388462342
1317444.1972936688
1316521.8212455632
1316160.4030036707
1313687.7523758574
1311551.988890134
1308988.2666183556
1307254.5855528226
1306221.3474852769
1306221.335704721
1306221.335704721
1306221.335704721
1304936.8141154628
1302706.1777960556
1302691.7775329757
1302588.2419058925
1302514.3063549646
1302514.3063549646
1301361.587840652
1299772.6459876052
1298386.7116050194
1296645.9053362822
1296463.9596766846
1295581.38817845
1295233.5004696127
1294845.3525917036
1291772.0865346203
1291290.2881857343
1289389.2376072563
1288885.8935940352
1287976.0766629986
1287922.5378297037
1287355.876626846
1286460.856028629
1285897.2481937276
1285222.0165518778
1285222.0165518778
1285222.0165518778
1284988.5010948565
1284434.0750590474
1284434.0750590474
1284319.4385898616
1284244.6662181988
1284244.6662181988
1283262.8293514606
1282826.077881011
1282383.6429339447
1280831.92984219
1280695.2588950794
1280695.2588950794
1280075.0306373066
1279122.0343968973
1278344.5294735706
1277911.3809123996
1277844.7089522379
1275789.523423925
1275789.523423925
1275789.523423925
1275360.7892167387
1274316.797154556
1274094.6755280602
1271707.2365368982
1269190.5223271933
1268416.7220211776
1267883.3045331566
1267614.986329456
1267463.8198890963
1267463.8198890963
1267463.8198890963
1267463.8198890963
1266536.589415991
1266402.6294412357
1265832.0160196063
1265273.7862062815
1265169.101575267
1264132.4798757099
1263884.7301967968
1262181.6757930075
1261534.747742267
1261287.8308203728
1260961.518037357
1259110.2413930874
1258086.7440642375
1257299.394929743
1255759.7170658307
1255174.638188222
1254757.4905221155
1254757.4905221155
1253666.2362402142
1252663.356569061
1252663.356569061
1252575.89004293
1252575.89004293
1252051.781580403
1249226.5813056093
1249226.5813056093
1249226.5813056093
1249226.5813056093
1249226.5813056093
1248643.4677114435
1248643.4677114435
1248492.6085489208
1248066.879001457
1247826.540887745
1245813.7727200785
1245813.7727200785
1244788.8769790963
1243161.7928119558
1241560.3706954797
1241560.3706954797
1241125.512574112
1240361.962952975
1239407.6340477117
1239329.3176785968
1239160.2599157116
1239142.8310486097
1238416.9980102284
1237333.181322236
1236036.9379838277
1236036.9379838277
1234906.4936115071
1233975.5473360224
1233125.6754596306
1233116.5122605467
1232793.6564361434
1231161.008515979
1229570.8132430576
1229134.3586718475
1229045.7538819995
1227641.447764197
1227051.135354355
1226445.4971601286
1225476.901045225
1223210.4377747423
1223189.4067933173
1222263.4869778762
1222189.0331573498
1221661.1782944356
1221661.1782944356
1221661.1782944356
1221661.1782944356
1221661.1782944356
1221661.1782944356
1221661.1782944356
1221661.1782944356
1221661.1782944356
1221661.1782944356
1221661.1782944356
1221661.1782944356
1221661.1782944356
1221661.1782944356
1221382.366293336
1221042.9972166033
1219323.1887943235
1219323.1887943235
1218793.105776534
1218238.6346024906
1217991.5480731684
1217986.1590626496
1217513.4517343345
1217077.6303156712
1216456.460416223
1216451.707015426
1216451.707015426
1216349.0903636545
1216049.3601885324
1216049.3601885324
1216049.3601885324
1213268.9386592312
1211940.352649732
1211589.7651950624
1210777.0332742746
1210342.1846628145
1210342.1846628145
1210342.1846628145
1210070.7435444077
1208931.19154882
1208523.3281801275
1207741.5241360366
1207741.5241360366
1207695.4519211226
1207654.6622908902
1207654.6622908902
1207350.1937829792
1207245.338247918
1207143.7269519274
1207098.4322063627
1206796.2604794549
1206696.5604341854
1205674.4812140046
1204911.9184684458
1204911.9184684458
1204127.561305618
1204028.9804850973
1204028.9804850973
1204028.9804850973
1204028.9804850973
1203238.6847113632
1203171.1753771175
1202797.1828582499
1202797.1828582499
1201983.1201707756
1201807.0162943373
1200974.9257745405
1200974.9257745405
1200530.811471226
1200530.811471226
1199331.1945024186
1199257.296732264
1198961.083314891
1198435.3576499051
1198435.3576499051
1197934.2787180385
1197273.320701956
1196607.4276998173
1196357.6865447876
1196357.6865447876
1196357.6865447876
1195377.2187671931
1194743.2025247205
1193091.7879169658
1193091.7879169658
1192953.493970918
1191321.661415498
1191052.513443356
1188580.7995229168
1188580.7995229168
1188070.2081816406
1187629.4873736668
1186589.0341556414
1186503.206172449
1186503.206172449
1186503.206172449
1185493.1580304313
1184969.3476274058
1184969.3476274058
1184837.4637745263
1184784.4929680056
1184651.6105403053
1184651.6105403053
1184146.3649003783
1184036.8574610704
1183284.1438488904
1183284.1438488904
1183061.0450720713
1182101.6611177442
1182003.165323048
1182003.165323048
1182003.165323048
1179651.341821299
1179585.823607924
1179189.845795576
1178902.411220959
1178342.4753405477
1178342.4753405477
1178323.3858264969
1178149.169878624
1178122.6741977914
1178057.2050139392
1178057.2050139392
1177209.8221979372
1176885.2621696019
1176613.3091220781
1176418.254111175
1175823.2293489552
1175490.523843037
1174450.8559153196
1173241.4477423131
1173241.4477423131
1173095.6890577234
1172706.5576555124
1172202.4521918898
1172202.4521918898
1171483.6266065286
1171076.3248131133
1170466.4744008621
1169608.1391769075
1169052.2913650814
1169052.2913650814
1167492.302300776
1167492.302300776
1167473.5962356783
1167473.5962356783
1166930.2962369786
1166930.2962369786
1166930.2962369786
1166775.6338423695
1166672.1096652837
1166389.5576069397
1164853.1468586365
1164829.5628635294
1163269.3358457796
1163239.1842828942
1163239.1842828942
1162274.166227806
1161707.253377615
1161704.700172292
1161704.700172292
1160615.8842615555
1160612.2235603933
1160059.704039255
1160059.704039255
1159600.074243634
1157817.0625072652
1157639.308519667
1157596.9940982375
1157596.9940982375
1157596.9940982375
1157500.8886552942
1157267.553985023
1156369.86200361
1156369.86200361
1156216.2128430968
1156129.532866485
1154559.792772922
1154559.792772922
1154559.792772922
1154325.4720074208
1154325.4720074208
1154325.4720074208
1153740.2469759395
1153740.2469759395
1153740.2469759395
1153740.2469759395
1153740.2469759395
1153603.873527082
1153603.873527082
1153603.873527082
1153594.9719589828
1153416.5536378445
1153416.5536378445
1153169.277043189
1152291.554230382
1151826.642999153
1150011.7386984644
1149669.87705036
1149508.3058588216
1148908.8541570816
1148908.8541570816
1148834.0814866829
1148834.0814866829
1147657.6437056572
1147212.1916535702
1147212.1916535702
1146061.87896278
1145982.618516029
1145982.618516029
1145982.618516029
1145632.9777880781
1145632.9777880781
1145476.925576941
1144251.6174930409
1143987.347881593
1143987.347881593
1143248.6351953922
1143099.500198319
1143099.500198319
1143099.500198319
1143099.500198319
1142809.0543842586
1142196.3712609478
1142196.3712609478
1142007.7156356142
1140820.4754448095
1139248.6618622702
1138843.1124853194
1138843.1124853194
1138843.1124853194
1138679.8034266685
1137537.596327628
1137537.596327628
1137120.935893163
1136396.3257733542
1136396.3257733542
1136396.3257733542
1134796.7442891449
1134796.7442891449
1134408.6385723674
1134408.6385723674
1133089.2032345103
1132893.409582901
1132893.409582901
1131688.3827119153
1131553.2444869946
1131142.7050281453
1130161.4480824224
1129178.2134895348
1129178.2134895348
1129178.2134895348
1129178.2134895348
1128744.270357722
1128393.0308292261
1127474.4038155712
1127160.0883378433
1127160.0883378433
1127159.5284139342
1126820.4610848012
1125689.12360402
1125612.466203145
1125612.466203145
1125232.0147215123
1125232.0147215123
1124521.2096566474
1124521.2096566474
1124179.836170242
1123668.7129757092
1123395.3743395847
1123171.8892019046
1121398.827279545
1121398.827279545
1121398.827279545
1121398.827279545
1121078.0671904488
1121078.0671904488
1121078.0671904488
1121078.0671904488
1121078.0671904488
1121078.0671904488
1121078.0671904488
1121078.0671904488
1118218.6311490703
1118218.6311490703
1117976.0546733313
1117976.0546733313
1117976.0546733313
1117976.0546733313
1117976.0546733313
1117976.0546733313
1117845.7791514248
1117149.589019088
1117149.589019088
1117149.589019088
1116658.5293324878
1115742.5287310388
1115742.5287310388
1115731.6102684333
1115477.0822495348
1115477.0822495348
1114154.2748071742
1114154.2748071742
1114020.9863232411
1113475.6221890606
1113475.6221890606
1113162.4545169603
1112553.6792860415
1112553.6792860415
1112553.6792860415
1112553.6792860415
1112148.8315032136
1111045.3574596075
1111045.3574596075
1111045.3574596075
1111045.3574596075
1111045.3574596075
1111045.3574596075
1111045.3574596075
1111045.3574596075
1111045.3574596075
1110879.58686357
1110225.6533016886
1110225.6533016886
1109361.6710495441
1109361.6710495441
1109075.07704526
1108471.4740363737
1108471.4740363737
1108471.4740363737
1108471.4740363737
1108159.4698437962
1108120.6061167484
1108120.6061167484
1108120.6061167484
1107930.7689340757
1107099.9256690694
1106050.3132164301
1106050.3132164301
1106050.3132164301
1105817.5375021028
1105198.6011051699
1105198.6011051699
1105198.6011051699
1105198.6011051699
1105198.6011051699
1104949.6527935895
1104856.405388905
1104841.2787302276
1104647.4837858125
1104518.566833009
1104518.566833009
1104518.566833009
1104511.5803415384
1103908.0373688368
1103908.0373688368
1103862.5174340555
1103276.0266796155
1103276.0266796155
1103276.0266796155
1102313.8543878864
1102313.8543878864
1102283.0269251447
1102283.0269251447
1102283.0269251447
1102283.0269251447
1101627.3804443262
1100329.5948801797
1099966.227035685
1099559.5536162378
1099559.5536162378
1099251.4821672752
1099006.4141391867
1099006.4141391867
1099006.4141391867
1098463.9466019408
1098463.9466019408
1098063.8973980534
1097906.3383189451
1097906.3383189451
1097657.1031471184
1097333.355162856
1097333.355162856
1097333.355162856
1097333.355162856
1096815.6373716593
1096815.6373716593
1096494.4475552938
1096494.4475552938
1096358.7988565916
1096323.2931075613
1095136.6028930377
1095119.9790853614
1095119.9790853614
1095033.2687855593
1095033.2687855593
1095033.2687855593
1095023.378034439
1093742.5193534878
1093718.189061264
1093056.0725395014
1092847.7433001054
1092847.7433001054
1090739.7652652417
1090739.7652652417
1090739.7652652417
1090739.7652652417
1090148.087990764
1089394.2698423122
1089394.2698423122
1089394.2698423122
1089107.8986811074
1089107.8986811074
1089107.8986811074
1089107.8986811074
1089026.5402577878
1089006.5039292292
1089006.5039292292
1089006.5039292292
1089006.5039292292
1089006.5039292292
1088208.7827762892
1088208.7827762892
1087566.0507505478
1087566.0507505478
1087566.0507505478
1086945.5652643843
1086945.5652643843
1085928.4874595357
1085928.4874595357
1085928.4874595357
1085928.4874595357
1085928.4874595357
1085488.0778885973
1084898.058565974
1084898.058565974
1084898.058565974
1084898.058565974
1084195.590166678
1083767.6770465467
1083707.467933615
1083707.467933615
1083707.467933615
1083707.467933615
1083707.467933615
1083370.1355362306
1083370.1355362306
1083290.3396075205
1082505.9424836612
1082420.6588403375
1082420.6588403375
1081807.2522524004
1081695.8388981763
1081397.3761583115
1081397.3761583115
1081397.3761583115
1080986.7212454143
1080919.644094156
1080919.644094156
1080683.5934721376
1080683.5934721376
1080683.5934721376
1080683.5934721376
1080683.5934721376
1080683.5934721376
1080683.5934721376
1080683.5934721376
1080328.8058464788
1080328.8058464788
1080328.8058464788
1080328.8058464788
1080026.5460119098
1079967.3944347557
1079967.3944347557
1079967.3944347557
1079967.3944347557
1079673.8653563391
1078850.7503021164
1078850.7503021164
1078850.7503021164
1078522.6652612598
1078522.6652612598
1078522.6652612598
1078522.6652612598
1077665.867914407
1077040.1420212276
1077040.1420212276
1077040.1420212276
1077040.1420212276
1076787.4563670938
1076787.4563670938
1076787.4563670938
1076756.4153827485
1076438.3746630969
1076438.3746630969
1076406.9575707864
1076406.9575707864
1076406.9575707864
1076406.9575707864
1076406.9575707864
1076406.9575707864
1076288.8369830349
1076288.8369830349
1076288.8369830349
1076288.8369830349
1076288.8369830349
1076264.9321437483
1075976.700773165
1075772.5899938252
1075772.5899938252
1075772.5899938252
1074891.8466211716
1074856.829574043
1074734.3966038185
1074734.3966038185
1074734.3966038185
1074383.9733362673
1073563.3761828453
1073403.1678856025
1073403.1678856025
1073403.1678856025
1073313.263862806
1073313.263862806
1073313.263862806
1073231.2711181275
1073231.2711181275
1072943.100675982
1072046.3042668302
1072046.3042668302
1071511.573086133
1071511.573086133
1071490.9548269976
1071149.3773575348
1070429.4231454148
1070423.6739855383
1069562.5799664557
1069562.5799664557
1069562.5799664557
1069562.5799664557
1069040.5865578721
1069040.5865578721
1068379.5916437993
1067644.397786168
1067372.2133101295
1067372.2133101295
1067372.2133101295
1067372.2133101295
1067372.2133101295
1067372.2133101295
1067372.2133101295
1067372.2133101295
1067372.2133101295
1067372.2133101295
1067372.2133101295
1067372.2133101295
1066431.2844590156
1066431.2844590156
1065776.163963023
1065776.163963023
1065776.163963023
1065322.559194955
1065300.9957341999
1065300.9957341999
1065300.9957341999
1065300.9957341999
1065300.9957341999
1065300.9957341999
1065125.456519721
1065023.4054387095
1065023.4054387095
1065023.4054387095
1065023.4054387095
1064990.8508767933
1064733.0851500868
1064733.0851500868
1064021.1675774988
1064021.1675774988
1063440.7536166764
1063440.7536166764
1063440.7536166764
1063440.7536166764
1063440.7536166764
1063437.9211950528
1063437.9211950528
1062678.1150108601
1062678.1150108601
1062678.1150108601
1062678.1150108601
1062020.7048912994
1062020.7048912994
1061797.9495527805
1061592.486474988
1061592.486474988
1061592.0154530841
1061592.0154530841
1061592.0154530841
1061592.0154530841
1061364.8372023988
1061364.8372023988
1061058.2454585298
1061058.2454585298
1060269.0728351094
1060076.8529039458
1059900.5431304919
1059900.5431304919
1059900.5431304919
1058843.5370788863
1058307.2085496793
1057783.2987163765
1057783.2987163765
1057783.2987163765
1057783.2987163765
1057416.3823912195
1057304.799843949
1057159.585382407
1057159.585382407
1057159.585382407
1057159.585382407
1057159.585382407
1057159.585382407
1057159.585382407
1057157.5853015108
1057157.5853015108
1057157.5853015108
1056864.1143160984
1056816.8239648398
1056816.8239648398
1056530.1902852654
1056530.1902852654
1056404.5603157026
1056404.5603157026
1056402.6594819303
1056402.6594819303
1056293.4408357097
1055488.7851133295
1055488.7851133295
1055488.7851133295
1055478.7487098298
1055478.7487098298
1055478.7487098298
1055478.7487098298
1055478.7487098298
1055134.0837539167
1055134.0837539167
1055134.0837539167
1055134.0837539167
1054519.245258676
1054125.3893617664
1054125.3893617664
1052902.6262156467
1052902.6262156467
1052902.6262156467
1052902.6262156467
1052357.5643793377
1052357.5643793377
1051639.0924591348
1051639.0924591348
1051639.0924591348
1051639.0924591348
1051408.0679125465
1051408.0679125465
1051408.0679125465
1051408.0679125465
1051408.0679125465
1051408.0679125465
1051408.0679125465
1051408.0679125465
1051408.0679125465
1051389.3592407457
1051142.4349569615
1051142.4349569615
1051142.4349569615
1050981.7564813294
1050405.4621457965
1050391.1950355947
1050233.8916924952
1050233.8916924952
1050233.8916924952
1050233.8916924952
1050233.8916924952
1050233.8916924952
1049616.5112738376
1049616.5112738376
1049616.5112738376
1049279.188765414
1049279.188765414
1048958.992897944
1047843.8108332972
1047843.8108332972
1047350.3278211309
1046946.9356074408
1046934.4175604196
1046848.5675197663
1046848.5675197663
1046758.4012707907
1046758.4012707907
1046758.4012707907
1046758.4012707907
1045758.5556812424
1045758.5556812424
1045406.2094891687
1044944.9670143949
1044944.9670143949
1044162.8192980989
1044162.8192980989
1044162.8192980989
1043753.7060806056
1043448.7495320898
1043397.5554417719
1043397.5554417719
1043111.7985323808
1043111.7985323808
1043111.7985323808
1042636.7214280493
1042636.7214280493
1042368.9075763747
1041661.654229046
1041661.654229046
1041092.5704268126
1040673.7427477653
1040313.7973582114
1040313.7973582114
1039938.7923158879
1039700.9296356976
1039700.9296356976
1038920.0277161335
1038277.5534747695
1037421.9462458098
1037421.9462458098
1037271.5049409945
1037271.5049409945
1037271.5049409945
1037271.5049409945
1037151.0448451451
1037151.0448451451
1037151.0448451451
1037151.0448451451
1037151.0448451451
1037151.0448451451
1036579.8748421234
1036579.8748421234
1036579.8748421234
1035269.4113427486
1035269.4113427486
1035269.4113427486
1035269.4113427486
1035269.4113427486
1035269.4113427486
1035269.4113427486
1035145.0413353668
1035145.0413353668
1035145.0413353668
1034917.5894242004
1034917.5894242004
1034837.1066069177
1034805.2573775537
1034805.2573775537
1034805.2573775537
1034805.2573775537
1034805.2573775537
1034619.9108090228
1033934.9646282226
1033769.942501416
1033769.942501416
1033769.942501416
1033610.030303919
1032959.5664523721
1032959.5664523721
1032179.095633229
1031972.8682852983
1031972.8682852983
1031401.4165935402
1031231.2468030669
1031207.4112694468
1031207.4112694468
1030506.5670736576
1030506.5670736576
1030506.5670736576
1030506.5670736576
1030506.5670736576
1030506.5670736576
1030506.5670736576
1030506.5670736576
1030506.5670736576
1030506.5670736576
1030265.2478184564
1030265.2478184564
1030265.2478184564
1029870.9423153752
1029870.9423153752
1029462.1599344208
1029462.1599344208
1029462.1599344208
1029217.7726638583
1029217.7726638583
1029217.7726638583
1029217.7726638583
1029217.7726638583
1028984.9214980075
1028984.9214980075
1028949.9946218869
1028949.9946218869
1028317.0552397884
1027456.5439956118
1027437.170992178
1027437.170992178
1026657.8715790124
1026233.789185977
1026158.5000693604
1025237.4517579405
1025049.0001021179
1025049.0001021179
1025049.0001021179
1025049.0001021179
1025049.0001021179
1025049.0001021179
1025045.6816561949
1024923.6831257786
1024923.6831257786
1024923.6831257786
1024866.3251005711
1024680.6304469137
1024461.40029071
1024461.40029071
1024121.2216541547
1023981.0117695453
1023981.0117695453
1023981.0117695453
1023981.0117695453
1023943.1161433046
1023943.1161433046
1023943.1161433046
1023122.229090882
1023122.229090882
1023122.229090882
1022521.0213674023
1022271.9378787013
1022271.9378787013
1021700.134552966
1020780.887502524
1020585.7272858587
1020585.7272858587
1020425.8763581519
1020425.8763581519
1020186.3650552332
1020186.3650552332
1020186.3650552332
1020186.3650552332
1020186.3650552332
1020186.3650552332
1020186.3650552332
1020186.3650552332
1020186.3650552332
1019976.5375697426
1019767.9474424376
1019108.3904397711
1019108.3904397711
1019108.3904397711
1019108.3904397711
1019108.3904397711
1019108.3904397711
1019108.3904397711
1018367.3329795261
1018175.4159856964
1018175.4159856964
1018175.4159856964
1018175.4159856964
1017998.447192454
1017998.447192454
1017998.447192454
1017953.3552816878
1017953.3552816878
1017953.3552816878
1017953.3552816878
1017953.3552816878
1017953.3552816878
1017953.3552816878
1017953.3552816878
1017538.8088249756
1017538.8088249756
1017450.5651374983
1017078.2878619205
1016971.0912204285
1016645.3209846392
1015859.1954972101
1015859.1954972101
1015859.1954972101
1015859.1954972101
1015760.2079661334
1015760.2079661334
1015716.9508452492
1015185.182654307
1015185.182654307
1015185.182654307
1014684.6406780604
1014684.6406780604
1014684.6406780604
1014684.6406780604
1014134.5740524593
1013925.2070396704
1013681.8822461364
1013681.8822461364
1013681.8822461364
1013090.3545353424
1012898.7701133708
1012898.7701133708
1012766.7487630328
1011905.0260227411
1011905.0260227411
1011905.0260227411
1011404.439718018
1011404.439718018
1011374.4316473166
1011348.9299378553
1011348.9299378553
1010794.655597468
1010794.655597468
1010672.287892678
1010445.2265271852
1010445.2265271852
1010445.2265271852
1010445.2265271852
1010445.2265271852
1010445.2265271852
1010375.7485258402
1010375.7485258402
1010375.7485258402
1010375.7485258402
1010194.1840989308
1010194.1840989308
1010194.1840989308
1009764.8402522139
1009723.7681345873
1009723.7681345873
1009656.6834065911
1009656.6834065911
1009588.159888847
1009511.3305246154
1009511.3305246154
1009511.3305246154
1009450.6531901993
1009434.6318918886
1009313.3790198723
1009313.3790198723
1009313.3790198723
1009313.3790198723
1009299.613282356
1009299.613282356
1009299.613282356
1009299.613282356
1009299.613282356
1009299.613282356
1008747.6944032295
1008433.1876598193
1008383.2140752154
1008383.2140752154
1008383.2140752154
1008383.2140752154
1008279.3878159168
1008279.3878159168
1008196.6515077958
1007996.2764006667
1007996.2764006667
1007996.2764006667
1007996.2764006667
1007996.2764006667
1007996.2764006667
1007996.2764006667
1007996.2764006667
1007996.2764006667
1007996.2764006667
1007996.2764006667
1007745.2003443374
1007364.8062124955
1007364.8062124955
1007364.8062124955
1007364.8062124955
1005610.8544663605
1005610.8544663605
1005610.8544663605
1005610.8544663605
1005589.4846486469
1005397.5702534236
1005397.5702534236
1005397.5702534236
1005397.5702534236
1005084.2344532873
1004502.0176471819
1004502.0176471819
1003851.1336903828
1003820.3221239317
1002946.247693446
1002946.247693446
1002831.0093580249
1002831.0093580249
1002831.0093580249
1002831.0093580249
1002831.0093580249
1002831.0093580249
1002697.3040378587
1002697.3040378587
1002697.3040378587
1002697.3040378587
1002697.3040378587
1001799.9097654966
1001799.9097654966
1001157.811554509
1000977.0035799821
1000977.0035799821
1000977.0035799821
1000977.0035799821
1000428.7582160805
1000428.7582160805
1000428.7582160805
1000428.7582160805
1000296.7192701957
999646.1008261561
999646.1008261561
999646.1008261561
999646.1008261561
999485.0780798811
999176.5698613131
999176.5698613131
999176.5698613131
998357.1269490339
998357.1269490339
998357.1269490339
997903.5611740134
997903.5611740134
997903.5611740134
997903.5611740134
997903.5611740134
997734.7275585259
997410.6273180365
997373.9840747265
996316.3876267103
996316.3876267103
995897.0504147476
995897.0504147476
995897.0504147476
995247.1300708767
995247.1300708767
995247.1300708767
995247.1300708767
994626.9043038948
994626.9043038948
993977.283868231
993977.283868231
993977.283868231
993747.9104344803
993747.9104344803
993747.9104344803
993747.9104344803
993747.9104344803
993747.9104344803
993557.6724389471
993433.8218876475
993433.8218876475
993433.8218876475
993433.8218876475
993433.8218876475
993433.8218876475
993433.8218876475
993433.8218876475
993433.8218876475
993433.8218876475
993051.6768775869
993051.6768775869
993051.6768775869
993051.6768775869
993051.6768775869
993051.6768775869
992910.7384656318
992910.7384656318
991277.9812560892
991277.7446765455
991277.7446765455
990804.1261305248
990804.1261305248
990804.1261305248
990804.1261305248
990804.1261305248
990804.1261305248
990804.1261305248
990804.1261305248
990804.1261305248
989836.2118086591
988582.6483801277
988582.6483801277
988582.6483801277
988582.6483801277
988582.6483801277
988582.6483801277
988557.4608066345
987795.1267575859
987795.1267575859
987795.1267575859
987795.1267575859
987399.1198573285
987399.1198573285
987399.1198573285
987174.5176197505
986949.2406575987
986949.2406575987
986949.2406575987
986949.2406575987
986143.4734986696
986143.4734986696
986026.8228475781
986026.8228475781
986026.8228475781
986026.8228475781
986026.8228475781
986026.8228475781
986026.8228475781
984082.5775680067
984082.5775680067
983630.8161138846
983630.8161138846
983630.8161138846
983630.8161138846
983524.0716469996
983524.0716469996
983524.0716469996
983422.2974524294
982792.1718239873
982792.1718239873
982792.1718239873
982434.0658338872
981955.3216526802
981955.3216526802
981955.3216526802
981955.3216526802
981617.2438472734
981515.7769185158
981111.6588487297
981111.6588487297
981111.6588487297
981111.6588487297
980908.407757727
980908.407757727
979814.3384729878
979597.3470693635
979597.3470693635
979597.3470693635
979597.3470693635
979597.3470693635
979580.9483889817
979580.9483889817
979240.6743208719
979240.6743208719
979240.6743208719
979090.0754556586
978837.2744188444
978837.2744188444
978837.2744188444
978837.2744188444
978190.170720113
978190.170720113
978190.170720113
978071.3804035939
978071.3804035939
978071.3804035939
977772.857899692
977772.857899692
977772.857899692
977772.857899692
976705.2454958288
976705.2454958288
976705.2454958288
976705.2454958288
976705.2454958288
976343.2069090924
976343.2069090924
976343.2069090924
976343.2069090924
975823.9443673708
975823.9443673708
975823.9443673708
975577.4022023424
975577.4022023424
975577.4022023424
974128.3190673245
974128.3190673245
974128.3190673245
974128.3190673245
974128.3190673245
973630.2829156779
973630.2829156779
973630.2829156779
973630.2829156779
973115.6173283117
973115.6173283117
973115.6173283117
973115.6173283117
973115.6173283117
973115.6173283117
973115.6173283117
973115.6173283117
973115.6173283117
973115.6173283117
973115.6173283117
973115.6173283117
973115.6173283117
973115.6173283117
973115.6173283117
973115.6173283117
973018.5035454778
973018.5035454778
973018.5035454778
973018.5035454778
972844.3206696626
972844.3206696626
972844.3206696626
972844.3206696626
972844.3206696626
972844.3206696626
972820.1842398226
972820.1842398226
972820.1842398226
972528.9465122907
972437.9840688042
972437.9840688042
972437.9840688042
972292.9869566385
972292.9869566385
972291.4833280534
971462.7796268768
971462.7796268768
971462.7796268768
971444.0710912172
971444.0710912172
971444.0710912172
971444.0710912172
971444.0710912172
971444.0710912172
971444.0710912172
971241.9165081874
971241.9165081874
971241.9165081874
971241.9165081874
971241.9165081874
971241.9165081874
971241.9165081874
971152.7567152757
971052.5587084949
970737.239175407
970737.239175407
970150.8980877546
970150.8980877546
970150.8980877546
970150.8980877546
970145.6029961358
970145.6029961358
970145.6029961358
970145.6029961358
970145.6029961358
970145.6029961358
970145.6029961358
970145.6029961358
970145.6029961358
970145.6029961358
969691.0702662648
969445.4693623096
969445.4693623096
969445.4693623096
969445.4693623096
969445.4693623096
969445.4693623096
969186.2128197995
969186.2128197995
969186.2128197995
969072.4352018988
969072.4352018988
969072.4352018988
968582.0491934626
968272.265980065
968272.265980065
968272.265980065
968272.265980065
968272.265980065
968272.265980065
968272.265980065
968272.265980065
967646.9998262594
967646.9998262594
967115.8459026129
967115.8459026129
967115.8459026129
967115.8459026129
967115.8459026129
967115.8459026129
966835.9444896227
966835.9444896227
966785.4624668536
966785.4624668536
966785.4624668536
966451.8886875254
966451.8886875254
966451.8886875254
966451.8886875254
966451.8886875254
966375.1451205349
966352.8294065152
966261.7504080344
966261.7504080344
966261.7504080344
965290.0786342681
965290.0786342681
965290.0786342681
965290.0786342681
964875.5260237011
964875.5260237011
964875.5260237011
964875.5260237011
964875.5260237011
964875.5260237011
964875.5260237011
964875.5260237011
964512.5658252742
964512.5658252742
964512.5658252742
964336.5841657724
963918.2428903466
963918.2428903466
963918.2428903466
963918.2428903466
963884.6499275764
963850.3829007926
963850.3829007926
963850.3829007926
963520.7587057796
963498.4842218416
963498.4842218416
963498.4842218416
963498.4842218416
963115.1794346229
961446.5601086267
961446.5601086267
961446.5601086267
961120.9252988902
961120.9252988902
961120.9252988902
960838.8864291862
960725.9235148684
960725.9235148684
960725.9235148684
960725.9235148684
960725.9235148684
960627.1814832757
960232.0510415476
960232.0510415476
960232.0510415476
960232.0510415476
960232.0510415476
960176.8811897287
959675.0763993068
959675.0763993068
959473.9432092577
959473.9432092577
959473.9432092577
959473.9432092577
959473.9432092577
959473.9432092577
958615.0443739026
958615.0443739026
958615.0443739026
958615.0443739026
958615.0443739026
958615.0443739026
958155.4938099373
956643.6510160426
956160.9985119103
956160.9985119103
955998.7630543604
955998.7630543604
955998.7630543604
955998.7630543604
955998.7630543604
955763.9461544014
955691.7519445629
955336.3575252707
955320.7007836965
955320.7007836965
955320.7007836965
955320.7007836965
954884.6967658345
954884.6967658345
954884.6967658345
954884.6967658345
954884.6967658345
954884.6967658345
954884.6967658345
954884.6967658345
954884.6967658345
954884.6967658345
954884.6967658345
954884.6967658345
954884.6967658345
954884.6967658345
954884.6967658345
954884.6967658345
954573.9921286956
954573.9921286956
953753.7323612801
953753.7323612801
953748.1797553551
953748.1797553551
953748.1797553551
953748.1797553551
953383.0270478833
953383.0270478833
953383.0270478833
953383.0270478833
952953.3455999157
952714.9131545278
952714.9131545278
952708.2496027846
952617.5749419755
952617.5749419755
952617.5749419755
951301.173478909
951301.173478909
951301.173478909
950708.9493777974
950612.7099735821
950612.7099735821
950612.7099735821
950612.7099735821
950612.7099735821
950612.7099735821
950612.7099735821
950246.3177229117
950246.3177229117
950246.3177229117
950246.3177229117
950246.3177229117
950246.3177229117
950026.5359667806
950026.5359667806
950026.5359667806
950026.5359667806
950026.5359667806
950026.5359667806
950026.5359667806
950026.5359667806
949966.1988259731
949966.1988259731
949966.1988259731
949966.1988259731
949966.1988259731
948830.9124544559
948654.5541501127
948654.5541501127
948368.9356654877
948368.9356654877
948368.9356654877
948303.0861902101
948303.0861902101
948303.0861902101
948153.8031327606
948153.8031327606
948153.8031327606
948153.8031327606
948058.5048247695
948058.5048247695
948058.5048247695
948058.5048247695
948058.5048247695
948058.5048247695
948058.5048247695
948058.5048247695
948058.5048247695
948058.5048247695
948058.5048247695
948058.5048247695
948058.5048247695
948058.5048247695
948027.259942666
948027.259942666
948027.259942666
948027.259942666
948027.259942666
948027.259942666
948027.259942666
948027.259942666
948027.259942666
948027.259942666
948027.259942666
948027.259942666
948027.259942666
948027.259942666
948027.259942666
948027.259942666
947149.7523084414
947149.7523084414
947149.7523084414
947022.2593373397
947022.2593373397
947022.2593373397
947022.2593373397
947022.2593373397
947022.2593373397
946364.8942207388
946364.8942207388
946364.8942207388
945514.8122780519
945514.8122780519
945514.8122780519
945514.8122780519
945514.8122780519
945514.8122780519
945514.8122780519
945186.1234495211
945186.1234495211
945018.7092073592
945018.7092073592
945018.7092073592
944939.3501075697
944626.2523851132
944626.2523851132
944626.2523851132
944626.2523851132
944549.8738760073
944549.8738760073
944549.8738760073
944497.9671036011
944389.7526766136
944389.7526766136
944389.7526766136
944389.7526766136
944307.2569693396
943252.3683343471
943252.3683343471
943252.3683343471
943252.3683343471
943252.3683343471
943252.3683343471
943252.3683343471
943252.3683343471
943252.3683343471
943252.3683343471
943252.3683343471
943252.3683343471
942525.8696551768
942525.8696551768
942525.8696551768
942525.8696551768
942242.3285689679
942242.3285689679
941652.535895255
941652.535895255
941652.535895255
941615.246353424
941615.246353424
941615.246353424
941615.246353424
941615.246353424
941615.246353424
941615.246353424
941615.246353424
941535.5612890566
941392.2985349441
941392.2985349441
941392.2985349441
940696.859079956
940696.859079956
940696.859079956
940696.859079956
940696.859079956
940696.859079956
940696.859079956
940696.859079956
940696.859079956
940696.859079956
940696.859079956
940696.859079956
940467.0276634594
940467.0276634594
940467.0276634594
940467.0276634594
940467.0276634594
940467.0276634594
940467.0276634594
940467.0276634594
940467.0276634594
939659.4573242732
939057.1592833386
939057.1592833386
939057.1592833386
939057.5095587916
939057.5095587916
939057.5095587916
939057.5095587916
939057.5095587916
939057.5095587916
938406.0084688135
938406.0084688135
938406.0084688135
937972.4639328796
937972.4639328796
937972.4639328796
937972.4639328796
937972.4639328796
937972.4639328796
937972.4639328796
937972.4639328796
937972.4639328796
937972.4639328796
937972.4639328796
937972.4639328796
937972.4639328796
937728.7357494666
937437.1155697632
936494.4058400951
936072.5486070123
936072.5486070123
936072.5486070123
936072.5486070123
936072.5486070123
936072.5486070123
936072.5486070123
936072.5486070123
936072.5486070123
936072.5486070123
935984.3757558154
935984.3757558154
935984.3757558154
935507.0967631252
935507.0967631252
935507.0967631252
934913.5741968917
934913.5741968917
934913.5741968917
934913.5741968917
934913.5741968917
934913.5741968917
934913.5741968917
934913.5741968917
934913.5741968917
934913.5741968917
934804.3715856129
934804.3715856129
934804.3715856129
934804.3715856129
934623.1595934301
934623.1595934301
934623.1595934301
934623.1595934301
934623.1595934301
934527.9980343317
934503.1523456797
934503.1523456797
934503.1523456797
934503.1523456797
934503.1523456797
934503.1523456797
934503.1523456797
934385.2503496599
934385.2503496599
934385.2503496599
934341.5760110584
934341.5760110584
934341.5760110584
934341.5760110584
934341.5760110584
934341.5760110584
934021.805300732
934021.805300732
934021.805300732
934021.805300732
934021.805300732
934021.805300732
934021.805300732
934021.805300732
934021.805300732
934021.805300732
934021.805300732
933435.7228789992
933435.7228789992
933435.7228789992
933435.7228789992
933435.7228789992
933435.7228789992
933435.7228789992
933435.7228789992
933435.7228789992
933435.7228789992
933435.7228789992
933435.7228789992
932915.7353732258
932915.7353732258
932915.7353732258
932915.7353732258
932915.7353732258
932915.7353732258
932915.7353732258
932915.7353732258
932915.7353732258
932915.7353732258
932915.7353732258
932624.6202889789
932624.6202889789
932624.6202889789
932624.6202889789
932624.6202889789
932624.6202889789
932624.6202889789
932624.6202889789
932624.6202889789
932624.6202889789
932624.6202889789
932624.6202889789
932624.6202889789
932624.6202889789
932624.6202889789
932624.6202889789
932624.6202889789
932624.6202889789
932624.6202889789
932624.6202889789
932624.6202889789
932624.6202889789
932624.6202889789
932624.6202889789
932624.6202889789
932624.6202889789
932624.6202889789
932104.9290462862
932067.9033553714
931956.1598850966
931956.1598850966
931956.1598850966
931956.1598850966
931956.1598850966
931956.1598850966
931956.1598850966
931880.0435021836
931880.0435021836
931880.0435021836
931786.8068667366
931786.8068667366
931567.9736615382
931567.9736615382
931567.9736615382
931567.9736615382
931522.4315994128
931522.4315994128
931522.4315994128
931349.0540686428
931320.5497844097
931320.5497844097
931320.5497844097
931320.5497844097
931320.5497844097
930449.3703396404
930449.3703396404
930449.3703396404
930449.3703396404
930449.3703396404
930449.3703396404
929858.7681447996
929858.7681447996
929742.1095438981
929742.1095438981
928950.2246775943
928950.2246775943
928950.2246775943
928950.2246775943
928950.2246775943
928950.2246775943
928950.2246775943
928950.2246775943
928950.2246775943
928743.1792220095
928743.1792220095
928743.1792220095
928743.1792220095
928743.1792220095
928743.1792220095
928506.1294935495
928506.1294935495
927874.7067070475
927874.7067070475
927874.7067070475
927453.4607905527
927453.4607905527
927453.4607905527
927453.4607905527
927453.4607905527
927453.4607905527
927453.4607905527
927453.4607905527
927453.4607905527
927441.970857233
927441.970857233
927441.970857233
927441.970857233
927441.970857233
926855.1679526713
926852.0071010737
926852.0071010737
926852.0071010737
926852.0071010737
926852.0071010737
926510.578914447
926190.2399313864
926190.2399313864
925949.4803016239
925949.4803016239
925949.4803016239
925884.6616463128
925475.5849985459
925475.5849985459
925475.5849985459
924784.5219096055
924784.5219096055
924784.5219096055
924784.5219096055
924784.5219096055
924784.5219096055
924784.5219096055
924784.5219096055
924784.5219096055
924782.9924166232
924782.9924166232
924782.9924166232
924782.9924166232
924782.9924166232
924727.7113143201
924727.7113143201
924727.7113143201
924727.7113143201
924727.7113143201
924727.7113143201
924727.7113143201
924727.7113143201
924727.7113143201
924727.7113143201
924727.7113143201
924727.7113143201
924727.7113143201
924727.7113143201
924727.7113143201
924681.1049740594
924281.2034757485
924281.2034757485
924281.2034757485
924281.2034757485
924281.2034757485
924281.2034757485
923549.5579070259
923549.5579070259
923549.5579070259
923549.5579070259
923549.5579070259
923549.5579070259
923549.5579070259
923549.5579070259
922974.2438820688
922974.2438820688
922974.2438820688
922974.2438820688
922974.2438820688
922974.2438820688
922974.2438820688
922974.2438820688
922974.2438820688
922974.2438820688
922974.2438820688
922974.2438820688
922974.2438820688
922974.2438820688
922974.2438820688
922974.2438820688
922974.2438820688
922974.2438820688
922974.2438820688
922554.5481468228
922554.5481468228
922385.8545771687
922385.8545771687
922385.8545771687
922385.8545771687
922385.8545771687
922385.8545771687
922385.8545771687
922385.8545771687
922385.8545771687
922385.8545771687
922385.8545771687
922385.8545771687
922385.8545771687
922385.8545771687
922385.8545771687
922385.8545771687
922385.8545771687
922323.163067834
922247.4767016463
922247.4767016463
922247.4767016463
922247.4767016463
920865.5742354235
920865.5742354235
920865.5742354235
920865.5742354235
920865.5742354235
920865.5742354235
920865.5742354235
920865.5742354235
920865.5742354235
920809.4582503594
920809.4582503594
920805.2180046857
920805.2180046857
920805.2180046857
920805.2180046857
920805.2180046857
920805.2180046857
920025.6069194664
920025.6069194664
920025.6069194664
919979.974710963
919979.974710963
919979.974710963
919979.974710963
919979.974710963
919568.7815474743
919568.7815474743
919568.7815474743
919568.7815474743
919568.7815474743
919568.7815474743
919568.7815474743
919250.3689966416
918563.5981303758
918563.5981303758
918548.4410132706
918548.4410132706
918548.4410132706
918548.4410132706
918248.1027831256
918248.1027831256
916785.779316183
916785.779316183
916785.779316183
916785.779316183
916678.9978032537
916678.9978032537
916620.6071113609
916620.6071113609
916620.6071113609
916620.6071113609
916620.6071113609
916620.6071113609
915646.9320175512
915646.9320175512
915286.5208059151
915286.5208059151
915089.4615046778
915089.4615046778
914413.5093988094
914413.5093988094
914413.5093988094
914413.5093988094
914413.5093988094
914413.5093988094
914413.5093988094
914413.5093988094
914058.8905094302
914058.8905094302
914058.8905094302
914058.8905094302
914058.8905094302
914058.8905094302
914058.8905094302
914058.8905094302
914058.8905094302
914058.8905094302
913651.6742733575
913651.6742733575
913648.1571284054
913648.1571284054
913626.2505718027
913626.2505718027
913626.2505718027
913626.2505718027
913626.2505718027
913626.2505718027
913562.9469729025
913562.9469729025
913562.9469729025
913562.9469729025
913562.9469729025
913562.9469729025
913562.9469729025
913562.9469729025
913411.7397681343
913411.7397681343
913411.7397681343
913411.7397681343
913411.7397681343
913411.7397681343
913411.7397681343
913411.7397681343
913407.1915773993
912728.6345661995
912555.2684507987
912555.2684507987
912319.8796354651
912319.8796354651
912319.8796354651
912319.8796354651
912319.8796354651
911615.0389214936
911615.0389214936
911577.5131700287
911577.5131700287
911577.5131700287
911577.5131700287
911577.5131700287
911577.5131700287
911416.9511348624
911416.9511348624
910971.0542081238
910971.0542081238
910971.0542081238
910971.0542081238
910971.0542081238
910971.0542081238
910971.0542081238
910971.0542081238
910971.0542081238
910936.669496338
910936.669496338
910936.669496338
910709.2765038575
910709.2765038575
910538.4400711585
910538.4400711585
909598.7871574764
909598.7871574764
909598.7871574764
909598.7871574764
909598.7871574764
909598.7871574764
909598.7871574764
909598.7871574764
909598.7871574764
909526.7582046957
909526.7582046957
909322.6358415163
909322.6358415163
909322.6358415163
909127.4303180384
909127.4303180384
909127.4303180384
909127.4303180384
909127.4303180384
909127.4303180384
909127.4303180384
909127.4303180384
909127.4303180384
909127.4303180384
909045.6617168677
908867.2754924437
908463.545684804
908463.545684804
908463.545684804
908463.545684804
908463.545684804
908463.545684804
908463.545684804
908463.545684804
908463.545684804
908463.545684804
908463.545684804
908228.3242820477
908228.3242820477
908228.3242820477
908228.3242820477
908228.3242820477
908228.3242820477
908228.3242820477
908228.3242820477
908168.5258879001
908168.5258879001
908168.5258879001
908168.5258879001
908168.5258879001
908168.5258879001
908168.5258879001
908168.5258879001
907656.1637825463
907391.3480009008
907391.3480009008
907346.55502949
907215.6336338934
907215.6336338934
907215.7780260826
907215.7780260826
907215.7780260826
907215.7780260826
907215.7780260826
907215.7780260826
906555.0342117609
906555.0342117609
906555.0342117609
906555.0342117609
906555.0342117609
906555.0342117609
906555.0342117609
906555.0342117609
906535.5953042591
906535.5953042591
906528.9533266958
906528.9533266958
905837.5253000633
905837.5253000633
905837.5253000633
905837.5253000633
905837.5253000633
905651.6711122282
905651.6711122282
905651.6711122282
905651.6711122282
905169.7824597078
905169.7824597078
905169.7824597078
905169.7824597078
905169.7824597078
905055.3752248791
904609.4886253604
904609.4886253604
904609.4886253604
904609.4886253604
904609.4886253604
904321.0855804362
904321.0855804362
904321.0855804362
904321.0855804362
904321.0855804362
904321.0855804362
904321.0855804362
904321.0855804362
904321.0855804362
904120.1372351199
904120.1372351199
904120.1372351199
903815.9832273802
903815.9832273802
903815.9832273802
903815.9832273802
903815.9832273802
903744.0791936303
903744.0791936303
903744.0791936303
903744.0791936303
903633.0442424277
903633.0442424277
903633.0442424277
903633.0442424277
903633.0442424277
903633.0442424277
903633.0442424277
903633.0442424277
903181.9899593662
903181.9899593662
903181.9899593662
903181.9899593662
903181.9899593662
902914.8360613638
902914.8360613638
902914.8360613638
902914.8360613638
902914.8360613638
902914.8360613638
902914.8360613638
902188.5374291211
902188.5374291211
901867.6585499423
901867.6585499423
901867.6585499423
901446.4933376871
901446.4933376871
901446.4933376871
901446.4933376871
901344.4201354148
901344.4201354148
900984.2174229035
900971.149597716
900971.149597716
900971.149597716
900971.149597716
900971.149597716
900971.149597716
900971.149597716
900971.149597716
900971.149597716
900971.149597716
900971.149597716
900971.149597716
900971.149597716
900971.149597716
900971.149597716
900971.149597716
900971.149597716
900971.149597716
900971.149597716
900971.149597716
900971.149597716
900971.149597716
900971.149597716
900971.149597716
900971.149597716
900971.149597716
900663.5500749336
900663.5500749336
900663.5500749336
900663.5500749336
900663.5500749336
900663.5500749336
900663.5500749336
900663.5500749336
900663.5500749336
900663.5500749336
900663.5500749336
900663.5500749336
900522.2704477707
900522.2704477707
900522.2704477707
900522.2704477707
900522.2704477707
900522.2704477707
900522.2704477707
900522.2704477707
899917.9937903895
899865.9060289933
899865.9060289933
899865.9060289933
899865.9060289933
899865.9060289933
899865.9060289933
899637.4982370195
898591.7712357845
898591.7712357845
898591.7712357845
898591.7712357845
898591.7712357845
898591.7712357845
898591.7712357845
898531.1039970343
897782.8550769166
897782.8550769166
897782.8550769166
897204.5505735814
897204.5505735814
897204.5505735814
897204.5505735814
897204.5505735814
897204.5505735814
897204.5505735814
897204.5505735814
897204.5505735814
897204.5505735814
897204.5505735814
897204.5505735814
897204.5505735814
897043.4891279477
897043.4891279477
897043.4891279477
897043.4891279477
897043.4891279477
896582.5141557715
896582.5141557715
896445.971944811
896445.971944811
895762.1471702387
895762.1471702387
895762.1471702387
895762.1471702387
895625.3153863697
895057.0552075289
895057.0552075289
895057.0552075289
895057.0552075289
895057.0552075289
893980.4364098003
893980.4364098003
893976.9660269902
893976.9660269902
893976.9660269902
893976.9660269902
893894.0801956409
893894.0801956409
893894.0801956409
893894.0801956409
893894.0801956409
893894.0801956409
893894.0801956409
893894.0801956409
893894.0801956409
893894.0801956409
893894.0801956409
893894.0801956409
893894.0801956409
893894.0801956409
893894.0801956409
893894.0801956409
893660.8512376922
893660.8512376922
893660.8512376922
893660.8512376922
893660.8512376922
893660.8512376922
893660.8512376922
892749.2970735051
892749.2970735051
892749.2970735051
892749.2970735051
892749.2970735051
892749.2970735051
892749.2970735051
892749.2970735051
892749.2970735051
892749.2970735051
892749.2970735051
892749.2970735051
892749.2970735051
892749.2970735051
892749.2970735051
892749.2970735051
892749.2970735051
892749.2970735051
892749.2970735051
892749.2970735051
892749.2970735051
892570.1002219638
892570.1002219638
892570.1002219638
892570.1002219638
891501.1373150977
891356.2171183234
891356.2171183234
891356.2171183234
891356.2171183234
891356.2171183234
891356.2171183234
891356.2171183234
891356.2171183234
891356.2171183234
891356.2171183234
891356.2171183234
891356.2171183234
891356.2171183234
891356.2171183234
891356.2171183234
891013.9726482255
891013.9726482255
890869.9265655561
890869.9265655561
890869.9265655561
890869.9265655561
890869.9265655561
890869.9265655561
890869.9265655561
890869.9265655561
890869.9265655561
890353.7135303738
890353.7135303738
890353.7135303738
890353.7135303738
890353.7135303738
890353.7135303738
890353.7135303738
890353.7135303738
890353.7135303738
890353.7135303738
890353.7135303738
890313.3193911833
890313.3193911833
890313.3193911833
890313.3193911833
890313.3193911833
890313.3193911833
890313.3193911833
890313.3193911833
890313.3193911833
890313.3193911833
890313.3193911833
890313.3193911833
890313.3193911833
890313.3193911833
890313.3193911833
890313.3193911833
890313.3193911833
890147.9609803141
890147.9609803141
890147.9609803141
890147.9609803141
890147.9609803141
890147.9609803141
890147.9609803141
890147.9609803141
890147.9609803141
890147.9609803141
890147.9609803141
890147.9609803141
890147.9609803141
890147.9609803141
890147.9609803141
890147.9609803141
890147.9609803141
890147.9609803141
889998.3275418219
889998.3275418219
889998.3275418219
889998.3275418219
889974.8268694043
889974.8268694043
889974.8268694043
889974.8268694043
889974.8268694043
889974.8268694043
889974.8268694043
889974.8268694043
889974.8268694043
889974.8268694043
889974.8268694043
889974.8268694043
889974.8268694043
889097.4357925251
889097.4357925251
889097.4357925251
889097.4357925251
889097.4357925251
889097.4357925251
889097.4357925251
889097.4357925251
889097.4357925251
889047.5945316958
889047.5945316958
889047.5945316958
888535.9038568855
888535.9038568855
888535.9038568855
888535.9038568855
888535.9038568855
888535.9038568855
888535.9038568855
888535.9038568855
888535.9038568855
888535.9038568855
888535.9038568855
888535.9038568855
888535.9038568855
888535.9038568855
888529.6310572152
888529.6310572152
888529.6310572152
888529.6310572152
888529.6310572152
888529.6310572152
888529.6310572152
888529.6310572152
888063.5634819581
888055.4976792819
888003.5840656975
888003.5840656975
888003.5840656975
888003.5840656975
888003.5840656975
887923.4901862198
887923.4901862198
887845.9875905486
887845.9875905486
887845.9875905486
887760.5089095923
887760.5089095923
887760.5089095923
887760.5089095923
887760.5089095923
887760.5089095923
887432.6081727431
887432.6081727431
887432.6081727431
887432.6081727431
887432.6081727431
887432.6081727431
887432.6081727431
887432.6081727431
887432.6081727431
887432.6081727431
887432.6081727431
887432.6081727431
887432.6081727431
887284.2900901424
887284.2900901424
887284.2900901424
887284.2900901424
887284.2900901424
887284.2900901424
887284.2900901424
887284.2900901424
887284.2900901424
887284.2900901424
887284.2900901424
887284.2900901424
887284.2900901424
887284.2900901424
887284.2900901424
887284.2900901424
887284.2900901424
887284.2900901424
887284.2900901424
887284.2900901424
887284.2900901424
887284.2900901424
887284.2900901424
887284.2900901424
887284.2900901424
887284.2900901424
887284.2900901424
887284.2900901424
887284.2900901424
887284.2900901424
887284.2900901424
887284.2900901424
887284.2900901424
887284.2900901424
887284.2900901424
887284.2900901424
887284.2900901424
887284.2900901424
887284.2900901424
887284.2900901424
887284.2900901424
887025.2452944987
887025.2452944987
887025.2452944987
887025.2452944987
886705.9653536715
886705.9653536715
886705.9653536715
886210.0830721818
886210.0830721818
886210.0830721818
886210.0830721818
886210.0830721818
886175.1558638134
885925.3149374868
885925.3149374868
885925.3149374868
885925.3149374868
885872.6610068446
885872.6610068446
885872.6610068446
885872.6610068446
885872.6610068446
885872.6610068446
885755.5858156877
884962.1809436154
884962.1809436154
884962.1809436154
884403.1817722183
884403.1817722183
883924.5718318364
883924.5718318364
883543.2213362455
883543.2213362455
883543.2213362455
883543.2213362455
883543.2213362455
883543.2213362455
883065.3509410652
883065.3509410652
882823.9631003917
882823.9631003917
882823.9631003917
882823.9631003917
882823.9631003917
882485.9500980106
882485.9500980106
882485.9500980106
882485.9500980106
882485.9500980106
882485.9500980106
882485.9500980106
882485.9500980106
882485.9500980106
882485.9500980106
881946.6185936895
881946.6185936895
881946.6185936895
881675.6112912509
881675.6112912509
881675.6112912509
881675.6112912509
881675.6112912509
881675.6112912509
881675.6112912509
881675.6112912509
881675.6112912509
881675.6112912509
881675.6112912509
881432.6785377648
881432.6785377648
881187.1789323525
881187.1789323525
881187.1789323525
881187.1789323525
881187.1789323525
881187.1789323525
880587.2547167336
880587.2547167336
880541.770327599
880497.1445082304
880497.1445082304
880497.1445082304
880497.1445082304
880497.1445082304
880258.3704757683
880258.3704757683
879760.6377251017
879760.6377251017
879760.6377251017
879760.6377251017
879760.6377251017
879760.6377251017
879760.6377251017
879760.6377251017
879760.6377251017
879760.6377251017
879760.6377251017
879760.6377251017
879545.4682555145
879504.1042448625
879504.1042448625
879504.1042448625
879504.1042448625
879504.1042448625
879504.1042448625
879504.1042448625
879504.1042448625
879128.1403487128
879128.1403487128
879128.1403487128
879128.1403487128
879128.1403487128
879128.1403487128
878935.962172504
878935.962172504
878935.962172504
878935.962172504
878935.962172504
878253.165249366
878253.165249366
878253.165249366
878253.165249366
878253.165249366
877898.5140856053
877656.5258969893
877656.5258969893
877656.5258969893
877656.5258969893
877656.5258969893
877269.830512255
877269.830512255
877269.830512255
876467.5769646297
876092.7144690229
876092.7144690229
876092.7144690229
876092.7144690229
876092.7144690229
876092.7144690229
876024.9666941515
876024.9666941515
876024.9666941515
876024.9666941515
876024.9666941515
875617.9305236686
875617.9305236686
875617.9305236686
875617.9305236686
875617.9305236686
875508.1264691979
875508.1264691979
875508.1264691979
875508.1264691979
875508.1264691979
875508.1264691979
875508.1264691979
875508.1264691979
875508.1264691979
875508.1264691979
875508.1264691979
875508.1264691979
875508.1264691979
875508.1264691979
875508.1264691979
875508.1264691979
875508.1264691979
875508.1264691979
875508.1264691979
875508.1264691979
875508.1264691979
875330.33477322
875330.33477322
875330.33477322
875330.33477322
874820.9945512926
874820.9945512926
874820.9945512926
874820.9945512926
874820.9945512926
874820.9945512926
874820.9945512926
874820.9945512926
874820.9945512926
874820.9945512926
874820.9945512926
874820.9945512926
874820.9945512926
874820.9945512926
874820.9945512926
874820.9945512926
874820.9945512926
874029.7646457269
874029.7646457269
874029.7646457269
874029.7646457269
874029.7646457269
874029.7646457269
874029.7646457269
874029.7646457269
874029.7646457269
874029.7646457269
874029.7646457269
873892.2085616067
873749.5786423394
873749.5786423394
873749.5786423394
873749.5786423394
873749.5786423394
873749.5786423394
873219.4658888938
873219.4658888938
873219.4658888938
873219.4658888938
873173.0439757225
873173.0439757225
873173.0439757225
873173.0439757225
872879.3480310405
872879.3480310405
872879.3480310405
872879.3480310405
872879.3480310405
872879.3480310405
872879.3480310405
872804.6774789456
872804.6774789456
872804.6774789456
872804.6774789456
872804.6774789456
872387.6364442303
872387.6364442303
871684.5285866645
871684.5285866645
871684.5285866645
871684.5285866645
871684.5285866645
871670.6659312691
871670.6659312691
871670.6659312691
871670.6659312691
871670.6659312691
871642.0904433074
871642.0904433074
871642.0904433074
871642.0904433074
871642.0904433074
871642.0904433074
871493.6170712133
871493.6170712133
871493.6170712133
871493.6170712133
871493.6170712133
871493.6170712133
871493.6170712133
870454.4971168247
870454.4971168247
870454.4971168247
870454.4971168247
870454.4971168247
870454.4971168247
870454.4971168247
870454.4971168247
870454.4971168247
870356.1886068603
870356.1886068603
870356.1886068603
870356.1886068603
870356.1886068603
870356.1886068603
870356.1886068603
870356.1886068603
870356.1886068603
870356.1886068603
870356.1886068603
870356.1886068603
870131.7237293974
870131.7237293974
870131.7237293974
869814.422809267
869616.9733448108
869616.9733448108
869397.7831561523
869397.7831561523
869114.2826622468
869114.2826622468
869114.2826622468
869114.2826622468
869114.2826622468
869114.2826622468
869114.2826622468
869114.2826622468
869114.2826622468
869114.2826622468
869114.2826622468
868463.7639830501
868463.7639830501
868463.7639830501
868463.7639830501
868463.7639830501
868463.7639830501
868463.7639830501
868463.7639830501
868463.7639830501
868463.7639830501
868463.7639830501
868463.7639830501
867955.3428278463
867955.3428278463
867955.3428278463
867955.3428278463
867955.3428278463
867955.3428278463
867955.3428278463
867955.3428278463
867955.3428278463
867955.3428278463
867955.3428278463
867955.3428278463
867955.3428278463
867955.3428278463
867955.3428278463
867955.3428278463
867955.3428278463
867955.3428278463
867955.3428278463
867955.3428278463
867955.3428278463
867955.3428278463
867955.3428278463
867685.7252250192
867685.7252250192
867685.7252250192
867685.7252250192
867685.7252250192
867685.7252250192
867685.7252250192
867685.7252250192
867685.7252250192
867685.7252250192
867685.7252250192
867685.7252250192
867400.5674890808
867400.5674890808
867400.5674890808
867400.5674890808
867400.5674890808
867379.5268508218
867379.5268508218
867379.5268508218
867379.5268508218
867004.1370661398
867004.1370661398
867004.1370661398
867004.1370661398
867004.1370661398
866974.5786594909
866974.5786594909
866974.5786594909
866974.5786594909
866974.5786594909
866974.5786594909
866974.5786594909
866974.5786594909
866974.5786594909
866974.5786594909
866974.5786594909
866522.4572217899
866522.4572217899
866522.4572217899
866522.4572217899
866522.4572217899
866522.4572217899
866522.4572217899
866522.4572217899
866522.4572217899
866522.4572217899
866522.4572217899
866522.4572217899
866284.0709236986
866284.0709236986
866284.0709236986
866284.0709236986
866284.0709236986
866284.0709236986
866178.3666759505
866178.3666759505
866178.3666759505
866178.3666759505
866178.3666759505
866178.3666759505
866139.4659852106
866139.4659852106
865714.6175170357
865714.6175170357
865714.6175170357
865714.6175170357
865714.6175170357
865714.6175170357
865714.6175170357
865714.6175170357
865714.6175170357
865714.6175170357
865714.6175170357
865714.6175170357
865491.3619483076
865491.3619483076
864711.7232231232
864646.2830165464
864646.2830165464
864646.2830165464
864646.2830165464
864646.2830165464
864646.2830165464
864646.2830165464
864646.2830165464
864646.2830165464
864646.2830165464
864646.2830165464
864646.2830165464
864514.0893923577
864514.0893923577
864514.0893923577
864514.0893923577
864514.0893923577
864196.8734168734
864196.8734168734
864196.8734168734
863872.7356847044
863872.7356847044
863872.7356847044
863872.7356847044
863872.7356847044
863872.7356847044
863872.7356847044
863872.7356847044
863872.7356847044
863872.7356847044
863872.7356847044
863872.7356847044
863872.7356847044
863872.7356847044
863872.7356847044
863872.7356847044
863872.7356847044
863872.7356847044
863872.7356847044
863872.7356847044
863872.7356847044
863652.8882552818
863652.8882552818
863652.8882552818
863652.8882552818
863652.8882552818
863652.8882552818
863652.8882552818
863652.8882552818
863652.8882552818
863652.8882552818
863652.8882552818
863652.8882552818
863652.8882552818
863652.8882552818
863652.8882552818
863652.8882552818
863652.8882552818
863652.8882552818
862964.908935708
862964.908935708
862964.908935708
862964.908935708
862964.908935708
862964.908935708
862964.908935708
862964.908935708
862964.908935708
862964.908935708
862846.7468149527
862846.7468149527
862846.7468149527
862846.7468149527
862846.7468149527
862846.7468149527
862846.7468149527
862846.7468149527
862833.2328395831
862833.2328395831
862833.2328395831
862833.2328395831
862711.4209619511
862711.4209619511
862639.6500665664
862639.6500665664
862639.6500665664
862639.6500665664
862639.6500665664
862639.6500665664
862639.6500665664
862639.6500665664
862639.6500665664
862639.6500665664
862639.6500665664
862426.9200999003
862426.9200999003
862426.9200999003
862426.9200999003
862426.9200999003
862426.9200999003
862426.9200999003
862426.9200999003
862426.9200999003
862426.9200999003
861914.1536661356
861914.1536661356
861914.1536661356
861914.1536661356
861914.1536661356
861662.7465894583
861662.7465894583
861662.7465894583
861425.8685816219
861425.8685816219
861425.8685816219
861425.8685816219
861425.8685816219
861425.8685816219
861425.8685816219
861425.8685816219
861425.8685816219
861425.8685816219
861425.8685816219
861425.8685816219
861425.8685816219
861425.8685816219
861425.8685816219
861425.8685816219
861425.8685816219
861378.1530231317
861227.6332956834
861227.6332956834
860830.3689193266
860830.3689193266
860830.3689193266
860830.3689193266
860830.3689193266
860830.3689193266
860830.3689193266
860830.3689193266
860830.3689193266
860688.1385531989
860669.7009995274
860669.7009995274
860669.7009995274
860669.7009995274
860669.7009995274
860669.7009995274
860669.7009995274
860347.1439852044
860347.1439852044
860347.1439852044
860347.1439852044
860347.1439852044
860347.1439852044
860347.1439852044
860347.1439852044
860347.1439852044
860347.1439852044
860347.1439852044
860347.1439852044
860347.1439852044
860347.1439852044
860347.1439852044
860347.1439852044
860347.1439852044
860347.1439852044
860347.1439852044
860347.1439852044
860347.1439852044
860347.1439852044
860347.1439852044
860347.1439852044
860266.5832348638
860266.5832348638
860266.5832348638
860266.5832348638
860266.5832348638
860266.5832348638
860266.5832348638
860266.5832348638
860266.5832348638
860266.5832348638
859933.4854795027
859933.4854795027
859933.4854795027
859933.4854795027
859840.6395789132
859811.7732043298
859811.7732043298
859725.2499115451
859725.2499115451
859725.2499115451
859725.2499115451
859725.2499115451
859725.2499115451
859725.2499115451
859725.2499115451
859460.8947786551
859460.8947786551
859460.8947786551
859460.8947786551
859460.8947786551
859460.8947786551
859460.8947786551
859460.8947786551
859460.8947786551
859460.8947786551
859460.8947786551
859356.0765217695
859356.0765217695
859356.0765217695
859356.0765217695
859356.0765217695
859153.3501392535
859153.3501392535
859153.3501392535
859153.3501392535
859153.3501392535
859153.3501392535
859153.3501392535
859153.3501392535
858926.8587505545
858911.3777154952
858911.3777154952
858911.3777154952
858911.3777154952
858911.3777154952
858911.3777154952
858911.3777154952
858911.3777154952
858911.3777154952
858911.3777154952
858911.3777154952
858911.3777154952
858911.3777154952
858911.3777154952
858652.1577202984
858652.1577202984
858195.253487891
858195.253487891
858195.253487891
858195.253487891
858101.8278748462
858101.8278748462
858101.8278748462
858101.8278748462
858101.8278748462
858101.8278748462
858101.8278748462
858101.8278748462
857652.45131162
857652.45131162
857652.45131162
857652.45131162
857652.45131162
857652.45131162
857652.45131162
857308.2201228002
857308.2201228002
857308.2201228002
857308.2201228002
857308.2201228002
857308.2201228002
857308.2201228002
857308.2201228002
857308.2201228002
857308.2201228002
857308.2201228002
857308.2201228002
857308.2201228002
857308.2201228002
857308.2201228002
857308.2201228002
857156.3531539884
857156.3531539884
857156.3531539884
856959.9149679104
856959.9149679104
856959.9149679104
856959.9149679104
856959.9149679104
856959.9149679104
856959.9149679104
856959.9149679104
856959.9149679104
856959.9149679104
856959.9149679104
856959.9149679104
856959.9149679104
856959.9149679104
856959.9149679104
856806.1176781016
856806.1176781016
856486.9189620939
856486.9189620939
856486.9189620939
856486.9189620939
856486.9189620939
856486.9189620939
856486.9189620939
855718.936627914
855718.936627914
855718.936627914
855718.936627914
855718.936627914
855718.936627914
855718.936627914
855718.936627914
855718.936627914
855718.936627914
855718.936627914
855718.936627914
855718.936627914
855718.936627914
855718.936627914
855718.936627914
855718.936627914
855718.936627914
855718.936627914
855718.936627914
855718.936627914
855718.936627914
855718.936627914
855718.936627914
855718.936627914
855718.936627914
855589.9344536415
855589.9344536415
855589.9344536415
855589.9344536415
855589.9344536415
855589.9344536415
855589.9344536415
855589.9344536415
855589.9344536415
855589.9344536415
855589.9344536415
855589.9344536415
855589.9344536415
855589.9344536415
855589.9344536415
854991.9819665015
854975.0138776116
854975.0138776116
854975.0138776116
854975.0138776116
854975.0138776116
854975.0138776116
854975.0138776116
854766.0273785794
854550.0968124287
854550.0968124287
854550.0968124287
854436.0736344835
854436.0736344835
854152.2098324405
854152.2098324405
854152.2098324405
854152.2098324405
854152.2098324405
854152.2098324405
854152.2098324405
854152.2098324405
854152.2098324405
854152.2098324405
854152.2098324405
854152.2098324405
854152.2098324405
854152.2098324405
854055.5302489622
854055.5302489622
854055.5302489622
854055.5302489622
854055.5302489622
854055.5302489622
853354.9261778179
853354.9261778179
853354.9261778179
852431.4667594067
852431.4667594067
852431.4667594067
852431.4667594067
852425.0365545044
852425.0365545044
852425.0365545044
852425.0365545044
851479.8022622915
851479.8022622915
851392.408350307
851392.408350307
851392.408350307
851392.408350307
851392.408350307
851392.408350307
851392.408350307
851392.408350307
851392.408350307
851392.408350307
851392.408350307
851392.408350307
851392.408350307
851392.408350307
851392.408350307
851392.408350307
851392.408350307
851354.5834332248
851354.5834332248
851354.5834332248
851354.5834332248
851035.1853169684
851035.1853169684
851035.1853169684
851035.1853169684
851035.1853169684
851035.1853169684
851035.1853169684
851035.1853169684
851035.1853169684
851035.1853169684
851035.1853169684
851035.1853169684
851035.1853169684
851035.1853169684
851035.1853169684
851035.1853169684
851035.1853169684
851035.1853169684
851035.1853169684
849811.3383568262
849811.3383568262
849811.3383568262
849811.3383568262
849811.3383568262
849811.3383568262
849811.3383568262
849811.3383568262
849811.3383568262
849811.3383568262
849811.3383568262
849811.3383568262
849811.3383568262
849811.3383568262
849811.3383568262
849811.3383568262
849811.3383568262
849811.3383568262
849811.3383568262
849811.3383568262
849811.3383568262
849811.3383568262
849811.3383568262
849811.3383568262
849811.3383568262
849811.3383568262
849480.457858371
849480.457858371
849420.4087482328
849420.4087482328
849420.4087482328
849420.4087482328
849420.4087482328
849420.4087482328
849420.4087482328
849420.4087482328
849420.4087482328
849420.4087482328
849420.4087482328
849420.4087482328
849420.4087482328
849420.4087482328
849420.4087482328
849420.4087482328
849420.4087482328
849420.4087482328
849420.4087482328
849420.4087482328
849420.4087482328
849420.4087482328
849420.4087482328
849420.4087482328
849420.4087482328
849420.4087482328
849420.4087482328
849420.4087482328
849420.4087482328
849218.3208285766
849218.3208285766
849218.3208285766
849218.3208285766
849218.3208285766
849218.3208285766
849218.3208285766
849218.3208285766
849218.3208285766
849218.3208285766
849218.3208285766
849218.3208285766
849218.3208285766
849218.3208285766
849218.3208285766
849218.3208285766
849218.3208285766
849218.3208285766
849218.3208285766
849218.3208285766
849218.3208285766
849218.3208285766
849218.3208285766
849218.3208285766
849218.3208285766
849218.3208285766
849218.3208285766
849218.3208285766
849217.0256899106
849217.0256899106
849217.0256899106
849217.0256899106
849217.0256899106
849217.0256899106
849217.0256899106
849217.0256899106
849217.0256899106
849217.0256899106
849217.0256899106
848771.333970982
848771.333970982
848771.333970982
848771.333970982
848771.333970982
848771.333970982
848771.333970982
848771.333970982
848771.333970982
848771.333970982
848771.333970982
848771.333970982
848771.333970982
848771.333970982
848771.333970982
848771.333970982
848771.333970982
848771.333970982
848771.333970982
848771.333970982
848771.333970982
848771.333970982
848697.513437537
848697.513437537
848697.513437537
848697.513437537
848697.513437537
848697.513437537
848390.6453778427
848252.8161839664
848252.8161839664
848252.8161839664
848252.8161839664
848252.8161839664
848252.8161839664
848252.8161839664
847514.491998571
847514.491998571
847514.491998571
847514.491998571
847514.491998571
847514.491998571
847457.9753888277
847457.9753888277
847457.9753888277
847457.9753888277
847457.9753888277
847457.9753888277
847457.9753888277
847457.9753888277
847457.9753888277
847457.9753888277
847457.9753888277
847061.0368751421
847061.0368751421
847061.0368751421
847061.0368751421
847061.0368751421
847061.0368751421
847061.0368751421
847061.0368751421
847061.0368751421
847061.0368751421
847061.0368751421
847061.0368751421
847061.0368751421
846852.653099407
846852.653099407
846852.653099407
846852.653099407
846852.653099407
846852.653099407
846852.653099407
846852.653099407
846852.653099407
846852.653099407
846852.653099407
846852.653099407
846852.653099407
846852.653099407
846852.653099407
846852.653099407
846650.2405772457
846650.2405772457
846650.2405772457
846650.2405772457
846650.2405772457
846650.2405772457
846650.2405772457
846650.2405772457
846650.2405772457
846650.2405772457
846650.2405772457
846650.2405772457
846650.2405772457
846650.2405772457
846650.2405772457
846650.2405772457
846650.2405772457
846650.2405772457
846650.2405772457
846650.2405772457
846263.1902969464
846263.1902969464
846263.1902969464
846263.1902969464
846226.3462975572
846226.3462975572
846226.3462975572
846226.3462975572
846226.3462975572
846226.3462975572
846226.3462975572
846070.6901629287
846070.6901629287
846070.6901629287
846070.6901629287
846070.6901629287
846070.6569894481
846070.6569894481
846070.6569894481
846070.6569894481
846070.6569894481
846070.6569894481
846070.6569894481
846070.6569894481
846028.0530637907
846028.0530637907
846028.0530637907
846028.0530637907
845932.2741590609
845932.2741590609
845932.2741590609
845932.2741590609
845651.9980449209
845453.8747867614
845453.8747867614
845453.8747867614
845453.8747867614
845225.1347370945
845225.1347370945
845225.1347370945
845225.1347370945
845225.1347370945
845225.1347370945
845225.1347370945
845225.1347370945
845225.1347370945
845225.1347370945
845225.1347370945
844406.9325248401
844406.9325248401
844406.9325248401
844406.9325248401
844406.9325248401
844406.9325248401
844232.0686856629
844232.0686856629
844232.0686856629
843982.6716595932
843982.6716595932
843982.6716595932
843982.6716595932
843982.6716595932
843982.6716595932
843982.6716595932
843982.6716595932
843804.2210178922
843645.5249025482
843645.5249025482
843645.5249025482
843645.5249025482
843645.5249025482
843645.5249025482
843645.5249025482
843645.5249025482
843645.5249025482
843645.5249025482
843645.5249025482
843645.5249025482
843645.5249025482
843645.5249025482
843573.5806864206
843573.5806864206
843573.5806864206
843573.5806864206
843467.2163399328
843467.2163399328
843467.2163399328
843467.2163399328
843467.2163399328
843467.2163399328
843467.2163399328
843467.2163399328
843405.1246028609
843405.1246028609
843405.1246028609
843405.1246028609
843405.1246028609
843405.1246028609
842867.3621181686
842867.3621181686
842867.3621181686
842867.3621181686
842867.3621181686
842867.3621181686
842867.3621181686
842867.3621181686
842867.3621181686
842867.3621181686
842867.3621181686
842867.3621181686
842867.3621181686
842867.3621181686
842867.3621181686
842867.3621181686
842867.3621181686
842867.3621181686
842867.3621181686
842867.3621181686
842841.8424775694
842235.4594440591
842235.4594440591
841750.2847933355
841750.2847933355
841750.2847933355
841705.7916507006
841705.7916507006
841705.7916507006
841705.7916507006
841705.7916507006
841705.7916507006
841705.7916507006
841705.7916507006
841705.7916507006
841705.7916507006
841152.707827059
841152.707827059
841152.707827059
841152.707827059
840841.5830196545
840348.8306853306
839561.4012017644
839561.4012017644
839561.4012017644
839177.0884909984
839177.0884909984
839177.0884909984
839168.9677212022
839168.9677212022
839168.9677212022
839168.9677212022
839168.9677212022
838790.7578106526
838790.7578106526
838790.7578106526
838790.7578106526
838349.1009524027
838349.1009524027
838349.1009524027
838349.1009524027
838349.1009524027
838349.1009524027
838349.1009524027
838349.1009524027
838028.2443618246
837708.6323278467
837708.6323278467
837708.6323278467
837708.6323278467
837708.6323278467
837708.6323278467
837708.6323278467
837708.6323278467
837708.6323278467
837708.6323278467
837708.6323278467
837708.6323278467
837708.6323278467
837708.6323278467
837708.6323278467
837708.6323278467
837708.6323278467
837708.6323278467
837708.6323278467
837708.6323278467
837708.6323278467
837708.6323278467
837708.6323278467
836497.1338482188
836497.1338482188
836497.1338482188
836497.1338482188
836497.1338482188
836497.1338482188
836497.1338482188
836497.1338482188
836497.1338482188
836390.9412488956
836390.9412488956
836390.9412488956
836390.9412488956
836352.1622649406
836352.1622649406
836174.8346102969
836174.8346102969
836174.8346102969
836174.8346102969
836174.8346102969
835844.3570209772
835844.3570209772
835844.3570209772
835769.0651379619
835061.7435096749
835061.7435096749
835061.7435096749
835004.7494048581
834968.3497077648
834705.893213111
834705.893213111
834705.893213111
834705.893213111
834705.893213111
834705.893213111
834705.893213111
834705.893213111
834534.1606840495
834534.1606840495
834534.1606840495
834534.1606840495
834534.1606840495
834534.1606840495
834534.1606840495
834534.1606840495
834442.9381796261
833042.0369065867
833042.0369065867
833004.6235732799
833004.6235732799
832712.6838445296
832712.6838445296
832712.6838445296
832712.6838445296
832712.6838445296
832712.6838445296
832712.6838445296
832712.6838445296
832712.6838445296
832712.6838445296
832712.6838445296
832712.6838445296
832712.6838445296
832501.8133611311
832501.8133611311
832501.8133611311
832501.8133611311
832501.8133611311
832501.8133611311
832501.8133611311
832501.8133611311
832501.8133611311
832501.8133611311
832501.8133611311
832501.8133611311
832501.8133611311
832501.8133611311
832501.8133611311
832501.8133611311
832501.8133611311
832501.8133611311
832501.8133611311
832501.8133611311
832501.8133611311
832501.8133611311
832501.8133611311
832501.8133611311
832501.8133611311
832501.8133611311
832501.8133611311
832501.8133611311
832241.8863855471
832241.8863855471
832241.8863855471
832241.8863855471
832241.8863855471
832046.5501671816
832046.5501671816
832046.5501671816
832046.5501671816
831875.7419940771
831875.7419940771
831875.7419940771
831875.7419940771
831875.7419940771
831867.59252449
831867.59252449
831867.59252449
831867.59252449
831867.59252449
831867.59252449
831867.59252449
831867.59252449
831867.59252449
831867.59252449
831867.59252449
831867.59252449
831867.59252449
831867.59252449
831867.59252449
831867.59252449
831867.59252449
831867.59252449
831867.59252449
831867.59252449
831867.59252449
831099.1599465908
831099.1599465908
831099.1599465908
831099.1599465908
830995.3172446166
830995.3172446166
830995.3172446166
830995.3172446166
830995.3172446166
830995.3172446166
830995.3172446166
830995.3172446166
830995.3172446166
830504.2169667915
830504.2169667915
830504.2169667915
830504.2169667915
830504.2169667915
830504.2169667915
830504.2169667915
830504.2169667915
830504.2169667915
830123.581337786
830123.581337786
830123.581337786
830123.581337786
830123.581337786
830123.581337786
830123.581337786
830123.581337786
830123.581337786
830123.581337786
830123.581337786
830123.581337786
830123.581337786
829673.3959521914
829673.3959521914
829673.3959521914
829673.3959521914
829673.3959521914
829673.3959521914
829673.3959521914
829673.3959521914
829673.3959521914
829673.3959521914
829567.8961949067
829567.8961949067
829520.9421166558
829520.9421166558
829520.9421166558
829520.9421166558
829043.4758718116
829043.4758718116
829043.4758718116
829043.4758718116
829043.4758718116
829043.4758718116
829043.4758718116
828872.5916140453
828872.5916140453
828872.5916140453
828872.5916140453
828872.5916140453
828872.5916140453
828872.5916140453
828872.5916140453
828872.5916140453
828872.5916140453
828872.5916140453
828872.5916140453
828872.5916140453
828872.5916140453
828872.5916140453
828872.5916140453
828872.5916140453
828872.5916140453
828823.5272089618
828823.5272089618
828823.5272089618
828823.5272089618
828823.5272089618
828823.5272089618
828823.5272089618
828823.5272089618
828509.563959575
828509.563959575
828509.563959575
828509.563959575
828509.563959575
828509.563959575
828509.563959575
828509.563959575
828509.563959575
828509.563959575
828509.563959575
828288.6612382852
828288.6612382852
828288.6612382852
828288.6612382852
828288.6612382852
828288.6612382852
828288.6612382852
828288.6612382852
828288.6612382852
828288.6612382852
828288.6612382852
828288.6612382852
828288.6612382852
828288.6612382852
828288.6612382852
828288.6612382852
828288.6612382852
828288.6612382852
828288.6612382852
828288.6612382852
827920.3596610236
827920.3596610236
827920.3596610236
827920.3596610236
827890.0773919255
827890.0773919255
827890.0773919255
827881.5738442021
827881.5738442021
827881.5738442021
827881.5738442021
827881.5738442021
827881.5738442021
827881.5738442021
827881.5738442021
827881.5738442021
827881.5738442021
827881.5738442021
827881.5738442021
827881.5738442021
827881.5738442021
827881.5738442021
827862.2965276665
827862.2965276665
827862.2965276665
827862.2965276665
827862.2965276665
827862.2965276665
827862.2965276665
827862.2965276665
827862.2965276665
827862.2965276665
827862.2965276665
827862.2965276665
827862.2965276665
827862.2965276665
827862.2965276665
827862.2965276665
827862.2965276665
827736.0035809029
827736.0035809029
827736.0035809029
827736.0035809029
827736.0035809029
827362.787590966
827362.787590966
827362.787590966
827362.787590966
827362.787590966
827362.787590966
827362.787590966
827362.787590966
827362.787590966
827362.787590966
827362.2741352809
827362.2741352809
827362.2741352809
827362.2741352809
827362.2741352809
827362.2741352809
827362.2741352809
827348.2957480382
827348.2957480382
827348.2957480382
827348.2957480382
827348.2957480382
827348.2957480382
827348.2957480382
827348.2957480382
827348.2957480382
827215.2993112478
827215.2993112478
826819.4780330067
826819.4780330067
826819.4780330067
826819.4780330067
826819.4780330067
826165.5335928851
826165.5335928851
826165.5335928851
826165.5335928851
826165.5335928851
826165.5335928851
825762.1449971753
825762.1449971753
825762.1449971753
825762.1449971753
825762.1449971753
825762.1449971753
825762.1449971753
825762.1449971753
825762.1449971753
825616.8107706317
825616.8107706317
825616.8107706317
825616.8107706317
825616.8107706317
825616.8107706317
825616.8107706317
825616.8107706317
825616.8107706317
825616.8107706317
825616.8107706317
825616.8107706317
825616.8107706317
825616.8107706317
825616.8107706317
825616.8107706317
825616.8107706317
825616.8107706317
825616.8107706317
825616.8107706317
825616.8107706317
825464.1678897478
825464.1678897478
825464.1678897478
825464.1678897478
825464.1678897478
825464.1678897478
825464.1678897478
825464.1678897478
825464.1678897478
825464.1678897478
825464.1678897478
825464.1678897478
825464.1678897478
825464.1678897478
825464.1678897478
825464.1678897478
825464.1678897478
825392.1328158875
825392.1328158875
825392.1328158875
825392.1328158875
825392.1328158875
825392.1328158875
825392.1328158875
825392.1328158875
825392.1328158875
825392.1328158875
825392.1328158875
825392.1328158875
825392.1328158875
825392.1328158875
825392.1328158875
825392.1328158875
825392.1328158875
825392.1328158875
825392.1328158875
825392.1328158875
825392.1328158875
825264.4934231761
825159.5034659663
825159.5034659663
825159.5034659663
824243.2823903785
824243.2823903785
824243.2823903785
824243.2823903785
824243.2823903785
824132.1843403771
824132.1843403771
823943.9024409896
823943.9024409896
823943.9024409896
823943.9024409896
823943.9024409896
823943.9024409896
823943.9024409896
823943.9024409896
823943.9024409896
823943.9024409896
823943.9024409896
823943.9024409896
823943.9024409896
823943.9024409896
823943.9024409896
823943.9024409896
823943.9024409896
823943.9024409896
823943.9024409896
823943.9024409896
823943.9024409896
823943.9024409896
823943.9024409896
823943.9024409896
823943.9024409896
823943.9024409896
823943.9024409896
823208.7413421043
823172.3866969215
823172.3866969215
823172.3866969215
823172.3866969215
823172.3866969215
823172.3866969215
823172.3866969215
823172.3866969215
823172.3866969215
823172.3866969215
823172.3866969215
823172.3866969215
823172.3866969215
822803.7626371258
822803.7626371258
822803.7626371258
822803.7626371258
822803.7626371258
822803.7626371258
822803.7626371258
822803.7626371258
822803.7626371258
822803.7626371258
822803.7626371258
822803.7626371258
822803.7626371258
822803.7626371258
822803.7626371258
822803.7626371258
822803.7626371258
822744.9966398677
822744.9966398677
822744.9966398677
822744.9966398677
822744.9966398677
822744.9966398677
822744.9966398677
822744.9966398677
822744.9966398677
822744.9966398677
822744.9966398677
822744.9966398677
822744.9966398677
822697.1352242641
822697.1352242641
822697.1352242641
822697.1352242641
822697.1352242641
822697.1352242641
822697.1352242641
822697.1352242641
822697.1352242641
822697.1352242641
822697.1352242641
822697.1352242641
822697.1352242641
822697.1352242641
822697.1352242641
822697.1352242641
822697.1352242641
822697.1352242641
822697.1352242641
822697.1352242641
822697.1352242641
822697.1352242641
822697.1352242641
822697.1352242641
822697.1352242641
822396.3016615394
822368.1319081361
822368.1319081361
822368.1319081361
822368.1319081361
822368.1319081361
822368.1319081361
822368.1319081361
822368.1319081361
822368.1319081361
822368.1319081361
822368.1319081361
822368.1319081361
822368.1319081361
822368.1319081361
822368.1319081361
822209.7094923776
822209.7094923776
822209.7094923776
822209.7094923776
822209.7094923776
822209.7094923776
822209.7094923776
822209.7094923776
822209.7094923776
822209.7094923776
822209.7094923776
822209.7094923776
822209.7094923776
822209.7094923776
822209.7094923776
822209.7094923776
822209.7094923776
822209.7094923776
822209.7094923776
822158.7551606328
822158.7551606328
821875.9606943959
821875.9606943959
821875.9606943959
821875.9606943959
821875.9606943959
821875.9606943959
821875.9606943959
821875.9606943959
821875.9606943959
821875.9606943959
821875.9606943959
821875.9606943959
821875.9606943959
821875.9606943959
821875.9606943959
821875.9606943959
821875.9606943959
821875.9606943959
821875.9606943959
821875.9606943959
821875.9606943959
821875.9606943959
821875.9606943959
821875.9606943959
821875.9606943959
821875.9606943959
821875.9606943959
821875.9606943959
821875.9606943959
821875.9606943959
821875.9606943959
821875.9606943959
821875.9606943959
821854.5978535388
821854.5978535388
821854.5978535388
821854.5978535388
821854.5978535388
821854.5978535388
821854.5978535388
821854.5978535388
821854.5978535388
821854.5978535388
820696.2246836697
820696.2246836697
820696.2246836697
820696.2246836697
820696.2246836697
820667.2974696911
820667.2974696911
820667.2974696911
820619.098586241
820619.098586241
820619.098586241
820619.098586241
820619.098586241
820619.098586241
820619.098586241
820619.098586241
820619.098586241
820619.098586241
820619.098586241
820619.098586241
820619.098586241
820619.098586241
820619.098586241
820619.098586241
820619.098586241
820619.098586241
820619.098586241
820619.098586241
820528.29810038
820502.8777050137
820502.8777050137
820502.8777050137
820502.8777050137
820502.8777050137
820502.8777050137
820502.8777050137
820502.8777050137
820502.8777050137
820502.8777050137
820502.8777050137
820502.8777050137
820502.8777050137
820502.8777050137
820502.8777050137
820502.8777050137
820502.8777050137
820502.8777050137
820502.8777050137
820502.8777050137
820502.8777050137
820502.8777050137
820502.8777050137
820502.8777050137
820502.8777050137
820502.8777050137
820502.8777050137
820502.8777050137
820502.8777050137
820502.8777050137
820502.8777050137
820502.8777050137
820502.8777050137
820502.8777050137
820502.8777050137
820502.8777050137
820502.8777050137
820502.8777050137
820502.8777050137
820502.8777050137
820502.8777050137
820502.8777050137
820502.8777050137
820502.8777050137
820475.7814411608
820475.7814411608
820475.7814411608
820475.7814411608
820475.7814411608
820475.7814411608
820475.7814411608
820387.9645970131
820387.9645970131
820387.9645970131
820387.9645970131
820387.9645970131
820387.9645970131
820387.9645970131
820387.9645970131
820387.9645970131
820387.9645970131
820387.9645970131
820387.9645970131
820387.9645970131
820387.9645970131
820387.9645970131
820387.9645970131
820387.9645970131
820387.9645970131
820387.9645970131
820136.5710779384
820136.5710779384
820136.5710779384
820136.5710779384
820136.5710779384
820136.5710779384
820136.5710779384
820136.5710779384
820136.5710779384
820136.5710779384
820136.5710779384
820136.5710779384
820136.5710779384
820136.5710779384
820136.5710779384
820136.5710779384
820136.5710779384
820136.5710779384
820136.5710779384
820136.5710779384
820136.5710779384
820136.5710779384
820136.5710779384
820136.5710779384
820136.5710779384
820136.5710779384
820136.5710779384
820136.5710779384
820136.5710779384
820136.5710779384
820136.5710779384
820136.5710779384
820136.5710779384
820136.5710779384
820136.5710779384
