4599955.664751265
4467865.43669554
4361339.73716142
4275550.203468115
4174735.459232854
4065759.2691366263
3976371.0604730574
3894231.18183971
3812757.1644460117
3757201.835429235
3682002.246708744
3608811.306548641
3559971.9920178736
3494802.80181715
3456619.2096164273
3398213.636158788
3336884.946710326
3290566.144221063
3232554.166137339
3190757.3915656987
3144381.493172179
3104839.9442139836
3057394.0438469844
3023012.3812723514
2990403.016600172
2960858.8602738897
2927358.077312705
2901852.180376226
2875450.116048513
2850061.438212935
2827388.1178402724
2799164.1681540892
2766310.3229690413
2736667.4751004074
2708481.3842536183
2683563.3726891596
2662708.534628821
2637947.0231746994
2619520.0157066295
2601417.1327045495
2583230.131055141
2555987.496454645
2539186.503450089
2519343.4987033224
2491377.046239794
2466993.42331013
2446664.7464164393
2425323.1682746317
2408232.9661462614
2395566.026684786
2383723.518839308
2360113.0702610165
2343240.9808909167
2328513.593170665
2317206.1252000914
2305395.23279023
2295102.4358422337
2280714.163291542
2262624.3581933766
2244879.2149392525
2230848.067154288
2220173.275215679
2210486.591114692
2198582.2828073218
2191963.5519533856
2173485.5245657195
2167725.2390070735
2155092.0252992115
2137901.800111182
2128691.8476152904
2118501.018290393
2109817.6878017033
2104540.6439110646
2095300.4364259762
2086926.749960569
2075993.3796016932
2062099.9911796846
2051825.7218178047
2043198.146586281
2030758.496796352
2021238.1931065815
2009583.9958066358
2000014.6837649792
1990964.478779711
1984338.74014139
1975336.57612017
1967946.3949415227
1962077.1992811058
1951839.574292841
1948622.5306331085
1941534.9300546064
1933088.7411907418
1923098.679920657
1918097.1018922497
1911685.3806078478
1902688.335886083
1892902.0463099885
1884777.9361697263
1876251.1166751026
1870791.2755338545
1862421.742887413
1854106.5074483408
1849782.616364683
1843086.0687282076
1835837.9234601036
1830852.7837133827
1829240.0424320658
1820860.8665009046
1816166.5017389471
1810612.5160078176
1803830.0891041704
1802353.6416009543
1797367.4981078755
1793062.286504697
1788852.3348638883
1781794.6083153742
1773636.304894167
1766901.352993807
1765375.799936291
1762637.7799643634
1758594.3041254063
1754848.730480678
1752020.3554389123
1748953.5995871841
1742106.751086256
1740149.9918578828
1738277.0610050743
1736442.6344490056
1732598.0354821926
1729857.4891134887
1725603.3285046257
1722914.8820157
1720363.8977523642
1717832.0652625943
1710823.660493277
1709845.1245302577
1708089.6122877055
1704598.4017950608
1698319.8292175618
1695101.9762919997
1692794.1224933388
1689150.7845436307
1683951.5636950003
1680442.545001071
1678743.4974021122
1677650.123932825
1673638.7459322289
1668302.4243316262
1665019.501044958
1663657.2174078738
1659078.4153735898
1657576.5487317217
1655386.141411223
1647808.5336290302
1646265.1057485172
1639341.7608610108
1636294.1264432506
1634787.60946903
1631668.2811634867
1630029.9179839997
1627754.8635502965
1626038.5631973986
1624266.1889029194
1620294.9520162125
1616123.8892131285
1613007.617356366
1612082.034508851
1610200.8913050843
1608298.8419260508
1608288.33319406
1607787.783748303
1602571.9342516852
1601219.6459835023
1598858.2274908265
1590843.1920317123
1586358.0238908844
1584691.6796632614
1581585.3006921934
1575483.8556893512
1574048.4644501721
1572300.4789765552
1569560.5009652649
1566741.0218226374
1564897.8092342457
1558688.4191691354
1557589.8947730116
1554548.9664697112
1553743.0421927448
1552409.9908750667
1551545.0519052013
1550573.2169865982
1549841.552193738
1547561.1462676483
1546987.3758079563
1544607.933684743
1543457.318004562
1540656.5471926902
1538502.7943893317
1537861.1917410253
1536551.9530020026
1535329.639451748
1532514.7483096619
1529540.4434738986
1526396.3502340429
1523577.312728358
1523034.1871479703
1522246.4063423267
1521181.206511143
1519346.9456840912
1518140.1462312546
1516516.3120354773
1514637.6360849543
1512166.472189231
1509981.2194397887
1505620.242398698
1504565.3114934084
1502570.456267522
1500764.9980112687
1499655.1243598417
1498908.5103070189
1496264.4283565124
1494314.8049924553
1492083.4745320147
1491652.6699337503
1489793.465019831
1489743.439785231
1489534.4493693947
1487844.8362918182
1487762.6793439607
1485158.177517634
1483684.4321697084
1480306.0769041986
1477988.927106502
1475959.1296539237
1473886.2053883104
1470219.6284135808
1469473.484144959
1468352.6415021867
1466295.0792516759
1464595.695597542
1462732.1449388317
1461246.1129322567
1459366.9932639385
1458914.8035783512
1458543.4032741329
1456290.2786509497
1452608.1067950581
1451668.7716354139
1449379.5163715722
1446158.0006670645
1445579.243011564
1442061.0523886809
1440351.1349478888
1439713.161042779
1439363.5820600388
1438322.3157252881
1437319.2510951958
1436431.615366898
1436286.3240507694
1436286.3240507694
1434405.0486067794
1433855.1006290177
1433308.2719497466
1432153.174752893
1431041.9486730387
1430848.2840040592
1430267.4304256882
1429407.374924647
1428923.6522527514
1427570.995114782
1427425.2451992626
1425887.1461711894
1422056.2750709471
1422043.2080043869
1422043.2080043869
1419190.7739686468
1417275.9024997107
1414914.2141755647
1410931.4742668718
1410168.695279152
1409092.6648714999
1408161.4057668278
1406885.8187124438
1406390.1609656624
1405896.9081241991
1404540.6775820423
1404540.6775820423
1402917.4378413535
1401811.90921957
1401811.90921957
1398762.6188033235
1397914.5516991122
1396932.9676494012
1396615.4852822567
1395866.6156846997
1393634.841469394
1393439.48263811
1392405.9616853101
1392184.9465561404
1390385.640606392
1389613.3843547665
1386297.7374356294
1385461.6341885717
1384435.275966287
1383757.4250681386
1383369.2355064019
1381743.7207850602
1379152.2233164343
1376660.4319089148
1375841.120755935
1374422.2542049368
1373410.3308690563
1372049.6109460061
1370116.2125739772
1368496.3510271686
1367688.8311699484
1367277.7688342133
1366258.3232298177
1364136.0696215362
1362943.111477538
1361710.6550282312
1360836.3776595728
1359686.8321316396
1358774.671549026
1357964.7080030474
1357602.5457687315
1357284.8939028885
1354386.1500509002
1354272.964042138
1353599.4377395906
1349956.956554544
1349338.9637454594
1349338.9637454594
1349338.9637454594
1347965.8490612335
1347872.7081567629
1347617.970149111
1346418.4626269555
1345975.364220689
1345423.5007075851
1344056.3665697419
1343872.1943947258
1342941.6352037727
1342647.6505129293
1341481.1206716723
1340912.9339223302
1340424.334986132
1338216.440989775
1336681.047544247
1333926.839061135
1332292.954338519
1331645.2561852024
1330747.9766780226
1330000.4681220902
1328822.557043261
1328291.3099580526
1328146.423832431
1326169.9617739704
1325307.9333586066
1322536.355465008
1322486.9500058251
1321407.3887437265
1320296.5257425564
1319841.5524525505
1319819.6550941411
1319819.6550941411
1319394.816516232
1319377.2429687898
1318336.13667644
1316537.3834571952
1315807.1120598405
1315543.3489834429
1314421.8586267913
1313794.9118541183
1312477.9724996372
1311703.7247436082
1311091.5455601774
1307519.5339634912
1307385.2783690172
1307385.2783690172
1306561.7163003762
1305087.086169015
1303624.0708201835
1302571.5939138974
1302571.5939138974
1302226.6056267912
1301654.9928902234
1301219.3337820822
1298905.8392719883
1297802.3855175693
1296523.3828368753
1295055.8858650231
1294988.6092185779
1293602.1376872612
1293077.0044847797
1293077.0044847797
1292372.3761834435
1292203.3885135853
1291747.1066307947
1291747.1066307947
1291276.1522861456
1290168.2540734308
1290168.2540734308
1288913.4252360943
1288221.6738334643
1284480.1648953692
1283935.0636504549
1283935.0636504549
1283396.537976603
1283396.537976603
1283382.213772223
1283342.276112513
1282276.894794481
1281481.784851009
1281150.6337571056
1280144.2393896882
1279060.839381682
1278634.6988095685
1277472.0819147937
1276722.6851793295
1276658.678384326
1276452.3362133792
1275781.4789967122
1275758.5950716008
1275379.1068799885
1274863.6812506244
1274863.6812506244
1274863.6812506244
1273958.1152283004
1272925.7331395354
1271891.5752170153
1271262.4733234937
1270919.5093934855
1270919.5093934855
1270878.6944792373
1270878.6944792373
1270274.2570343486
1269927.794427218
1269318.8811620525
1268703.0363983572
1268487.9338390774
1267463.0488707619
1266685.6556020866
1264504.3480329302
1264504.3480329302
1264281.5252623344
1264271.6610196035
1264271.6610196035
1264136.0767192284
1262614.0324538136
1260422.117632525
1260148.8727140615
1259854.1732442232
1258362.691765477
1258088.8754603527
1257473.2463348613
1256852.9286509606
1256337.672769423
1255547.95292961
1255126.7154672656
1253338.3056825285
1251379.621410926
1250309.72169467
1249263.3100645477
1249215.7591646235
1249027.2777987765
1248085.961386613
1247858.3425303176
1247858.3425303176
1247063.3133063763
1246819.034217306
1245567.7798943918
1245374.683384969
1245374.683384969
1245374.683384969
1244483.326198735
1243663.7194617202
1242177.3430539118
1242085.934113605
1241396.4079703353
1241396.4079703353
1240919.1669878827
1239893.2729132802
1238768.7611513853
1238768.7611513853
1238575.7601574117
1238111.2915843385
1237923.9478942791
1237921.0129133381
1236668.4330800222
1236668.4330800222
1236267.90175641
1235478.5577754683
1235478.5577754683
1235267.7225791472
1235267.7225791472
1235201.858044752
1235144.5562159661
1235144.5562159661
1234639.9776529688
1233595.8276280314
1232258.9271788683
1232258.9271788683
1232238.8310719524
1232238.8310719524
1232004.5192150343
1231134.4477827693
1230626.9750955142
1230097.484972561
1229169.2584496122
1229169.2584496122
1229169.2584496122
1228043.61738521
1227617.002464848
1227583.847290874
1227583.847290874
1226564.7675192594
1225443.9405870384
1225443.9405870384
1225346.6974911517
1224482.7501007644
1222093.4692988873
1221947.2420190126
1221055.1001205132
1221055.1001205132
1220163.2039510729
1219914.6398869106
1216470.8385232342
1216227.8211623342
1216222.2076374737
1216222.2076374737
1215760.7363775778
1215015.661506574
1215015.661506574
1215015.661506574
1215015.661506574
1214870.1169439945
1214870.1169439945
1213193.3302785712
1213091.9269509516
1212719.792393012
1212269.2372275733
1212078.3303838614
1212078.3303838614
1211846.190728317
1211220.2354521216
1210968.743269921
1209252.032553869
1208835.481036918
1208771.595780096
1208532.9058986134
1208276.7131210146
1208211.8550888463
1207579.6646125645
1206785.044414631
1206546.9660827904
1206255.955807934
1206039.9329351028
1206039.9329351028
1205932.7324358309
1205079.8238147935
1204837.7075920906
1204837.7075920906
1204009.7927511893
1204009.7927511893
1204009.7927511893
1204009.7927511893
1204009.7927511893
1204009.7927511893
1204009.7927511893
1204009.7927511893
1204009.7927511893
1204009.7927511893
1204009.7927511893
1204009.7927511893
1204009.7927511893
1204009.7927511893
1204009.7927511893
1204009.7927511893
1204009.7927511893
1204009.7927511893
1203598.2450635326
1203530.8724481857
1203530.8724481857
1202020.7080945533
1202020.7080945533
1201998.733187574
1201998.733187574
1201998.733187574
1200835.8400612134
1200459.8483961085
1199969.2966270167
1199228.244530536
1199021.311575312
1197992.3880663808
1197135.0938133523
1197126.2570306447
1195868.8835257697
1195868.8835257697
1195306.3386967112
1195045.4033751409
1194012.169928988
1192882.7466117241
1192843.3699031887
1192451.6614108724
1190779.2705042914
1190724.0449919177
1190667.1874052184
1189890.4931154978
1189890.4931154978
1189890.4931154978
1187910.447124329
1187910.447124329
1186449.2976170133
1186352.874491973
1186352.874491973
1186352.874491973
1186352.874491973
1184941.3412754983
1184269.9818057949
1184269.9818057949
1183880.0768749244
1183880.0768749244
1183825.8265220083
1182911.8649019739
1181450.5886269491
1181446.015820646
1181446.015820646
1181446.015820646
1181030.1400626749
1179403.9368466805
1178390.0830451902
1175485.393926371
1173491.0324826245
1173491.0324826245
1173164.0217015836
1173164.0217015836
1173164.0217015836
1173164.0217015836
1173164.0217015836
1172753.5795581876
1172753.5795581876
1171807.627245074
1171807.627245074
1171807.627245074
1171466.186851771
1170190.8092558698
1170134.1960069267
1170134.1960069267
1169754.698482703
1168380.171766964
1167908.9517137927
1167086.799868634
1166261.5661115036
1165822.8712758813
1164832.5543006412
1164832.5543006412
1163257.5055804602
1161955.086308362
1161058.7733810449
1160470.9023755465
1159702.8597740768
1159378.569120382
1159291.7100447123
1159292.3388423608
1158713.5355012296
1158475.1253882537
1158439.7041405246
1158439.7041405246
1157964.4709819423
1157349.4805666883
1157112.3543417645
1157112.3543417645
1154939.1081096544
1154509.8652840618
1154509.8652840618
1154509.8652840618
1154257.2374795857
1154257.2374795857
1153784.3934632465
1153657.7797060073
1152886.9907764555
1152886.9907764555
1152586.3137253653
1151511.097285525
1150928.525464932
1150928.525464932
1150042.7938514878
1150042.7938514878
1149772.5039184757
1149772.5039184757
1149772.5039184757
1149772.5039184757
1149753.119980805
1149753.119980805
1149628.5598477563
1149628.5598477563
1149165.173702261
1149165.173702261
1148132.7864337396
1147570.0448370855
1147137.1619062312
1147137.1619062312
1147124.597862336
1146862.9995044135
1145977.6357548889
1145977.6357548889
1145977.6357548889
1145977.6357548889
1145322.3827719912
1145188.7546875174
1145188.7546875174
1144654.3402910726
1144641.3075812785
1144577.3110257643
1144078.0073578884
1143918.6550218756
1143918.6550218756
1143918.6550218756
1142397.251506248
1142397.251506248
1142397.251506248
1142397.251506248
1141991.729608845
1141991.729608845
1141991.729608845
1141965.0232707108
1141965.0232707108
1141680.851626448
1141680.851626448
1141429.346652838
1141429.346652838
1141340.813587712
1141340.813587712
1141027.5567869619
1140642.1864099614
1139571.3416540571
1139500.3039614907
1137548.114120381
1137292.6130137495
1137292.6130137495
1137292.6130137495
1137292.6130137495
1137147.6549051562
1137147.6549051562
1137147.6549051562
1136919.6207674942
1136919.6207674942
1136728.9350730092
1136728.9350730092
1136355.5083793332
1136355.5083793332
1134077.6874214157
1133688.4451493197
1133486.905010539
1132642.7748776325
1131688.645796387
1131688.645796387
1131688.645796387
1130759.9478467498
1130759.9478467498
1130461.6230763686
1130461.6230763686
1130461.6230763686
1130292.8861509108
1130292.8861509108
1130292.8861509108
1130287.7716910671
1129788.3957460416
1129050.269107394
1128275.412314045
1128040.1751375888
1128003.7963143357
1127972.8104958474
1127751.5665035432
1127751.5665035432
1127670.1509694017
1127670.1509694017
1127382.6823795629
1127375.0837163152
1127375.0837163152
1127096.4163703597
1126827.6701890873
1126759.1053620444
1126759.1053620444
1125916.842168877
1125916.842168877
1125916.842168877
1125916.842168877
1125916.842168877
1125514.2944217757
1125514.2944217757
1125514.2944217757
1124922.3703477322
1124922.3703477322
1124922.3703477322
1124694.8513131058
1123947.5724304598
1123358.593660166
1123358.593660166
1122658.3300199783
1122658.3300199783
1121640.7710379933
1121402.465703419
1121402.465703419
1121402.465703419
1121402.465703419
1120861.3947031475
1120517.5086118963
1119972.9081818939
1119972.9081818939
1119972.9081818939
1119106.5490451304
1119020.433973858
1119020.433973858
1119020.433973858
1118587.8808787467
1118587.8808787467
1118341.5375539195
1118341.5375539195
1118341.5375539195
1118341.5375539195
1118341.5375539195
1117945.0217487742
1117891.7183403566
1117669.471564691
1117644.8677369757
1117644.8677369757
1116552.9095133804
1116552.9095133804
1116552.9095133804
1115611.4877619187
1114770.1239781904
1114770.1239781904
1112972.4682614158
1112972.4682614158
1112972.4682614158
1112711.5068981797
1111488.7207608118
1111488.7207608118
1110916.404653538
1110885.501746601
1110288.873286441
1110016.8814214221
1110016.8814214221
1109260.3826568536
1109022.493637197
1109022.493637197
1108859.050388805
1108414.5337974457
1107916.3060689378
1107573.1809145347
1107122.7424238753
1106885.924036971
1106753.2847514723
1106753.2847514723
1106503.8845589163
1105545.7949654867
1105545.7949654867
1105090.1464565718
1104922.0407633735
1104315.0517073674
1104109.7261667987
1104109.7261667987
1103232.8441694672
1103075.6107941382
1103075.6107941382
1103075.6107941382
1103075.6107941382
1102543.6906436833
1102543.6906436833
1102543.6906436833
1102534.5007106664
1102534.5007106664
1102124.58229397
1102124.58229397
1101784.691900563
1101067.948594479
1101067.948594479
1101019.6283133025
1101019.6283133025
1100899.449412431
1100769.3792800363
1100769.3792800363
1100486.709723332
1100486.709723332
1100486.709723332
1099677.936087026
1099677.936087026
1099479.5131088365
1099479.5131088365
1099479.5131088365
1099479.5131088365
1099023.8025855096
1098527.1506240563
1098527.1506240563
1098348.0119200158
1097303.1305119568
1097191.2023469855
1097191.2023469855
1096191.36126384
1096191.36126384
1096191.36126384
1096128.5771754503
1096128.5771754503
1096128.5771754503
1096128.5771754503
1095769.4573851665
1095769.4573851665
1095419.6919281771
1095355.241704612
1095140.8703188302
1093668.414388191
1093668.414388191
1093668.414388191
1093668.414388191
1093668.414388191
1093668.414388191
1093550.9500326344
1093550.9500326344
1093212.439393377
1093212.439393377
1093042.5472951038
1093042.5472951038
1092714.9749172167
1092714.9749172167
1092714.9749172167
1091575.9542629933
1090611.6977591258
1090260.0415326743
1090039.9883102805
1090039.9883102805
1090039.9883102805
1090039.9883102805
1090039.9883102805
1090039.9883102805
1090039.9883102805
1090039.9883102805
1090039.9883102805
1089856.0301560394
1089767.3203470202
1089767.3203470202
1088697.2223459175
1088490.7607066974
1088291.1267781868
1088291.1267781868
1088018.2999477098
1087599.6954171525
1087599.6954171525
1087504.862082802
1087504.862082802
1087504.862082802
1087504.862082802
1087504.862082802
1087453.3129178833
1087453.3129178833
1087347.0034329835
1086761.2149641172
1086761.2149641172
1086761.2149641172
1085987.4234011732
1085987.4234011732
1085628.0543064792
1085628.0543064792
1085628.0543064792
1084868.803795854
1084868.803795854
1084631.3314773152
1084090.4349687016
1084090.4349687016
1084080.6223095162
1084080.6223095162
1084080.6223095162
1084080.6223095162
1083336.6964853676
1083336.6964853676
1082628.301646468
1082628.301646468
1082628.301646468
1082628.301646468
1082074.0284625776
1081598.7803303762
1081271.830210453
1080967.157757113
1079800.5151581846
1079800.5151581846
1079459.8910703463
1079391.9928450913
1079196.9619004452
1078509.245105953
1078478.7777344855
1078478.7777344855
1078478.7777344855
1076828.0140137589
1076828.0140137589
1076828.0140137589
1076661.8074557602
1076661.8074557602
1075736.5186225297
1075736.5186225297
1075736.5186225297
1075409.9634811152
1075375.2271264237
1075105.0000661705
1074618.7944661481
1074618.7944661481
1074618.7944661481
1074618.7944661481
1074618.7944661481
1074618.7944661481
1073621.3610117617
1073621.3610117617
1073621.3610117617
1073621.3610117617
1073621.3610117617
1073191.2600119414
1073025.917878834
1073025.917878834
1073025.917878834
1072990.3463299088
1072675.8134724842
1072234.69268793
1071939.395125425
1071273.2899413342
1071273.2899413342
1071273.2899413342
1071273.2899413342
1071273.2899413342
1070954.0460271756
1070954.0460271756
1070265.1214495879
1070265.1214495879
1069827.9952225955
1069827.9952225955
1069827.9952225955
1069404.024260481
1068989.4210088893
1068732.264881268
1068364.7906576595
1068123.1984912162
1068123.1984912162
1068123.1984912162
1067334.6411002683
1066921.2475547688
1066921.2475547688
1066921.2475547688
1066921.2475547688
1066921.2475547688
1066921.2475547688
1066512.3345073285
1065911.2235459378
1065911.2235459378
1065911.2235459378
1065911.2235459378
1065911.2235459378
1065233.7365165746
1065233.7365165746
1065233.7365165746
1065233.7365165746
1065233.7365165746
1064247.3116676412
1064247.3116676412
1063982.7761989585
1063982.7761989585
1063537.3644076479
1063396.2798405788
1063396.2798405788
1063396.2798405788
1063396.2798405788
1062359.2676166117
1062359.2676166117
1062359.2676166117
1062300.0154489516
1062300.0154489516
1062300.0154489516
1062300.0154489516
1062300.0154489516
1061866.870228959
1061676.408603395
1061676.408603395
1061676.408603395
1061338.055964759
1061338.055964759
1061163.7609442903
1061163.7609442903
1061001.0336328628
1061001.0336328628
1060692.8276208849
1060524.7914608065
1060524.7914608065
1059860.5693646916
1059860.5693646916
1059860.5693646916
1059860.5693646916
1059393.9876787015
1059393.9876787015
1059393.9876787015
1059393.9876787015
1059393.9876787015
1059393.9876787015
1059393.9876787015
1059393.9876787015
1059316.0568660828
1058638.6640387648
1058080.4515224546
1058080.4515224546
1058080.4515224546
1057594.4572609493
1057594.4572609493
1057594.4572609493
1057594.4572609493
1057594.4572609493
1056319.289345407
1056223.1654950704
1056223.1654950704
1056223.1654950704
1055783.9519753223
1055783.9519753223
1055783.9519753223
1055783.9519753223
1055783.9519753223
1054725.7397024268
1053500.9306534787
1053500.9306534787
1053257.6757423473
1053257.6757423473
1053257.6757423473
1053257.6757423473
1053096.091087418
1053096.091087418
1053096.091087418
1053096.091087418
1053096.091087418
1052849.4385576025
1052849.4385576025
1052835.6455037612
1052835.6455037612
1052835.6455037612
1052343.2225077457
1051526.1195591833
1051169.9675679952
1050752.164006326
1050752.164006326
1050752.164006326
1050596.3467084328
1050596.3467084328
1050596.3467084328
1050596.3467084328
1050596.3467084328
1050308.2767532936
1050254.1806738467
1049847.6891454824
1049847.6891454824
1049800.4284678355
1049159.7418565345
1048232.1641742445
1046571.2677506412
1046536.8085729583
1045164.1698879689
1045164.1698879689
1045164.1698879689
1045164.1698879689
1045164.1698879689
1045164.1698879689
1045164.1698879689
1045164.1698879689
1045129.4491909156
1045129.4491909156
1045129.4491909156
1045129.4491909156
1045129.4491909156
1043647.8153196751
1043647.8153196751
1043094.7122804052
1042987.1597720501
1042141.7731660788
1042141.7731660788
1041976.4686549893
1041976.4686549893
1041976.4686549893
1041976.4686549893
1041167.0029108534
1041167.0029108534
1040660.4213925871
1040125.4691122759
1040125.4691122759
1040125.4691122759
1040125.4691122759
1040125.4691122759
1040125.4691122759
1039954.6111979678
1038722.646963963
1038281.5592874319
1037805.6366304694
1037805.6366304694
1037805.6366304694
1037805.6366304694
1037805.6366304694
1037805.6366304694
1037197.1682382455
1036810.2400651608
1036723.0560834145
1036722.9493594406
1036722.9493594406
1036123.1104922286
1035521.8420788075
1035413.2937174519
1035413.2937174519
1035111.0677105642
1035111.0677105642
1035111.0677105642
1034315.294210375
1034315.294210375
1034188.0878348069
1034188.0878348069
1033859.1455867217
1033859.1455867217
1033859.1455867217
1033467.4124429929
1032141.9340233862
1032141.9340233862
1032141.9340233862
1032141.9340233862
1032141.9340233862
1031580.1524515827
1031580.1524515827
1031580.1524515827
1031580.1524515827
1031580.1524515827
1031580.1524515827
1031580.1524515827
1031580.1524515827
1031435.6834352275
1030435.2459277256
1030435.2459277256
1030392.1434431685
1030340.9798422876
1030340.9798422876
1030340.9798422876
1029796.9811424569
1029658.4039979527
1029658.4039979527
1029236.9453052954
1029236.9453052954
1028775.5445318401
1028775.5445318401
1028706.5887013485
1028706.5887013485
1028706.5887013485
1028706.5887013485
1028319.5154409481
1028319.5154409481
1027651.2546934781
1027651.2546934781
1027651.2546934781
1027521.587630809
1027364.7185292293
1027364.7185292293
1027092.1433625717
1027092.1433625717
1027092.1433625717
1027092.1433625717
1027092.1433625717
1027092.1433625717
1026552.6163919033
1026552.6163919033
1026552.6163919033
1026210.6219537558
1026063.9771406141
1025024.4475943336
1025024.4475943336
1024988.8089481026
1024988.8089481026
1024766.7970445985
1023996.100459092
1023468.1680294073
1023468.1680294073
1022992.5928831449
1022992.5928831449
1022992.5928831449
1022992.5928831449
1022992.5928831449
1022992.5928831449
1022433.859600314
1022433.859600314
1022433.859600314
1022379.7277731786
1022379.7277731786
1022379.7277731786
1022379.7277731786
1021911.8090392398
1021272.2700370263
1021001.3086759555
1021001.3086759555
1020832.5975757258
1020832.5975757258
1020832.5975757258
1020832.5975757258
1020832.5975757258
1020363.5425947472
1020363.5425947472
1020363.5425947472
1020363.5425947472
1020363.5425947472
1020363.5425947472
1020363.5425947472
1020363.5425947472
1020363.5425947472
1020339.5747566142
1020339.5747566142
1020339.5747566142
1020302.4233415539
1020302.4233415539
1020302.4233415539
1020175.0069534709
1019933.205118279
1019933.205118279
1019933.205118279
1019933.205118279
1019933.205118279
1018744.4756524453
1018717.8253985334
1018717.8253985334
1018484.0103450775
1018484.0103450775
1018484.0103450775
1018484.0103450775
1018484.0103450775
1018484.0103450775
1018484.0103450775
1018484.0103450775
1017994.7785496046
1017994.7785496046
1017871.8279262518
1017871.8279262518
1017226.713327424
1017226.713327424
1017073.1426630104
1017073.1426630104
1017073.1426630104
1017073.1426630104
1017073.1426630104
1017073.1426630104
1017073.1426630104
1017010.4202839906
1017010.4202839906
1016784.9037222131
1016784.9037222131
1016784.9037222131
1016784.9037222131
1016784.9037222131
1016784.9037222131
1016784.9037222131
1016571.92899068
1016252.2899702156
1016252.2899702156
1016252.2899702156
1015935.6800184693
1015935.6800184693
1015935.6800184693
1015935.6800184693
1015935.6800184693
1015935.6800184693
1015662.457011549
1015564.4688864048
1014024.253112468
1014024.253112468
1013564.6426905065
1013564.6426905065
1013564.6426905065
1013564.6426905065
1013564.6426905065
1012898.963357718
1012898.963357718
1012898.963357718
1012898.963357718
1012777.1321109263
1012777.1321109263
1012777.1321109263
1012777.1321109263
1012777.1321109263
1012777.1321109263
1012777.1321109263
1012777.1321109263
1011391.3950413844
1011276.826787862
1011226.9808210342
1011226.9808210342
1011162.3636281425
1011162.3636281425
1011162.3636281425
1011162.3636281425
1010724.6311962055
1010724.6311962055
1010724.6311962055
1010578.0095781382
1010264.266148191
1010264.266148191
1010264.266148191
1009877.0293316538
1009877.0293316538
1009877.0293316538
1009153.0789124218
1009153.0789124218
1009153.0789124218
1008570.4305156891
1008570.4305156891
1008570.4305156891
1008570.4305156891
1008570.4305156891
1008570.4305156891
1008482.7815068945
1007778.8315488307
1007280.3531806483
1007029.0218671991
1006394.6478133397
1006394.6478133397
1004349.5839451909
1004045.8008541773
1004045.8008541773
1004045.8008541773
1004045.8008541773
1004045.8008541773
1004045.8008541773
1004045.8008541773
1004045.8008541773
1004045.8008541773
1003912.4942028365
1003912.4942028365
1003912.4942028365
1003912.4942028365
1003912.4942028365
1003912.4942028365
1003912.4942028365
1003891.5332162435
1003455.2185729237
1003360.1077955016
1003360.1077955016
1002976.7961311499
1002976.7961311499
1002509.8814345058
1002509.8814345058
1002509.8814345058
1002509.8814345058
1002509.8814345058
1002497.4020823205
1002497.4020823205
1001456.4881562339
1001456.4881562339
1001456.4881562339
1001456.4881562339
1001456.4881562339
1001456.4881562339
1001264.8383970524
1001264.8383970524
1001264.8383970524
1001264.8383970524
1001264.8383970524
1000048.8164752312
999710.4868438796
999710.4868438796
999710.4868438796
999369.4411938449
999369.4411938449
999369.4411938449
999369.4411938449
999369.4411938449
998936.1122461054
998936.1122461054
998936.1122461054
998936.1122461054
998936.1122461054
997443.9029624397
997356.0095860339
997356.0095860339
997356.0095860339
997346.787900626
997346.787900626
997346.787900626
997218.862476369
997002.790687195
997002.790687195
996330.5611312226
995831.2885504198
995831.2885504198
995831.2885504198
995831.2885504198
995831.2885504198
995831.2885504198
995831.2885504198
995772.9160535806
995772.9160535806
994971.2576369238
994971.2576369238
994971.2576369238
994946.4913274994
994074.5410544199
994074.5410544199
994074.5410544199
994046.4540650549
993813.5630858066
993813.5630858066
993813.5630858066
993813.5630858066
993813.5630858066
993117.4685205327
993117.4685205327
993117.4685205327
993061.3734012158
993061.3734012158
992774.3059724927
992248.7741260306
992248.7741260306
992248.7741260306
991305.6827075279
990437.2882936979
990309.8530162496
989349.7666728785
989349.7666728785
989349.7666728785
989349.7666728785
989323.35055306
989323.35055306
989233.8177782687
989233.8177782687
989233.8177782687
989221.8773106053
989088.9790841328
988319.432467304
988319.432467304
988285.0063005883
987379.0746565117
987379.0746565117
987379.0746565117
987379.0746565117
987222.8666402804
986966.3043022744
985735.0148550966
985369.9872565228
984327.688509749
984239.6061134501
984239.6061134501
984239.6061134501
984040.2370621276
984040.2370621276
983878.3594408256
983878.3594408256
983874.0569762503
983486.5627115574
983486.5627115574
983486.5627115574
983486.5627115574
983376.9747047285
982952.5229316789
982952.5229316789
982952.5229316789
982952.5229316789
982891.7935506772
982891.7935506772
982835.0021614092
982835.0021614092
982835.0021614092
981659.6193327028
981458.4161818792
981392.7985053674
981392.7985053674
981392.7985053674
981392.7985053674
980794.0569890949
980794.0569890949
980794.0569890949
980751.3887748834
980751.3887748834
979866.0444032869
979646.9410291594
979646.9410291594
979646.9410291594
979646.9410291594
979646.9410291594
979646.9410291594
979646.9410291594
979646.9410291594
979066.6179400437
979066.6179400437
978629.2355036561
978464.6198758469
978464.6198758469
978124.4439062668
978124.4439062668
978124.4439062668
978071.7422618885
978071.7422618885
978071.7422618885
978071.7422618885
978071.7422618885
977273.2660768873
977273.2660768873
977273.2660768873
977119.7936588868
977119.7936588868
977119.7936588868
977119.7936588868
977119.7936588868
977119.7936588868
977119.7936588868
977119.7936588868
977119.7936588868
976992.5440828039
976992.5440828039
976992.5440828039
976992.5440828039
976992.5440828039
976992.5440828039
976992.5440828039
976992.5440828039
976992.5440828039
976992.5440828039
976992.5440828039
976992.5440828039
976992.5440828039
976921.4396503374
976921.4396503374
976921.4396503374
976921.4396503374
976921.4396503374
976510.415048267
976510.415048267
976510.415048267
976510.415048267
976510.415048267
976279.1355181583
976279.1355181583
976279.1355181583
976279.1355181583
976279.1355181583
975916.7291290272
975916.7291290272
975916.7291290272
975916.7291290272
975916.7291290272
975916.7291290272
975791.4779189541
975450.5355523103
975148.4397115057
975148.4397115057
973368.859915903
973368.859915903
973368.859915903
973368.859915903
973054.200106603
972754.7812450272
972754.7812450272
972754.7812450272
972754.7812450272
972754.7812450272
972754.7812450272
972754.7812450272
972754.7812450272
972744.7211633467
972128.8008387035
971489.1705580279
971489.1705580279
971440.1946656276
971440.1946656276
971440.1946656276
971440.1946656276
971440.1946656276
971440.1946656276
971440.1946656276
970708.4312064182
970708.4312064182
970537.1438643232
970537.1438643232
970537.1438643232
970537.1438643232
970537.1438643232
970537.1438643232
970537.1438643232
970537.1438643232
970537.1438643232
970537.1438643232
970537.1438643232
970537.1438643232
970537.1438643232
970537.1438643232
970537.1438643232
970537.1438643232
970537.1438643232
970537.1438643232
970537.1438643232
970537.1438643232
970537.1438643232
970437.5177232861
970437.5177232861
970437.5177232861
969437.0485778893
969299.5861110003
969299.5861110003
968762.8753423048
968231.2159785555
968196.6015197155
968196.6015197155
968196.6015197155
968196.6015197155
967876.2933232292
967876.2933232292
967876.2933232292
967876.2933232292
967876.2933232292
967778.8105746343
967778.8105746343
967778.8105746343
967560.1583517921
967560.1583517921
966826.2418192618
966386.111077746
965912.6684010715
965467.2596945494
965467.2596945494
965249.120702154
965249.120702154
965249.120702154
965249.120702154
964490.7554731742
964490.7554731742
964490.7554731742
964301.8250281751
964041.7548618191
963570.2958476918
963570.2958476918
963570.2958476918
963570.2958476918
963570.2958476918
963570.2958476918
963235.6987478563
963235.6987478563
963235.6987478563
963235.6987478563
962188.1009559359
962188.1009559359
961534.70807663
961534.70807663
961534.70807663
961534.70807663
961534.70807663
961534.70807663
961534.70807663
961534.70807663
961534.70807663
961534.70807663
961246.4349001776
961246.4349001776
961246.4349001776
961246.4349001776
961246.4349001776
961246.4349001776
961246.4349001776
961128.1066896373
961128.1066896373
961128.1066896373
961128.1066896373
961128.1066896373
961128.1066896373
961025.3070322839
961025.3070322839
961025.3070322839
961025.3070322839
960847.7688239211
960847.7688239211
960847.7688239211
960847.7688239211
960847.7688239211
960847.7688239211
960847.7688239211
960632.402312791
960632.402312791
960477.3425703897
960477.3425703897
960477.3425703897
960477.3425703897
960477.3425703897
960477.3425703897
960477.3425703897
960477.3425703897
960477.3425703897
960477.3425703897
960477.3425703897
960477.3425703897
960477.3425703897
960477.3425703897
960477.3425703897
960184.9549620354
960184.9549620354
960147.9765720228
959323.8732063499
958793.7536094117
958793.7536094117
958668.8711355284
958519.8035491296
958519.8035491296
958184.0444610385
958184.0444610385
957974.5446047467
957218.9561029037
957218.9561029037
957218.9561029037
957218.9561029037
957218.9561029037
957183.5794657363
957183.5794657363
957183.5794657363
957183.5794657363
956421.836317001
956421.836317001
956421.836317001
956421.836317001
956367.3798027837
956162.9041454318
956162.9041454318
956162.9041454318
956162.9041454318
955974.398016673
955953.9824118516
955953.9824118516
955953.9824118516
955953.9824118516
955920.3694299976
955920.3694299976
955291.0707723142
955291.0707723142
955291.0707723142
955291.0707723142
955291.0707723142
955291.0707723142
955291.0707723142
954870.906296437
954870.906296437
954870.906296437
954870.906296437
954870.906296437
954870.906296437
954853.6560664729
954853.6560664729
954853.6560664729
954853.6560664729
954853.6560664729
954853.6560664729
954853.6560664729
954853.6560664729
954652.665409033
953593.2988142902
953593.2988142902
953593.2988142902
953593.2988142902
953593.2988142902
953593.2988142902
953593.2988142902
953593.2988142902
953460.7763501158
953460.7763501158
953460.7763501158
952797.8693837239
952797.8693837239
952797.8693837239
952797.8693837239
952560.4268049677
952560.4268049677
952560.4268049677
952560.4268049677
952560.4268049677
952560.4268049677
952560.4268049677
952560.4268049677
952560.4268049677
952560.4268049677
952560.4268049677
951247.3021633672
951247.3021633672
951247.3021633672
951247.3021633672
951247.3021633672
951247.3021633672
951247.3021633672
951247.3021633672
951118.7296119508
951118.7296119508
951118.7296119508
951118.7296119508
951118.7296119508
951118.7296119508
950370.1458319528
950370.1458319528
950370.1458319528
950370.1458319528
950370.1458319528
950370.1458319528
950063.9889454311
950063.9889454311
950063.9889454311
950063.9889454311
949521.6559914061
949521.6559914061
949521.6559914061
949521.6559914061
949521.6559914061
949521.6559914061
949521.6559914061
949521.6559914061
949282.5866231242
949282.5866231242
949282.5866231242
949282.5866231242
949282.5866231242
949282.5866231242
949282.5866231242
949282.5866231242
949237.1210903148
949237.1210903148
949170.6958896415
949170.6958896415
949170.6958896415
949170.6958896415
949170.6958896415
948912.7308705312
948912.7308705312
948912.7308705312
948912.7308705312
948912.7308705312
948912.7308705312
948523.288139267
948464.3888213338
947619.9859306097
947619.9859306097
947619.9859306097
947619.9859306097
947619.9859306097
947619.9859306097
947619.9859306097
947619.9859306097
947619.9859306097
947576.2222184155
947576.2222184155
947507.0065988133
947507.0065988133
947507.0065988133
947507.0065988133
947507.0065988133
946813.1742940231
946813.1742940231
946705.2621696335
946705.2621696335
946632.0136620223
946632.0136620223
946632.0136620223
946522.8338318702
946522.8338318702
946522.8338318702
946522.8338318702
946522.8338318702
946359.4398293691
946359.4398293691
946359.4398293691
946359.4398293691
946359.4398293691
946359.4398293691
946359.4398293691
945814.9909004071
945814.9909004071
945814.9909004071
945814.9909004071
945402.6043863157
944434.8090683727
944434.8090683727
944434.8090683727
944434.8090683727
944434.8090683727
944368.6778456236
944368.6778456236
944368.6778456236
944092.1378367608
944051.901526663
944051.901526663
944051.901526663
943506.8526582866
943506.8526582866
943455.4062351297
943384.0852511752
943384.0852511752
943384.0852511752
943384.0852511752
943384.0852511752
943384.0852511752
943384.0852511752
943384.0852511752
943139.0959397305
943139.0959397305
943139.0959397305
943139.0959397305
943139.0959397305
943120.887923551
942765.0031488844
942765.0031488844
942765.0031488844
942765.0031488844
942745.5315386703
942745.5315386703
942745.5315386703
942745.5315386703
942745.5315386703
942745.5315386703
942626.8226652258
942626.8226652258
942519.9236846063
942519.9236846063
942519.9236846063
942482.9241197074
942101.4985755011
941943.502569164
941943.502569164
941943.502569164
941852.3328458508
941852.3328458508
941852.3328458508
941852.3328458508
941852.3328458508
941852.3328458508
941852.3328458508
941852.3328458508
941852.3328458508
941852.3328458508
941852.3328458508
941852.3328458508
941852.3328458508
941276.9014087036
941276.9014087036
940391.7631176028
940391.7631176028
940078.3621421268
940078.3621421268
940078.3621421268
940078.3621421268
940078.3621421268
940078.3621421268
940078.3621421268
940078.3621421268
940078.3621421268
940078.3621421268
940078.3621421268
940078.3621421268
940078.3621421268
939930.3064581446
939930.3064581446
939930.3064581446
939930.3064581446
939930.3064581446
939766.5067431403
939766.5067431403
939671.1059813299
939671.1059813299
939671.1059813299
939481.4822955467
939234.3029699792
939234.3029699792
939234.3029699792
939234.3029699792
939234.3029699792
939234.3029699792
939234.3029699792
939234.3029699792
939234.3029699792
939234.3029699792
938969.9941224151
938949.8832640946
938949.8832640946
938871.559694097
938343.0641333065
938343.0641333065
938343.0641333065
938343.0641333065
938343.0641333065
938186.1778040564
938186.1778040564
938186.1778040564
938186.1778040564
938137.1530916801
938027.5849224676
937508.7785601569
937445.619930919
937385.8638575488
937206.4231518349
937206.4231518349
937206.4231518349
937206.4231518349
937206.4231518349
937206.4231518349
937206.4231518349
937206.4231518349
936775.3369401861
936775.3369401861
936490.2747268827
935655.0215054026
935655.0215054026
935655.0215054026
935655.0215054026
935655.0215054026
935655.0215054026
935655.0215054026
935057.2661459034
935057.2661459034
935057.2661459034
935057.2661459034
935057.2661459034
935057.2661459034
935057.2661459034
934563.8112817126
934563.8112817126
934037.4150421942
934037.4150421942
934037.4150421942
933853.9204915656
933138.636941547
933138.636941547
933138.636941547
933138.636941547
933138.636941547
933138.636941547
932657.3429212441
932657.3429212441
932657.3429212441
932657.3429212441
932616.9487719091
932616.9487719091
932616.9487719091
932166.4715852329
932166.4715852329
931955.3248872509
931955.3248872509
931955.3248872509
931955.3248872509
931504.7097607309
931504.7097607309
931502.922757502
931502.922757502
931502.922757502
931502.922757502
931502.922757502
931385.3230557516
931283.2498722236
931283.2498722236
931283.2498722236
931283.2498722236
931283.2498722236
931283.2498722236
930702.5274519289
930379.4469254906
930379.4469254906
930379.4469254906
930379.4469254906
930379.4469254906
930379.4469254906
930379.4469254906
930379.4469254906
930368.2839024909
930368.2839024909
930368.2839024909
930368.2839024909
930368.2839024909
930368.2839024909
930094.7531601023
930094.7531601023
930094.7531601023
930094.7531601023
930094.7531601023
930094.7531601023
929032.9245693068
929032.9245693068
929032.9245693068
929032.9245693068
929032.9245693068
929032.9245693068
929032.9245693068
929032.9245693068
929032.9245693068
928749.7192028136
928733.4318436598
928733.4318436598
928733.4318436598
928733.4318436598
928733.4318436598
928733.4318436598
928733.4318436598
928733.4318436598
928733.4318436598
928733.4318436598
928733.4318436598
928081.8489490479
928081.8489490479
928081.8489490479
928081.8489490479
927919.743590889
927919.743590889
927436.7108393584
927436.7108393584
927436.7108393584
927436.7108393584
927266.578471246
927266.578471246
927266.578471246
927200.1961578765
927200.1961578765
927200.1961578765
927200.1961578765
927200.1961578765
926650.9267162418
926650.9267162418
926001.4355608904
925756.7733489824
925756.7733489824
925571.3328586512
925571.3328586512
925571.3328586512
925571.3328586512
925546.6955610235
925546.6955610235
925546.6955610235
925546.6955610235
925546.6955610235
925546.6955610235
925546.6955610235
925501.9820537984
925501.9820537984
925457.6323193493
925457.6323193493
925457.6323193493
925457.6323193493
925457.6323193493
925457.6323193493
925160.7781155646
925160.7781155646
924461.0346866313
924461.0346866313
924461.0346866313
924461.0346866313
924461.0346866313
924461.0346866313
924461.0346866313
924461.0346866313
924457.988873549
924457.988873549
924457.988873549
924457.988873549
924457.988873549
924457.988873549
924457.988873549
924457.988873549
924307.1272141575
924307.1272141575
924307.1272141575
924307.1272141575
924307.1272141575
923956.8475882869
923560.5100534349
923560.5100534349
923560.5100534349
923310.3932743822
922038.2575474281
921972.8865797035
921972.8865797035
921972.8865797035
921972.8865797035
921858.9891230185
921858.9891230185
921858.9891230185
921853.6313317278
921853.6313317278
921622.2120010253
921462.6309770785
921462.6309770785
920802.8865532691
920179.7364441727
920179.7364441727
920093.6473861696
920016.807367289
920016.807367289
920016.807367289
919982.6258110146
919845.0096314454
919845.0096314454
919845.0096314454
919845.0096314454
919845.0096314454
919296.9531609041
919296.9531609041
919296.9531609041
919296.9531609041
919296.9531609041
919296.9531609041
919296.9531609041
919296.9531609041
919296.9531609041
919296.9531609041
919296.9531609041
919296.9531609041
919296.9531609041
919296.9531609041
919296.9531609041
919296.9531609041
919296.9531609041
919296.9531609041
919296.9531609041
919154.6189284362
919154.6189284362
919154.6189284362
919154.6189284362
918433.3836610068
918289.8177391344
918289.8177391344
918289.8177391344
918289.8177391344
918250.1823222992
918046.3962602081
918046.3962602081
918046.3962602081
918046.3962602081
917902.6555030006
917902.6555030006
917716.8591011874
917716.8591011874
917716.8591011874
917716.8591011874
917716.8591011874
917716.8591011874
917716.8591011874
916788.7160881325
916788.7160881325
916788.7160881325
916653.5059864821
916653.5059864821
916451.8920475342
916451.8920475342
916451.8920475342
916451.8920475342
916451.8920475342
914673.0751175245
914673.0751175245
914673.0751175245
914673.0751175245
914673.0751175245
914673.0751175245
914673.0751175245
914233.4159277728
914233.4159277728
913589.8944396683
913589.8944396683
913589.8944396683
913589.8944396683
913589.8944396683
913589.8944396683
913589.8944396683
913533.6899766582
913533.6899766582
913533.6899766582
913533.6899766582
913533.6899766582
913533.6899766582
913533.6899766582
913533.6899766582
913533.6899766582
913533.6899766582
913533.6899766582
913533.6899766582
913533.6899766582
913533.6899766582
913533.6899766582
913004.6669134874
913004.6669134874
913004.6669134874
913004.6669134874
913004.6669134874
912976.4001839971
912940.495905105
912940.495905105
912940.495905105
912940.495905105
912940.495905105
912670.246355
912670.246355
912670.246355
912670.246355
912523.281708098
912523.281708098
912523.281708098
912523.281708098
912523.281708098
912485.0712694163
912485.0712694163
912485.0712694163
912450.6420735678
912450.6420735678
912110.9637870374
912110.9637870374
912034.4747120424
912034.4747120424
912034.4747120424
912034.4747120424
912034.4747120424
912034.4747120424
912034.4747120424
912034.4747120424
911285.203230093
911194.7949589246
911194.7949589246
911194.7949589246
911194.7949589246
911194.7949589246
911119.605246616
911119.605246616
911119.605246616
911119.605246616
911119.605246616
911119.605246616
911119.605246616
911119.605246616
911119.605246616
911119.605246616
911119.605246616
911119.605246616
910731.6555712948
910731.6555712948
910731.6555712948
910731.6555712948
910360.390909595
910360.390909595
910360.390909595
910360.390909595
910338.3787996038
910338.3787996038
910117.3732339314
910117.3732339314
910117.3732339314
910117.3732339314
909943.3170936027
909943.3170936027
909943.3170936027
909943.3170936027
909943.3170936027
909943.3170936027
909943.3170936027
909708.1017645595
909708.1017645595
909660.0015359172
909660.0015359172
909388.225967822
909388.225967822
909388.225967822
909388.225967822
909388.225967822
909388.225967822
909388.225967822
909388.225967822
909388.225967822
909388.225967822
909212.4716550887
909212.4716550887
909212.4716550887
909212.4716550887
909212.4716550887
908914.8549390387
908914.8549390387
908914.8549390387
908914.8549390387
908695.2708568785
908695.2708568785
908695.2708568785
908639.9133798666
908639.9133798666
908558.7829067949
908558.7829067949
908558.7829067949
908558.7829067949
908558.7829067949
908558.7829067949
908558.7829067949
908558.7829067949
908459.8367379478
908459.8367379478
908459.8367379478
908459.8367379478
908459.8367379478
908459.8367379478
908306.1748656668
908306.1748656668
907916.5724978668
907916.5724978668
907916.5724978668
907916.5724978668
907861.4535089787
907803.2932099663
907803.2932099663
907803.2932099663
907803.2932099663
907803.2932099663
907803.2932099663
907803.2932099663
907803.2932099663
907803.2932099663
907803.2932099663
907097.1984181894
907097.1984181894
907097.1984181894
907097.1984181894
907097.1984181894
907097.1984181894
906991.1543620732
906945.5133637785
906945.5133637785
906945.5133637785
906945.5133637785
906945.5133637785
906945.5133637785
906945.5133637785
906945.5133637785
906945.5133637785
906945.5133637785
906945.5133637785
906945.5133637785
906945.5133637785
906945.5133637785
906903.4895569413
906668.7476109967
906668.7476109967
906668.7476109967
906668.7476109967
906668.7476109967
906668.7476109967
906668.7476109967
906378.1803840002
906378.1803840002
906378.1803840002
906348.5699232288
906348.5699232288
906348.5699232288
906348.5699232288
906348.5699232288
906103.6810900085
906103.6810900085
906103.6810900085
906103.6810900085
906103.6810900085
906103.6810900085
906103.6810900085
906103.6810900085
906103.6810900085
906103.6810900085
906103.6810900085
906103.6810900085
906103.6810900085
906103.6810900085
906103.6810900085
906103.6810900085
905846.1706343803
905846.1706343803
905846.1706343803
905846.1706343803
905846.1706343803
905846.1706343803
904779.9612437079
904779.9612437079
904650.3222772802
904557.1844617779
904557.1844617779
904557.1844617779
904451.9268937065
904451.9268937065
904451.9268937065
904451.9268937065
904301.9168611113
904178.2134210153
904178.2134210153
904178.2134210153
904178.2134210153
904178.2134210153
903961.1092348889
903961.1092348889
903961.1092348889
903961.1092348889
903961.1092348889
903961.1092348889
903961.1092348889
903961.1092348889
903961.1092348889
903961.1092348889
903961.1092348889
903614.0594545004
903614.0594545004
903614.0594545004
903614.0594545004
903614.0594545004
903552.3647378385
903238.0298732179
903238.0298732179
903238.0298732179
903238.0298732179
903181.9259564006
903074.3815692347
902990.0606335765
902990.0606335765
902990.0606335765
902990.0606335765
902990.0606335765
902990.0606335765
902990.0606335765
902990.0606335765
902990.0606335765
902789.1766121532
902789.1766121532
902789.1766121532
902653.7211898658
902653.7211898658
902613.9291505585
902613.9291505585
902613.9291505585
902613.9291505585
902613.9291505585
902613.9291505585
902613.9291505585
902613.9291505585
901952.8717425335
901243.5409437191
901243.5409437191
901243.5409437191
900711.6147654515
900711.6147654515
900711.6147654515
900711.6147654515
900711.6147654515
900022.5528633392
900022.5528633392
900022.5528633392
900022.5528633392
900022.5528633392
899737.3380915038
899737.3380915038
899737.3380915038
899737.3380915038
899737.3380915038
899737.3380915038
899737.3380915038
899737.3380915038
899737.3380915038
899737.3380915038
899737.3380915038
899607.9509513641
899607.9509513641
899607.9509513641
899607.9509513641
899607.9509513641
899607.9509513641
899607.9509513641
899607.9509513641
899607.9509513641
899607.9509513641
899607.9509513641
899607.9509513641
899607.9509513641
899607.9509513641
899607.9509513641
899347.3785781208
899266.4426461973
899266.4426461973
898697.2129631778
898697.2129631778
897774.6610976742
897774.6610976742
897774.6610976742
897774.6610976742
897749.597153241
897749.597153241
897749.597153241
897749.597153241
897749.597153241
897402.0668617976
897402.0668617976
897402.0668617976
897230.2608328386
897230.2608328386
897230.2608328386
897230.2608328386
897230.2608328386
897230.2608328386
897230.2608328386
897230.2608328386
897070.4979920485
897070.4979920485
897070.4979920485
897070.4979920485
896910.9340101616
896910.9340101616
896910.9340101616
896910.9340101616
896910.9340101616
896910.9340101616
896592.9097124774
896592.9097124774
896380.846573123
896380.846573123
896294.097852596
896294.097852596
895829.1776657775
895829.1776657775
895829.1776657775
895737.6677475844
895737.6677475844
895294.4206591668
895294.4206591668
894386.4983410502
894386.4983410502
894386.4983410502
894386.4983410502
894386.4983410502
894386.4983410502
894386.4983410502
894386.4983410502
894386.4983410502
894386.4983410502
894386.4983410502
894386.4983410502
894386.4983410502
894335.9705089463
894335.9705089463
894335.9705089463
894335.9705089463
894335.9705089463
894335.9705089463
894335.9705089463
894335.9705089463
894335.9705089463
894335.9705089463
894335.9705089463
894335.9705089463
894335.9705089463
894335.9705089463
894281.0190393231
894281.0190393231
893458.8236638012
893001.0763798542
892873.4236790474
892861.9266145166
892861.9266145166
892861.9266145166
892861.9266145166
892861.9266145166
892861.9266145166
892861.9266145166
892861.9266145166
892810.2078084066
892810.2078084066
892810.2078084066
892810.2078084066
892810.2078084066
892810.2078084066
892810.2078084066
892810.2078084066
892810.2078084066
892810.2078084066
892810.2078084066
892810.2078084066
892810.2078084066
892810.2078084066
891868.1262143119
891777.860036257
891777.860036257
891777.860036257
891777.860036257
891777.860036257
891777.860036257
891777.860036257
891777.860036257
891751.2346086556
891454.9738571753
891454.9738571753
891454.9738571753
891454.9738571753
891454.9738571753
891454.9738571753
891454.9738571753
891454.9738571753
891454.9738571753
891454.9738571753
891454.9738571753
891454.9738571753
891443.6471158994
891443.6471158994
891235.3007788797
891235.3007788797
891235.3007788797
891192.3602252414
891192.3602252414
891192.3602252414
890310.099543194
889839.1348882515
889839.1348882515
888914.4487924171
888914.4487924171
888914.4487924171
888914.4487924171
888914.4487924171
888914.4487924171
888898.5712685196
888814.6782938062
888814.6782938062
888814.6782938062
888814.6782938062
888814.6782938062
888814.6782938062
888814.6782938062
888814.6782938062
888814.6782938062
888814.6782938062
888814.6782938062
888814.6782938062
888814.6782938062
888814.6782938062
888814.6782938062
888814.6782938062
888814.6782938062
888814.6782938062
887538.998981084
887463.8563671373
887453.2736912777
887453.2736912777
887453.2736912777
887453.2736912777
887453.2736912777
887442.8027242844
887442.8027242844
887442.8027242844
887442.8027242844
887442.8027242844
887442.8027242844
887442.8027242844
887442.8027242844
887442.8027242844
887442.8027242844
887442.8027242844
887442.8027242844
887442.8027242844
887291.8812999722
887291.8812999722
887291.8812999722
887291.8812999722
887291.8812999722
887199.2243646246
887199.2243646246
887199.2243646246
886310.7447999984
886310.7447999984
886310.7447999984
886310.7447999984
886310.7447999984
886310.7447999984
886310.7447999984
886310.7447999984
886310.7447999984
886248.3421450735
886248.3421450735
886248.3421450735
886248.3421450735
886248.3421450735
886248.3421450735
886248.3421450735
886248.3421450735
886248.3421450735
886248.3421450735
886248.3421450735
886248.3421450735
886248.3421450735
886248.3421450735
886248.3421450735
886248.3421450735
885981.4662460911
885981.4662460911
885981.4662460911
885981.4662460911
885981.4662460911
885981.4662460911
885981.4662460911
885981.4662460911
885981.4662460911
885512.8694874584
885406.6358165026
885406.6358165026
885406.6358165026
885406.6358165026
885218.683804367
885218.683804367
885218.683804367
885218.683804367
885218.683804367
885218.683804367
884597.6477696209
884597.6477696209
884597.6477696209
884597.6477696209
883699.4164323185
883699.4164323185
883699.4164323185
883699.4164323185
883699.4164323185
883699.4164323185
883699.4164323185
883699.4164323185
883544.3343827093
883544.3343827093
883544.3343827093
883544.3343827093
883544.3343827093
883448.1536006567
883448.1536006567
883448.1536006567
883448.1536006567
883448.1536006567
883448.1536006567
883448.1536006567
882602.1395827936
882602.1395827936
882602.1395827936
882602.1395827936
882602.1395827936
882602.1395827936
882602.1395827936
882602.1395827936
882602.1395827936
882602.1395827936
882602.1395827936
882602.1395827936
882602.1395827936
882602.1395827936
882602.1395827936
882602.1395827936
882602.1395827936
882602.1395827936
882602.1395827936
882602.1395827936
882602.1395827936
882602.1395827936
882602.1395827936
882602.1395827936
882602.1395827936
882602.1395827936
882602.1395827936
882418.3933360337
882418.3933360337
882251.9852812863
882045.6904117472
882045.6904117472
882045.6904117472
882045.6904117472
881849.5406919587
881849.5406919587
881849.5406919587
881849.5406919587
881849.5406919587
881849.5406919587
881849.5406919587
881849.5406919587
881706.681331656
881706.681331656
881706.681331656
881706.681331656
881706.681331656
881706.681331656
881706.681331656
881706.681331656
881706.681331656
881706.681331656
881583.5607666324
881583.5607666324
881235.7402374721
881235.7402374721
881206.4860038708
881206.4860038708
881206.4860038708
881206.4860038708
881206.4860038708
881206.4860038708
881206.4860038708
881206.4860038708
881206.4860038708
881206.4860038708
881206.4860038708
881206.4860038708
881206.4860038708
880689.502443862
880689.502443862
880689.502443862
880689.502443862
880689.502443862
880689.502443862
880689.502443862
880689.502443862
880689.502443862
880689.502443862
880536.4389505339
880536.4389505339
880536.4389505339
880536.4389505339
880536.4389505339
880536.4389505339
880536.4389505339
880536.4389505339
880536.4389505339
880536.4389505339
880536.4389505339
880536.4389505339
880536.4389505339
880536.4389505339
880536.4389505339
880521.6508552594
880521.6508552594
880521.6508552594
880521.6508552594
880521.6508552594
880521.6508552594
880521.6508552594
880521.6508552594
880521.6508552594
880161.4922514348
880161.4922514348
880161.4922514348
880161.4922514348
880161.4922514348
880161.4922514348
879590.8977530231
879590.8977530231
879590.8977530231
879590.8977530231
879590.8977530231
879590.8977530231
879590.8977530231
879590.8977530231
879590.8977530231
879590.8977530231
879590.8977530231
879590.8977530231
879590.8977530231
879590.8977530231
879590.8977530231
879590.8977530231
879590.8977530231
879590.8977530231
879590.8977530231
879475.4358188997
879475.4358188997
879475.4358188997
879475.4358188997
879475.4358188997
879475.4358188997
879325.5179970658
879325.5179970658
879325.5179970658
879325.5179970658
879325.5179970658
879325.5179970658
879325.5179970658
879325.5179970658
879325.5179970658
879325.5179970658
879325.5179970658
879325.4927028776
879325.4927028776
879109.2029478557
879109.2029478557
878921.8600322175
878921.8600322175
878921.8600322175
878921.8600322175
878921.8600322175
878921.8600322175
878921.8600322175
878921.8600322175
878921.8600322175
878921.8600322175
878861.2928698456
878861.2928698456
878861.2928698456
878861.2928698456
878861.2928698456
878861.2928698456
878861.2928698456
878861.2928698456
878861.2928698456
878861.2928698456
878861.2928698456
878379.3934897254
878379.3934897254
878379.3934897254
878379.3934897254
878379.3934897254
878379.3934897254
878379.3934897254
878208.8632991388
878208.8632991388
878208.8632991388
878208.8632991388
878208.8632991388
878208.8632991388
878208.8632991388
878208.8632991388
878147.5435098306
877584.2304664236
877584.2304664236
877584.2304664236
877291.1897301597
877291.1897301597
877291.1897301597
877291.1897301597
877291.1897301597
877291.1897301597
877291.1897301597
877291.1897301597
877291.1897301597
877291.1897301597
877291.1897301597
877291.1897301597
877291.1897301597
877291.1897301597
877291.1897301597
877291.1897301597
877291.1897301597
877291.1897301597
877291.1897301597
877291.1897301597
877291.1897301597
876771.3486130484
876771.3486130484
876771.3486130484
876771.3486130484
876771.3486130484
876771.3486130484
876771.3486130484
876696.826189855
876687.176189916
876512.0962023963
876512.0962023963
876512.0962023963
876512.0962023963
876346.0472725322
876346.0472725322
876346.0472725322
876346.0472725322
876346.0472725322
876346.0472725322
876346.0472725322
876346.0472725322
876346.0472725322
876346.0472725322
876346.0472725322
876346.0472725322
876346.0472725322
876346.0472725322
876346.0472725322
876302.1813872213
876302.1813872213
876302.1813872213
876302.1813872213
876302.1813872213
875863.7280348627
875863.7280348627
875863.7280348627
875863.7280348627
875863.7280348627
875863.7280348627
875863.7280348627
875772.7889368602
875772.7889368602
875525.7241865832
875525.7241865832
875525.7241865832
875525.7241865832
875525.7241865832
875525.7241865832
875525.7241865832
875525.7241865832
875525.7241865832
875525.7241865832
875525.7241865832
875525.7241865832
875525.7241865832
875525.7241865832
875525.7241865832
875525.7241865832
874961.8329789886
874961.8329789886
874961.8329789886
874961.8329789886
874961.8329789886
874774.8537191952
874774.8537191952
874774.8537191952
874774.8537191952
874641.3797977171
874246.7327400162
874246.7327400162
874073.9186111558
874073.9186111558
874073.9186111558
874073.9186111558
874073.9186111558
874073.9186111558
874073.9186111558
874073.9186111558
874073.9186111558
874073.9186111558
874073.9186111558
874073.9186111558
874073.9186111558
874073.9186111558
874073.9186111558
874073.9186111558
874073.9186111558
874073.9186111558
874055.758661004
874055.758661004
874055.758661004
873892.3457174915
873892.3457174915
873892.3457174915
873863.8158042321
873863.8158042321
873863.8158042321
873863.8158042321
873863.8158042321
873863.8158042321
873863.8158042321
873863.8158042321
873863.8158042321
873863.8158042321
873863.8158042321
873863.8158042321
873863.8158042321
873863.8158042321
873863.8158042321
873863.8158042321
873863.8158042321
873835.7216428239
873835.7216428239
873835.7216428239
873835.7216428239
873835.7216428239
873835.7216428239
873835.7216428239
873835.7216428239
873835.7216428239
873835.7216428239
873835.7216428239
873835.7216428239
873835.7216428239
873835.7216428239
873835.7216428239
873684.0783087818
873684.0783087818
873684.0783087818
873684.0783087818
873684.0783087818
873532.0435686784
873532.0435686784
873532.0435686784
873532.0435686784
873532.0435686784
873532.0435686784
873102.5152370727
872843.1950470841
872843.1950470841
872843.1950470841
872839.9251512027
872610.967925421
872610.967925421
872610.967925421
872610.967925421
872610.967925421
872610.967925421
872610.967925421
872610.967925421
872610.967925421
872610.967925421
872610.967925421
872610.967925421
872352.5909394188
872263.7699119505
872263.7699119505
872263.7699119505
872263.7699119505
872263.7699119505
872263.7699119505
872263.7699119505
872263.7699119505
872247.5044026787
872247.5044026787
871818.162273273
871818.162273273
871818.162273273
871818.162273273
871214.2111646121
871214.2111646121
871214.2111646121
871214.2111646121
871214.2111646121
870930.3296226421
870930.3296226421
870930.3296226421
870930.3296226421
870392.3821515115
870392.3821515115
870392.3821515115
870321.1682121893
870321.1682121893
870321.1682121893
870321.1682121893
870321.1682121893
870321.1682121893
870321.1682121893
870321.1682121893
870321.1682121893
869879.1526243207
869879.1526243207
869879.1526243207
869879.1526243207
869879.1526243207
869777.3849704957
869777.3849704957
869437.7602320677
869437.7602320677
869437.7602320677
869437.7602320677
869437.7602320677
869437.7602320677
869437.7602320677
869437.7602320677
869437.7602320677
869437.7602320677
869437.7602320677
869437.7602320677
868625.0570065639
868484.0036947958
868484.0036947958
868484.0036947958
868484.0036947958
868484.0036947958
868484.0036947958
868484.0036947958
868484.0036947958
868484.0036947958
868484.0036947958
868484.0036947958
868484.0036947958
868484.0036947958
868484.0036947958
868484.0036947958
868484.0036947958
868484.0036947958
868338.2140381361
868338.2140381361
868338.2140381361
868338.2140381361
868328.2411595071
868328.2411595071
868328.2411595071
868328.2411595071
868328.2411595071
868328.2411595071
868199.251965662
868199.251965662
868199.251965662
867910.9123603471
867910.9123603471
867759.7821209528
867759.7821209528
867759.7821209528
867759.7821209528
867759.7821209528
867759.7821209528
867759.7821209528
867759.7821209528
867759.7821209528
867759.7821209528
867759.7821209528
867759.7821209528
867759.7821209528
867630.8039590385
867630.8039590385
867630.8039590385
867630.8039590385
867630.8039590385
867630.8039590385
867630.8039590385
867630.8039590385
867630.8039590385
867630.8039590385
866219.8495589336
866219.8495589336
866219.8495589336
866219.8495589336
866219.8495589336
866219.8495589336
866219.8495589336
866219.8495589336
866219.8495589336
866219.8495589336
866219.8495589336
866219.8495589336
866135.1872013586
866135.1872013586
866135.1872013586
866135.1872013586
866099.3068079152
866099.3068079152
866099.3068079152
866099.3068079152
866099.3068079152
866099.3068079152
866099.3068079152
866099.3068079152
866099.3068079152
866099.3068079152
866027.5282535423
866027.5282535423
866027.5282535423
866027.5282535423
866027.5282535423
865841.2300132028
865841.2300132028
865520.4175501295
865520.4175501295
865520.4175501295
865520.4175501295
865520.4175501295
865272.4304734236
865272.4304734236
865272.4304734236
865272.4304734236
865272.4304734236
865272.4304734236
864674.3473233802
864674.3473233802
864674.3473233802
864674.3473233802
864674.3473233802
864674.3473233802
864674.3473233802
864348.0256094818
864348.0256094818
864348.0256094818
864348.0256094818
864348.0256094818
864348.0256094818
864312.8402544595
864312.8402544595
864312.8402544595
864151.9496314644
864151.9496314644
864040.2916819699
864040.2916819699
864040.2916819699
864040.2916819699
864040.2916819699
864040.2916819699
864040.2916819699
864040.2916819699
864040.2916819699
864040.2916819699
864040.2916819699
864040.2916819699
864040.2916819699
864040.2916819699
864040.2916819699
864040.2916819699
864040.2916819699
864040.2916819699
864040.2916819699
864040.2916819699
864040.2916819699
864040.2916819699
864040.2916819699
863745.4073024654
863745.4073024654
863745.4073024654
863745.4073024654
863516.7379245507
863516.7379245507
863516.7379245507
863516.7379245507
863516.7379245507
863516.7379245507
863516.7379245507
863516.7379245507
863516.7379245507
863516.7379245507
863516.7379245507
863516.7379245507
863516.7379245507
863516.7379245507
863516.7379245507
863516.7379245507
863516.7379245507
863142.7926373888
863142.7926373888
863142.7926373888
863142.7926373888
863059.6270040317
863059.6270040317
863059.6270040317
863059.6270040317
863059.6270040317
863005.9515793689
863005.9515793689
863005.9515793689
863005.9515793689
863005.9515793689
863005.9515793689
863005.9515793689
863005.9515793689
863005.9515793689
863005.9515793689
863005.9515793689
863005.9515793689
863005.9515793689
863005.9515793689
863005.9515793689
863005.9515793689
863005.9515793689
863005.9515793689
863005.9515793689
863005.9515793689
862764.2237386531
862764.2237386531
862764.2237386531
862764.2237386531
862764.2237386531
862764.2237386531
862764.2237386531
862764.2237386531
862764.2237386531
862764.2237386531
862764.2237386531
862588.2341580006
862588.2341580006
862588.2341580006
862588.2341580006
862588.2341580006
862588.2341580006
862588.2341580006
862588.2341580006
862588.2341580006
862588.2341580006
862588.2341580006
862588.2341580006
862588.2341580006
862588.2341580006
862588.2341580006
862588.2341580006
862588.2341580006
862588.2341580006
862588.2341580006
862588.2341580006
862588.2341580006
862588.2341580006
862588.2341580006
862404.735320103
862404.735320103
861718.0329284761
861718.0329284761
861692.990498079
861692.990498079
861692.990498079
861692.990498079
861692.990498079
861692.990498079
861665.3725955408
861665.3725955408
861665.3725955408
861665.3725955408
861665.3725955408
861665.3725955408
861665.3725955408
861665.3725955408
861665.3725955408
861665.3725955408
861665.3725955408
861665.3725955408
861665.3725955408
861665.3725955408
861665.3725955408
861665.3725955408
861659.1421587113
861659.1421587113
861659.1421587113
861659.1421587113
861659.1421587113
861659.1421587113
861427.9758553932
861427.9758553932
861427.9758553932
861427.9758553932
861427.9758553932
861427.9758553932
861427.9758553932
861427.9758553932
861427.9758553932
861427.9758553932
861369.5880873748
861369.5880873748
861369.5880873748
861356.5000241222
861356.5000241222
861356.5000241222
861325.2474572071
861325.2474572071
861325.2474572071
860545.5684236235
860545.5684236235
860545.5684236235
860545.5684236235
860545.5684236235
860545.5684236235
860545.5684236235
860545.5684236235
860545.5684236235
860545.5684236235
860545.5684236235
860072.2943546551
860072.2943546551
860072.2943546551
860072.2943546551
859715.9828839788
859715.9828839788
859715.9828839788
859715.9828839788
859715.9828839788
859715.9828839788
859715.9828839788
859715.9828839788
859715.9828839788
859715.9828839788
859715.9828839788
859715.9828839788
859508.6881876024
859508.6881876024
859508.6881876024
859508.6881876024
859342.1021700643
859122.7140377597
859122.7140377597
859122.7140377597
859122.7140377597
859122.7140377597
859122.7140377597
859122.7140377597
859122.7140377597
859122.7140377597
859122.7140377597
859122.7140377597
859122.7140377597
859122.7140377597
859122.7140377597
859122.7140377597
859122.7140377597
859122.7140377597
859122.7140377597
859122.7140377597
859122.7140377597
859122.7140377597
859122.7140377597
859122.7140377597
859122.7140377597
859122.7140377597
859122.7140377597
859122.7140377597
859122.7140377597
859122.7140377597
859122.7140377597
859032.4065268132
859032.4065268132
859032.4065268132
859032.4065268132
859032.4065268132
859032.4065268132
859032.4065268132
859032.4065268132
859032.4065268132
859032.4065268132
859032.4065268132
859032.4065268132
859032.4065268132
859032.4065268132
859032.4065268132
859032.4065268132
859032.4065268132
859032.4065268132
859032.4065268132
859032.4065268132
859032.4065268132
859032.4065268132
859032.4065268132
859032.4065268132
859032.4065268132
859032.4065268132
859032.4065268132
859032.4065268132
859032.4065268132
859032.4065268132
859032.4065268132
858982.8635624833
858982.8635624833
858982.8635624833
858982.8635624833
858982.8635624833
858982.8635624833
858982.8635624833
858982.8635624833
858982.8635624833
858982.8635624833
858982.8635624833
858982.8635624833
858982.8635624833
858982.8635624833
858982.8635624833
858982.8635624833
858982.8635624833
858982.8635624833
858982.8635624833
858982.8635624833
858982.8635624833
858982.8635624833
858982.8635624833
858982.8635624833
858772.1824941973
858734.213444357
858734.213444357
858734.213444357
858734.213444357
858323.5614580216
858323.5614580216
858323.5614580216
858323.5614580216
858250.6786581342
857694.4812485352
857694.4812485352
857694.4812485352
857694.4812485352
857694.4812485352
857694.4812485352
857694.4812485352
857694.4812485352
857694.4812485352
857694.4812485352
857694.4812485352
857694.4812485352
857694.4812485352
857694.4812485352
857694.4812485352
857694.4812485352
857694.4812485352
857694.4812485352
857694.4812485352
857286.0156981756
857286.0156981756
857286.0156981756
857286.0156981756
857286.0156981756
857286.0156981756
857286.0156981756
857286.0156981756
857211.7250217262
857211.7250217262
857211.7250217262
857211.7250217262
857211.7250217262
857211.7250217262
857211.7250217262
857211.7250217262
857211.7250217262
857211.7250217262
857211.7250217262
857123.0271153348
857123.0271153348
857123.0271153348
857123.0271153348
857123.0271153348
857123.0271153348
857123.0271153348
857123.0271153348
857123.0271153348
857123.0271153348
857123.0271153348
857123.0271153348
857123.0271153348
857123.0271153348
857123.0271153348
857123.0271153348
857123.0271153348
857123.0271153348
857123.0271153348
857123.0271153348
857123.0271153348
857123.0271153348
857123.0271153348
857123.0271153348
857123.0271153348
857026.4328958618
857026.4328958618
857026.4328958618
857026.4328958618
855897.1304596574
855897.1304596574
855897.1304596574
855819.9992782356
855298.6910308145
855298.6910308145
855298.6910308145
855298.6910308145
855298.6910308145
855298.6910308145
855298.6910308145
855298.6910308145
855298.6910308145
855298.6910308145
855298.6910308145
855298.6910308145
855298.6910308145
855298.6910308145
855298.6910308145
855298.6910308145
855298.6910308145
855298.6910308145
855298.6910308145
855298.6910308145
855298.6910308145
855298.6910308145
855298.6910308145
855298.6910308145
854822.154964769
854822.154964769
854316.4750361531
854316.4750361531
854316.4750361531
854316.4750361531
854316.4750361531
854316.4750361531
854316.4750361531
854074.8213552549
854074.8213552549
854074.8213552549
854074.8213552549
854074.8213552549
853962.0165490452
853962.0165490452
853962.0165490452
853962.0165490452
853962.0165490452
853962.0165490452
853943.0095651378
853943.0095651378
853943.0095651378
853943.0095651378
853943.0095651378
853943.0095651378
853943.0095651378
853943.0095651378
853943.0095651378
853943.0095651378
853943.0095651378
853943.0095651378
853943.0095651378
853897.0653633225
853897.0653633225
853897.0653633225
853897.0653633225
853897.0653633225
853897.0653633225
853897.0653633225
853897.0653633225
853897.0653633225
853897.0653633225
853897.0653633225
853897.0653633225
853897.0653633225
853897.0653633225
853897.0653633225
853897.0653633225
853897.0653633225
853897.0653633225
853377.0097533423
853377.0097533423
853377.0097533423
853377.0097533423
853377.0097533423
853377.0097533423
853377.0097533423
853377.0097533423
853377.0097533423
853377.063163383
853377.063163383
853377.063163383
853376.6540662481
853376.6540662481
853376.6540662481
853376.6540662481
853376.6540662481
852812.7118002776
852812.7118002776
852506.3656350027
852506.3656350027
852506.3656350027
852506.3656350027
852506.3656350027
852506.3656350027
852506.3656350027
852506.3656350027
852506.3656350027
852506.3656350027
852506.3656350027
852486.6617558058
852486.6617558058
852486.6617558058
852486.6617558058
852486.6617558058
852486.6617558058
852486.6617558058
852486.6617558058
852486.6617558058
852486.6617558058
852486.6617558058
852486.6617558058
852309.0772793121
852309.0772793121
852309.0772793121
852309.0772793121
852309.0772793121
852309.0772793121
852309.0772793121
852309.0772793121
852309.0772793121
852309.0772793121
852309.0772793121
852309.0772793121
852309.0772793121
852124.5199186514
852124.5199186514
852124.5199186514
852124.5199186514
852124.5199186514
852108.444408834
852108.444408834
852108.444408834
852108.444408834
852032.1992891083
852032.1992891083
852032.1992891083
852032.1992891083
852032.1992891083
852032.1992891083
852032.1992891083
852032.1992891083
852002.8804078457
852002.8804078457
852002.8804078457
852002.8804078457
852002.8804078457
852002.8804078457
852002.8804078457
852002.8804078457
852002.8804078457
852002.8804078457
852002.8804078457
852002.8804078457
852002.8804078457
852002.8804078457
852002.8804078457
852002.8804078457
852002.8804078457
852002.8804078457
852002.8804078457
852002.8804078457
852002.8804078457
852002.8804078457
851747.6251784074
851747.6251784074
851747.6251784074
851747.6251784074
851747.6251784074
851747.6251784074
851345.3722592625
851038.883156196
851038.883156196
851038.883156196
851038.883156196
850914.9942608522
850914.9942608522
850914.9942608522
850914.9942608522
850914.9942608522
850914.9942608522
850914.9942608522
850914.9942608522
850914.9942608522
850914.9942608522
850914.9942608522
850914.9942608522
850763.7782893658
850763.7782893658
850763.7782893658
850763.7782893658
850763.7782893658
850763.7782893658
850763.7782893658
850763.7782893658
850763.7782893658
850763.7782893658
850763.7782893658
850763.7782893658
850763.7782893658
850763.7782893658
850763.7782893658
850763.7782893658
850763.7782893658
850763.7782893658
850763.7782893658
850577.5296568791
850577.5296568791
850577.5296568791
850295.1209865017
850295.1209865017
850295.1209865017
850295.1209865017
850295.1209865017
850295.1209865017
850295.1209865017
850276.0130200938
850276.0130200938
850276.0130200938
850276.0130200938
850276.0130200938
850276.0130200938
850241.3552097926
850241.3552097926
850241.3552097926
850241.3552097926
850241.3552097926
850241.3552097926
850241.3552097926
850241.3552097926
850241.3552097926
850241.3552097926
850241.3552097926
850241.3552097926
850241.3552097926
850241.3552097926
850241.3552097926
850190.3400040034
849915.7733445035
849915.7733445035
849915.7733445035
849804.7476476034
849804.7476476034
849804.7476476034
849804.7476476034
849804.7476476034
849804.7476476034
849804.7476476034
849804.7476476034
849804.7476476034
849578.8833018262
849578.8833018262
849578.8833018262
849578.8833018262
849578.8833018262
849578.8833018262
849578.8833018262
849226.4382657392
849226.4382657392
849226.4382657392
849226.4382657392
849226.4382657392
849226.4382657392
849226.4382657392
849226.4382657392
849226.4382657392
849226.4382657392
849226.4382657392
849226.4382657392
849226.4382657392
849226.4382657392
848669.3985331368
848669.3985331368
848548.2042970528
848548.2042970528
848548.2042970528
848548.2042970528
848548.2042970528
848548.2042970528
848548.2042970528
848548.2042970528
848548.2042970528
848548.2042970528
848548.2042970528
848548.2042970528
848548.2042970528
848548.2042970528
848548.2042970528
848548.2042970528
848548.2042970528
848548.2042970528
848548.2042970528
848548.2042970528
848548.2042970528
848548.2042970528
848548.2042970528
848391.4049463868
848391.4049463868
848391.4049463868
848391.4049463868
848391.4049463868
848391.4049463868
848391.4049463868
848391.4049463868
848368.8530960829
848368.8530960829
848368.8530960829
848368.8530960829
848368.8530960829
848108.9911900738
848108.9911900738
848108.9911900738
848108.9911900738
848108.9911900738
848108.9911900738
848108.9911900738
848108.9911900738
848108.9911900738
848108.9911900738
848108.9911900738
848108.9911900738
848108.9911900738
848108.9911900738
848108.9911900738
848108.9911900738
848108.9911900738
848108.9911900738
848108.9911900738
848108.9911900738
848108.9911900738
848108.9911900738
848108.9911900738
848108.9911900738
848108.9911900738
848002.9465598306
848002.9465598306
848002.9465598306
848002.9465598306
848002.9465598306
848002.9465598306
848002.9465598306
848002.9465598306
848002.9465598306
848002.9465598306
848002.9465598306
848002.9465598306
848002.9465598306
848002.9465598306
848002.9465598306
848002.9465598306
848002.9465598306
848002.9465598306
848002.9465598306
848002.9465598306
848002.9465598306
847358.2598708794
847358.2598708794
847358.2598708794
847358.2598708794
847358.2598708794
847358.2598708794
847358.2598708794
847358.2598708794
847358.2598708794
847358.2598708794
847358.2598708794
847358.2598708794
847358.2598708794
847358.2598708794
847358.2598708794
847358.2598708794
847358.2598708794
847358.2598708794
847358.2598708794
847358.2598708794
847358.2598708794
847358.2598708794
847358.2598708794
847358.2598708794
847241.7533003357
847229.6847623817
847229.6847623817
847229.6847623817
847229.6847623817
847229.6847623817
847229.6847623817
847229.6847623817
847181.5270529258
847181.5270529258
847181.5270529258
847181.5270529258
847181.5270529258
847181.5270529258
847181.5270529258
846889.1928687636
846889.1928687636
846889.1928687636
846889.1928687636
846889.1928687636
846501.6414826956
846501.6414826956
845979.6882470438
845979.6882470438
845979.6882470438
845979.6882470438
845979.6882470438
845979.6882470438
845979.6882470438
845979.6882470438
845979.6882470438
845979.6882470438
845979.6882470438
845979.6882470438
845979.6882470438
845979.6882470438
845567.9560218815
845567.9560218815
845567.9560218815
845567.9560218815
845485.200811319
845485.200811319
845485.200811319
845204.5629573883
845204.5629573883
845204.5629573883
845204.5629573883
845204.5629573883
845204.5629573883
844860.97544126
844860.97544126
844860.97544126
844860.97544126
844860.97544126
844359.6174017392
844359.6174017392
844359.6174017392
844359.6174017392
844359.6174017392
844359.6174017392
844359.6174017392
844359.6174017392
844359.6174017392
844359.6174017392
844287.5718130448
844287.5718130448
844287.5718130448
844246.9483432185
844246.9483432185
844246.9483432185
844246.9483432185
844246.9483432185
844246.9483432185
843531.9009718087
843490.3317151662
843490.3317151662
843490.3317151662
843490.3317151662
843490.3317151662
843490.3317151662
843490.3317151662
843490.3317151662
843490.3317151662
843490.3317151662
843422.2950136147
843422.2950136147
843422.2950136147
843422.2950136147
843422.2950136147
843422.2950136147
843422.2950136147
843422.2950136147
843360.4989879478
843351.0287135935
843351.0287135935
843351.0287135935
843351.0287135935
843351.0287135935
843351.0287135935
843351.0287135935
843260.4187664171
843260.4187664171
843090.4881044597
843090.4881044597
843090.4881044597
843090.4881044597
843090.4881044597
842955.6054592242
842955.6054592242
842955.6054592242
842955.6054592242
842955.6054592242
842955.6054592242
842949.1716113202
842949.1716113202
842949.1716113202
842949.1716113202
842838.9628102975
842838.9628102975
842838.9628102975
842475.1401454576
842475.1401454576
842475.1401454576
842475.1401454576
842475.1401454576
842475.1401454576
842241.8887224607
842241.8887224607
842241.8887224607
842241.8887224607
842241.8887224607
842220.7784419812
842220.7784419812
842220.7784419812
842220.7784419812
842220.7784419812
842220.7784419812
842220.7784419812
842220.7784419812
842220.7784419812
842220.7784419812
842220.7784419812
841129.1695453755
841129.1695453755
841129.1695453755
841019.3476775053
841019.3476775053
841019.3476775053
840431.6227444946
840431.6227444946
840431.6227444946
840431.6227444946
840431.6227444946
840431.6227444946
840431.6227444946
840431.6227444946
840431.6227444946
840431.6227444946
840347.7032273778
840347.7032273778
840347.7032273778
840347.7032273778
840347.7032273778
840347.7032273778
840347.7032273778
840347.7032273778
840347.7032273778
840347.7032273778
840347.7032273778
840347.7032273778
840347.7032273778
840347.7032273778
840347.7032273778
840347.7032273778
840347.7032273778
840347.7032273778
840347.7032273778
840320.1296067709
840320.1296067709
840320.1296067709
840320.1296067709
840320.1296067709
840303.952701451
840243.6849757112
840243.6849757112
840243.6849757112
840243.6849757112
840243.6849757112
840243.6849757112
840243.6849757112
840243.6849757112
840243.6849757112
840243.6849757112
840243.6849757112
840243.6849757112
840243.6849757112
840243.6849757112
840243.6849757112
840243.6849757112
840243.6849757112
839956.7223137488
839956.7223137488
839956.7223137488
839956.7223137488
839956.7223137488
839956.7223137488
839426.8699979451
839426.8699979451
839426.8699979451
839426.8699979451
839426.8699979451
839313.2780163764
839138.3776448267
839138.3776448267
839138.3776448267
839138.3776448267
838746.7674783409
838366.5944940934
838366.5944940934
838326.02694242
838326.02694242
838326.02694242
838326.02694242
838326.02694242
838326.02694242
838303.5510565649
838303.5510565649
838303.5510565649
838303.5510565649
838303.5510565649
838303.5510565649
838303.5510565649
838303.5510565649
838303.5510565649
838159.7529769152
838159.7529769152
838159.7529769152
838159.7529769152
838159.7529769152
838159.7529769152
837951.1270853439
837951.1270853439
837951.1270853439
837951.1270853439
837951.1270853439
837951.1270853439
837951.1270853439
837951.1270853439
837951.1270853439
837951.1270853439
837951.1270853439
837951.1270853439
837951.1270853439
837593.3839615711
837593.3839615711
837593.3839615711
837593.3839615711
837108.9350112873
837108.9350112873
837108.9350112873
837108.9350112873
837108.9350112873
837108.9350112873
836878.2660968228
836878.2660968228
836878.2660968228
836811.7180945643
836811.7180945643
836811.7180945643
836755.8539091349
836755.8539091349
836755.8539091349
836435.5255858061
836435.5255858061
836435.5255858061
836435.5255858061
835821.9732986982
835821.9732986982
835821.9732986982
835766.7106374031
835766.7106374031
835766.7106374031
835564.7221335507
835564.7221335507
835564.7221335507
835564.7221335507
835564.7221335507
835564.7221335507
835564.7221335507
835427.6833327808
835427.6833327808
835427.6833327808
835427.6833327808
835427.6833327808
835427.6833327808
835427.6833327808
834963.5735265812
834963.5735265812
834963.5735265812
834963.5735265812
834609.1474132636
834609.1474132636
834609.1474132636
834609.1474132636
834609.1474132636
834609.1474132636
834609.1474132636
834609.1474132636
834609.1474132636
834609.1474132636
834609.1474132636
834609.1474132636
834609.1474132636
834609.1474132636
834609.1474132636
834609.1474132636
834609.1474132636
834609.1474132636
834609.1474132636
834609.1474132636
834609.1474132636
834609.1474132636
834598.856598759
834512.4580553493
834512.4580553493
834512.4580553493
834512.4580553493
834512.4580553493
834512.4580553493
834512.4580553493
834512.4580553493
834512.4580553493
834512.4580553493
834512.4580553493
834512.4580553493
834188.8786186107
834188.8786186107
834188.8786186107
834188.8786186107
834162.8893266807
834162.8893266807
833778.8482634863
833778.8482634863
833778.8482634863
833778.8482634863
833778.8482634863
833778.8482634863
833778.8482634863
833778.8482634863
833778.8482634863
833778.8482634863
833778.8482634863
833778.8482634863
833778.8482634863
833778.8482634863
833778.8482634863
833778.8482634863
833778.8482634863
833778.8482634863
833778.8482634863
833778.8482634863
833778.8482634863
833778.8482634863
833778.8482634863
833778.8482634863
833778.8482634863
833702.9065116623
833702.9065116623
833702.9065116623
833664.2953711344
833632.2340160371
833632.2340160371
833632.2340160371
833632.2340160371
833632.2340160371
833632.2340160371
833632.2340160371
833632.2340160371
833369.0305466717
833369.0305466717
833369.0305466717
833369.0305466717
833241.335853166
833241.335853166
833241.335853166
833241.335853166
833241.335853166
833241.335853166
833241.335853166
833241.335853166
833241.335853166
833241.335853166
833241.335853166
833241.335853166
833241.335853166
833241.335853166
833241.335853166
833241.335853166
833241.335853166
833241.335853166
833241.335853166
833241.335853166
833241.335853166
833241.335853166
833096.7141427479
832138.2448312443
831963.9672352504
831963.9672352504
831963.9672352504
831963.9672352504
831963.9672352504
831963.9672352504
831948.3835472566
831948.3835472566
831948.3835472566
831948.3835472566
831948.3835472566
831948.3835472566
831948.3835472566
831948.3835472566
831948.3835472566
831948.3835472566
831948.3835472566
831948.3835472566
831948.3835472566
831948.3835472566
831948.3835472566
831948.3835472566
831948.3835472566
831948.3835472566
831948.3835472566
831948.3835472566
831948.3835472566
831948.3835472566
831948.3835472566
831948.3835472566
831948.3835472566
831948.3835472566
831948.3835472566
831948.3835472566
831948.3835472566
831948.3835472566
831948.3835472566
831948.3835472566
831948.3835472566
831948.3835472566
831948.3835472566
831948.3835472566
831948.3835472566
831948.3835472566
831948.3835472566
831948.3835472566
831948.3835472566
831948.3835472566
831948.3835472566
831948.3835472566
831948.3835472566
831814.9919659463
831814.9919659463
831814.9919659463
831814.9919659463
831814.9919659463
831814.9919659463
831814.9919659463
831814.9919659463
831814.9919659463
831814.9919659463
831814.9919659463
831462.847717223
831462.847717223
831288.9173706945
831288.9173706945
831288.9173706945
831288.9173706945
831288.9173706945
831288.9173706945
831288.9173706945
831288.9173706945
831288.9173706945
831185.3926898026
831185.3926898026
831185.3926898026
831185.3926898026
831185.3926898026
831185.3926898026
831185.3926898026
831185.3926898026
831185.3926898026
829808.6190881946
829808.6190881946
829808.6190881946
829808.6190881946
829808.6190881946
829808.6190881946
829808.6190881946
829808.6190881946
829808.6190881946
829808.6190881946
829808.6190881946
829808.6190881946
829808.6190881946
829808.6190881946
829808.6190881946
829808.6190881946
829808.6190881946
829808.6190881946
829808.6190881946
829808.6190881946
829808.6190881946
829808.6190881946
829808.6190881946
829808.6190881946
829808.6190881946
829808.6190881946
829808.6190881946
829808.6190881946
829808.6190881946
829808.6190881946
829808.6190881946
829808.6190881946
829808.6190881946
829485.1844834733
829485.1844834733
829140.011135657
829140.011135657
829140.011135657
828967.7008428108
828862.4410282834
828453.5963402695
828453.5963402695
828453.5963402695
828453.5963402695
828453.5963402695
828453.5963402695
828453.5963402695
828453.5963402695
828453.5963402695
828453.5963402695
828453.5963402695
828453.5963402695
828378.7082042884
828378.7082042884
828378.7082042884
828378.7082042884
828378.7082042884
828378.7082042884
828378.7082042884
828378.7082042884
828268.7741370073
828268.7741370073
828268.7741370073
828268.7741370073
828268.7741370073
828268.7741370073
828268.7741370073
828268.7741370073
828268.7741370073
828268.7741370073
828268.7741370073
828268.7741370073
828268.7741370073
828268.7741370073
828069.5151791718
828069.5151791718
827838.4737064098
827838.4737064098
827838.4737064098
827838.4737064098
827774.4412786348
827774.4412786348
827774.4412786348
827774.4412786348
827767.4506275026
827767.4506275026
827546.9421917594
827546.9421917594
827546.9421917594
827546.9421917594
827546.9421917594
827546.9421917594
827546.9421917594
827546.9421917594
827546.9421917594
827546.9421917594
827533.5543708198
827348.4714306167
827348.4714306167
827348.4714306167
827348.4714306167
827348.4714306167
827348.4714306167
827348.4714306167
827348.4714306167
827348.4714306167
827348.4714306167
827348.4714306167
827348.4714306167
827348.4714306167
827348.4714306167
827298.3256794136
827298.3256794136
827298.3256794136
827298.3256794136
827097.9156953449
827097.9156953449
827097.9156953449
827097.9156953449
827097.9156953449
827097.9156953449
827097.9156953449
827097.9156953449
827097.9156953449
827097.9156953449
827097.9156953449
827097.9156953449
827097.9156953449
827097.9156953449
827097.9156953449
827097.9156953449
827097.9156953449
827097.9156953449
827097.9156953449
827097.9156953449
827097.9156953449
827097.9156953449
827097.9156953449
827097.9156953449
827042.6455078106
826391.4679627264
826391.4679627264
826391.4679627264
826391.4679627264
826391.4679627264
826391.4679627264
826006.5998029959
826006.5998029959
826006.5998029959
826006.5998029959
826006.5998029959
826006.5998029959
826006.5998029959
826006.5998029959
826006.5998029959
826006.5998029959
826006.5998029959
825976.6835443241
825976.6835443241
825976.6835443241
825976.6835443241
825976.6835443241
825976.6835443241
825976.6835443241
825976.6835443241
825976.6835443241
825976.6835443241
825758.8642991056
825758.8642991056
825758.8642991056
825758.8642991056
825758.8642991056
825758.8642991056
825758.8642991056
825758.8642991056
825758.8642991056
825758.8642991056
825758.8642991056
825367.621263999
825367.621263999
825367.621263999
825367.621263999
825367.621263999
825367.621263999
825367.621263999
825367.621263999
825367.621263999
825367.621263999
825367.621263999
825367.621263999
825305.3311298009
825297.1949824688
825297.1949824688
825297.1949824688
825297.1949824688
825297.1949824688
825062.664795455
825062.664795455
825062.664795455
825062.664795455
824935.0651117358
824935.0651117358
824908.6388723593
824908.6388723593
824908.6388723593
824908.6388723593
824908.6388723593
824908.6388723593
824908.6388723593
824908.6388723593
824723.714923171
824723.714923171
824723.714923171
823693.8410237051
823693.8410237051
823693.8410237051
823693.8410237051
823693.8410237051
823693.8410237051
823693.8410237051
823693.8410237051
823693.8410237051
823693.8410237051
823693.8410237051
823693.8410237051
823693.8410237051
823693.8410237051
823693.8410237051
823693.8410237051
823693.8410237051
823693.8410237051
823693.8410237051
823693.8410237051
823693.8410237051
823345.8924397657
823345.8924397657
823345.8924397657
823345.8924397657
823345.8924397657
823345.8924397657
823345.8924397657
823345.8924397657
823345.8924397657
823345.8924397657
823219.9523282254
823219.9523282254
823219.9523282254
823219.9523282254
823219.9523282254
822890.9439012578
822851.8820747146
822659.6939591868
822659.6939591868
822659.6939591868
822659.6939591868
822659.6939591868
822659.6939591868
822659.6939591868
822659.6939591868
822659.6939591868
822659.6939591868
822257.7954357222
822257.7954357222
822257.7954357222
822257.7954357222
822257.7954357222
822257.7954357222
822257.7954357222
822257.7954357222
822257.7954357222
822209.153917709
822209.153917709
822209.153917709
822209.153917709
822209.153917709
822209.153917709
821621.783127124
821621.783127124
821621.783127124
821621.783127124
821621.783127124
821621.783127124
821621.783127124
821621.783127124
821621.783127124
821621.783127124
821621.783127124
821621.783127124
821621.783127124
821621.783127124
821621.783127124
821621.783127124
821621.783127124
821621.783127124
821621.783127124
821621.783127124
821621.783127124
821621.783127124
821621.783127124
821621.783127124
821621.783127124
821621.783127124
821621.783127124
821621.783127124
821528.2478381998
821481.4977778676
821481.4977778676
821481.4977778676
821481.4977778676
821481.4977778676
821481.4977778676
