4506031.845672585
4395440.5999219585
4295102.399398863
4203177.675828898
4100139.827020657
4021676.3231950407
3942224.9245812073
3865266.537213294
3783700.5120050544
3737215.18544464
3661859.8438149802
3590553.722479385
3531913.6372925187
3459962.073901302
3405095.1058174134
3351343.4633733807
3292780.972044972
3248285.898070127
3175809.3975498294
3124246.4929306083
3084333.7751099886
3053713.2771010427
3023334.45782958
2991782.2472916795
2959882.2657709415
2925267.649220371
2901150.6719336603
2874392.489343986
2843428.240596613
2822298.713293203
2801250.087340041
2763952.663134892
2729955.1418500263
2693828.9944863426
2674849.4630400655
2652585.2864705194
2618521.5565451216
2599036.466732012
2581180.2180442475
2557820.907991775
2542542.842431321
2519771.339654835
2505290.281166762
2489480.989165661
2461745.342155174
2441792.8080758154
2427795.2334932676
2411389.527365247
2398297.680733529
2386125.9535658984
2374805.931326313
2365001.558536315
2352873.5966571365
2335539.7132773707
2328016.2459651604
2307928.6641871464
2291369.712355162
2266141.36941205
2251542.5673294137
2245812.124731414
2238723.749778428
2230409.5845678225
2224622.112370931
2209856.6537100757
2202998.738036711
2187525.370017975
2184144.7267006356
2176183.0188206397
2173057.5099724126
2159762.042553907
2151794.581926602
2142611.379349592
2133372.695966929
2123591.7123620017
2109741.270005084
2102964.2828227887
2094021.732885629
2089724.3126356443
2078864.40136378
2071268.5813757812
2060965.4246516554
2054462.5069311927
2048993.7831364232
2040076.7827333442
2030095.720294373
2023943.3738012596
2016156.5738203102
2012320.0442235828
1994079.0512595032
1990112.4814900989
1982364.186041608
1972097.720257515
1962944.7388870332
1959829.0629429538
1953625.9952107226
1946792.4267696608
1939284.3280705996
1930710.399611699
1922789.726938173
1912035.4589660373
1903437.40531492
1899840.0144757596
1889210.3881994463
1884210.2830831842
1880088.1067725513
1869302.4191236077
1865346.2201347686
1861527.0542944658
1854038.332735708
1850113.9807022873
1846857.3924158982
1838978.3308018916
1835434.8079744265
1834162.7784605534
1831132.4280909272
1824177.853467969
1818917.4531653211
1815569.6041956109
1813208.169701991
1811052.7448291406
1805102.0832635858
1798429.6454809979
1793102.2371978187
1787783.14776213
1783075.9388444033
1778152.7590117757
1773616.720371252
1770476.8206489747
1764294.4079447687
1760454.214448674
1755545.9718986833
1750915.6886933483
1748234.1605096017
1743716.8301888134
1739315.7531289826
1737754.029890876
1736651.4417298771
1733900.733319309
1725272.96421439
1723144.3545330397
1720003.9812839432
1717626.0018623974
1713150.0961558945
1705695.7351712813
1697841.6959177246
1694615.666888542
1689345.2242157022
1685266.1058542572
1683804.5766188656
1676872.1138501687
1669130.021337637
1664988.2250749543
1663453.398232305
1659015.0346492855
1655487.1826929613
1648653.8687144462
1644333.045197519
1641553.2574350992
1640257.921034024
1638991.9760819436
1636478.6540902744
1632927.477674204
1632240.2178200218
1631020.9980581573
1627647.2556415782
1624265.8364945936
1622267.278353474
1619439.3055826263
1612447.1047898815
1608554.8849372892
1606029.716109491
1602581.132055773
1600304.3948249584
1594612.303732323
1590485.7312424826
1587073.151185832
1585872.6214306029
1581628.8600317112
1579515.6730155696
1576861.8344967267
1575371.7964436342
1571760.0845692814
1571243.0934758969
1571038.6679466576
1568215.4078555438
1565649.3382650693
1565603.2233750322
1565399.6763958205
1562907.257520638
1560113.6729011897
1558000.0533415868
1553331.6406447596
1551787.5932643563
1549207.3463750079
1546117.7025069636
1544882.2904640464
1543765.6840572038
1542650.909866682
1540313.0229073223
1538342.6351846866
1535888.5165308393
1534457.69698818
1533486.2560363405
1531954.689612785
1528952.0703706052
1526474.8017412336
1525657.0205908904
1524912.7407976189
1523572.447976943
1522364.2729812327
1517578.0403892247
1514327.8453810732
1510534.0899519154
1508358.1655129092
1506743.3192842212
1504299.7575061396
1502897.9769773746
1502897.9769773746
1501012.1739006005
1498061.6935984087
1498061.6935984087
1497623.822378661
1496849.243498953
1493867.8038363536
1492569.815546052
1487740.0526811169
1485273.0405557174
1483613.7676707779
1481921.8104495676
1480289.4077008604
1477712.9660442248
1476257.4036222897
1475561.1471369006
1473682.9264002535
1473229.5337804377
1472399.090037273
1470840.195730601
1468918.8938970934
1466566.7056216914
1466328.148744426
1465347.3869420718
1461087.3401879147
1457538.2035701745
1455816.4423844428
1454778.1917103159
1452786.664635329
1447819.867344068
1444616.8773684872
1442586.9776665934
1442499.1809367768
1440750.5904367527
1438737.9526193477
1437361.4735246985
1436810.3956292707
1435511.0845948118
1434224.067982506
1432595.8453629434
1431912.962800944
1431912.962800944
1431082.64307894
1427948.3029483114
1427948.3029483114
1426446.7084042754
1423559.798868153
1423232.0918569698
1422528.6729770638
1420898.9728053645
1420338.330007087
1419981.752495213
1418343.407032052
1418111.6504267384
1417880.1909562289
1416620.6164252283
1416620.6164252283
1416402.1159020993
1415402.7038315895
1414385.7867891334
1414217.4119644891
1413517.6081662842
1413080.3322251947
1412381.432804687
1412222.7508861623
1411843.5794292158
1410818.1687522852
1408124.9898966346
1406972.2289993935
1406730.7492588926
1406283.7304188935
1405126.7771472589
1404055.7917615327
1402881.7585219892
1402007.46178376
1401929.2648807527
1401733.0240555992
1400632.4600948812
1400190.5095202415
1397989.6102214414
1397520.425190362
1396943.3845146578
1395072.1969478428
1393802.9021489532
1390782.3933796647
1388502.5227972534
1387753.8485591696
1387753.8485591696
1387625.4590058266
1386689.647041588
1385933.5156204216
1385859.303412061
1384235.5687253335
1384235.5687253335
1382996.6263586036
1382742.603149904
1382200.200266447
1381400.9005578903
1380359.5918654301
1378051.427386746
1375882.4151245367
1374194.2014948437
1374020.5532442105
1373944.508854098
1372738.2439422337
1372270.8682741518
1368891.8629211998
1367502.9014468852
1365510.8151605814
1363500.671212765
1363268.6550041505
1361927.4151939997
1361048.8591334783
1360971.3776846188
1360971.3776846188
1358836.770382295
1356834.8072865529
1355886.1799796862
1352771.231921337
1350539.59777481
1349570.8924387326
1348080.1509188127
1348080.1509188127
1347610.6581517765
1347293.2180334404
1346671.173068407
1346146.9058479825
1345420.3743309563
1344026.6638417982
1344026.6638417982
1342495.4435543534
1342495.4435543534
1341300.8158715153
1340448.8011611495
1339270.9199810303
1338523.9966917655
1336214.775484262
1336214.775484262
1336214.775484262
1335314.4778576358
1334720.9596187095
1334720.9596187095
1331902.483266781
1330628.9118078463
1330483.8931773477
1330209.872033332
1329839.7244542225
1328103.5044824884
1328084.0400995323
1326038.4809636886
1325540.6210042683
1324954.6241045776
1323533.1285016849
1322843.2973497286
1322843.2973497286
1322568.9411308647
1321196.0302917594
1321174.716164777
1319738.2497481194
1319738.2497481194
1319428.7478357102
1318051.8083748932
1317386.075385251
1315837.8751170882
1314949.484935481
1314655.723607755
1313925.7549879337
1313779.2252741524
1312084.4407475379
1311830.977138573
1310794.4259708987
1310764.9087210004
1309994.3896669666
1309585.466403505
1309366.6358872817
1309135.9102944043
1308656.2558239293
1308531.092933937
1307768.2009262377
1307085.6333422954
1306789.7522230246
1306223.1112289503
1306169.9209672217
1305178.8841990177
1305178.8841990177
1304728.8769124942
1302271.9062166042
1299744.8667731574
1299302.062536858
1297991.71879823
1297351.0975014607
1296434.4944554744
1296434.4944554744
1295726.1702104793
1295207.524904001
1293541.4929263259
1291295.366038118
1291295.366038118
1291213.3834764704
1290542.225560839
1288245.9916747948
1286459.4627436693
1286193.945413462
1285315.4956107717
1285121.963343693
1283491.7349428171
1282718.4819143317
1282260.1371426387
1281232.9618629748
1280636.63012024
1278768.5984387984
1278444.9682385807
1276435.0393722919
1276435.0393722919
1275856.308756392
1275510.7216809518
1275272.2311492995
1275272.2311492995
1274265.3357689949
1273799.958118253
1273618.6277724016
1272807.5241313837
1272236.8145424598
1272164.5919804857
1271201.9761374716
1270547.6199284582
1270451.6291883348
1269393.0856496016
1268820.0015803608
1268820.0015803608
1267743.956702048
1267369.2024853225
1267369.2024853225
1266059.9061668431
1266059.9061668431
1265964.2911600964
1265657.4143677088
1265354.7292361958
1264278.0502793519
1263415.0476801498
1263415.0476801498
1263230.476481954
1261924.9193758324
1260981.4816867542
1259451.799584298
1258425.2625588006
1256675.0400460672
1256094.8477936317
1255579.7968322048
1255156.7440770876
1254254.6304842024
1253751.306610004
1253676.4617350744
1253214.7537545874
1252155.3197540045
1249108.0205810163
1248984.84212863
1248000.6500930623
1247623.4067688398
1247468.424248904
1246416.183038473
1245729.7232529775
1245729.7232529775
1245729.7232529775
1245349.1402796344
1244726.6348880795
1243377.064100652
1242844.521779182
1241538.6828195387
1241513.0709982393
1240399.4375488795
1239980.4761966022
1239980.4761966022
1237411.7664603312
1237411.7664603312
1237411.7664603312
1236846.165651476
1236336.603523435
1236098.5318254149
1236098.5318254149
1235903.2386661924
1235903.2386661924
1235903.2386661924
1235600.8634508657
1234919.529306533
1234304.6824698856
1233619.8276754655
1233619.8276754655
1233589.7050121482
1233049.2048681336
1232922.3995381831
1232720.2633018033
1232145.7859535445
1232145.7859535445
1231880.0130952615
1231880.0130952615
1231880.0130952615
1231592.375526697
1230772.8274992201
1230108.2883486738
1230108.2883486738
1227951.2883178126
1227905.5896076518
1226279.0601756326
1225077.8311071084
1223728.5097658343
1223701.7083374823
1223527.1875872826
1223395.4170212026
1222840.3107896666
1222301.8202119123
1221997.2397588636
1221997.2397588636
1221707.119551118
1221560.1022873586
1221499.6124799158
1221381.148786893
1221381.148786893
1220881.503189637
1220760.606701931
1220350.8282214473
1219137.8394464906
1218687.1001699877
1218382.5330082022
1218321.345784652
1218321.345784652
1218306.355568915
1218306.355568915
1218058.136852596
1217439.2513975718
1217399.8178691617
1217399.8178691617
1217021.9155169989
1216394.6986275995
1215796.9528382416
1215680.7065059426
1215480.4825451062
1215307.7104590987
1215307.7104590987
1215307.7104590987
1215307.7104590987
1214302.2638578305
1214302.2638578305
1213880.564024014
1212519.7316129575
1212182.4044514853
1211527.4101669758
1210407.6776374257
1209889.5952427452
1208880.8834546744
1206134.2970518721
1205531.6336389678
1205531.6336389678
1204331.2048053867
1203826.0989720896
1203518.8570281093
1202960.993159414
1202649.8417328673
1200874.8472197163
1200316.3815588434
1200316.3815588434
1199291.6282471768
1199291.6282471768
1199193.9520895146
1199156.6862806957
1199140.5341568675
1197761.924954922
1197761.924954922
1197029.5725454653
1196716.8560050777
1196630.2514033283
1194870.5282377603
1194870.5282377603
1193931.8817717456
1191145.6247756148
1191145.6247756148
1191145.6247756148
1191145.6247756148
1190581.2652141987
1190158.6246984159
1190158.6246984159
1189143.5390834496
1188960.812276719
1188960.812276719
1188960.812276719
1188960.812276719
1188866.3416296213
1188866.3416296213
1188795.6268060438
1187585.107832827
1187585.107832827
1187585.107832827
1187117.5631147209
1184350.096795732
1184350.096795732
1183210.1117883194
1183088.6827271704
1181947.79193033
1180568.90760078
1180085.771425863
1180085.771425863
1179973.1632831176
1178399.5787776592
1176369.5102937813
1176322.5348080583
1176138.5519151927
1176138.5519151927
1175135.2453265286
1174920.181721313
1174920.181721313
1173382.4485672943
1172888.985421938
1172888.985421938
1172888.985421938
1170711.7712193027
1170511.8124460215
1169980.8893536467
1169980.8893536467
1169958.561764393
1168653.7325198464
1168653.7325198464
1168610.3528658329
1168583.7567815268
1168072.1773401347
1167218.4707290996
1167218.4707290996
1167218.4707290996
1167218.4707290996
1167218.4707290996
1166717.131125491
1165339.2518410054
1165339.2518410054
1165216.565980128
1165216.565980128
1165075.038615107
1165075.038615107
1164915.4713658984
1164482.3756628945
1164454.5310587194
1164227.1070387822
1163884.054470368
1163253.8277557208
1163084.9827023938
1163084.9827023938
1162235.466773874
1161486.0006322563
1161486.0006322563
1161486.0006322563
1161043.3143580318
1161043.3143580318
1161043.3143580318
1160879.004241165
1160301.0250740587
1159946.561179682
1159824.3221139046
1158495.7579969903
1157943.9908106332
1157631.7995069404
1156880.5350240835
1156880.5350240835
1154531.4344558201
1154432.1266059314
1154179.4031266486
1154179.4031266486
1152601.594858231
1152601.594858231
1151926.2217549435
1150814.3366497636
1150814.3366497636
1149069.2782078353
1148994.506102773
1148155.4283349593
1148155.4283349593
1148155.4283349593
1148155.4283349593
1148059.7265563328
1148059.7265563328
1147863.8424522686
1147863.8424522686
1146442.0952766533
1145757.4589402094
1144097.981871802
1144097.981871802
1143711.0303180227
1142804.001978759
1142804.001978759
1142804.001978759
1141952.320372255
1141952.320372255
1141769.2705793206
1140872.3151615812
1139875.9160467861
1139875.9160467861
1139875.9160467861
1139875.9160467861
1139875.9160467861
1139816.2589140926
1139816.2589140926
1139814.436266716
1139814.436266716
1139814.436266716
1139204.9350152663
1139204.9350152663
1138808.7220554212
1137783.6926092086
1137263.4533891242
1137263.4533891242
1136724.150632595
1136093.2584918153
1134338.5074577867
1132535.9522200304
1131814.4538094401
1131814.4538094401
1131623.1948281075
1131190.4278943643
1131190.4278943643
1130797.3262104432
1130784.7759358995
1130784.7759358995
1130784.7759358995
1130372.3029539755
1129118.8647916522
1129118.8647916522
1128968.1549133477
1128529.1989852237
1128504.0580803757
1128504.0580803757
1127735.128347733
1125943.5051706508
1125943.5051706508
1125573.7187090274
1125512.9983916269
1125462.6428578238
1125462.6428578238
1125462.6428578238
1125167.7854702887
1124814.6403588974
1124368.1971993367
1124265.2031537478
1123884.415484034
1123874.739384289
1123874.739384289
1123465.337626881
1123136.5371982763
1122877.363726376
1122569.443687683
1121289.2195332525
1121103.9259212567
1121103.9259212567
1120236.6179609867
1120236.6179609867
1119513.753673261
1118662.9524168517
1118540.2846968207
1118507.3342094666
1117323.7664160943
1117323.7664160943
1117323.7664160943
1116877.9558032332
1116877.9558032332
1116599.499839807
1116040.1524167769
1116040.1524167769
1115706.074005404
1115706.074005404
1115706.074005404
1115671.5945031648
1115075.7156844249
1114651.7824601154
1114651.7824601154
1113823.1716924657
1113823.1716924657
1113817.1623093784
1113595.2219255357
1113146.49707695
1113146.49707695
1113048.746281995
1112730.922322832
1112730.922322832
1112730.922322832
1112730.922322832
1112631.0384362722
1111697.1858680663
1110690.0069552986
1110238.9217671123
1110238.9217671123
1110238.9217671123
1110238.9217671123
1109449.2979379976
1109449.2979379976
1109449.2979379976
1109449.2979379976
1109449.2979379976
1109449.2979379976
1108142.37836839
1108142.37836839
1107211.2177109823
1106412.749407244
1106412.749407244
1106412.749407244
1106398.5016032006
1106398.5016032006
1105775.1719360289
1105775.1719360289
1105775.1719360289
1105286.063942912
1105007.3192950352
1105007.3192950352
1105007.3192950352
1104963.0847857918
1104963.0847857918
1104408.2909173684
1102601.761293768
1101234.3144942552
1101154.6146080066
1100833.2488326244
1100833.2488326244
1100833.2488326244
1100833.2488326244
1100833.2488326244
1100833.2488326244
1099814.6806575388
1099062.2707115335
1099062.2707115335
1099044.3096471503
1099044.3096471503
1098818.6768659092
1098818.6768659092
1098818.6768659092
1098818.6768659092
1098818.6768659092
1098818.6768659092
1098818.6768659092
1098662.1664335954
1098662.1664335954
1098538.6335554912
1098538.6335554912
1097150.859755211
1096377.6375330957
1096377.6375330957
1096377.6375330957
1095367.720063623
1094739.8797306507
1094739.8797306507
1094739.8797306507
1094615.5382274599
1094615.5382274599
1094615.5382274599
1094615.5382274599
1094615.5382274599
1094246.5234481709
1094246.5234481709
1094246.5234481709
1094246.5234481709
1094246.5234481709
1093725.568814608
1093283.5934186173
1093283.5934186173
1092756.950401843
1092082.4640297703
1092082.4640297703
1092082.4640297703
1092082.4640297703
1092082.4640297703
1090844.8685108249
1090320.8345877165
1090320.8345877165
1088166.6082214213
1088166.6082214213
1088166.6082214213
1087161.5536174686
1087136.5261709045
1087065.8046351695
1087058.0888901511
1087058.0888901511
1086809.4445305197
1086468.7453014078
1086468.7453014078
1086468.7453014078
1086408.862838795
1086408.862838795
1086408.862838795
1085787.5959866515
1085787.5959866515
1085758.2050937435
1085758.2050937435
1085758.2050937435
1085758.2050937435
1085758.2050937435
1085758.2050937435
1085758.2050937435
1085758.2050937435
1085424.2290643556
1085424.2290643556
1085424.2290643556
1085424.2290643556
1085068.0061978386
1085068.0061978386
1085068.0061978386
1084657.3037782658
1084509.9328817998
1084101.355059958
1083913.5669621965
1083400.0935034533
1083400.0935034533
1083400.0935034533
1083038.9616504512
1083038.9616504512
1082822.4520529846
1082812.083831477
1082812.083831477
1082812.083831477
1082812.083831477
1082812.083831477
1082812.083831477
1082812.083831477
1082812.083831477
1082812.083831477
1081707.768726183
1081494.7751852537
1081494.7751852537
1080933.8800093243
1080546.0044879196
1080546.0044879196
1080201.0692083496
1080201.0692083496
1080192.0643285206
1079612.4990250287
1079612.4990250287
1079612.4990250287
1079612.4990250287
1079565.8700519453
1079565.8700519453
1079565.8700519453
1079546.1194398105
1079546.1194398105
1079156.0690450983
1079013.036821004
1079013.036821004
1078740.0198675874
1078417.0902126702
1078417.0902126702
1078182.3369048878
1078182.3369048878
1078182.3369048878
1077205.9263542243
1077205.9263542243
1077205.9263542243
1077089.7107995655
1077080.0772676645
1077080.0772676645
1077080.0772676645
1076831.675708885
1076817.6890113475
1074605.6659154808
1074605.6659154808
1074565.9648929837
1074565.9648929837
1073966.902566229
1072990.7109455147
1072990.7109455147
1072967.666904482
1072445.3953391784
1072445.3953391784
1072445.3953391784
1072445.3953391784
1071276.616952256
1071199.3177791121
1071199.3177791121
1069947.0945263968
1069909.9501341116
1069320.0206236187
1069320.0206236187
1069320.0206236187
1069320.0206236187
1069320.0206236187
1069267.9936987665
1068697.574784613
1068543.8895665877
1068287.2130772024
1068287.2130772024
1067890.9825514948
1067890.9825514948
1067124.3278669422
1067124.3278669422
1065456.4440542837
1065456.4440542837
1065456.4440542837
1065456.4440542837
1065158.7029703401
1065158.7029703401
1064276.8417633658
1064276.8417633658
1064276.8417633658
1064218.3354956924
1062226.6014448265
1062226.6014448265
1062226.6014448265
1062226.6014448265
1061222.8377059149
1061222.8377059149
1060886.0490658649
1060843.5462381188
1059348.3474846215
1059348.3474846215
1059348.3474846215
1059348.3474846215
1059252.5037410534
1058067.9283126919
1057899.7654282465
1057899.7654282465
1057899.7654282465
1057899.7654282465
1057899.7654282465
1057899.7654282465
1057899.7654282465
1057899.7654282465
1057899.7654282465
1057675.7319807815
1057453.655298198
1057453.655298198
1057453.655298198
1057233.6267970363
1056896.6477511069
1056747.2694420512
1056747.2694420512
1056747.2694420512
1056747.2694420512
1056492.945003647
1056492.945003647
1056492.945003647
1056492.945003647
1056492.945003647
1056231.004334373
1056138.1706803709
1056138.1706803709
1055725.704640448
1055509.5351365558
1054378.30629055
1054378.30629055
1053906.8643070022
1053906.8643070022
1052779.6396574136
1052779.6396574136
1052779.6396574136
1052779.6396574136
1052604.569515878
1052604.569515878
1052011.2327882033
1052011.2327882033
1052011.2327882033
1052011.2327882033
1052011.2327882033
1052011.2327882033
1051530.8081743042
1051530.8081743042
1051530.8081743042
1051530.8081743042
1050360.2502601275
1050360.2502601275
1050286.2763639144
1050286.2763639144
1050090.4615473188
1048395.7954359716
1048395.7954359716
1048395.7954359716
1048395.7954359716
1047967.6243998294
1047967.6243998294
1047963.7133158376
1047963.7133158376
1047871.9243427434
1047110.9276960433
1047110.9276960433
1047110.9276960433
1046912.6775977717
1046912.6775977717
1045545.101128658
1045545.101128658
1045545.101128658
1045354.6484640285
1045280.6316637148
1045132.7214699723
1044577.7534724044
1043220.605001754
1042970.0029983353
1042970.0029983353
1042924.1775280216
1042924.1775280216
1042924.1775280216
1042548.8667307184
1042464.4363948635
1042330.5551314945
1042319.471339436
1041841.1420789016
1041841.1420789016
1041841.1420789016
1041841.1420789016
1041841.1420789016
1040893.690795836
1040893.690795836
1040893.690795836
1040870.6012766405
1040870.6012766405
1040574.2477626591
1040574.2477626591
1040574.2477626591
1040574.2477626591
1040574.2477626591
1040574.2477626591
1040464.408527598
1039808.778002854
1039521.8530479922
1039450.7870832013
1039450.7870832013
1038902.3180874537
1038457.8799083242
1037794.6225943712
1037736.0718521599
1036334.1006898144
1036334.1006898144
1036334.1006898144
1035594.3487435693
1035538.9479633139
1035538.9479633139
1035538.9479633139
1035538.9479633139
1035538.9479633139
1035132.9528001642
1035132.9528001642
1035132.9528001642
1035132.9528001642
1035132.9528001642
1035132.9528001642
1035115.4097418985
1035115.4097418985
1035115.4097418985
1035115.4097418985
1035115.4097418985
1034013.2410702305
1033575.0207531196
1033366.9924114965
1033366.9924114965
1033142.5036951917
1033142.5036951917
1033142.5036951917
1033142.5036951917
1033142.5036951917
1033142.5036951917
1032309.605191157
1032309.605191157
1032309.605191157
1032309.605191157
1032309.605191157
1032309.605191157
1031979.0722235887
1031436.8206528025
1031436.8206528025
1031180.0387240857
1031180.0387240857
1031158.9697427909
1031077.9820860339
1031077.9820860339
1031077.9820860339
1030434.5928701895
1030045.8593324616
1029435.7344096166
1029435.7344096166
1029435.7344096166
1029435.7344096166
1029435.7344096166
1029435.7344096166
1028680.9957457256
1028680.9957457256
1028680.9957457256
1027182.8682191889
1026307.4808165038
1026205.472915244
1025924.886621416
1024769.2552509496
1024769.2552509496
1024769.2552509496
1023643.5288583807
1023309.7520312896
1023178.2489028831
1023178.2489028831
1023178.2489028831
1023005.2154260324
1023005.2154260324
1023005.2154260324
1023005.2154260324
1023005.2154260324
1023005.2154260324
1023005.2154260324
1022667.2240389036
1022667.2240389036
1022667.2240389036
1022466.1730053886
1022334.4166320472
1022334.4166320472
1021431.0479984551
1021431.0479984551
1021431.0479984551
1021431.0479984551
1021431.0479984551
1021431.0479984551
1020510.6893763582
1020033.5804365866
1019801.2703712576
1019151.4790091303
1019079.1200898718
1018616.2130325991
1018427.8410604694
1018427.8410604694
1018011.7820395812
1018011.7820395812
1017722.8745081176
1017180.8634985443
1017180.8634985443
1017118.462692485
1017118.462692485
1016146.2330177012
1016146.2330177012
1015488.931075789
1015488.931075789
1015488.931075789
1015488.931075789
1015488.931075789
1015488.931075789
1015488.931075789
1015478.7407671891
1015474.0423313851
1015474.0423313851
1015369.9885047222
1015369.9885047222
1015369.9885047222
1015192.5765211968
1015192.5765211968
1015192.5765211968
1015192.5765211968
1015192.5765211968
1015192.5765211968
1014361.8136888952
1014228.216618227
1014228.216618227
1014228.216618227
1013996.8702659928
1013996.8702659928
1013996.8702659928
1013965.2959983319
1013844.8265746435
1013396.6971246228
1013228.9609144297
1013228.9609144297
1013228.9609144297
1013228.9609144297
1011581.5069345264
1011581.5069345264
1011581.5069345264
1011155.2884983782
1011155.2884983782
1011155.2884983782
1011155.2884983782
1011155.2884983782
1010484.5711475296
1010484.5711475296
1010484.5711475296
1010484.5711475296
1010441.8037613272
1010441.8037613272
1010441.8037613272
1010441.8037613272
1010441.8037613272
1010436.706109103
1010436.706109103
1009979.4245416401
1009979.4245416401
1009979.4245416401
1009979.4245416401
1009979.4245416401
1009979.4245416401
1009707.5710425469
1009628.2278864479
1009628.2278864479
1008700.9320382497
1008623.9630752678
1008623.9630752678
1008623.9630752678
1008623.9630752678
1008623.9630752678
1008261.5690400659
1008261.5690400659
1008261.5690400659
1007866.7947130317
1007866.7947130317
1007866.7947130317
1007866.7947130317
1007866.7947130317
1007866.7947130317
1007866.7947130317
1007866.7947130317
1007866.7947130317
1007866.7947130317
1007866.7947130317
1007866.7947130317
1007866.7947130317
1007866.7947130317
1007866.7947130317
1006258.1449252627
1006258.1449252627
1006258.1449252627
1006258.1449252627
1006258.1449252627
1006258.1449252627
1005434.9588478575
1005434.9588478575
1005434.9588478575
1005434.9588478575
1005338.096865552
1005338.096865552
1004800.8687276337
1004800.8687276337
1004570.6179824229
1004570.6179824229
1004152.1485542648
1004129.1595911739
1004129.1595911739
1004129.1595911739
1004129.1595911739
1004129.1595911739
1003730.7182827829
1003730.7182827829
1003230.862004819
1003030.4678503077
1003030.4678503077
1002375.4051709832
1002375.4051709832
1002032.5136083798
1001656.562820398
1001004.4595102728
1001004.4595102728
1000397.1236087811
1000397.1236087811
1000397.1236087811
1000397.1236087811
1000397.1236087811
1000397.1236087811
1000397.1236087811
1000397.1236087811
1000397.1236087811
1000077.0230830202
999461.5259019055
999287.5894667204
999287.5894667204
999287.5894667204
999287.5894667204
999028.3961816934
998381.0679902988
998289.5942200427
998289.5942200427
998150.4464460344
998150.4464460344
998011.0019884413
998011.0019884413
997403.5420368514
997403.5420368514
997403.5420368514
997321.4390265387
996665.0842948728
996665.0842948728
996598.5479818871
996287.3204269495
996287.3204269495
996287.3204269495
995817.5971461867
995817.5971461867
995559.3985451774
995559.3985451774
994844.9579135339
994844.9579135339
994844.9579135339
994844.9579135339
994277.3274432912
994277.3274432912
994277.3274432912
994277.3274432912
993401.2899272665
993375.2166269253
992872.224071424
992744.5027699934
992744.5027699934
992744.5027699934
992744.5027699934
992744.5027699934
992151.1770385217
992151.1770385217
992151.1770385217
992140.7376605128
991772.5981365682
991772.5981365682
991721.5935426767
990993.180916742
990069.0680493489
990069.0680493489
990069.0680493489
989412.0511175954
988859.3544728623
988859.3544728623
988433.0731942351
988035.689909652
988035.689909652
987707.2233179165
987707.2233179165
987615.2973852284
987615.2973852284
987615.2973852284
986153.3774461439
986153.3774461439
986153.3774461439
985715.233077537
985715.233077537
985715.233077537
985715.233077537
985715.233077537
985631.6580590189
985631.6580590189
985260.6682731018
985260.6682731018
984925.1602522361
984925.1602522361
984925.1602522361
984925.1602522361
984925.1602522361
984925.1602522361
984911.0864648807
984615.3689214569
984615.3689214569
984615.3689214569
984615.3689214569
984615.3689214569
983927.5347684477
982800.7482298047
982606.0493649833
982330.4912190379
982330.4912190379
982209.8601909121
982209.8601909121
982209.8601909121
982209.8601909121
980820.8158319707
980820.8158319707
980820.8158319707
980820.8158319707
980820.8158319707
980820.8158319707
980820.8158319707
980820.8158319707
980820.8158319707
980820.8158319707
980723.3813339118
980723.3813339118
980723.3813339118
980181.2286410718
979897.0718820007
979897.0718820007
979897.0718820007
979897.0718820007
979897.0718820007
979897.0718820007
979897.0718820007
979897.0718820007
979897.0718820007
979897.0718820007
979897.0718820007
979897.0718820007
979897.0718820007
979897.0718820007
979897.0718820007
979897.0718820007
979897.0718820007
979897.0718820007
979897.0718820007
979897.0718820007
979897.0718820007
979897.0718820007
979897.0718820007
979897.0718820007
979897.0718820007
979897.0718820007
979897.0718820007
979039.6873209524
979039.6873209524
979039.6873209524
979039.6873209524
979039.6873209524
979039.6873209524
978986.4699912383
978675.697375902
978675.697375902
978675.697375902
978373.4836813788
977913.2151679402
977913.2151679402
977625.4058017044
976976.9847830632
976976.9847830632
976615.5880773198
976615.5880773198
976615.5880773198
976470.5375077545
976470.5375077545
976470.5375077545
976470.5375077545
976470.5375077545
975364.5966392877
975364.5966392877
975364.5966392877
975364.5966392877
975364.5966392877
975364.5966392877
975364.5966392877
975364.5966392877
974496.1276646154
974496.1276646154
974496.1276646154
974496.1276646154
974099.7707406802
974099.7707406802
973513.758660515
973184.8602290837
973184.8602290837
973184.8602290837
973184.8602290837
973034.0059452199
973034.0059452199
973034.0059452199
973034.0059452199
973034.0059452199
972229.471399324
971875.2408844791
971833.8979520485
971833.8979520485
971833.8979520485
971833.8979520485
971451.3732503627
971451.3732503627
971451.3732503627
971210.5457045292
971210.5457045292
971210.5457045292
971210.5457045292
971029.6895811178
971029.6895811178
971029.6895811178
971029.6895811178
971029.6895811178
971029.6895811178
971029.6895811178
970489.536943498
970489.536943498
970489.536943498
970489.536943498
970489.536943498
970489.536943498
970489.536943498
970489.536943498
970489.536943498
970489.536943498
970489.536943498
970489.536943498
969635.8769519177
969635.8769519177
969455.3592210929
969455.3592210929
969455.3592210929
969455.3592210929
969288.3499342883
969288.3499342883
969243.4721460389
968903.1948571356
968903.1948571356
968903.1948571356
968898.8799718404
968898.8799718404
968898.8799718404
968898.8799718404
968898.8799718404
968898.8799718404
968898.8799718404
968588.0032381633
968588.0032381633
968588.0032381633
968588.0032381633
968588.0032381633
968588.0032381633
968588.0032381633
968588.0032381633
968588.0032381633
968253.5390710826
968253.5390710826
968253.5390710826
968253.5390710826
968214.5125768392
967688.8091151179
967688.8091151179
967688.8091151179
967652.876204411
967391.3753622579
967391.3753622579
966947.3992874154
966947.3992874154
966947.3992874154
966947.3992874154
966947.3992874154
966947.3992874154
966947.3992874154
966947.3992874154
966645.0676622324
966645.0676622324
966645.0676622324
966645.0676622324
966645.0676622324
966447.0607846661
966408.3152701597
966408.3152701597
966408.3152701597
965656.4012997287
965576.4287700991
965576.4287700991
965576.4287700991
965576.4287700991
965576.4287700991
965576.4287700991
965576.4287700991
965576.4287700991
965261.7866300419
965137.7887553261
965137.7887553261
965137.7887553261
965137.7887553261
965137.7887553261
965137.7887553261
965137.7887553261
965137.7887553261
965137.7887553261
965137.7887553261
965137.7887553261
965137.7887553261
965137.7887553261
965137.7887553261
965137.7887553261
965137.7887553261
965001.278048634
964829.1825423355
964829.1825423355
964829.1825423355
963129.7976213181
962637.5403033439
962109.9192220515
962109.9192220515
962109.9192220515
962109.9192220515
962109.9192220515
962109.9192220515
962109.9192220515
962109.9192220515
962109.9192220515
962109.9192220515
961976.5708688025
961976.5708688025
961976.5708688025
961976.5708688025
961745.6351368022
961620.858522534
961620.858522534
961620.858522534
961600.3316254145
961600.3316254145
961600.3316254145
961600.3316254145
961585.8644814591
961585.8644814591
960850.0019942299
960850.0019942299
960792.6382109051
960792.6382109051
960792.6382109051
960792.6382109051
960441.7279994714
960441.7279994714
960441.7279994714
960441.7279994714
960441.7279994714
960217.5871036176
960217.5871036176
960217.5871036176
960217.5871036176
960217.5871036176
960217.5871036176
960217.5871036176
959256.6407044723
959256.6407044723
959256.6407044723
959256.6407044723
959256.6407044723
958791.2527514261
958791.2527514261
958242.1399099329
958242.1399099329
957467.0591377192
957467.0591377192
957467.0591377192
956798.9323050043
956781.8932906267
956781.8932906267
956781.8932906267
956781.8932906267
956323.8132806534
956323.8132806534
956323.8132806534
956118.0262228011
956118.0262228011
956118.0262228011
956118.0262228011
956118.0262228011
956118.0262228011
956118.0262228011
956118.0262228011
956118.0262228011
956118.0262228011
956118.0262228011
956118.0262228011
956023.3290367003
956023.3290367003
956023.3290367003
955675.8225325915
955675.8225325915
955675.8225325915
955675.8225325915
955675.8225325915
955675.8225325915
955675.8225325915
955675.8225325915
955561.328347792
955561.328347792
955561.328347792
955561.328347792
955561.328347792
955456.2861509983
955456.2861509983
955456.2861509983
955456.2861509983
955456.2861509983
955456.2861509983
955456.2861509983
955106.4582272822
955106.4582272822
954924.7600557219
954924.7600557219
954617.9865903249
954617.9865903249
954617.9865903249
954617.9865903249
954573.1090321293
954573.1090321293
954573.1090321293
954491.9418697946
954491.9418697946
954377.3506353687
954377.3506353687
954377.3506353687
954377.3506353687
954330.6772210104
954330.6772210104
954330.6772210104
954330.6772210104
953932.5082139013
953360.1070727872
952620.2978933717
952570.8499609362
952570.8499609362
952570.8499609362
952570.8499609362
952570.8499609362
952555.6413334204
952370.732586624
952370.732586624
952370.732586624
952370.732586624
952370.732586624
951902.6600880983
951902.6600880983
951742.7297227599
951742.7297227599
951742.7297227599
951742.7297227599
951570.9305661487
951570.9305661487
951570.9305661487
951570.9305661487
951525.1310239369
951525.1310239369
951388.468581148
951388.468581148
951388.468581148
950280.046342213
950280.046342213
950188.7518133817
950188.7518133817
950188.7518133817
950188.7518133817
950188.7518133817
950188.7518133817
950188.7518133817
950188.7518133817
950188.7518133817
950188.7518133817
950056.2198410422
950056.2198410422
950056.2198410422
950056.2198410422
949405.9787652963
949405.9787652963
947882.367902891
947882.367902891
947882.367902891
947882.367902891
947882.367902891
947714.0323780326
947714.0323780326
947614.7168358867
947301.6093964886
947301.6093964886
947301.6093964886
947301.6093964886
947301.6093964886
947301.6093964886
947301.6093964886
947199.2245558097
947199.2245558097
947199.2245558097
947199.2245558097
947199.2245558097
947199.2245558097
947199.2245558097
946350.5695695424
946350.5695695424
946350.5695695424
946350.5695695424
946350.5695695424
946350.5695695424
946350.5695695424
946350.5695695424
946350.5695695424
946350.5695695424
946350.5695695424
946350.5695695424
946350.5695695424
946350.5695695424
946350.5695695424
946031.1433880163
945704.7127200139
945261.2889847136
944956.2287474931
944932.3698366424
944932.3698366424
944842.49398867
944842.49398867
944812.7207097098
944812.7207097098
944812.7207097098
944812.7207097098
944812.7207097098
944778.0054154599
944763.264507725
944763.264507725
944763.264507725
944763.264507725
944763.264507725
944380.5314852074
944380.5314852074
943753.6814493451
943753.6814493451
943496.0576544008
943496.0576544008
942633.5962492183
942633.5962492183
942633.5962492183
942504.5946597741
942504.5946597741
941911.322201896
941911.322201896
941911.322201896
941911.322201896
941911.322201896
941318.4893371504
941318.4893371504
940632.1513410339
940632.1513410339
940632.1513410339
940632.1513410339
940456.7389629285
940347.9963574624
940347.9963574624
940347.9963574624
940347.9963574624
940347.9963574624
940320.7944736277
940320.7944736277
940320.7944736277
939750.3826176837
939750.3826176837
939750.3826176837
939750.3826176837
939750.3826176837
939396.0213371592
939396.0213371592
939349.5803013608
939349.5803013608
938157.5633540242
938157.5633540242
938157.5633540242
938066.1269686366
938066.1269686366
938066.1269686366
937895.6053582313
937895.6053582313
937895.6053582313
937895.6053582313
937895.6053582313
937895.6053582313
937895.6053582313
937895.6053582313
937895.6053582313
937895.6053582313
937895.6053582313
937895.6053582313
937895.6053582313
937679.6243377065
937679.6243377065
937679.6243377065
937521.6934060835
937459.6232763757
937459.6232763757
937459.6232763757
937459.6232763757
936754.1123369867
936754.1123369867
936754.1123369867
936470.0806114017
936470.0806114017
935896.915683409
935896.915683409
935896.915683409
935896.915683409
935896.915683409
935896.915683409
935896.915683409
935896.915683409
935896.915683409
935896.915683409
935896.915683409
935896.915683409
935787.7666402052
935787.7666402052
935427.1134534302
935427.1134534302
935427.1134534302
935427.1134534302
935427.1134534302
935339.2617030974
935339.2617030974
935339.2617030974
935339.2617030974
935339.2617030974
935339.2617030974
935339.2617030974
935334.8444480617
934096.7183240908
934096.7183240908
933976.828495513
933976.828495513
933614.1746623733
933614.1746623733
933331.5390440531
933331.5390440531
933331.5390440531
933331.5390440531
933331.5390440531
933148.4585183952
933148.4585183952
933148.4585183952
933139.1193390121
933139.1193390121
933139.1193390121
933139.1193390121
933139.1193390121
932362.9328518352
932362.9328518352
932362.9328518352
932362.9328518352
932362.9328518352
932362.9328518352
932205.6623226046
931921.1196682206
931921.1196682206
931921.1196682206
931921.1196682206
931921.1196682206
931921.1196682206
931921.1196682206
931921.1196682206
931839.355531598
931839.355531598
931211.984594235
931211.984594235
931211.984594235
931211.984594235
931211.984594235
931211.984594235
931133.3232145915
930898.8782787801
930070.5835286654
930070.5835286654
930049.8028394887
930049.8028394887
930049.8028394887
930049.8028394887
930026.301298448
930026.301298448
930026.301298448
929997.0835796271
929997.0835796271
929997.0835796271
929997.0835796271
929997.0835796271
929809.0223318539
929201.2655362017
929201.2655362017
929201.2655362017
929201.2655362017
929201.2655362017
929201.2655362017
929201.2655362017
929201.2655362017
928816.5405028741
928816.5405028741
928816.5405028741
928816.5405028741
928816.5405028741
928816.5405028741
928816.5405028741
928816.5405028741
928816.5405028741
928816.5405028741
928816.5405028741
928816.5405028741
928816.5405028741
928816.5405028741
928816.5405028741
928816.5405028741
928816.5405028741
928793.3862646451
928793.3862646451
928793.3862646451
928793.3862646451
928793.3862646451
928793.3862646451
928793.3862646451
928793.3862646451
928793.3862646451
928793.3862646451
928793.3862646451
928793.3862646451
928147.8867122863
928147.8867122863
928147.8867122863
928147.8867122863
928147.8867122863
927716.8353449416
927716.8353449416
927716.8353449416
927716.8353449416
927716.8353449416
926956.5783691383
926956.5783691383
926788.6425741836
926788.6425741836
926788.6425741836
926788.6425741836
926788.6425741836
926581.1688020403
926581.1688020403
926581.1688020403
926581.1688020403
926581.1688020403
926581.1688020403
926581.1688020403
926581.1688020403
926294.9702873223
926294.9702873223
926294.9702873223
926294.9702873223
926112.3437971713
926112.3437971713
926112.3437971713
925494.4661642282
925494.4661642282
925494.4661642282
925494.4661642282
925494.4661642282
924731.7748756696
924613.2080124815
924613.2080124815
924531.8712389122
924531.8712389122
924531.8712389122
924008.1806446272
924008.1806446272
924008.1806446272
924008.1806446272
924008.1806446272
924008.1806446272
924008.1806446272
923363.357964128
923363.357964128
923363.357964128
923363.357964128
923363.357964128
923336.8778294553
923336.8778294553
923336.8778294553
922699.4856847049
922699.4856847049
922111.1996859943
922111.1996859943
922111.1996859943
922111.1996859943
922111.1996859943
922111.1996859943
922111.1996859943
922111.1996859943
921793.006475827
921572.1428463111
921572.1428463111
921572.1428463111
921572.1428463111
921572.1428463111
921107.0973932175
921107.0973932175
921107.0973932175
921107.0973932175
920768.432817064
920768.432817064
920768.432817064
920768.432817064
920768.432817064
920768.432817064
920768.432817064
920372.3358334564
920372.3358334564
920372.3358334564
920372.3358334564
920372.3358334564
920372.3358334564
920372.3358334564
920372.3358334564
920372.3358334564
920372.3358334564
920372.3358334564
920372.3358334564
920372.3358334564
920372.3358334564
920372.3358334564
920372.3358334564
920372.3358334564
920372.3358334564
920372.3358334564
920372.3358334564
920372.3358334564
920024.1482697508
919786.4244569691
919786.4244569691
919774.8933199387
919762.2287953504
919762.2287953504
919762.2287953504
919684.5479110173
919684.5479110173
919684.5479110173
919501.391355803
919393.9101782127
919393.9101782127
919368.1887910798
919368.1887910798
919368.1887910798
919368.1887910798
919368.1887910798
919368.1887910798
919368.1887910798
919368.1887910798
918471.2522952845
918471.2522952845
918471.2522952845
918416.5081422236
918295.5912166773
918055.450422714
918055.450422714
918055.450422714
918055.450422714
918055.450422714
918055.450422714
918055.450422714
918055.450422714
918055.450422714
918055.450422714
918055.450422714
918055.450422714
918055.450422714
918055.450422714
917817.7438288088
917817.7438288088
917817.7438288088
917817.7438288088
917817.7438288088
917817.7438288088
917536.8903317623
917536.8903317623
917536.8903317623
917536.8903317623
917536.8903317623
917536.8903317623
917533.354294248
917533.354294248
917533.354294248
917533.354294248
917533.354294248
917533.354294248
917533.354294248
917449.3767958179
917449.3767958179
917449.3767958179
917449.3767958179
917449.3767958179
917449.3767958179
917449.3767958179
917449.3767958179
917449.3767958179
917449.3767958179
916972.2080547974
916972.2080547974
916972.2080547974
916972.2080547974
916972.2080547974
916972.2080547974
916972.2080547974
916972.2080547974
916972.2080547974
916662.649911149
916662.649911149
916662.649911149
916662.649911149
916662.649911149
916662.649911149
916662.649911149
916662.649911149
916474.0438156558
916474.0438156558
916474.0438156558
916474.0438156558
916474.0438156558
916474.0438156558
916474.0438156558
916341.1664563264
916341.1664563264
916341.1664563264
916341.1664563264
916341.1664563264
916179.4717047127
916179.4717047127
916179.4717047127
916179.4717047127
916179.4717047127
916179.4717047127
915921.471635462
915738.7737895525
915738.7737895525
915738.7737895525
915409.1632656257
915295.3621211362
915295.3621211362
915105.2257547718
915053.3546945472
915053.3546945472
915053.3546945472
915053.3546945472
915053.3546945472
915053.3546945472
915053.3546945472
914947.9441820248
914947.9441820248
914947.9441820248
914947.9441820248
914947.9441820248
914947.9441820248
914947.9441820248
914947.9441820248
914947.9441820248
914947.9441820248
914694.7815991788
914451.2396976453
914451.2396976453
914451.2396976453
914451.2396976453
914451.2396976453
914451.2396976453
914451.2396976453
914451.2396976453
914451.2396976453
914451.2396976453
914451.2396976453
914451.2396976453
914451.2396976453
914022.6581593773
914022.6581593773
914022.6581593773
914022.6581593773
914022.6581593773
914022.6581593773
914022.6581593773
914022.6581593773
914022.6581593773
914022.6581593773
914022.6581593773
914022.6581593773
914022.6581593773
914022.6581593773
914022.6581593773
914022.6581593773
914022.6581593773
913490.1036469308
913490.1036469308
913490.1036469308
913490.1036469308
913490.1036469308
912281.431005225
912072.838876913
912050.4746329337
912050.4746329337
912050.4746329337
911984.0072385548
911984.0072385548
911987.2139134938
911987.2139134938
911987.2139134938
911987.2139134938
911987.2139134938
911987.2139134938
911987.2139134938
911987.2139134938
911987.2139134938
911987.2139134938
911987.2139134938
911987.2139134938
911987.2139134938
911987.2139134938
911987.2139134938
911793.8165257014
911533.1707775277
911139.4264267026
911139.4264267026
911139.4264267026
911139.4264267026
911139.4264267026
911139.4264267026
911139.4264267026
911139.4264267026
911139.4264267026
911139.4264267026
911006.9842326427
911006.9842326427
911006.9842326427
911006.9842326427
911006.9842326427
911006.9842326427
911006.9842326427
911006.9842326427
911006.9842326427
911006.9842326427
911006.9842326427
910838.0170831191
910838.0170831191
910838.0170831191
910838.0170831191
910838.0170831191
910838.0170831191
910838.0170831191
910653.7927785248
910653.7927785248
910653.7927785248
910653.7927785248
910653.7927785248
910653.7927785248
910653.7927785248
910195.1959238673
910195.1959238673
910195.1959238673
910134.9056527553
910134.9056527553
910134.9056527553
910134.9056527553
910134.9056527553
910084.6463589207
910084.6463589207
910084.6463589207
910084.6463589207
910084.6463589207
910084.6463589207
910005.0548581786
910005.0548581786
910005.0548581786
910005.0548581786
910005.0548581786
909243.232476157
909243.232476157
909243.232476157
909243.232476157
909243.232476157
909243.232476157
909243.232476157
909243.232476157
908928.6441646034
908928.6441646034
908486.1439292559
908486.1439292559
908486.1439292559
908486.1439292559
908486.1439292559
908486.1439292559
908444.2779775616
908444.2779775616
908428.2383389183
908428.2383389183
908428.2383389183
908428.2383389183
908428.2383389183
908428.2383389183
908428.2383389183
908428.2383389183
908342.6161630831
908022.999832236
908022.999832236
908022.999832236
908022.999832236
908022.999832236
908022.999832236
907953.9789069647
907953.9789069647
907953.9789069647
907953.9789069647
907953.9789069647
907487.8351163752
907487.8351163752
907487.8351163752
907487.8351163752
907487.8351163752
907487.8351163752
907487.8351163752
907487.8351163752
907250.4739863316
907250.4739863316
907250.4739863316
906831.1576981348
906831.1576981348
906831.1576981348
906831.1576981348
906831.1576981348
906765.2237971073
906765.2237971073
906765.2237971073
906765.2237971073
906765.2237971073
906765.2237971073
906765.2237971073
906765.2237971073
905471.0027849548
905471.0027849548
905471.0027849548
905357.9755361406
905357.9755361406
905357.9755361406
905357.9755361406
905357.9755361406
905357.9755361406
905357.9755361406
905357.9755361406
905357.9755361406
905357.9755361406
905357.9755361406
905357.9755361406
905357.9755361406
905357.9755361406
905357.9755361406
905357.9755361406
905357.9755361406
905357.9755361406
905357.9755361406
905282.0894501874
905282.0894501874
905282.0894501874
905282.0894501874
905282.0894501874
905282.0894501874
905282.0894501874
905282.0894501874
905282.0894501874
905282.0894501874
905282.0894501874
905282.0894501874
905282.0894501874
905282.0894501874
905282.0894501874
905282.0894501874
905282.0894501874
905282.0894501874
905037.9101835415
905037.9101835415
904782.7539296487
904782.7539296487
904782.7539296487
904782.7539296487
904782.7539296487
904782.7539296487
904782.7539296487
904689.9518498643
904563.5126518187
904563.5126518187
904563.5126518187
904563.5126518187
904563.5126518187
904563.5126518187
904563.5126518187
904563.5126518187
904563.5126518187
904563.5126518187
904563.5126518187
904011.7991929636
904011.7991929636
904011.7991929636
904011.7991929636
904011.7991929636
904011.7991929636
904011.7991929636
903786.042414869
903786.042414869
903786.042414869
903786.042414869
903715.9562665995
903489.5784865569
903361.4553573773
903361.4553573773
903361.4553573773
903361.4553573773
903361.4553573773
902934.5812551754
902934.5812551754
902934.5812551754
902934.5812551754
902934.5812551754
902934.5812551754
902770.8128875616
902770.8128875616
902770.8128875616
902770.8128875616
902645.1604649308
902645.1604649308
902645.1604649308
902645.1604649308
902645.1604649308
902645.1604649308
902645.1604649308
902427.2444932726
902427.2444932726
902427.2444932726
901648.83618012
901648.83618012
901648.83618012
901648.83618012
901648.83618012
901648.83618012
901648.83618012
901648.83618012
901648.83618012
901648.83618012
901648.83618012
901648.83618012
901648.83618012
901648.83618012
901648.83618012
901648.83618012
901648.83618012
901648.83618012
901648.83618012
901462.5576709823
901462.5576709823
901462.5576709823
900808.8984316974
900808.8984316974
900808.8984316974
900808.8984316974
900178.211142026
900178.211142026
900028.6722675174
900028.6722675174
900028.6722675174
900028.6722675174
900028.6722675174
900028.6722675174
900028.6722675174
899577.5464593505
899577.5464593505
899577.5464593505
899577.5464593505
898998.6651602568
898980.9840235383
898980.9840235383
898980.9840235383
898980.9840235383
898944.1492740627
898944.1492740627
898638.2351793754
898638.2351793754
898638.2351793754
898609.6915985155
898609.6915985155
898609.6915985155
898609.6915985155
898609.6915985155
898609.6915985155
898519.5392361063
898393.289751446
898340.0297446374
898340.0297446374
898171.1800024933
898067.100435516
898067.100435516
898067.100435516
898067.100435516
898067.100435516
898067.100435516
897810.1387635254
897810.1387635254
897810.1387635254
897810.1387635254
897810.1387635254
897810.1387635254
897810.1387635254
897048.7971621018
897048.7971621018
897048.7971621018
897048.7971621018
897048.7971621018
897048.7971621018
897048.7971621018
897048.7971621018
897048.7971621018
897048.7971621018
897048.7971621018
897048.7971621018
896598.2349933056
896093.7915040031
896093.7915040031
896093.7915040031
896093.7915040031
896093.7915040031
895863.1723217703
895863.1723217703
895863.1723217703
895863.1723217703
895863.1723217703
895863.1723217703
895863.1723217703
895210.9639748925
895210.9639748925
895210.9639748925
894707.5171997212
894707.5171997212
894707.5171997212
894707.5171997212
894707.5171997212
894256.5725213047
894256.5725213047
894256.5725213047
894256.5725213047
894256.5725213047
894256.5725213047
894256.5725213047
894256.5725213047
894256.5725213047
894256.5725213047
894256.5725213047
893876.6078137166
893876.6078137166
893140.0361406801
893140.0361406801
893140.0361406801
893067.840834828
892998.1998095895
892998.1998095895
892998.1998095895
892998.1998095895
892648.1275949238
892648.1275949238
891994.8178629281
891744.3587642591
891744.3587642591
891744.3587642591
891744.3587642591
891744.3587642591
891744.3587642591
891744.3587642591
891569.7114345381
891569.7114345381
891569.7114345381
891569.7114345381
891421.4857299193
891184.0734003128
891184.0734003128
891184.0734003128
891184.0734003128
891184.0734003128
891155.3275528289
891155.3275528289
891155.3275528289
891155.3275528289
891155.3275528289
891155.3275528289
891155.3275528289
891155.3275528289
891155.3275528289
891155.3275528289
891155.3275528289
891155.3275528289
890918.7611158467
890918.7611158467
890918.7611158467
890918.7611158467
890770.1078127613
890664.7803024927
890664.7803024927
890664.7803024927
890664.7803024927
890664.7803024927
890625.2125176219
890625.2125176219
890625.2125176219
890625.2125176219
890625.2125176219
890625.2125176219
890224.6742566018
890224.6742566018
890155.3221936913
890155.3221936913
890155.3221936913
890155.3221936913
890155.3221936913
890155.3221936913
890155.3221936913
889566.1246142639
889566.1246142639
889566.1246142639
889566.1246142639
889566.1246142639
889566.1246142639
889566.1246142639
889566.1246142639
889566.1246142639
888448.3661884416
888448.3661884416
888448.3661884416
888448.3661884416
888448.3661884416
888448.3661884416
888448.3661884416
888448.3661884416
888448.3661884416
888448.3661884416
888448.3661884416
888368.2228134756
888368.2228134756
888368.2228134756
888004.6070068171
888004.6070068171
888004.6070068171
887181.7793912005
887181.7793912005
887181.7793912005
887181.7793912005
887181.7793912005
887181.7793912005
887181.7793912005
887181.7793912005
887181.7793912005
887181.7793912005
887181.7793912005
887181.7793912005
887181.7793912005
887181.7793912005
887181.7793912005
887181.7793912005
887181.7793912005
887181.7793912005
887181.7793912005
887181.7793912005
887149.6950364647
887149.6950364647
886775.3156413313
886170.4826890557
886170.4826890557
886170.4826890557
886170.4826890557
886170.4826890557
885651.2540674714
885651.2540674714
885651.2540674714
885651.2540674714
885651.2540674714
885128.5174347133
885128.5174347133
885128.5174347133
885128.5174347133
885128.5174347133
885128.5174347133
885128.5174347133
885128.5174347133
885128.5174347133
885128.5174347133
885128.5174347133
885128.5174347133
885128.5174347133
885128.5174347133
885128.5174347133
885128.5174347133
885128.5174347133
885128.5174347133
885128.5174347133
885128.5174347133
885128.5174347133
885128.5174347133
885128.5174347133
885128.5174347133
885128.5174347133
885128.5174347133
885128.5174347133
885128.5174347133
885128.5174347133
885128.5174347133
885128.5174347133
885128.5174347133
885128.5174347133
885128.5174347133
885128.5174347133
885128.5174347133
885128.5174347133
885128.5174347133
885128.5174347133
885128.5174347133
885128.5174347133
885128.5174347133
885128.5174347133
885128.5174347133
885128.5174347133
885128.5174347133
885128.5174347133
885128.5174347133
885128.5174347133
885128.5174347133
885128.5174347133
