4199074.726845055
3768338.728024693
3430450.3007087205
3094026.512926709
2800417.1900924235
2553335.8391281627
2338264.0962995393
2136642.16527516
1969513.5919629913
1797388.3031727998
1652262.319954014
1509062.859207482
1402840.9238462602
1300304.884739548
1204917.8367618169
1122759.8951199255
1043980.4083337655
971171.2191674616
917051.4692696818
865082.2853648074
813937.5830566129
766472.805508482
727594.811589362
690608.5391699412
655800.7399379637
628502.919286649
600784.0860981602
571856.9227650566
541757.0055567215
517463.95738528296
499256.6569075165
482446.37086956436
464145.6610314657
446960.8229421528
430911.28394256945
417452.8448736918
404094.4447786844
391893.1321051802
381280.24411244557
367573.66811346967
358439.04325631494
350117.92586427124
342334.7208965606
333785.0547316452
325132.7605245955
316053.13410721405
309219.43394221744
301773.21118256147
296188.0134227737
289864.86418533337
286120.53946491005
281323.05495612684
275506.0945706822
270198.44711174443
265298.5223046725
261593.84428207015
256814.40368367586
253451.94371243689
249091.1475126709
243860.42351832672
240437.07905253
237601.5174519823
233824.38567770485
230328.53953456887
227675.41832953025
225143.29656113102
222518.88398913902
219492.3953138427
215381.1846644542
212921.5304656326
209279.24051943302
207249.63354567636
205236.5846117775
202621.90643503197
200317.9641071678
198039.11981357407
195778.9363623971
193735.2247284128
191601.84628335823
189986.83913028424
188014.05111814977
186134.9362399418
184321.34185150597
183284.87660010156
181065.94130228958
179731.32877330633
178516.64053470542
177305.77740418812
175920.98145611477
174535.89607615845
173162.36163752526
171860.75784956303
170235.62423141854
168965.49845299558
168198.7148910725
166694.2749400156
165789.15361549647
164945.0842843906
164266.12889471473
163493.7992350199
162603.4383251898
161189.00518032408
160355.05713365483
159753.7024526125
158974.2752262063
158421.83507811348
157519.78382695722
156771.92724656433
156098.1537974585
155374.12795191433
154559.0228460196
154035.7258950643
153576.7328983168
153108.45021573995
152476.31065234487
152061.4125376616
151311.97498466435
150783.46768718044
149997.55452868872
149786.3739896324
149282.8267399585
148580.14823135122
148073.45182283764
147808.01694935226
147018.32892072835
146659.0087914811
146004.90761530184
145758.5915548144
145323.61316327762
145081.65834407657
144805.90445988538
144526.12246294573
144222.34548498297
143350.77580259397
142852.99920388492
142655.31009786564
142251.308447055
141763.10994589335
141456.67294973083
141100.13247798054
140825.18962408754
140453.26579602907
140243.65814773593
139723.6586722923
139377.53599282092
139078.3627514139
139023.1114854058
138827.79443736712
138584.1493839982
138021.48395696888
137848.16539133262
137761.4165427998
137490.17841905763
137290.13951666167
137251.2045104624
137131.45344281776
136840.05775218777
136479.48715271777
136388.42260630763
136359.48172959618
135944.81254691185
135628.14072366653
135438.60710153935
135293.52410050074
135139.31658926862
134986.60945632437
134751.58549743774
134562.4244699329
134411.78642096202
134256.83691161085
134159.81527214256
133969.2995062927
133741.82327050832
133650.93154645164
133410.25880616816
133380.25466283754
133156.84107047983
132939.46184635887
132609.59895873984
132359.9469694422
132271.91048981537
132185.76496358516
132073.04971635196
131978.21875327048
131906.56594122289
131840.36395794715
131708.6685710459
131681.98581475322
131578.59376634433
131492.59217251214
131321.55437517748
131139.56688037128
131007.52718578851
130925.48538202042
130649.61096599315
130574.3287061023
130511.77602668978
130476.9782971867
130414.1146890788
130144.6467520676
129914.71143984437
129871.84164115397
129743.37234955875
129684.11064549715
129669.28301923847
129555.55033720125
129513.58227294967
129479.8272250901
129314.85712489623
129190.47414203553
129125.88541970204
129069.24068507813
128837.3811871617
128828.13520823969
128678.81375093413
128443.87674254982
128438.6424823045
128293.92363843207
128204.4895146819
128143.84419580961
128049.64847702398
128033.33202401976
127914.29586564214
127791.99727526991
127672.2369014743
127615.90218670838
127601.64226685964
127549.1157203597
127473.28235038968
127408.35666462436
127383.42173222288
127291.87503556476
127268.34015038123
127268.34015038123
127226.8540376705
127156.43881158764
127126.36629828883
127061.14342275528
126972.2833072202
126838.6635963545
126717.3245268284
126679.43547108267
126664.48377292717
126579.96598870696
126512.1583434086
126398.43115837153
126285.58950985008
126252.02916423685
126088.36740672085
126076.54776422941
126012.33390150416
126001.07442008574
125928.49434751629
125881.80591246054
125786.56629813889
125676.51252206783
125633.37605704744
125632.82139291649
125615.93125861729
125586.01802041929
125537.06183780558
125469.26169807403
125465.93930606409
125392.21266562934
125363.04605438907
125340.81876717086
125314.90736536727
125293.6855305552
125263.19146548765
125241.47815005729
125230.14945421956
125222.2167979097
125150.2776762796
125122.06891018976
124991.52287518527
124967.76145271349
124897.49253541697
124825.0170538046
124789.1557450667
124723.03152442945
