4288772.020569892
3882448.1007838594
3511500.658319873
3167962.0235672984
2868124.0078690653
2589978.345524722
2373649.092276493
2163323.2141725975
1983825.8319710563
1815872.7562702235
1662788.8555156006
1518543.7969666598
1404216.7615098138
1289990.2145693423
1198000.310820475
1117801.6475358137
1043578.6878787264
981806.417562919
921018.998185582
864189.1528580547
816354.0381016252
769234.231516728
724419.567260346
683278.8338032664
647386.4411025651
615916.6809538454
589290.6509558791
566244.0402327531
544041.7318063641
520221.9244433377
497513.4550039995
480248.6951886666
465385.28645603
449616.06213763
434923.4700203457
422548.2893907898
408553.33795917
397249.95517295704
387527.7525489309
375103.79797063884
363186.55809954554
353549.1851060539
344518.2171110966
333921.68794262176
326165.16900712426
319004.6089041081
312017.3997312605
305524.53575631086
299713.4396109276
294336.6543687583
287783.73262110876
282040.95922045026
276426.3461270473
271064.46704567305
265976.60064711195
261134.61241736566
257753.7035573153
252733.6524600089
248739.26828576438
243618.41807461716
240037.4971573278
236426.70367776576
233064.3508961391
229651.39773246396
226666.86132114017
222598.62754532974
219313.62298951735
216246.63770782232
213684.30848174525
211163.26985182264
208534.7371762941
205352.66760753992
203451.26787550573
201496.90002951864
199441.49274406437
197852.72548919942
196288.22180485487
194892.96822039754
192223.45829089824
190350.39906254428
188818.1859707429
187762.1076976586
185764.3200694828
184173.3597316672
182859.68653996647
181447.7888249652
180028.51522290072
178909.93895168172
177710.89426461008
176276.6034481881
174837.3056038177
173435.13647083667
172590.6931171546
171091.3173328333
169761.2606069464
168701.5935263119
167737.76908664335
166674.39025970263
165533.75642101883
164238.74840674037
163046.05152599566
162389.46004580415
160731.33224504083
160093.41246141907
159327.6026493997
158487.5854581967
157751.5224642167
157032.98007999646
156202.68542847407
155660.46648443874
155215.05065399595
154818.72971685574
154295.34448474908
153893.9097257935
153196.55985593496
152779.85719839562
152371.42638332758
151859.06703545596
150997.0200256731
150342.90200367576
149978.76558842295
148893.02878355095
148090.8511080809
147811.98673897976
147479.5014920722
147147.85426849054
146956.14876812944
146449.35704807608
146028.0341365442
145517.97425965685
144927.33208359257
144494.7167307532
144284.2017994015
143989.64267494532
143698.26137237827
143483.49485824263
143073.2100164542
142552.3508195323
142294.57214864768
142143.85532756557
141810.72014031868
141561.10150570143
141175.80074719095
140902.25098374637
140757.70368139102
140685.60923259484
140531.87324802426
140421.6233422947
140280.93693596972
140004.74898138977
139790.2423635245
139484.78573854582
139313.94802756095
139133.97500879026
138938.93777373957
138827.42925385965
138653.59979744683
138563.43209008145
138514.49888710812
138437.344352127
138206.47246811248
138067.1463576319
137765.6674955254
137635.37354091342
137440.12403335157
137330.81712239602
137211.0664772942
137014.88099843886
136855.36575504462
136744.27175300274
136610.796368487
136516.9227155437
136445.39377001234
136340.06243555198
136068.45655606323
135847.37997838005
135729.85310115182
135542.91599383065
135491.99321484714
135313.9697083028
135171.95565218796
134985.23363147207
134825.36256979924
134613.25303859616
134469.80319148998
134275.18885707378
134231.20005753485
134216.51439762377
134076.98127034312
134014.8325843885
133793.3321781733
133667.4430999866
133456.28954332313
133280.5341437207
133231.1881089614
133088.97074563202
132895.6133615186
132810.16040632586
132646.13006962667
132569.83361710198
132512.247363665
132452.93981118733
132263.96258842555
132234.8212060874
132011.82327443457
131970.25521611422
131768.41378070632
131600.48326096142
131586.13142211814
131525.32662492472
131416.6075703154
131284.2065531885
131191.59911619723
131104.07550763935
131026.16227732346
130985.13120103683
130873.25907376737
130749.30379081298
130631.1904470927
130525.63214123447
130518.37290188043
130353.25407052477
130304.10361287836
130199.45476979396
130194.02860500882
130091.76300820665
130012.88583003121
129962.33289715198
129905.55115358776
129857.07562280286
129767.28870640972
129737.50535846126
129712.54981142044
129698.40829676425
129632.05879200206
129473.69470186402
129411.9448288347
