4084933.971973696
3701172.775141999
3366104.024420554
3066253.8724499033
2786905.8824357926
2531788.0582251064
2309673.5674177823
2109232.481016396
1941783.6450400832
1794099.5405423595
1651745.4893154372
1525938.5933849127
1409544.053858099
1305060.6427028156
1204028.4029246494
1115567.4242161051
1041506.4558955063
966024.7094210873
902565.0857306718
845604.176046792
798737.9096676081
753439.6758395719
708374.1752065546
673965.7387612057
637182.7885751743
607389.2147144794
574133.1098437004
548230.2081203628
526314.7912303122
507573.9388860727
489197.5393095992
472094.46026694716
454345.35692136164
439552.62279641174
423669.33243150805
410309.4892501275
398806.3904090262
385102.9794065391
373671.48112825595
361094.0158398745
351919.2540548481
341955.1694239833
334015.98243155685
326409.5588680191
317796.13548992283
311621.1186141257
304277.58832427283
297327.09781302116
290289.18944066705
284847.648799915
279016.78264895966
273235.1384673222
267020.1803415502
262046.5177040145
256442.7975695464
251807.09727616847
247369.66262859578
243679.77113737428
238588.5623041012
234205.99937710242
230253.97133323125
227594.65688636608
222553.18480891065
219886.7341654332
217001.90378024545
214567.5587427688
212643.0901028471
210222.63633903512
207260.4654240791
204784.00895504665
202797.07750031556
200720.1925266817
198983.58060803195
197666.5124854185
194669.94708421995
192758.48411598644
190793.51549060512
189663.76341153984
188230.00678781478
186477.77524290988
184717.9802788874
183228.32570700714
181006.8226908738
179350.49484583875
177885.33331409376
176457.2383243094
174997.22254302967
173662.60952279618
172865.23923634685
171859.58765723056
170867.52490561036
168954.463298864
168212.03484181684
167008.65845102156
166480.15098186853
165394.4214154804
164479.83136737527
163468.40912868938
162454.0897316393
161725.3778265386
160640.51064946456
159613.75669142854
159115.024528275
158460.0347045235
158324.9891640237
157610.49991986575
157213.9446256767
156693.01087201465
155959.1137763005
155707.59486849903
155275.6457672838
154451.468983736
153841.5517761892
153035.28282022395
152050.86869693673
151613.0974886429
151154.9281693598
150925.18488821856
150483.14344572404
149697.1155766319
149198.05741360792
149044.45958835253
148704.21500842646
148310.59116648813
147756.75136690633
147400.6537078527
147168.53620357893
146663.56098138142
146258.2058900593
145836.73875194322
145407.98817418533
145150.55867457128
144631.88512865122
144200.21067342634
143797.1053467603
143458.1749748218
143130.9980469209
142558.70583816478
142191.15618431265
141997.21348352672
141812.77379051945
141620.7733938314
141456.63637371914
140953.7228551655
140561.90380279478
140144.97898780662
139867.13068601413
139727.8589377009
139550.96846637462
139274.43380781607
139137.9623607658
139064.2899896731
138848.7907682322
138455.87625990127
138395.46676106943
138008.99111691574
137789.33082121031
137558.36844572183
137460.2099898695
137263.8225589111
136989.07506939687
136759.91596116888
136474.78101213934
136202.23229634232
135819.86545933248
135582.68190073798
135527.30151793885
135340.93859059463
134830.82100596005
134699.8662884686
134573.22732588305
134318.013993631
134115.16578599432
133982.9128172915
133927.74726287904
133757.15263682682
133620.86870066353
133545.40413933597
133256.11244908388
133116.66377494473
133028.13641064888
132942.69730591972
132933.0024486403
132870.57343101775
132748.2739288673
132685.1234795896
132602.27208642795
132378.93264982165
132173.3722859398
132077.46700132542
132054.9135706171
131887.93611847894
131611.47331070245
131499.38003664924
131282.3935494513
131108.40960242768
130969.47585977544
130942.62100399923
130935.49949276895
130819.12890152569
130600.00547722503
130486.57070781142
130362.25302346447
130162.87275026747
129993.04613199228
129831.56712719587
129689.25774498879
129679.13599437715
129556.75063862476
129374.04915260719
129158.96447822094
129101.71356081031
128870.03816214585
128766.0508392062
128755.90199443762
128713.33652227794
128475.40916800211
128343.86135407783
128278.01456317055
128100.37327134848
127940.86698664167
127904.45796437551
127782.37005168789
127683.35737056514
127619.87720920637
127540.27553972357
127488.04843106213
127377.10226936021
127304.731186689
127149.25033902339
126999.28185802238
126987.52730841684
126851.71250521006
126809.09457119547
126738.39963250412
126669.64323243199
126540.59023654312
126508.28782272941
126471.4904063294
126398.72365622416
126363.81703842859
126181.52879180505
126118.19363535858
126077.95099461926
125973.05437814504
125952.44182812532
125950.43491239782
125812.45202696873
125748.31931139404
125629.75136270924
125617.7291544156
125546.18115206162
125407.97194151125
125338.18682569772
125243.39683392012
125206.44824280613
125199.97590124072
125136.06680358613
124977.04349639575
124918.49445767466
124889.93475028675
124877.18500642333
124795.77453295156
124771.90057886874
124762.50233580125
124665.08304870459
124641.12119085164
124605.39468701635
124542.33640744613
124543.73334741022
124475.62756988994
124448.88280216484
124404.9657067234
124364.45727505507
124271.63691220107
124265.51892367401
124265.0351769337
124249.01825264364
124191.68957703309
124064.54183567931
124052.52122004583
123992.06724950665
123947.14250189892
123902.43202565552
123763.6678073337
123763.6678073337
123743.51432516085
123653.79900562434
123592.01351700388
123592.01351700388
123536.22722609552
123526.6118334118
123526.6118334118
123508.86299451935
123373.78217241637
123270.98783831656
123248.01361174196
123199.93876544505
123156.99761183202
123115.2439493126
122994.34074982736
122974.07824235785
122922.62360493295
122859.89893581576
122828.5681296355
122818.98336230865
122742.51550279812
122744.50871336569
122737.4325506996
122737.4325506996
122722.37776994567
122722.37776994567
122722.37776994567
122701.98453725872
122688.97017620795
122688.97017620795
