4290253.028550129
3875949.5367945917
3507544.6923897658
3167289.999392025
2873950.8809387423
2614823.6313390657
2381625.2470611003
2162670.656814263
1969058.8652757865
1792299.4662950092
1651687.8672670717
1513719.2768634772
1397824.215500733
1289839.4023308386
1197883.1019328902
1113945.9804012235
1042869.3685456556
976225.8298674696
915400.8559818646
862944.5780217682
810572.6963776787
766772.1444353692
729357.5960159821
693568.768609575
661527.535930323
624880.818307018
599265.3255102517
575229.8445292676
551744.820132982
529605.4567460731
506556.6014913607
487277.7551010973
470112.06549001206
455996.4762404469
441372.67472805973
425972.12509983184
412661.4464176165
400085.83347374486
388595.29170761426
377673.77667160064
366116.7880211114
354877.3413952404
345030.8065262408
336687.51261608547
327865.06066331966
320601.4678423568
314142.52875876124
308401.00041635253
301176.4424393488
295506.8333133026
290180.95195846877
282468.86502043897
276106.6501827466
270608.8693772932
264941.14297581493
259425.2214128989
255857.92111813894
251433.3036856457
247847.63896876783
243849.5457974021
240604.55975140538
237038.74185026612
234349.60538028326
230886.65520474935
228745.10205874773
226050.9941694799
223201.9034105021
220628.6252583012
217707.31084479834
215097.76839955448
212465.21978189555
210633.69301761303
207988.13819191325
205640.09632471344
202855.4589835703
200492.36300569953
199035.74206640932
197733.25057170462
195283.0817365168
193305.39943721303
191404.95223440533
189048.30985628586
187080.6334750228
185843.21789117303
184821.43754951673
183450.96213837218
182012.07107179638
180264.9946699359
179406.0556015823
178619.23879653018
177621.6161036067
176096.77782415753
175302.32481168007
174600.01232070543
172960.14416447625
172405.85129436717
171368.45466368023
169926.02651106063
168401.26450629078
167338.6620283646
166415.74346824503
165353.24960065828
164274.8138797405
163054.71121961466
162550.82556458126
161645.64563964188
161176.43540579887
160563.41046091495
160209.79501638058
159406.28409770905
158772.91665719898
158235.64465776624
157715.54372975026
157212.73832766124
156449.26555118972
155476.10616831694
154627.64744248192
154280.52053799725
153716.55764526108
153177.8408006145
152769.39387932807
152081.79987191263
151329.48064836135
150648.17384452297
150226.48680011497
150032.83589678924
149546.7041509475
148917.53126620548
148440.6986377867
147951.98568966193
147363.8174213942
146996.236931613
146577.7385389452
146233.01151309916
145816.4703529514
145508.6304576641
145007.6405337538
144069.33208495693
143686.61279698368
143370.25922543733
142864.50721657585
142738.35966869976
142371.26062219008
142005.30187227117
141600.0520619051
141303.24151930533
140952.50353342353
140625.4074442253
140247.52861850802
140023.0771646826
139855.40201963094
139654.77803615973
139474.45708166977
139418.72533556545
139239.53898983327
138919.11421619938
138736.4721209113
138424.83695036866
138269.258952535
138018.77708950284
137897.2723034579
137769.0346028298
137671.57896863614
137549.854258842
137322.44779100065
137078.8432654759
136781.3161865522
136643.94283090226
136443.69480463507
136252.87001949953
136096.36544125914
136010.4695299041
135720.07484924467
135492.28461419686
135367.5367639872
135208.11055120104
135144.54296794528
134958.73988804355
134641.45897950136
134469.52246329337
134320.07012184322
134134.88988778464
134066.58426218637
134006.45410764392
133897.79685887834
133784.45748264616
133663.26315486658
133579.5198931518
133534.0635814757
133468.89909816897
133211.51809971733
133089.39520429372
132855.81533570917
132640.94603821944
132486.64855708
132379.59599443094
132329.72049620823
132221.87170924654
132097.30625934817
132011.16642548106
131989.67160608197
131952.6176717738
131921.0039100763
131800.184405206
131654.53203879273
131260.7607148087
130934.70412566265
