4207317.293887069
3802515.910672047
3438991.8186089247
3139381.484815455
2864487.764962485
2594627.612573331
2362356.6111723613
2157573.5761282854
1958310.0989326718
1794466.5706607928
1649073.7908804896
1518526.90339449
1387414.030681269
1293653.0132186739
1195347.715330548
1104845.7337155486
1032379.3464056699
965682.605104215
908897.4999834715
857665.4161651679
801112.2785195945
762739.813431483
721757.8505639489
685237.5307176177
650670.6793896855
619921.4666747861
587041.2789364296
563257.9106386871
540008.6744162141
516698.89850631036
494243.19836857554
475171.9973271191
459490.4170187273
445177.27909799106
433104.7112600324
418474.28300636436
403945.36864570924
391118.50228795543
379747.4779671551
369318.27930250636
357702.0900723934
347921.29690077354
337676.8525939683
328821.8631248407
321720.5581223043
313197.0557931128
306473.01314455294
298567.1774672799
293864.47977662395
286979.8470792958
281098.836950568
276818.1194404115
271670.6396530565
267166.6481902841
263300.82540948724
258631.28456774922
254717.74785056023
250804.8006125841
247344.2293515554
244820.10697783803
241553.68916766177
238052.27582178323
233144.15883677127
229789.87861490124
225752.22180952897
222418.79439593526
220257.48689476482
217106.3496404837
213502.27382600855
211043.27031781565
209743.49247883586
207743.3142884613
206048.92080744676
203858.12074465782
201007.8799397624
198541.75603766704
196094.74660053232
194545.63048723733
192561.16471028418
190076.95077634946
187960.76000109068
186390.6102587516
184439.81148829302
183231.55994349488
181048.10810364268
180029.7131058126
179082.17637367744
178004.60327180687
176351.01165437623
175365.0893437778
174049.66967748187
172266.94011486086
171309.8373626761
170243.14599053847
169458.47701946553
168169.3712421177
167342.5654287741
166277.12186545646
165479.27548557328
164724.49584804743
163961.02385102172
163106.71552190307
162276.35843034904
161580.2967037059
160416.6306433729
159201.55821864196
158500.3163537025
157887.83513660118
157308.63354852312
156303.4428495033
155817.15785907026
154877.24945314927
154235.8551603829
153716.01037295244
153290.57590685174
152882.6864326576
152158.44574574687
151511.71922267755
151182.76177860092
150907.2310926845
150305.5483315406
150058.44606865535
149549.36572295387
149296.61317740096
148914.85636537836
148659.03527746673
147811.67278799912
147229.94443437795
146883.0818839681
146402.02980050741
146048.32800044594
145622.32253935194
145296.83845090985
145105.76415642796
144610.86086721375
144301.25754516234
143832.60162910353
143370.2515702592
142945.8101027673
142449.95541602853
141997.1379236296
141714.64061224452
141376.84593584714
140943.92668729124
140723.8314420456
140338.15434797213
140041.71421682514
139732.79053783376
139611.36404957075
139427.7049958736
139253.7377201146
139187.04837713935
139019.04048469823
138693.1664416151
138417.8450419159
138178.46476549684
137954.63671715185
137495.0028068549
137430.14247146086
137312.547413658
137143.6247469387
136753.01278692775
136682.72513407387
136577.0090392311
136502.6112494148
136205.47615060912
136040.3854235318
135884.45317291896
135672.08764811643
135420.53858230278
135362.05248590442
135227.53252270678
135074.41394545673
134861.91186561613
134782.57243947088
134648.46455798566
134548.34519734263
134366.69386536756
134269.01071089445
133974.25234381607
133887.9355303059
133690.3091086885
133627.3623709815
133491.9027168334
133400.03845591904
133260.8941724518
133154.64018302129
132992.11876764803
132939.2633578559
132846.24925049228
132712.6387498838
132460.450820131
132402.80711949655
132304.06323053647
132098.49075048286
132013.96534522483
131799.4247667607
131690.87556388625
131523.42772657512
131449.3612983893
131362.73222706097
131283.15504802854
131192.74655892435
131143.7852750757
131048.36892589886
130964.62122221154
130764.33823342186
130707.34149687996
130700.83985308206
130660.94600877081
130626.636823823
130627.4830883556
130619.87800656309
130611.3013435092
130426.66052374887
130308.27369252709
130261.07809898173
130160.04145661386
130057.44245559612
129968.0559045391
129875.5015914326
129813.10951439143
129711.18546680649
129686.42837624316
129619.81287136173
129525.99236040199
129470.42521094129
129404.28023141067
129381.91461391293
129292.91737766356
129095.82704059253
129000.55002812506
128953.3577405544
128926.64219599316
128908.62519777667
128905.34589828437
128788.01283001868
128691.89431274626
128559.87527366396
128495.29661569702
128413.60195666613
128291.87033011139
128204.81311840675
128151.95350820175
128148.35181046091
128131.53771893997
128044.2122484604
128032.63329404403
127976.71016018098
127903.81106797047
127873.15249146274
127844.68604151922
127838.29771143253
127760.51470560256
127739.85317210767
127700.71434638383
127670.72806605602
127620.17566956884
127542.87909462524
127528.50566487788
127498.41304796906
127435.71648616325
127285.3545002004
127263.19886342774
127223.14890688253
127189.9012081619
127000.31961870981
126910.38146963075
126772.71030612856
126753.92911631672
126752.02714550619
126556.020398758
126455.55999566914
126429.00559750888
126382.6050598986
126382.6050598986
126368.57830646652
126331.88009190028
126300.54816807015
126279.68420318159
126221.99849224107
126174.34079650257
126142.27837754245
126101.48887765342
126103.4277889572
126076.82371415579
126048.46431049125
126029.9588366484
126009.2402602241
125957.77485912533
125852.79606468079
125810.21819362658
125765.00351222955
125684.402118609
125642.5300640409
125622.23981031831
125615.71859764095
125582.26841941447
125400.833134527
125285.31659669157
125274.13404055966
125205.91664852624
125173.3761460535
125123.98778065288
125100.92278015977
125036.02501307179
125007.90432581751
124966.25118738334
124924.41155216872
124883.58021826053
124809.6923388781
124773.59453549539
124562.21785963555
124539.79486778738
124541.3614609272
124468.47892536673
124414.56430475996
124413.00769322347
124405.67672605012
124383.77982117959
124372.76835981185
124258.59959422256
124217.06513618624
124182.94626176471
124173.67611625473
124128.34767256292
124128.26904897613
124072.71934564612
124072.71934564612
124013.83282017287
124014.3927863776
123983.86807017359
123975.87098212886
123884.64107448535
123869.86717333535
123869.38158326586
123782.04576124952
123782.04576124952
123785.09497966389
123723.43930727348
123692.9812175752
123687.27365415925
123685.96265761857
123638.4504241392
123597.17989720835
123590.3591406988
123571.12895091934
123526.17565890815
123508.53409164083
123508.53409164083
123509.27950730328
123473.81728044027
123450.22642423764
123419.35978223282
123384.18183330355
123353.38473264303
123346.55743564884
123334.90815357564
123260.01183936188
123251.54034395174
123203.58851716822
123147.68863508289
123148.11667566918
123147.50104732743
123116.91149455128
123113.28403414862
123089.44625792012
123070.80228853147
123065.48835271236
123048.8573718944
123048.8573718944
123048.15324090615
122970.55341672071
122915.42723125334
122915.42723125334
122878.1746429334
122855.86853929103
122843.54486525641
122802.58582252989
122802.65540568979
122802.65540568979
122772.00083770553
122752.79305207985
122752.72346891992
122735.30388302215
122665.06540625506
122665.06540625506
122647.92652149094
122647.92652149094
122529.9126537264
122523.3416693728
122491.02623213772
122475.45456680232
122470.23211565141
122463.85060227568
122462.22946924888
122420.62099907812
122374.33625227817
122373.77018600637
122372.23991600229
122299.77615088622
122279.00232125919
122201.86708864087
122193.49545527821
122140.8025955122
122121.73472257207
122121.73472257207
122117.54396373703
122096.84963486763
122047.71429869306
122024.9584261784
122027.88751191786
121939.89759202529
121918.66627941615
121912.71164005491
121910.74987533697
121910.74987533697
121912.22969389803
121861.99929039835
121861.99929039835
121795.1947155711
121795.50079313057
121761.07992561837
121744.69129021371
121702.06087850983
121594.80619960107
121594.80619960107
121594.9469630284
121562.106817224
121562.106817224
121548.63392986388
121545.99321337108
121545.10899673634
121475.35988400632
121440.95086532505
121395.25866075282
121391.47691137892
121391.47691137892
121388.43897482898
121387.88299262337
121387.88299262337
121387.88299262337
121387.88299262337
121380.84924984965
121360.18528140917
121360.18528140917
121358.91909439128
121356.06499423074
121356.06499423074
121357.33118124862
121349.00208725351
121314.05328954762
121303.57452992734
121289.85592873339
121243.48021512837
121237.28967475455
121237.28967475455
121229.23249937515
121210.34254096792
121210.34254096792
121170.04306184928
121170.04306184928
121172.48328811543
121159.85622981207
121160.2356486073
121133.72014165355
121131.74530197309
121132.36201441982
121132.36201441982
121132.36201441982
121132.36201441982
121115.04998039347
121104.91941002259
121093.90951039526
121095.00138721128
121088.26511408243
121088.26511408243
121074.50783154421
121074.50783154421
121064.03276028362
121027.89993834763
121027.89993834763
120995.3375945256
120995.3375945256
120991.3291420262
120966.07002667403
120939.32119757935
120939.32119757935
120939.32119757935
120918.3767040247
120918.3767040247
120839.25326681341
120838.85138722393
120826.7201291184
120826.7201291184
120823.15910576275
120786.46042598682
120781.71764583689
120779.97522354207
120777.35308384831
120772.10758326083
120772.10758326083
120754.42460194149
120750.5723785197
120750.5723785197
120749.19995424105
120745.2130990311
120738.33566305389
120738.33566305389
120730.42955187809
120730.42955187809
120712.31195294137
120619.43090985596
120607.72211363906
120571.39755699146
