    3   20   30
 22.990 30.974 32.066
    1    1  0.0150  0.0000  0.0000
 -0.031251774104  -0.000619984184  -0.003465833316
  0.002783983506   0.000324616351  -0.000038486325
 -0.002113885847   0.000187932891  -0.000055532664
  0.007061659180   0.000037715202   0.000088519970
 -0.000003145846   0.002202088073   0.005438003343
  0.000272943461  -0.004156586085   0.005465229929
  0.000328069670  -0.005860599846  -0.000662259247
 -0.000165865784   0.004589052378  -0.005549196072
 -0.000249725856   0.000246592671   0.000501112362
  0.000558381406   0.000157318964  -0.000365362139
  0.000286033003   0.000026909840  -0.000292758077
  0.000457249136   0.000048881512   0.000212483675
  0.005018165713   0.001146511842   0.004795822991
  0.000022652108  -0.001703458244   0.000580566777
 -0.000076032062  -0.000256484323   0.000200903128
  0.006208885357   0.004599769654   0.002670078972
  0.000304659775   0.001713891059  -0.001063004058
  0.007262884951  -0.005556733714  -0.002988533560
  0.003602117938   0.000990331357  -0.004003596748
 -0.000307255705   0.001882234601  -0.001468158939
    1    2  0.0000  0.0150  0.0000
 -0.000569563662  -0.005338313967  -0.000133852719
 -0.000293740882  -0.000121158632  -0.000040390656
  0.000089775075   0.000339736679   0.000143324360
  0.000070754315  -0.001153623769  -0.000048486080
 -0.001690008217   0.008765779373   0.002149602381
 -0.000980903089  -0.005814973331   0.000576501373
 -0.002009462215   0.000748030430  -0.001836063512
  0.000887130205  -0.002762440186   0.002055025685
 -0.000191419989   0.000621268317  -0.001759850469
  0.001138554094   0.000205512748  -0.001626177020
  0.000534523099  -0.000338136242  -0.000281878537
  0.000117201093   0.000171189176  -0.000555859219
 -0.000561317940  -0.000003483074  -0.000642170316
 -0.000346843224   0.000705080626   0.000209783058
  0.001198790755  -0.002599699365  -0.000213156088
  0.003955414232   0.004411051677   0.001741955190
  0.000131340490  -0.000133269301   0.000317615573
 -0.004221599020   0.003185938485   0.001477100534
  0.001916031770  -0.001785725117  -0.002999531996
  0.000825343109   0.000897235473   0.001466508459
    1    3  0.0000  0.0000  0.0150
 -0.003080048170   0.000222656766  -0.021789489706
 -0.000018421029  -0.000008097104   0.001629205772
 -0.000006116322   0.000130112278   0.001556257876
  0.000028057101  -0.000123549237  -0.002280224114
  0.002537237112  -0.000981965247  -0.010238858606
  0.002023298535  -0.002065362078   0.008833634079
  0.000415339919  -0.008489442055  -0.002245355135
 -0.000241634684  -0.001111568419   0.008771125752
  0.000161580992  -0.000194670350  -0.002864700340
 -0.000869182849   0.000634061653   0.003452517062
 -0.000476628797   0.001442899542   0.002956985693
 -0.000460385905  -0.000589678154  -0.002054506531
  0.005037480872   0.002675941550   0.007045700177
  0.000329914826   0.000677284785  -0.001558670506
  0.000347815684  -0.001454586771   0.002396808367
  0.003577984056   0.003732766856   0.001534137587
  0.000005612272   0.001366269387  -0.000337056071
 -0.004644512189   0.003872247782   0.000815487760
 -0.003727921859  -0.000383319775   0.006282400936
 -0.000939469569   0.000647998590  -0.001905400053
    5    1  0.0150  0.0000  0.0000
 -0.000171022073  -0.001749494397   0.002560737065
  0.000154597045   0.000878381406  -0.001950761157
  0.000176606716  -0.000910483880   0.001917699162
 -0.000174503570   0.001759590765  -0.002548620428
 -0.224887018473   0.000002076868   0.000017026683
 -0.003657882123  -0.000000112926   0.000015198919
 -0.073296366540  -0.000004702924  -0.000010620030
 -0.004211198866  -0.000001140086  -0.000004319922
  0.001170341397  -0.000118529686  -0.001068508943
  0.103274843971   0.003524725691  -0.035738093482
  0.103276226963  -0.003519102320   0.035762123676
  0.001206058747   0.000114619345   0.001036685344
  0.011101954559   0.000013857684   0.000009801412
  0.000192055241   0.000009050770   0.000010720453
  0.032835349396   0.000018958207  -0.000018575726
  0.002349239944   0.000003820273  -0.000000163173
  0.012699518790  -0.000001128564   0.000010468854
  0.000011043747  -0.000004212504   0.000005749468
  0.036074113356  -0.000023630835  -0.000010736700
  0.001876041772   0.000007457114   0.000004188523
    5    2  0.0000  0.0150  0.0000
  0.002112878510   0.009269557528  -0.000579037834
  0.004186958793  -0.005611173837  -0.001612846461
 -0.004186958793  -0.005611173837  -0.001612846461
 -0.002112878510   0.009269557528  -0.000579037834
  0.000000000000  -0.423514386382  -0.008779677763
 -0.000000000000   0.008843025106   0.000477428497
 -0.000000000000   0.010267855685   0.012624005460
 -0.000000000000  -0.000708430919   0.003070314642
 -0.001487587387   0.000005448772   0.000805311949
 -0.002249626350   0.022008259572   0.005039961532
  0.002249626350   0.022008259572   0.005039961532
  0.001487587387   0.000005448772   0.000805311949
 -0.000000000000  -0.002635760405   0.000460648968
 -0.000000000000  -0.001373105384   0.000929527294
 -0.000000000000   0.159346707799  -0.101940699523
 -0.000000000000  -0.004532147001   0.001273125012
 -0.000000000000  -0.001129721872   0.002078182812
 -0.000000000000   0.001024133244  -0.000701773716
 -0.000000000000   0.204333442838   0.084482491570
 -0.000000000000  -0.001265796779  -0.001280351620
    5    3  0.0000  0.0000  0.0150
  0.005202295562   0.002648583922  -0.010376517023
 -0.005346785868   0.001091167862   0.009585013835
  0.005346785868   0.001091167862   0.009585013835
 -0.005202295562   0.002648583922  -0.010376517023
  0.000000000000  -0.010168389249  -0.362643679472
  0.000000000000   0.000600549119   0.009384913863
 -0.000000000000   0.020310214317   0.064035424094
 -0.000000000000   0.007059628633   0.011302916227
  0.001289180958  -0.001184886275  -0.002422422132
 -0.045881447653   0.002483552382   0.057682870804
  0.045881447653   0.002483552382   0.057682870804
 -0.001289180958  -0.001184886275  -0.002422422132
  0.000000000000  -0.010242220197  -0.003019344444
  0.000000000000  -0.002281047617  -0.003329134035
  0.000000000000  -0.100934049449   0.116718727391
 -0.000000000000   0.001619481093  -0.001281468036
 -0.000000000000   0.003101602259  -0.012953540108
  0.000000000000   0.001149713285  -0.004753044773
 -0.000000000000   0.080650331802   0.079407858194
  0.000000000000  -0.000942649781  -0.001807519869
    7    1  0.0150  0.0000  0.0000
  0.000144553992  -0.001965283813   0.000497229941
 -0.000395507002  -0.000940039617   0.000221822213
 -0.000276726495   0.000895791073  -0.000208759282
  0.000188361510   0.001905755354  -0.000583093447
 -0.073369858469  -0.000000511045   0.000040845348
 -0.004190594647   0.000013497264   0.000016327494
 -0.196210059244  -0.000005939771  -0.000015941192
 -0.003341365747   0.000012301757   0.000004167828
  0.001383134663   0.000148978851  -0.000366750812
  0.090886889498   0.016961666660   0.020899812945
  0.090860755386  -0.016966142498  -0.020956568069
  0.001408147656  -0.000118557717   0.000394751383
  0.033966271731   0.000033483962   0.000020659672
 -0.000032720150  -0.000014623587   0.000001276763
  0.010850922060  -0.000021382264   0.000004151775
  0.000817561153   0.000014810702   0.000005081898
  0.032923256851  -0.000006540331   0.000027065780
  0.001072899997   0.000010231550  -0.000002948889
  0.012711748289   0.000048718509   0.000003043396
  0.000602328967  -0.000006215037  -0.000002174743
    7    2  0.0000  0.0150  0.0000
 -0.005935912792   0.001328630075  -0.008855723501
 -0.004572684545  -0.002243270534  -0.000998289467
  0.004572684545  -0.002243270534  -0.000998289467
  0.005935912792   0.001328630075  -0.008855723501
 -0.000000000000   0.010650077948   0.019836077525
  0.000000000000  -0.000326674172   0.006492339623
  0.000000000000  -0.424288287319   0.059355101287
  0.000000000000  -0.003512458090   0.004801051012
  0.002423272750   0.002454299203  -0.000862126552
  0.019183846059   0.026440835234   0.010275127724
 -0.019183846059   0.026440835234   0.010275127724
 -0.002423272750   0.002454299203  -0.000862126552
 -0.000000000000   0.242264191281   0.029733122100
 -0.000000000000   0.004947596831  -0.001439415794
 -0.000000000000   0.003290954190  -0.000347185817
 -0.000000000000   0.003137857601  -0.001989120233
 -0.000000000000   0.115970384219  -0.113562566372
  0.000000000000   0.000848512629  -0.002112234892
  0.000000000000  -0.006221454182   0.001728738070
  0.000000000000  -0.002721688891  -0.001613882918
    7    3  0.0000  0.0000  0.0150
 -0.000595761717  -0.001871775527  -0.002024459873
  0.005457654841   0.002053541126   0.009456482407
 -0.005457654841   0.002053541126   0.009456482407
  0.000595761717  -0.001871775527  -0.002024459873
 -0.000000000000   0.012132639662   0.064257414830
 -0.000000000000   0.002591053505   0.011212367702
 -0.000000000000   0.059223742346  -0.372762047299
 -0.000000000000   0.004801702606  -0.004139218814
 -0.001555591928  -0.001334746797  -0.001319403687
  0.033392667510   0.013710817170   0.040682243581
 -0.033392667510   0.013710817170   0.040682243581
  0.001555591928  -0.001334746797  -0.001319403687
 -0.000000000000   0.020157883533   0.039883583037
  0.000000000000  -0.003632225096   0.003164930078
 -0.000000000000   0.004038290960  -0.012177826927
 -0.000000000000   0.002334160220  -0.003666116595
  0.000000000000  -0.114745244746   0.186037851250
  0.000000000000  -0.001905273831   0.004499459682
  0.000000000000  -0.008036176419  -0.007008630339
  0.000000000000  -0.002076224685  -0.002891491462
    9    1  0.0150  0.0000  0.0000
 -0.000623614414  -0.000342909581   0.000226332544
  0.000181419876  -0.001245573087   0.000932799622
 -0.000130473683   0.000412865021  -0.000415929962
  0.000099410442  -0.000285904074   0.000487865270
  0.000947358499  -0.001686026018   0.001422053543
  0.103122657583   0.002043596439   0.045959569163
  0.001153566939   0.002215796455  -0.001602436111
  0.090832902588  -0.019351248623  -0.033495541066
 -0.213056300446   0.027946099945  -0.016698028791
  0.000444840567  -0.000247871763  -0.000456934459
 -0.000129888690  -0.000266083289   0.000086284672
  0.037292642924  -0.002065431195   0.001784763881
 -0.000326202607  -0.001790106783   0.000432157664
 -0.004043474476  -0.004614174044  -0.003488666692
 -0.000642133334   0.001057276464  -0.001063242890
 -0.003698499738  -0.000800452450   0.004697749058
  0.000889881124  -0.001989354014   0.001728880556
 -0.005321207609  -0.000367882563  -0.002589345701
 -0.000593870096   0.000406047267  -0.000287255596
 -0.006399015448   0.000971335894   0.002338925295
    9    2  0.0000  0.0150  0.0000
  0.000206804037   0.000980464656  -0.000260138934
 -0.000150395513   0.000556359381   0.000615209552
  0.000009299874  -0.000076541815   0.001413684550
 -0.000101003768   0.000486161744  -0.000643268667
 -0.000153559727   0.000011834741  -0.001583212175
 -0.003542298436   0.022070166916   0.001866187735
  0.000082803706   0.002086718019  -0.001276953140
 -0.017034363086   0.026178639818   0.013765204067
  0.025511235232  -0.055573507288  -0.021248589666
  0.000026644723  -0.000644087878   0.000092939219
 -0.000148047392  -0.000302403932   0.000013786099
  0.001809529713  -0.010073439830  -0.001790612580
 -0.000251207127  -0.000684713268  -0.000416834303
 -0.011277940577   0.011821449418   0.011807089492
  0.000624437789   0.000301711391  -0.000112901467
 -0.005003963356  -0.001878768095  -0.010498965838
 -0.001266197746   0.000654563009   0.000146022228
  0.002173876022  -0.002854099288  -0.005425368821
  0.000011718477   0.000440225973   0.000168750540
  0.008472627155   0.006499266328   0.013367972109
    9    3  0.0000  0.0000  0.0150
  0.000572150764  -0.001739535395  -0.003331003407
  0.000429030717  -0.001550265488   0.003383409272
 -0.000215483306  -0.000170386971   0.002967843808
 -0.000150175806  -0.000504498500  -0.002353364659
 -0.000777489723   0.000475950588  -0.002972940403
  0.035803510300   0.004676739664   0.057293690127
 -0.000448335571  -0.000799592024  -0.001948593532
 -0.020953248114   0.010372956251   0.040372382787
 -0.016964412962  -0.023940990667  -0.133666891340
  0.000617475636   0.000323916023   0.001506422477
  0.000086537685   0.000187621485  -0.000213972944
 -0.001642968188  -0.001620577554  -0.013382290668
  0.001239950445   0.000465805058   0.001173556413
 -0.007975782131   0.011225334217   0.001275500062
 -0.000079691284  -0.001248316750   0.001440436495
  0.013170348415  -0.005852984215   0.015695831222
  0.000893033392  -0.000543134551   0.000827226752
 -0.012889767820  -0.000750156541   0.021860053426
 -0.000394817130   0.000289796615   0.001025140301
  0.009680134678   0.010702318754   0.009047563808
   13    1  0.0150  0.0000  0.0000
  0.004836513924  -0.000578777553   0.005073040966
 -0.000181196861   0.000321839232  -0.000246632996
 -0.000185570611  -0.000315953611   0.000226683496
  0.004757453532   0.000532052544  -0.005051844957
  0.010994039006  -0.000002441656  -0.000002588421
  0.000205742228  -0.000000616950   0.000008814047
  0.033982404158  -0.000024188269  -0.000007551002
 -0.000085194785   0.000012987273   0.000010262071
 -0.000175143576  -0.000232900626   0.001144432348
 -0.003887613965   0.011145142912   0.008005757687
 -0.003910405893  -0.011158921251  -0.008008294302
 -0.000191157982   0.000246485550  -0.001126052263
 -0.039219399066   0.000051041483  -0.000010866796
  0.002010456339   0.000002606844  -0.000000634112
 -0.001147858186  -0.000001765078   0.000003809918
  0.000205200827   0.000012741391  -0.000008836832
 -0.007638097356  -0.000001431378  -0.000008539235
  0.003189051275   0.000003313442  -0.000000023517
 -0.003820149794   0.000002743483   0.000005011219
  0.000260926786  -0.000013957782  -0.000005947320
   13    2  0.0000  0.0150  0.0000
  0.001260139971  -0.000118359876   0.002599016478
  0.001636235266   0.000521906144   0.000492274103
 -0.001636235266   0.000521906144   0.000492274103
 -0.001260139971  -0.000118359876   0.002599016478
  0.000000000000  -0.003058971207  -0.011019825508
  0.000000000000  -0.001746738404  -0.002922463389
 -0.000000000000   0.242747611724   0.020260892807
 -0.000000000000   0.004143639129  -0.003681805647
 -0.001555167896  -0.001167418537   0.000147099930
  0.004482790676   0.011280637117   0.010857380418
 -0.004482790676   0.011280637117   0.010857380418
  0.001555167896  -0.001167418537   0.000147099930
  0.000000000000  -0.283689257612  -0.027881261732
  0.000000000000  -0.002565939661  -0.000208861521
  0.000000000000  -0.001445133484   0.001295855242
 -0.000000000000  -0.000968548906   0.000469007268
 -0.000000000000   0.017942453194  -0.007224014837
 -0.000000000000  -0.000639562875   0.001095610950
 -0.000000000000   0.005940756586   0.000165483475
 -0.000000000000   0.002306161819   0.001459841031
   13    3  0.0000  0.0000  0.0150
  0.004913759564  -0.000673611512   0.006794230130
 -0.000623839621   0.000186268563  -0.001877052009
  0.000623839621   0.000186268563  -0.001877052009
 -0.004913759564  -0.000673611512   0.006794230130
  0.000000000000   0.000048213380  -0.003533738850
  0.000000000000   0.000495336001  -0.004029807617
 -0.000000000000   0.029621448946   0.039194816695
  0.000000000000  -0.001522786389   0.002536339380
  0.000418112207  -0.000461020964   0.001053264865
  0.003529619601   0.011689577291   0.001145676669
 -0.003529619601   0.011689577291   0.001145676669
 -0.000418112207  -0.000461020964   0.001053264865
  0.000000000000  -0.030120191400  -0.052162655472
  0.000000000000  -0.000031762225  -0.000872884900
  0.000000000000  -0.000333510294   0.002044486447
  0.000000000000  -0.000729222957   0.001251211861
  0.000000000000  -0.019907558632   0.000198935703
  0.000000000000   0.000587728136  -0.002159773305
  0.000000000000  -0.000941608873   0.001679307376
  0.000000000000   0.001351487549   0.001621523372
   15    1  0.0150  0.0000  0.0000
 -0.000080992309   0.001147456224   0.000271640265
  0.006116029738  -0.003868132717  -0.003683035746
  0.006174251125   0.003900130870   0.003672169137
 -0.000121599533  -0.001182319885  -0.000258244093
  0.032913484057  -0.000013667740   0.000021571752
  0.002330147247   0.000007460145  -0.000012442157
  0.010910160880  -0.000005157814   0.000005715609
  0.000945877478  -0.000007524665  -0.000003298967
 -0.000367743154   0.000668687637  -0.000127522006
 -0.003390229138   0.004922800579  -0.012990549768
 -0.003400318071  -0.004924030449   0.012989085028
 -0.000374831502  -0.000672264648   0.000142879443
 -0.001009916215   0.000002219272  -0.000017389662
  0.000338911563   0.000002492232   0.000006286634
 -0.042685365212   0.000041178303  -0.000031563963
  0.004441229673   0.000000340131   0.000003293291
 -0.003497160381  -0.000001595589  -0.000003438159
  0.000133889516  -0.000003874603   0.000003159423
 -0.009782268697  -0.000003049796   0.000005691800
  0.000406442935  -0.000011147489   0.000005992139
   15    2  0.0000  0.0150  0.0000
 -0.000177295768  -0.002144261018  -0.001498234269
 -0.004730045684   0.004850283851   0.003653973641
  0.004730045684   0.004850283851   0.003653973641
  0.000177295768  -0.002144261018  -0.001498234269
 -0.000000000000   0.159078847746  -0.101395859970
 -0.000000000000  -0.004339897676   0.001029290456
 -0.000000000000   0.002983503259   0.003843045494
 -0.000000000000   0.002888657123   0.002239953616
  0.001259134424   0.000400689762  -0.001367563376
  0.000752138822  -0.001832814954  -0.005869320906
 -0.000752138822  -0.001832814954  -0.005869320906
 -0.001259134424   0.000400689762  -0.001367563376
 -0.000000000000  -0.000835248503  -0.000419918021
 -0.000000000000  -0.000356844142  -0.000774758917
  0.000000000000  -0.198537765240   0.118434973223
 -0.000000000000   0.002541197392  -0.000569146882
 -0.000000000000  -0.000099835386  -0.002506446872
 -0.000000000000   0.000325681737  -0.001244535680
 -0.000000000000   0.032082327194  -0.008721780493
 -0.000000000000   0.001721581214   0.000247473864
   15    3  0.0000  0.0000  0.0150
  0.000139556270  -0.000039682416   0.002819857289
 -0.002732630397   0.001813343635   0.001684549820
  0.002732630397   0.001813343635   0.001684549820
 -0.000139556270  -0.000039682416   0.002819857289
  0.000000000000  -0.103159259309   0.117238104637
  0.000000000000   0.000995356173  -0.001098241227
  0.000000000000  -0.000063205886  -0.012547326991
  0.000000000000  -0.001802609566  -0.003826742104
 -0.001181068349   0.000140049007   0.001850988925
 -0.004744543364  -0.010278393928   0.015946896181
  0.004744543364  -0.010278393928   0.015946896181
  0.001181068349   0.000140049007   0.001850988925
  0.000000000000   0.001684144089   0.002699053877
  0.000000000000   0.000857936465   0.001912361079
 -0.000000000000   0.114638918540  -0.156838674269
  0.000000000000  -0.000349183382   0.000052212941
  0.000000000000  -0.000618677922   0.011730156275
  0.000000000000  -0.000571791282   0.002630513961
  0.000000000000   0.004328015540  -0.007009840982
  0.000000000000   0.000789723944   0.000453838371
   17    1  0.0150  0.0000  0.0000
  0.000191236447   0.000154870118   0.000071555235
  0.007189713633   0.004207785724   0.004714860739
  0.007257965514  -0.004240019866  -0.004758373788
  0.000182874344  -0.000151388351  -0.000066620418
  0.012708191617   0.000007838518   0.000023996791
  0.000159779738   0.000002565259  -0.000008764446
  0.033095687917   0.000031839101  -0.000025757300
  0.001118926376  -0.000009681110  -0.000007037815
  0.001153828257  -0.001224660890   0.000777252688
 -0.004988770066  -0.002197907755   0.012786481047
 -0.005014307147   0.002208720076  -0.012811840757
  0.001157657353   0.001227292693  -0.000772600008
 -0.007502846861  -0.000008450495  -0.000001281289
  0.003310421367   0.000011930784   0.000003406864
 -0.003508232591  -0.000000321679   0.000024681087
  0.000135029466   0.000003710952  -0.000011351717
 -0.045284802063  -0.000025006126   0.000063069772
 -0.000316403430  -0.000005866774   0.000005509470
 -0.001297423422   0.000008801104  -0.000000690418
  0.000251473547  -0.000002051285  -0.000006495735
   17    2  0.0000  0.0150  0.0000
  0.001717336794   0.000295615507   0.001600463061
  0.005617960130   0.003682202212   0.004011809994
 -0.005617960130   0.003682202212   0.004011809994
 -0.001717336794   0.000295615507   0.001600463061
  0.000000000000  -0.000835224959   0.002659679663
  0.000000000000   0.001257010595   0.000817483206
 -0.000000000000   0.116098082371  -0.115779145505
  0.000000000000   0.000615976535  -0.001745614937
 -0.001822315578   0.000832778006  -0.000461585862
  0.000139274391  -0.002713880174  -0.000717614448
 -0.000139274391  -0.002713880174  -0.000717614448
  0.001822315578   0.000832778006  -0.000461585862
 -0.000000000000   0.018499395217  -0.019816683170
  0.000000000000  -0.000043907089   0.000759972495
  0.000000000000  -0.000056070437  -0.000809821495
  0.000000000000   0.000408746437  -0.000624841255
  0.000000000000  -0.142339123900   0.126882496165
  0.000000000000   0.000352946584   0.000969437453
  0.000000000000   0.001149477116  -0.002119432632
  0.000000000000   0.000699260426  -0.000059675480
   17    3  0.0000  0.0000  0.0150
 -0.000984293703   0.000355366525  -0.000147118433
  0.002918815046   0.001543832333   0.000886948435
 -0.002918815046   0.001543832333   0.000886948435
  0.000984293703   0.000355366525  -0.000147118433
 -0.000000000000   0.001864029866  -0.013156771867
  0.000000000000  -0.001000220001  -0.004873548891
  0.000000000000  -0.113588096823   0.186361302632
  0.000000000000  -0.002239547034   0.004259968628
  0.001747892670   0.000230182851   0.001126752993
  0.002792957332  -0.005318045188   0.022152018806
 -0.002792957332  -0.005318045188   0.022152018806
 -0.001747892670   0.000230182851   0.001126752993
  0.000000000000  -0.007226419461   0.000582486957
 -0.000000000000   0.001513429480  -0.001830773554
  0.000000000000  -0.002356620177   0.011466415338
  0.000000000000  -0.001110680725   0.002597317439
 -0.000000000000   0.127619665534  -0.237002068899
 -0.000000000000   0.000853991506  -0.001573051091
 -0.000000000000   0.001704901270   0.003210632370
  0.000000000000   0.000342893525   0.001920887336
   19    1  0.0150  0.0000  0.0000
  0.003476261100   0.001971098748  -0.003774390980
 -0.000631303868  -0.000811474503   0.000861916504
 -0.000635439519   0.000782637847  -0.000851629832
  0.003472273446  -0.001810873779   0.003736206086
  0.035995289818   0.000013224352   0.000012960143
  0.001714573411  -0.000011788541  -0.000011939418
  0.012560792041   0.000000439749   0.000016368529
  0.000550277336  -0.000015632864  -0.000000008121
 -0.000531276896   0.000071726756  -0.000424737332
 -0.006298701337  -0.008466979188  -0.009499771841
 -0.006298560244   0.008451400644   0.009482629164
 -0.000538887251  -0.000080316108   0.000441499087
 -0.003896546022  -0.000007298207   0.000000213377
  0.000187329643  -0.000001268441  -0.000006498918
 -0.009988088193  -0.000010580027   0.000013975483
  0.000218654829   0.000000868976   0.000000130692
 -0.001487369462  -0.000011058596   0.000012814919
  0.000043371751  -0.000005005157  -0.000003778785
 -0.034219453441  -0.000040812276  -0.000002141108
  0.006306802858  -0.000018309385  -0.000003817649
   19    2  0.0000  0.0150  0.0000
  0.001014618136  -0.001533342966  -0.000559998533
 -0.001783090660   0.001164821826   0.000433673545
  0.001783090660   0.001164821826   0.000433673545
 -0.001014618136  -0.001533342966  -0.000559998533
 -0.000000000000   0.203656673507   0.079874133163
  0.000000000000  -0.001201779693  -0.001530715173
  0.000000000000  -0.006566931051  -0.008080850848
  0.000000000000  -0.003033604421  -0.002140835873
  0.000542337109   0.000447577156   0.000001680707
 -0.001243264858   0.006502880280   0.010495836444
  0.001243264858   0.006502880280   0.010495836444
 -0.000542337109   0.000447577156   0.000001680707
 -0.000000000000   0.006344220203  -0.001019191907
  0.000000000000   0.002720406597   0.001279489045
 -0.000000000000   0.032098607127   0.003907937999
  0.000000000000   0.001650073936   0.000508362609
  0.000000000000   0.000880689530   0.001585799238
  0.000000000000   0.000497668772   0.000167328821
  0.000000000000  -0.248933840854  -0.095908046278
  0.000000000000  -0.001276056244   0.000614204878
   19    3  0.0000  0.0000  0.0150
 -0.004206200762  -0.002660904195   0.005935412293
  0.001477515540   0.001645529212  -0.002425073567
 -0.001477515540   0.001645529212  -0.002425073567
  0.004206200762  -0.002660904195   0.005935412293
 -0.000000000000   0.084240813056   0.078486947175
  0.000000000000  -0.001558088094  -0.002622880064
 -0.000000000000   0.002104050663  -0.007802481669
  0.000000000000  -0.001358576455  -0.003877607169
 -0.000403310268   0.000447239512   0.000773879940
 -0.002385225049   0.013560521285   0.008710004636
  0.002385225049   0.013560521285   0.008710004636
  0.000403310268   0.000447239512   0.000773879940
  0.000000000000   0.000451030681   0.001536168056
 -0.000000000000   0.001830498403   0.001529369394
  0.000000000000  -0.008547742945  -0.007594064826
  0.000000000000   0.000583092255  -0.000183851646
  0.000000000000  -0.002029222148   0.002620428925
  0.000000000000   0.000061977344   0.001258927718
  0.000000000000  -0.102716172379  -0.089186103680
  0.000000000000   0.000953567991  -0.000153298817
