    3   30   31
 22.990118.710 32.066
    1    1  0.0150  0.0000  0.0000
 -0.023009995228   0.004488688602  -0.007593267333
  0.000033325472  -0.000106864117  -0.000285447846
 -0.001091137455  -0.001282165277   0.000293603784
  0.000112931539  -0.000005096996   0.000083334324
  0.001690684444   0.000257895707  -0.000183014888
 -0.000038950595  -0.000044381270   0.000091058435
  0.001968748013   0.001429015489  -0.000647139495
  0.000577563509   0.000046575970  -0.000238583131
  0.000015259384   0.000080221635  -0.000030158453
  0.002932187945   0.000121811645  -0.000150008984
  0.004390363201   0.000897518524   0.001611973650
 -0.000428587541   0.000137710032   0.000629609702
 -0.000354618372  -0.000368501831  -0.000580857078
 -0.006585718195  -0.005027342358  -0.000683881760
 -0.000440198926   0.000198480309   0.000067626548
 -0.006766958185   0.001492566984   0.004627056819
  0.004678928115  -0.000935357853  -0.001592720513
  0.002004048347  -0.001560573691   0.000113405613
  0.000086340325   0.000138758008  -0.000304232954
  0.006152937587  -0.001778392832   0.000832440193
  0.000078606569   0.000010144845  -0.000085863163
  0.004034214080   0.003203686522  -0.000485929458
  0.005970045835  -0.002629326912   0.003439545139
 -0.000546116236   0.000019914768   0.000714612534
  0.000835385984  -0.000352121829  -0.000568730238
  0.000102918652   0.000000244796   0.000129568428
  0.001987515749   0.002011026265   0.000879564730
  0.001244418419  -0.000152539173  -0.000370689299
  0.000233328241  -0.000098600233   0.000013126841
  0.000132529325  -0.000192995732   0.000273997852
    1    2  0.0000  0.0150  0.0000
  0.004229324660  -0.023133021337   0.005200076525
  0.000307661101  -0.000040638313   0.000054993834
 -0.001267493634   0.001697604632  -0.000341411400
 -0.000026654232   0.000040992473  -0.000166223698
  0.000626028387   0.000001693733  -0.000977806410
  0.000086977671   0.000004088180  -0.000145524726
  0.000697731381   0.000408697585  -0.001020182574
 -0.000042346216   0.000303500133  -0.000161218495
 -0.000010560130   0.000047387697  -0.000196113367
 -0.000165672710   0.000436856528   0.001181940835
  0.001277330099   0.000246413815   0.001315174682
  0.000223701506  -0.000068448704  -0.000940519239
 -0.001953971577  -0.000034341395   0.000188160724
 -0.006600751030   0.015123195051   0.004958725512
  0.000156675228  -0.000100567936  -0.000301035146
  0.001473224653  -0.002090763228  -0.000381813707
 -0.000618781631   0.001570531845   0.000683889234
 -0.000056465939  -0.004926967292  -0.001230955611
  0.000013906098  -0.000124874744   0.000259650100
 -0.001421257876   0.002127643440  -0.000662789223
  0.000140989059   0.000237725838  -0.000248523752
  0.004545317325   0.006101272250  -0.003098651461
 -0.002898600432   0.002746515590  -0.004305457873
  0.000204903307   0.000269601024   0.000396406571
 -0.000327106906   0.000046341302   0.000076532191
 -0.000026319906   0.000051681672   0.000169452689
  0.001465393157  -0.000482473703  -0.000759359822
 -0.000251900649   0.000080548393   0.000235392492
  0.000266806336  -0.000556549000   0.000230701855
 -0.000048087100   0.000016354469  -0.000013510744
    1    3  0.0000  0.0000  0.0150
 -0.007837258509   0.005342422038  -0.024571858760
 -0.000009456641  -0.000103131866   0.001313204422
  0.000281473503  -0.000278730391  -0.000740429406
 -0.000163457227  -0.000024769509   0.001222536318
 -0.000043225543  -0.001447559419   0.000013281243
 -0.000027089436  -0.000532823185   0.001256416026
 -0.000454018602  -0.000733182472  -0.000013254474
 -0.000430294440   0.000225508924   0.001035973982
 -0.000580903658  -0.000284984436   0.001028080393
  0.000041652887   0.001714707210  -0.001924149190
  0.002200041755   0.000996845283  -0.001490092449
  0.000280522445  -0.000817027652   0.001617695979
 -0.002860428313  -0.000982307100   0.003368017289
 -0.000700518617   0.002609571400  -0.007875859820
 -0.000699564062  -0.000797532844   0.002981405259
  0.005644233761  -0.001254305002   0.011549905581
 -0.003200743448   0.000844374473   0.004660679696
  0.000320936930  -0.000709686149   0.003716840648
  0.000027093297   0.000726275874  -0.002447896395
  0.002225138831  -0.000771535665   0.004335427732
  0.000127679931   0.000950494841  -0.002332669614
 -0.001613525687  -0.000885829939   0.005228545594
  0.003519104705  -0.003636272509   0.007245740240
  0.000871447541   0.000033431078  -0.001159506754
 -0.000635013438  -0.000887264496  -0.000987844915
  0.000197020216   0.000310406031  -0.001663477530
  0.001830014168  -0.000840642194   0.000286788498
  0.000378055154   0.001227917678  -0.001992013417
  0.000951691888  -0.000233008183  -0.001532078348
  0.000359390608   0.000238638181  -0.002129407832
    5    1  0.0150  0.0000  0.0000
  0.001632982976   0.000594078604  -0.000137427106
  0.000097240605  -0.000013428700  -0.000345715337
  0.004303613836   0.001207130182   0.001981735907
 -0.000033412989   0.000200365385  -0.000698542761
 -0.018261478378   0.001286582709  -0.000837977763
  0.000166408092   0.000432909284  -0.000568268359
 -0.000060602139  -0.000149108987  -0.000081725837
 -0.000842516996  -0.001185627079   0.000536093708
  0.000441976197  -0.000037746200  -0.000149765562
 -0.001371918136  -0.001398137249   0.000237477266
 -0.001067631040   0.000401001447   0.000252099225
  0.000139843801   0.000177516955  -0.000370225363
  0.000758322312   0.000078468169  -0.000685703572
  0.003613366332  -0.000574535802  -0.002106933672
  0.003315065095   0.000407519147  -0.000595834397
  0.009756501343  -0.002039914817   0.002000846973
  0.000552859107   0.003676009190  -0.000512162579
 -0.001059447178   0.000191598061  -0.000297321561
  0.000120690036  -0.000492259201   0.001012708491
  0.001533217274  -0.000788682211   0.001696894943
  0.000067580937  -0.000275005174   0.000873626897
  0.001853074612  -0.001365723267  -0.003212162876
 -0.000095458273   0.000794186135   0.001086715236
  0.000026088912  -0.000087775618   0.000238962555
 -0.001182433712  -0.000316487329  -0.000900143316
  0.000340817227  -0.000067071121  -0.000795601764
 -0.000995151521  -0.000387557411   0.000983817116
 -0.003056077819  -0.000682998081   0.000658417663
 -0.000036294296   0.000043425540   0.000285067147
 -0.000657226220   0.000371267437   0.000451048698
    5    2  0.0000  0.0150  0.0000
  0.000239987443   0.000060236239  -0.001357378262
  0.000106338635  -0.000024419388  -0.000076734049
  0.000923928318   0.000318359927   0.001019048862
  0.000252539621  -0.000321484862   0.000134061449
  0.001450255394  -0.019487922667   0.003205575326
  0.000082894847   0.000180518592  -0.000192011194
 -0.000008262126   0.000170586870  -0.000201922435
 -0.000759039156   0.003517357344   0.000984741825
 -0.000003465275   0.000519858133  -0.000381876738
 -0.000695792041   0.002914563712   0.000231894464
  0.000414560563  -0.000312435645  -0.000643445994
  0.000044852108   0.000124895597  -0.000139273960
 -0.000261065963  -0.000025429947  -0.000301120969
 -0.000760883779   0.001874458744   0.000266839936
 -0.002117251380  -0.001836037266   0.000098684361
  0.001947255493   0.001350668197   0.006147379805
  0.000764560727   0.007914233631  -0.001091967167
 -0.000036544202  -0.000366182399   0.000201946109
  0.000553099492   0.000169616082   0.000458477577
 -0.000908530737   0.002153051350  -0.002085057705
  0.000056783887   0.000061794270   0.000046815642
 -0.000700850678  -0.000509518233   0.001358083179
 -0.000081178488  -0.000406066691   0.000446019068
  0.000053035626   0.000094674019   0.000286226670
 -0.001852091050  -0.003823441657  -0.003179881287
  0.000432009955   0.004761914772  -0.003996121213
  0.000379346542   0.000098001205  -0.000224358220
  0.000601055332   0.000134335261  -0.001127678226
 -0.000022479507   0.000118803512   0.000386932361
 -0.000095069604   0.000575011299  -0.000273899216
    5    3  0.0000  0.0000  0.0150
 -0.000095975332  -0.001040961218   0.000008143126
 -0.000193865460   0.000059771155   0.001802933487
  0.001634527534   0.001549766702  -0.001849088851
 -0.001238952662   0.000512409924   0.002181637203
 -0.000807572128   0.003927207829  -0.025334703296
  0.000251074170  -0.000720647871  -0.000428878465
 -0.000074086332  -0.000188387857   0.001734816057
  0.000411230985   0.000356157338  -0.001558381269
 -0.000428036642  -0.001161863847   0.002165883573
 -0.000062804180   0.000936718019  -0.000578882173
  0.000389908680  -0.000950072065   0.002447451879
 -0.000281635359  -0.000694594793   0.001749775773
 -0.001377343805  -0.000075274996   0.003298729208
 -0.001694161923  -0.000012917240   0.004917017683
  0.005374022195   0.001985357087   0.005007058317
  0.003435706814   0.001955095166  -0.006861701767
 -0.001360258928  -0.000738548742   0.003422906213
  0.000799605020  -0.000293935980  -0.000956225347
 -0.001174608814   0.000410941166  -0.001714855093
 -0.000278438377  -0.000472809138   0.007541230302
  0.000120624398   0.000905416653  -0.002133852210
 -0.002913570447   0.000822576762   0.003372387588
  0.000296376205  -0.000535805454  -0.001453575865
  0.000121226949   0.000099101201  -0.001329938654
 -0.000407341171  -0.001290090153   0.002721787054
 -0.000545656172  -0.003340593512   0.005546488682
  0.001408511992   0.001283087557  -0.002432082026
 -0.001239112993  -0.002014929131   0.001353557716
  0.000491150099  -0.000326256255  -0.001620959842
 -0.000560544316  -0.000945918303  -0.001018678999
    7    1  0.0150  0.0000  0.0000
  0.001856050514   0.000741580185  -0.000433914674
  0.000111719185   0.001089366277  -0.000621968646
  0.000488365876  -0.000007337872  -0.000448201547
  0.000290853201   0.000016248472   0.000315681698
 -0.000168168358   0.000007622277  -0.000020699551
  0.000179803101  -0.000079401968  -0.000137158508
 -0.029100950029   0.012900861286  -0.001792036470
 -0.000086966864   0.000008340049  -0.000050711045
 -0.000483877077   0.000043635033  -0.000529578810
 -0.000990710694   0.000030013599   0.000560332038
 -0.000985489472  -0.000752549205   0.000338828008
  0.003714265623  -0.000396520726   0.000411394692
 -0.000078873824  -0.002444694504  -0.001163139746
  0.007497371584   0.002737030893   0.002641470658
 -0.000725398706   0.000528810491  -0.000581803514
  0.000760348971   0.000508241902  -0.000486032957
 -0.000373510699  -0.000104119534  -0.000268102172
  0.003545077892  -0.002726867393  -0.008103060092
 -0.000044152424  -0.000646726367   0.001414681536
 -0.000041985592  -0.000066327367   0.000794863979
 -0.000154804758   0.000245563395   0.000112989175
 -0.000501516196  -0.000344870483  -0.000753478906
  0.008855117779  -0.004249728570   0.004722262933
  0.004606777144  -0.004448505544  -0.002547597730
 -0.000038968865  -0.000091609512   0.000431440137
  0.000243177192  -0.000027979854   0.000025583178
 -0.001364266061  -0.000874945243  -0.000413288449
 -0.000212076576  -0.000301675269   0.000407169210
  0.002990488859  -0.001409300181   0.006087621846
  0.000212299272   0.000115845732   0.000086453730
    7    2  0.0000  0.0000  0.0150
 -0.000729421978  -0.000979981763   0.000147608967
 -0.000847601568  -0.000851290743   0.000201006773
 -0.000200278103  -0.000192423520   0.001337508176
 -0.000098944566  -0.000277593741   0.001372275268
 -0.000110818918  -0.000324464925   0.001191752022
 -0.000300841497  -0.000165977528   0.001188635038
 -0.001391477013  -0.001473945931  -0.040979723486
 -0.000082105952   0.000025041038   0.000901164643
 -0.000608043325   0.000363422228   0.003167794757
  0.000492327462  -0.000509122724   0.003132527351
  0.000559379870   0.001059107656  -0.000994118888
  0.000949321093   0.000723546051  -0.000980145867
  0.004983177105  -0.002024334671  -0.002518859360
 -0.002774928211   0.004498436658  -0.002593889075
 -0.000648460218  -0.000916478078   0.003006453421
 -0.000752588337  -0.000786599717   0.003009994488
  0.000175180865   0.000330449733  -0.001049619181
 -0.005985023243   0.003189595917   0.013528161562
  0.000341265809   0.001059434849  -0.002313827345
  0.000993544268   0.000508626397  -0.002320249095
 -0.001067171325   0.000766585208  -0.000362006183
  0.000928081825  -0.000920135395  -0.000356345611
  0.005341643411  -0.002020546685   0.005267555572
 -0.002890152457   0.004937165764   0.005238284090
  0.000144817032   0.000081585235  -0.001221719867
  0.000063827237   0.000154168329  -0.001229213294
 -0.001775881221  -0.002105643264   0.003328272379
  0.000861443212   0.001014059000  -0.001691429609
  0.004123689447  -0.005397092794   0.013627665313
  0.000306039295   0.000234407418  -0.001035512959
    9    1  0.0150  0.0000  0.0000
  0.000011207529   0.000008474221  -0.000405012856
  0.000632832230  -0.000249667103   0.001657604715
  0.000015163738   0.000010516214  -0.000418970491
  0.000643204388  -0.000250658563   0.001619621172
  0.000442830583   0.000009484186  -0.000331436131
  0.003123115279  -0.000617537872   0.000708403634
 -0.000475811274   0.000121019123  -0.000645377645
 -0.000420686271   0.000068579606  -0.000625196322
 -0.031792812854  -0.014832907382  -0.000684203803
  0.000180068954   0.000244853217  -0.000188133850
  0.000420043301  -0.000004763165  -0.000303080973
  0.003110785148  -0.000613300660   0.000727390929
 -0.000745151231   0.002268710818  -0.004451678102
  0.000129731230   0.000826525828  -0.000964984259
 -0.000776456963   0.002221889272  -0.004439648767
  0.000132862105   0.000822848002  -0.000970103719
  0.000202853926  -0.000125092711   0.000648731410
  0.000187817689  -0.000118445909   0.000643802172
  0.008938831525   0.005080712462   0.001955130953
 -0.000305851597  -0.000183844878   0.000844274539
  0.008948147579   0.005109043286   0.001948060469
 -0.000282152770  -0.000177645676   0.000836745429
 -0.000052146921  -0.000032668397   0.000292742095
  0.002904969834   0.001022004357   0.001252869102
 -0.000057537802  -0.000040632404   0.000298306726
  0.002906440722   0.001006801479   0.001286592145
 -0.000440326146  -0.000509765219   0.001355400120
 -0.000439084343  -0.000506476698   0.001356263632
  0.001435686564  -0.000284699534  -0.001503270613
  0.001421425849  -0.000273355899  -0.001500841712
    9    2  0.0000  0.0150  0.0000
  0.000084929634   0.000083219270  -0.000319962623
 -0.000564679188   0.003050302143   0.000408242917
  0.000081380761   0.000080988066  -0.000307926683
 -0.000537014442   0.003120978913   0.000435928377
  0.000031940181   0.000432376126  -0.000872520650
  0.000077069625  -0.001752389933   0.000024659133
  0.000080464458  -0.000997173711   0.000475226322
  0.000131616159  -0.000999562105   0.000515078849
 -0.015100332789  -0.030381832357   0.000426757041
 -0.000035315932   0.000130639473  -0.000236367461
  0.000042745792   0.000428783229  -0.000879119541
  0.000075783952  -0.001759665006   0.000030023697
  0.003935587017   0.014053173536  -0.002562486176
 -0.000106361845   0.000422018725  -0.000382606654
  0.003933166894   0.014035004947  -0.002585076570
 -0.000105518333   0.000426689711  -0.000383539974
  0.000107059762  -0.000154361062   0.000148717357
  0.000111869745  -0.000149994528   0.000145258397
  0.005757308775   0.003518403862   0.001547352761
 -0.000208117283  -0.000035771297   0.000707300524
  0.005785052961   0.003568438165   0.001538306283
 -0.000223433136  -0.000037208056   0.000711630773
  0.000125029433   0.000216486126   0.000137413434
 -0.000780569575  -0.000222470854   0.000152485286
  0.000127646626   0.000216289820   0.000143272694
 -0.000783467904  -0.000240701605   0.000153279126
  0.000323835035  -0.001484630165  -0.000071926382
  0.000326091319  -0.001488012565  -0.000074524689
 -0.001351047817  -0.002046706820   0.000492139178
 -0.001342719885  -0.002033312045   0.000482985251
    9    3  0.0000  0.0000  0.0150
 -0.000009444338  -0.000131027781   0.000940155401
  0.001243794544   0.000048413250  -0.001661997625
 -0.000023857705  -0.000116921032   0.000924590433
  0.001226486643   0.000070598886  -0.001654998477
 -0.000185695299  -0.000289710376   0.001593129492
  0.000232041862   0.000357408165  -0.000303514808
 -0.000512261679   0.000465588227   0.003045749911
 -0.000516160342   0.000447515400   0.002813787065
  0.000071632538   0.000473702628  -0.018173888985
 -0.000278851226  -0.000272196532   0.000669054503
 -0.000196888984  -0.000301899365   0.001605762332
  0.000233228572   0.000363569318  -0.000298498098
 -0.006116811991  -0.001161277606  -0.003909736311
 -0.000515911478  -0.000091410844   0.002319777894
 -0.006064846925  -0.001185610099  -0.003892490626
 -0.000522982356  -0.000079512351   0.002289472535
  0.000266809997   0.000509681601  -0.001431376376
  0.000247970209   0.000523631245  -0.001431468234
  0.003604450071  -0.000299358214   0.005165217688
  0.000614537301  -0.000035562701  -0.001785196112
  0.003631645366  -0.000286057363   0.005183258477
  0.000615361015  -0.000043303996  -0.001796047326
  0.000067297054  -0.000075753212  -0.001441922783
  0.001308312395   0.000154400136   0.003392011414
  0.000028810607  -0.000067743775  -0.001410615767
  0.001289362168   0.000228125503   0.003345958127
  0.001336318532   0.000046878607  -0.000494334008
  0.001335273799   0.000042866654  -0.000493010827
 -0.001220275669   0.000368383419   0.003444851553
 -0.001189344679   0.000336582208   0.003446319536
   13    1  0.0150  0.0000  0.0000
 -0.000583575054  -0.002521796575  -0.002968707223
  0.016470735140  -0.001763270535   0.002745993010
 -0.000652009407  -0.000325332681  -0.000724942420
 -0.002812176618   0.001777592864  -0.001934629799
  0.000681814773  -0.000717672088  -0.001273793323
  0.002048462055  -0.001338944953   0.000476081755
 -0.000299391252   0.000993245971   0.005376291510
 -0.000788028709  -0.000277407292  -0.000682680047
 -0.000924644207   0.003394182631  -0.005984217981
  0.000097200300   0.000357946297  -0.000116184078
  0.003265718109  -0.002832566101   0.004908753621
  0.001323370603  -0.003927856784   0.001206206189
 -0.212141035817   0.030674911092  -0.019876065019
 -0.005113337489   0.021519792226  -0.011323727291
  0.001904184162  -0.002062610193  -0.003406355028
 -0.000180424524   0.000683655119  -0.001522709237
  0.000126051067  -0.000683084270   0.001208894644
  0.004020351391  -0.002331198791  -0.000781878760
 -0.001275241746  -0.002639154489   0.001250716924
  0.000075242992  -0.000710520409   0.000747498964
  0.028337115621  -0.025256372144   0.034108704190
 -0.003015631077  -0.003579525673   0.005876116833
 -0.002292253699  -0.005777545210  -0.002349754567
  0.069933180099   0.042213342303   0.041815504467
 -0.000547393968  -0.000828582701   0.000325970598
  0.000418256057   0.000649276166   0.002163599781
  0.078571653486  -0.004384342621  -0.040150977225
 -0.001028832667  -0.001192341510   0.001431718102
  0.026304642922  -0.038327250515  -0.014530773447
 -0.001924002543  -0.000786569135   0.003985344855
   13    2  0.0000  0.0150  0.0000
 -0.000648400310   0.000354838955  -0.000842322015
 -0.003178394472  -0.008168741375  -0.000192589109
 -0.000031490271   0.000223416640  -0.000645624953
  0.001912492186  -0.006391899460   0.005430681732
 -0.000126831515   0.000234818453   0.000023345294
 -0.001284207421   0.003999938840  -0.001554398262
 -0.002832749741   0.007914241190  -0.002168210312
  0.000266714258   0.001168164313  -0.000761841869
  0.001892422979   0.014386343632  -0.001001670571
 -0.000339993887   0.000565470651  -0.000463670153
  0.000217219857  -0.001776878947   0.002121167798
  0.000479702744   0.010133955586   0.003615338534
  0.023625070867  -0.235765575018  -0.023852587485
  0.007401424637   0.000232058439  -0.004650601457
 -0.001800728340  -0.006560767199   0.001750333571
 -0.000397518040   0.000431902458  -0.001034619912
 -0.000375596887   0.000099943565   0.000806259192
 -0.001522168112  -0.000034595207   0.003327659131
  0.001426178612   0.001691940893  -0.003193780012
 -0.000165139413   0.000158327110   0.000253506141
 -0.026466896911   0.046833504511  -0.047402817928
 -0.000485190068   0.000266179842  -0.000621931435
 -0.001829951048  -0.000080277979   0.001496996472
  0.043811831871   0.042541544254   0.030703588316
 -0.000295335302  -0.000108147812   0.001534632257
  0.000093321729   0.000399280289  -0.002406116933
 -0.002055106949   0.012842348741  -0.001082709012
 -0.000456380638   0.001321320538   0.000821078571
 -0.037503227633   0.108872369540   0.037367748674
  0.000668927216   0.004214974555   0.002623155735
   13    3  0.0000  0.0000  0.0150
 -0.000556753506   0.000105664885   0.003643553845
  0.005141935734   0.000162384431  -0.006811651424
  0.000131130077  -0.000350792266   0.003087674820
 -0.001000273996   0.004421807329   0.012096645957
 -0.000853237793  -0.000419016734   0.003188212326
  0.000531817112  -0.002206814262   0.004843472121
 -0.001111416191   0.002443478821  -0.002632700815
 -0.000514552251  -0.000627201074   0.003208075508
 -0.004460089014  -0.002744790381  -0.003367772024
 -0.000168361881  -0.001283949950   0.002630519166
 -0.000639449677   0.000179393289   0.005374413441
  0.006161417950   0.003245615154  -0.005855587020
 -0.021316635142  -0.020349683889  -0.208424268266
 -0.002861989873  -0.011867830201   0.011837471374
 -0.003258527340   0.001649488056   0.005580611030
 -0.000870051359  -0.001624347439   0.006928449665
  0.000122846279   0.000825984827  -0.002954459337
 -0.000645537858   0.003480211560  -0.002574381890
 -0.001732645753  -0.001230833466  -0.001289543407
  0.001720431162   0.000120958754  -0.004624959933
  0.031850012247  -0.047408405059   0.076664449667
  0.001393934200   0.000468106163  -0.004297197959
  0.000269400875   0.002205010283   0.000403823835
  0.045335586002   0.028891014873   0.050772156244
  0.000495023078   0.000406099919  -0.003464860734
  0.000998677119   0.000677079372  -0.002257672372
 -0.042820658339   0.001008949775   0.033052723754
  0.002021582813   0.001447897171  -0.003676710548
 -0.015283753383   0.038554183763   0.031571754096
  0.001920138707  -0.000179663703  -0.002652241122
   17    1  0.0150  0.0000  0.0000
  0.004815146551  -0.000617562986  -0.002814705620
  0.000127511173  -0.000253438047   0.000134931259
  0.002243638448  -0.000024152213   0.000382289925
 -0.000525034687  -0.000234201076  -0.000391331092
  0.000338320127   0.000637261234  -0.001371495560
  0.000569529332   0.000547523912  -0.000718756081
 -0.000326626245  -0.000012655065   0.000161954628
  0.003514221906  -0.001251350589  -0.005988916237
  0.000229001816   0.000001585803   0.000309586379
 -0.001611160892  -0.000965854856   0.000318421288
 -0.001265302588  -0.000059782630   0.000754152170
  0.000151184437   0.000060467618  -0.000319811383
  0.000306694886  -0.000162470704   0.000126351084
  0.003608352950   0.000572287054  -0.000500450594
  0.004087179681  -0.001289388316  -0.000607379843
  0.118323722512  -0.022591462919   0.040496944981
 -0.158524722307   0.031273376815  -0.039173278438
  0.000120876347   0.001092964629  -0.001642781526
 -0.000568112177  -0.000226958230   0.001010709898
  0.013633535191  -0.002949380856  -0.000013848226
  0.000058191961  -0.000074597387   0.000209841606
 -0.000981152681  -0.003336088444   0.001477544931
 -0.000655269952  -0.000516177815   0.001858544549
  0.000113964509  -0.000010222043  -0.000234043574
  0.011772813532   0.001088820987   0.005238101895
  0.000746398685   0.001577069903  -0.000964168696
 -0.000507863180  -0.000125997304   0.000108737745
  0.001395671629  -0.003566759847   0.003743348960
  0.000000910747   0.000072262572  -0.000035550119
 -0.001191621709   0.001344880799  -0.001554944309
   17    2  0.0000  0.0150  0.0000
 -0.001043822025   0.001493635039   0.000730307267
 -0.000089813580  -0.000015149565   0.000307380501
 -0.001545913058  -0.005187858308  -0.000728522478
  0.000185533427   0.000209281543   0.000780254662
  0.003491134588   0.007663864112  -0.000769393274
  0.000227559982  -0.000621851268  -0.000814956337
 -0.000105948683   0.000116811440   0.000418747899
 -0.002570659501   0.002323122351   0.002980919589
 -0.000144949571  -0.000300169797   0.000343544108
 -0.001812818277   0.001002380119  -0.000981449834
  0.000222101501  -0.000553779286  -0.000315399122
 -0.000007605033  -0.000226800003   0.000378665893
 -0.000148262510  -0.000273175454   0.000772234060
  0.001812988842  -0.001650942439   0.001808306942
 -0.001745953013  -0.000395435245   0.003435703338
 -0.022125333559   0.016359679364  -0.008861905026
  0.030269661544  -0.030983971023   0.006652862485
  0.001126738587   0.001426518289  -0.001904249729
  0.000337564303   0.000251505844  -0.001051608569
 -0.003827907175  -0.001213022213   0.001068205540
  0.000039814691   0.000120778385  -0.000574740554
 -0.003324660283   0.006685373960   0.000726877413
 -0.000312176248   0.000535242867  -0.000795808820
  0.000068929888   0.000084598085  -0.000483831850
  0.004813847098  -0.000938616535   0.003630030651
  0.000231170685   0.002372557268  -0.000967855769
  0.000083205656   0.000264763239  -0.000483704076
 -0.004157480284   0.002572338303  -0.004172481897
  0.000144247923  -0.000103477717  -0.000681358771
 -0.000091195914  -0.001018201356  -0.000446774242
   17    3  0.0000  0.0000  0.0150
 -0.001757546842   0.000746413556   0.004107862188
 -0.000042770682   0.000341725720  -0.001790106583
  0.000046561297  -0.001259822579   0.003649844619
  0.000289662763   0.000123528798  -0.001362029340
 -0.000763324009  -0.001125154853   0.003290443084
 -0.000557073572   0.000486083401  -0.001175470151
 -0.000346832543   0.000065133148  -0.001251214810
 -0.007757040698   0.004597022543   0.014014330424
  0.000674164201   0.000243960628  -0.001352100261
  0.000504893346  -0.001547368510   0.003093406917
 -0.000474447476   0.000335155876  -0.001053794228
  0.000304583764   0.000525970555  -0.001813305896
  0.001140496446   0.000771190337  -0.003444072942
  0.001759376856   0.004458817855  -0.003109268818
 -0.000928155994   0.003212795657  -0.003027167372
  0.039142638372  -0.008188289769   0.031428510790
 -0.036006609411   0.003483567081  -0.059438262548
 -0.001740622436  -0.001779285387   0.000819005915
  0.000188922754  -0.000759927217   0.002018916723
 -0.002040509160   0.001514972453  -0.004014141760
 -0.000015730528  -0.000856055514   0.002632044506
 -0.000959126853   0.001172611983   0.002050598412
  0.000109716309  -0.001575744092   0.004735773632
 -0.000213805478  -0.000112918749   0.002027675771
  0.007618199786   0.001495012823  -0.001827964084
 -0.000129781267  -0.000236407152   0.001243670741
 -0.001197522969  -0.001184574166   0.002016801944
  0.004050211408  -0.003042644503   0.001028136353
 -0.000702766941  -0.000093459929   0.001931597364
 -0.000195760442  -0.001812309994   0.004570279408
   19    1  0.0150  0.0000  0.0000
 -0.000182467690   0.000037768217  -0.000046619885
  0.002646578735  -0.002408037750  -0.000893276411
 -0.000113533302   0.000255351823   0.000022041129
  0.004393886493   0.003364436729  -0.000583284222
 -0.000193868677   0.000562316654  -0.001050470495
  0.002177640745  -0.000449535414  -0.000647498310
 -0.000199318278  -0.000058956095   0.000370336017
 -0.000303499820  -0.000312882454  -0.001124518412
  0.008524087272   0.005506508227   0.003410982885
 -0.000125776688  -0.000011056987  -0.000103551567
 -0.000218979884   0.000060804313   0.000132947305
 -0.000297262872  -0.001641950258   0.001485623217
 -0.001285110314   0.001691835923  -0.001829038461
 -0.000297717625  -0.000257199289  -0.000138499292
  0.028209478741  -0.026198801775   0.031718650404
  0.000210064290  -0.002559658271   0.000306309656
 -0.000827241727   0.000326752730   0.000335804717
 -0.000167331378   0.000041063203   0.000067426050
 -0.056685248907   0.025022062029  -0.039525652006
  0.000516636621   0.000031585668  -0.000654440615
  0.002127231360   0.000172026671   0.002592533205
 -0.000324860834   0.000115593342   0.000263817122
 -0.000155159701   0.000051817879   0.000476363059
  0.000147223012   0.000510848193  -0.000673020727
  0.000370402183   0.000892389689   0.000234881810
  0.005944144764  -0.001472368445   0.007412824226
  0.000233792607  -0.000447125022  -0.000131772755
 -0.001738149603   0.004114893453  -0.004339593785
  0.007431091932  -0.001862871006   0.001175606772
  0.000183268544  -0.005077611975   0.001735089368
   19    2  0.0000  0.0150  0.0000
  0.000207732176  -0.000334789216   0.000671901754
 -0.001958934318   0.005493622945   0.001612867604
 -0.000006794167   0.000159302149   0.000820744468
  0.004692611722   0.005277547496  -0.001850749866
 -0.000521170457  -0.000017266087   0.000241650835
 -0.000686007974   0.000918266525  -0.000079749653
 -0.000674087425  -0.000336651563   0.001019273225
  0.000258535634  -0.000679760002   0.000646864629
  0.005030259314   0.003329153905  -0.000459706728
 -0.000208091193  -0.000566406212   0.000436454274
 -0.000310996503  -0.000199557349   0.000824808109
 -0.001019879625   0.001238690602  -0.003295280237
 -0.002133037775   0.001268131694  -0.001323372172
  0.000013787561   0.000038242089   0.001592890700
 -0.024714228465   0.046420650591  -0.047188855119
  0.000371701912  -0.003521897492   0.001207817026
 -0.000241697911   0.000222958431  -0.000912225488
 -0.000043172245   0.000046498418  -0.000946903047
  0.025705614112  -0.078079843448   0.060236767116
  0.000696566121   0.000636868404  -0.002146753351
  0.000177462929   0.004789967325   0.002075545880
  0.000320159788  -0.000239796364  -0.001229961346
  0.000085504694  -0.000027285961  -0.001705196932
  0.001638709233   0.002244138747  -0.000585232921
 -0.000052802662   0.000163539743  -0.000102655395
 -0.000135798562  -0.001704061423   0.001193422751
  0.000784674900   0.000057001563  -0.000642177785
  0.000713069865   0.003410036735  -0.007390680242
 -0.001906758390  -0.002025511581  -0.000737473912
 -0.006082932290   0.012018209338  -0.001984034179
   19    3  0.0000  0.0000  0.0150
 -0.000442137935   0.000416781693  -0.002286744038
 -0.000665720711   0.000348422973   0.004170893177
 -0.000160311645  -0.000162647506  -0.002183339350
 -0.003326509361  -0.000966829619   0.005556288433
  0.001338457294   0.000362063484  -0.001966356655
 -0.002369586461   0.000978167573   0.007848156095
  0.001425501263   0.001090153130  -0.002907821588
  0.000265373879  -0.000821935793  -0.000240839564
  0.001649844256   0.001505790814   0.005188070311
  0.000669233806   0.001240110421  -0.001749487883
  0.001075137004   0.000181454597  -0.002323176579
  0.001954914875  -0.002745766056   0.003620296412
  0.001380680347  -0.003138675428  -0.001750517380
  0.000004425066   0.000761542720  -0.005034301169
  0.034277182188  -0.047649945951   0.076332580143
 -0.001640354771   0.005587505608  -0.004627217048
  0.000997372966  -0.000968599043   0.002014746933
  0.000241197659  -0.000488949146   0.002592754833
 -0.040475303489   0.056460700772  -0.110065500394
 -0.001909768528  -0.000918482090   0.005101162714
  0.002550721207   0.002270924103  -0.001316451244
 -0.001210156031   0.000114079579   0.003515305160
 -0.000250236450  -0.000628702080   0.003831596792
 -0.001564786046  -0.001056279989   0.000697137731
 -0.000185009751  -0.000467874553   0.001361030272
  0.006337280580  -0.001429811443   0.003197873048
 -0.000843016645  -0.000368563311   0.003315613972
 -0.000759316464  -0.011346185576   0.010073982344
  0.000557289605   0.001643939007   0.001983777864
  0.001077602292   0.000197611111  -0.003949513341
   23    1  0.0150  0.0000  0.0000
  0.005960403941  -0.002906370015   0.003353250037
  0.000096580558   0.000156780735  -0.000078722317
  0.000713054410  -0.000355587086  -0.000643601647
 -0.000008217323   0.000016122980   0.000226232043
 -0.000301324793  -0.000117133354   0.000231820639
 -0.000026686797  -0.000119724320   0.000088803167
  0.008277265828  -0.003662692927   0.005495004607
 -0.000119915786  -0.000095052877   0.000094684358
 -0.000229347298   0.000086681356  -0.000147343508
 -0.000303865249   0.000542570250   0.000377823434
 -0.001433374484  -0.001902750088  -0.000437233906
  0.004548003266   0.000604647136  -0.003867729211
 -0.002265832391  -0.001513955805   0.000207971706
  0.028833465855   0.036102899208   0.020978542676
 -0.000525425039  -0.000006475380   0.000365051917
 -0.000176614008   0.001044006987   0.000525889501
 -0.000837455464  -0.000343818751   0.000156261005
  0.011763880012   0.004730666697   0.007675233614
 -0.000063514503   0.000070894703  -0.000285343050
  0.001998264169   0.000757226879  -0.000905106786
  0.000465253061  -0.000090880587  -0.000274232355
 -0.001225215338  -0.002742942813  -0.002535458451
 -0.058165357118  -0.033691826327  -0.030680709127
  0.001365222708   0.001333197813   0.002034502138
 -0.000000011395  -0.000230175016   0.000075006904
  0.000005378485   0.000020633653  -0.000307174273
 -0.000659798361   0.000325033256  -0.000599633410
  0.000162953143   0.000098030729  -0.000580678602
  0.002070457476   0.001856297351  -0.000351069645
  0.000081772437   0.000033695614  -0.000192041457
   23    2  0.0000  0.0150  0.0000
 -0.002677514419   0.002726911070  -0.003319861875
  0.000397839697  -0.000605911718   0.000776214839
 -0.000317229335   0.000009001724  -0.000770399281
  0.000000229068   0.000067757787   0.000234831242
  0.000904518855  -0.000490165896  -0.000480441175
  0.000113251996  -0.000039985801   0.000186068214
 -0.004111656875   0.003048994211  -0.002018436124
 -0.000063160823   0.000230915492   0.000133935622
 -0.000057321295   0.000199042913  -0.000071136351
 -0.001236673881   0.002818785221   0.001254692768
 -0.000294539036  -0.003918032389  -0.001227361932
  0.001195850898   0.000472466267  -0.001140156506
 -0.005180206383  -0.000274996722   0.002414923525
  0.037432780815   0.083443407012   0.049244779824
 -0.000268664082  -0.000331870144   0.000425071844
  0.000267660328   0.000764334772   0.001052288586
 -0.000419344953   0.000655353878  -0.001541220658
  0.001242287880  -0.000711196177   0.001478714467
  0.000076477749   0.000157983739  -0.000630114724
  0.001953348696   0.000699823136  -0.001672790446
  0.000915609729   0.000363501393  -0.000508198891
 -0.001259748897   0.005607318639   0.005983114038
 -0.035648442006  -0.113084531852  -0.051852486175
  0.002984703704   0.002236091080   0.002834639307
 -0.000171397168  -0.000473527559  -0.000008408949
  0.000044195476   0.000118873526   0.000014600550
  0.003180581890   0.014655280481   0.000000725895
  0.000352199092   0.000471458509  -0.000589521792
  0.000541407919   0.001063380809  -0.000099990044
  0.000102955363   0.000119536599  -0.000104075798
   23    3  0.0000  0.0000  0.0150
  0.003434131720  -0.004470135939   0.007220313470
  0.000352394042   0.000823228675  -0.000930795619
 -0.000629728201   0.000084739464  -0.000795224236
  0.000239211130   0.000144122798  -0.001273079328
  0.001100534271   0.000539649577  -0.001507615730
  0.000239257954   0.000307862724  -0.001338902811
  0.004414359888  -0.001760608194   0.005617020009
  0.000362459291   0.000054416654  -0.001449474768
  0.000387201707   0.000074687772  -0.001225327700
 -0.000218036318   0.001134842628   0.003009493749
 -0.000982656389  -0.003422773581   0.002709260615
 -0.003920979803  -0.001541328885   0.006509641516
 -0.002410978624   0.001393098109   0.000023572848
  0.023400595038   0.046293361165   0.050565959856
  0.000303838902   0.001433506972  -0.003927042427
 -0.002834344831   0.001764666341  -0.002713945801
  0.001861195904  -0.000751520521   0.004833440449
  0.005236683464   0.003657904629  -0.001741483322
  0.000456761773  -0.001746738540   0.003977153577
 -0.000399951951  -0.000754074269   0.000824203351
  0.000212171383   0.000003329253   0.001452318070
  0.000138485281   0.007597525515   0.003304954917
 -0.031152910295  -0.050584481028  -0.080906147036
  0.002388401415   0.002574258582   0.002598679268
  0.000093215473  -0.000035023195   0.001612817109
  0.000001388298  -0.000271417404   0.002132991388
 -0.000452366584   0.000836726756  -0.004598630440
 -0.000483981909  -0.001771732840   0.002656799293
 -0.000737662139  -0.001253317087   0.001286596459
 -0.000398689890  -0.000354776130   0.002072453274
   27    1  0.0150  0.0000  0.0000
  0.001853467604   0.001563566233   0.001770954260
 -0.001137617473   0.001722778804  -0.001193301229
  0.001132646910  -0.000171703310   0.000245349886
  0.000013727971  -0.000189344389   0.001036978803
 -0.001348633223   0.000486633307   0.001201167290
 -0.000178400313  -0.000140201587   0.000756849395
 -0.001435846143  -0.000761177624  -0.002032565729
 -0.000344375736  -0.000162616970   0.000791727048
 -0.000676882669   0.000456825616   0.001233743048
 -0.001612754176  -0.000610923424  -0.000322916124
 -0.003390432077   0.000788543874  -0.001222519692
 -0.000053653301   0.000089400327  -0.001624826430
  0.078398420381  -0.001643440893  -0.042592535018
  0.014986804407  -0.014223623140   0.007936317202
 -0.001060183285  -0.000096920406   0.001956962941
  0.000967124488  -0.000189304832   0.001034950064
 -0.000701153593   0.000187278689  -0.001112618177
  0.001156952343  -0.004024063070   0.004051861140
  0.000273439723   0.000910700585  -0.000871527788
 -0.000011007934  -0.000388321659  -0.000339850481
 -0.001677406700   0.000906037808  -0.000819294870
  0.002403153934   0.004816151024  -0.011252865053
 -0.000696087542   0.003235761363  -0.000566971374
  0.013458229611   0.002861469846   0.000735682192
  0.000084295240   0.000428816478  -0.000509280375
  0.000221221685   0.000273575099  -0.001636000220
 -0.104661167028   0.005988088646   0.049590227446
  0.000152810176   0.000659487623  -0.001261580054
  0.003725488816  -0.002980729861  -0.003906167589
  0.000157817904   0.000207255842  -0.001077950511
   27    2  0.0000  0.0000  0.0150
  0.000820964459  -0.000856122609   0.000091921196
 -0.000971980987   0.000606945893   0.000128713170
 -0.000475712490   0.000176205749  -0.001794854049
  0.000256872988  -0.000477228570  -0.001732367673
  0.000930139555  -0.000284272472  -0.002398591635
 -0.000428884585   0.000868670297  -0.002402787806
 -0.000548400599  -0.000670084781   0.003857579024
  0.000238300636   0.000266729306  -0.002125889677
  0.001262760592  -0.000258027665  -0.000585080045
 -0.000466290074   0.001246812407  -0.000563580341
  0.000426600502  -0.001479538250   0.001159704074
 -0.001526896707   0.000182027853   0.001162212524
 -0.040684511265  -0.001318656941   0.032981086917
  0.005292111304  -0.040278201304   0.032965708056
  0.001321355155   0.000567746963  -0.004066037676
  0.000341973637   0.001388076733  -0.004086248412
 -0.000077789383  -0.000612835620   0.002003951866
  0.003581448416  -0.004248048615   0.000960872370
 -0.000300010477  -0.000634366026   0.003358705097
 -0.000585586853  -0.000396741961   0.003362675643
 -0.004389232420  -0.007446957316   0.010070640399
 -0.006588788886  -0.005539609031   0.010020949739
 -0.000677241097  -0.000103345500  -0.004750080807
 -0.000018453416  -0.000710767837  -0.004748734227
 -0.000685504995  -0.000793388098   0.002577306748
 -0.000667753716  -0.000797496351   0.002588581242
  0.051361613320   0.060516400425  -0.083980936188
 -0.001351457112  -0.001595905436   0.002935651070
 -0.004808338716   0.002874623268   0.001001007187
 -0.000581306783  -0.000192644510   0.002007922215
