    3   48   42
 22.990 65.390 32.066
    1    1  0.0150  0.0000  0.0000
 -0.054803019966  -0.000003858109  -0.000015550699
  0.000030102000  -0.000001482687   0.000000360459
  0.000018000764   0.000002628802  -0.000002019588
  0.000024566721   0.000002182948   0.000000755965
  0.000022404232   0.000002135836   0.000000546082
  0.000020762695   0.000001801948  -0.000001322001
  0.000677281859  -0.000001817252  -0.000001244608
  0.000029441593   0.000000355872   0.000002852764
 -0.000072566436  -0.000005817805  -0.000004975938
  0.000021422088   0.000000290248  -0.000000850147
 -0.000011755069   0.000001057628  -0.000006385311
  0.000025390222   0.000000926796   0.000000916215
 -0.000053123211  -0.000002868817  -0.000001052219
 -0.000348347124   0.000003619262  -0.000001389038
  0.000026031858  -0.000000157867  -0.000001887665
  0.000029759793   0.000000511879   0.000001148102
  0.000407644089   0.000005183823  -0.000004843518
  0.000030566455   0.000006409353   0.000000364759
 -0.000018380580  -0.000001626253  -0.000000774042
  0.000039416137  -0.000001447790   0.000000063417
  0.000045953447   0.000000247984   0.000000550877
 -0.000000459312  -0.000000475479  -0.000002004809
 -0.000275802450   0.000006399175  -0.000001303035
  0.004217804062  -0.000007276722   0.000012816715
 -0.000000897419   0.000002955356  -0.000001001009
  0.000048060182   0.000003242955  -0.000000198694
  0.000051629781  -0.000000397194  -0.000001271176
  0.013141228924  -0.000001999452   0.000014325963
 -0.000591740030  -0.000000296233   0.000029317987
 -0.000154862892   0.000006777901  -0.000013199391
  0.000027343500  -0.000004540902   0.000000993502
  0.000021211855  -0.000004175648  -0.000001476572
  0.000016939070  -0.000001808541  -0.000005650860
  0.000028263831  -0.000000160813   0.000005174283
  0.022066678090  -0.000033440414  -0.000014029401
  0.000132769085  -0.000020264581  -0.000003020556
  0.000010936872   0.000001316424   0.000004141960
  0.000082594650   0.000001869416  -0.000002356816
  0.000059401405  -0.000005264334   0.000002080085
  0.000242904622  -0.000003566426   0.000001683947
  0.000021055504   0.000005813863   0.000001349141
  0.000026667045   0.000004962176  -0.000000801012
  0.000057435671   0.000001822985   0.000009675776
  0.014391156813   0.000027544908  -0.000008624568
 -0.000007966561   0.000003954212  -0.000004982132
  0.000187340834   0.000001317187   0.000011364171
  0.000025017623   0.000003342953   0.000000932129
  0.000033737678   0.000004071428   0.000000800504
    1    2  0.0000  0.0150  0.0000
  0.000000000000  -0.053736039907   0.010154960599
 -0.000000000000   0.001631603436   0.000227196581
  0.000000000000  -0.000376299084  -0.000047956868
 -0.000000000000   0.000175768932  -0.000048926312
  0.000000000000  -0.001035643628  -0.000317930606
 -0.000000000000   0.000613173548  -0.000195847165
  0.000000000000  -0.003144677804   0.000520632745
 -0.000000000000   0.001256226228  -0.000255555025
  0.000000000000  -0.000685065849   0.002600908309
 -0.000000000000   0.000390972527   0.000497892364
  0.000000000000  -0.000348632182  -0.000603614176
 -0.000000000000   0.000382013231  -0.000210903415
 -0.000000000000   0.003285726446   0.001203348908
 -0.000000000000   0.004632877053   0.004343546329
  0.000000000000  -0.000088961742  -0.000393881066
 -0.000000000000   0.000122564344  -0.000539768148
 -0.000000000000   0.002584462908  -0.002179757432
 -0.000000000000   0.000117115649  -0.001258991556
 -0.000000000000   0.000368560488   0.000400992995
  0.000000000000  -0.000213351703   0.000481650885
  0.000000000000  -0.000088820609  -0.000063343534
 -0.000000000000   0.000178746281  -0.000102621914
 -0.000000000000   0.005486154381   0.000467154973
 -0.000000000000   0.010042791123  -0.002894006300
 -0.000000000000   0.000383069785   0.000029429802
  0.000000000000  -0.000711032652   0.000006163299
 -0.000000000000   0.002875430668  -0.000463267367
  0.000000000000  -0.009435059993  -0.011208695228
 -0.000000000000   0.010779532346  -0.013107988120
  0.000000000000  -0.002566526607   0.001194258724
 -0.000000000000   0.000167382743  -0.000122803031
  0.000000000000  -0.000223944613  -0.000057678072
 -0.000000000000   0.000120333542   0.000246929488
  0.000000000000  -0.000282819476   0.000199173525
 -0.000000000000   0.021920641328   0.003904392864
  0.000000000000  -0.003303084540  -0.000021420457
  0.000000000000  -0.001180153614  -0.000649984712
 -0.000000000000   0.000463474947  -0.001236093323
  0.000000000000  -0.000474490292   0.000877759365
  0.000000000000  -0.000285518579   0.001911797949
  0.000000000000  -0.000575073094   0.000194698359
 -0.000000000000   0.000380868967   0.000422170225
  0.000000000000  -0.003794123234  -0.001713184203
 -0.000000000000   0.013570174861   0.006182999283
  0.000000000000  -0.002113519285  -0.000090031873
 -0.000000000000   0.002631296304   0.002458742551
  0.000000000000  -0.000512635464  -0.000181763423
 -0.000000000000   0.000614511883  -0.000560786796
    1    3  0.0000  0.0000  0.0150
 -0.000000000000   0.010475503356  -0.045155337498
  0.000000000000  -0.000181103132  -0.000162368475
  0.000000000000  -0.000038787749   0.000375373530
 -0.000000000000   0.000030165470   0.000303214862
 -0.000000000000   0.000238237281   0.000551173948
  0.000000000000  -0.000223921903   0.000422134805
 -0.000000000000   0.000555872765   0.003813950428
 -0.000000000000   0.000016826130  -0.000641187942
 -0.000000000000   0.001422339226   0.003136138581
 -0.000000000000   0.000004801378  -0.000070395924
 -0.000000000000   0.000133926109   0.001314008047
  0.000000000000  -0.000237853290   0.000343623417
 -0.000000000000   0.002289986188  -0.000955597051
 -0.000000000000   0.003369484088   0.000579086020
  0.000000000000  -0.000065407474   0.000503431271
  0.000000000000  -0.000058878722   0.000628932425
  0.000000000000  -0.001198181853   0.002383430374
  0.000000000000  -0.002911847878  -0.000882534009
 -0.000000000000   0.000188183597   0.000860241511
 -0.000000000000   0.000273381608   0.000583394818
 -0.000000000000   0.000076831876   0.000711296159
  0.000000000000  -0.000093837490   0.000881410580
 -0.000000000000   0.001091779262  -0.000247060748
  0.000000000000  -0.003514732701  -0.009046792077
 -0.000000000000   0.000006395438   0.000617006085
  0.000000000000  -0.000004136083   0.000851589220
  0.000000000000  -0.000530617948  -0.000851452541
  0.000000000000  -0.010808423745   0.009294291138
  0.000000000000  -0.012849799637   0.018770517327
  0.000000000000  -0.000219917456   0.001590675554
  0.000000000000  -0.000010057663  -0.000993930621
  0.000000000000  -0.000037189357  -0.000708389528
  0.000000000000  -0.000146194803  -0.000848808734
 -0.000000000000   0.000083097598  -0.000704903593
 -0.000000000000   0.001971755905   0.004287292457
 -0.000000000000   0.000384671566   0.002600300049
  0.000000000000  -0.000430717892  -0.000343595449
  0.000000000000  -0.000867593027  -0.001152487777
 -0.000000000000   0.001223084774  -0.000319134313
 -0.000000000000   0.000212702179  -0.001232064580
  0.000000000000  -0.000100672618  -0.000778535345
 -0.000000000000   0.000180306834  -0.001138362994
 -0.000000000000   0.000347897947   0.000802203269
 -0.000000000000   0.006155037447   0.012479591754
 -0.000000000000   0.001345910736   0.000121338708
 -0.000000000000   0.002939591719  -0.001342903403
  0.000000000000  -0.000281791757  -0.000537252569
  0.000000000000  -0.000206106299  -0.000692551164
    5    1  0.0150  0.0000  0.0000
  0.000055823850   0.000002410560  -0.000092409584
  0.000051003269   0.000000585231   0.000005327299
  0.000708107783  -0.000000691077  -0.000004644180
  0.000061288262   0.000002036198  -0.000009395821
 -0.017369895398   0.000040044335  -0.000016577496
  0.000049839633   0.000006344623  -0.000010963334
  0.001483262150  -0.000012297095  -0.000000256509
  0.000053047308  -0.000005550150   0.000006677432
  0.000052152337  -0.000009360502  -0.000024116846
  0.000095556006   0.000004877779  -0.000002880027
  0.000056873162  -0.000001988495  -0.000027479515
  0.000002803348  -0.000002538051  -0.000002300262
  0.000053718263  -0.000002824309   0.000009187707
  0.000114538392   0.000002309510   0.000005892302
  0.000046898545   0.000002962719  -0.000014343770
  0.001038946908  -0.000008762771  -0.000017535613
  0.000734109810   0.000021747252  -0.000041578164
  0.000054456290   0.000039200066   0.000014228515
  0.001246234697   0.000004578645  -0.000003167589
  0.000051294225  -0.000010345706  -0.000025099037
  0.000133267079  -0.000001806454  -0.000026388155
  0.000691654604   0.000006686759  -0.000013927193
  0.000051600722  -0.000026147709   0.000012263122
  0.000064729137  -0.000021775881   0.000126834298
  0.000043408656   0.000000536103  -0.000016408819
  0.000114023021  -0.000003918976  -0.000027313726
  0.000106998076   0.000014100385   0.000019923851
  0.000055396107  -0.000001879349   0.000093306696
 -0.000071220176  -0.000145462691   0.000115924488
  0.000053928487  -0.000005155869  -0.000015155782
  0.005446859397   0.000018867278  -0.000030783730
  0.000116246329   0.000002405399  -0.000006599814
  0.000358517959  -0.000004707164   0.000005896812
 -0.000170144284   0.000011977094  -0.000001776021
  0.000056251473   0.000037764973  -0.000090180528
  0.000054078126   0.000006335044   0.000004091676
  0.000055017774  -0.000007885134  -0.000000733723
  0.001148500615   0.000004204081  -0.000002801640
  0.000051990325  -0.000006097529   0.000013337363
  0.002794167095  -0.000012854169  -0.000001466365
  0.000052575282   0.000007247361   0.000000519097
 -0.000045283750  -0.000011257518   0.000006133913
  0.000058173477  -0.000011702542  -0.000000219776
  0.000046392141   0.000130579640   0.000077379476
 -0.000230233537  -0.000028473287  -0.000006546092
  0.000057358666  -0.000003611357   0.000048032185
  0.000153994229  -0.000018796397  -0.000015970670
  0.000111694126  -0.000001910853  -0.000015936450
    5    2  0.0000  0.0150  0.0000
  0.000000000000  -0.000969727785   0.000268242123
 -0.000000000000   0.000676040889   0.000221438633
  0.000000000000  -0.003027670984   0.000579888838
 -0.000000000000   0.001365036918  -0.000028028713
  0.000000000000  -0.028584902073  -0.004640456931
 -0.000000000000   0.000563970892   0.000349967698
  0.000000000000  -0.005205274191  -0.000831721637
 -0.000000000000   0.000333041930   0.000262217502
  0.000000000000  -0.000038522834   0.000326143653
 -0.000000000000   0.002119918784  -0.001084797396
  0.000000000000  -0.000204053955   0.000880075206
 -0.000000000000   0.002642689995  -0.000949169806
 -0.000000000000   0.000125247982   0.000428735386
 -0.000000000000   0.000634923458  -0.001757900123
 -0.000000000000   0.000407772061   0.001093149520
 -0.000000000000   0.004012606763  -0.003663659606
 -0.000000000000   0.005257705841   0.007662691573
  0.000000000000  -0.000252521338   0.000436275502
 -0.000000000000   0.007850496803  -0.001459937101
  0.000000000000  -0.000263142396   0.000047551307
 -0.000000000000   0.001101668438   0.000095767437
 -0.000000000000   0.004210901779   0.007280328523
  0.000000000000  -0.000024097940   0.000149646846
 -0.000000000000   0.000910339119   0.001602350791
 -0.000000000000   0.002947303633   0.000475730327
  0.000000000000  -0.003478708291  -0.001070394888
 -0.000000000000   0.001598270400   0.001500388684
  0.000000000000  -0.001140329436   0.000028757862
 -0.000000000000   0.000995316996  -0.003121058748
  0.000000000000  -0.000219035042  -0.000286550335
 -0.000000000000   0.006750808937   0.002940132146
  0.000000000000  -0.000921775472   0.000146274868
 -0.000000000000   0.001027472626   0.003753070638
  0.000000000000  -0.003138855515  -0.001272490373
 -0.000000000000   0.000522718643   0.000718653700
  0.000000000000  -0.000912484390  -0.000874399290
  0.000000000000  -0.000073486071  -0.000316815050
 -0.000000000000   0.005497125185  -0.002470004016
  0.000000000000  -0.000222278280  -0.000764886793
 -0.000000000000   0.005852632418  -0.000236897680
  0.000000000000  -0.003737013641   0.000440285168
 -0.000000000000   0.002181119479  -0.003456384638
  0.000000000000  -0.002511471303   0.000184032805
 -0.000000000000   0.000839352090  -0.001507481595
  0.000000000000  -0.003656719428  -0.001531267470
 -0.000000000000   0.000635310163  -0.000533766631
  0.000000000000  -0.003675201939  -0.000294202937
 -0.000000000000   0.001197480085   0.000280475020
    5    3  0.0000  0.0000  0.0150
  0.000000000000  -0.000292321524   0.000650409210
 -0.000000000000   0.000206070396   0.000495744840
 -0.000000000000   0.000545063425   0.003773995105
 -0.000000000000   0.000220914437  -0.000748335808
  0.000000000000  -0.004794185037  -0.022699844224
  0.000000000000  -0.000425316792   0.000774494321
  0.000000000000  -0.000762854097   0.005798098126
  0.000000000000  -0.000328745510   0.000955097794
 -0.000000000000   0.000229014681   0.001402962843
  0.000000000000  -0.000581007918  -0.000645033915
 -0.000000000000   0.000367838293   0.001254679692
 -0.000000000000   0.001371738391  -0.001380761391
 -0.000000000000   0.000120688682   0.000958369016
  0.000000000000  -0.000073964219   0.000847242305
 -0.000000000000   0.000497361194   0.000621046946
  0.000000000000  -0.002890603931  -0.002219301109
 -0.000000000000   0.003637798395   0.004652877785
  0.000000000000  -0.000102344289   0.001408487134
  0.000000000000  -0.001510893700  -0.009356032532
  0.000000000000  -0.000814609030   0.001329309375
  0.000000000000  -0.003729203961  -0.001403610954
 -0.000000000000   0.003536489424   0.004665505413
  0.000000000000  -0.000133968768   0.001229391332
 -0.000000000000   0.000291608043   0.002178038505
 -0.000000000000   0.000325020988  -0.002484651455
 -0.000000000000   0.000906958317   0.002245591615
 -0.000000000000   0.000181289416   0.000870838254
  0.000000000000  -0.000387406468   0.001438986027
  0.000000000000  -0.000533298156  -0.002119322273
 -0.000000000000   0.000003322148  -0.001523351200
 -0.000000000000   0.002198202238   0.006791334047
 -0.000000000000   0.001309566588  -0.000694250872
 -0.000000000000   0.003842337582  -0.003042971915
  0.000000000000  -0.002316849822   0.000315327237
 -0.000000000000   0.000081734896  -0.001529405718
  0.000000000000  -0.000318728468  -0.001286188390
 -0.000000000000   0.000415081595  -0.001469724563
  0.000000000000  -0.000418870738   0.008212231748
 -0.000000000000   0.000202353388  -0.001420407766
 -0.000000000000   0.000288455250   0.004091076565
 -0.000000000000   0.000553199611   0.002927598129
  0.000000000000  -0.000666765683  -0.001451356746
  0.000000000000  -0.000157036409  -0.001222242749
 -0.000000000000   0.000489536980  -0.002131786669
  0.000000000000  -0.001678627859  -0.000708429786
 -0.000000000000   0.000273977439  -0.001466677007
 -0.000000000000   0.000461030107   0.003102490820
 -0.000000000000   0.000360950472  -0.001987537140
    9    1  0.0150  0.0000  0.0000
 -0.000090609147  -0.000006469627   0.000001450733
  0.000014245584   0.000002240210   0.000001006982
 -0.000013350524  -0.000007661458   0.000015950026
  0.000018062771  -0.000007594268   0.000004849846
  0.000014599796   0.000010501154  -0.000033857065
  0.000061068807   0.000001422055  -0.000012238656
  0.000020099229   0.000008359858  -0.000006687201
 -0.000041109643  -0.000000114411  -0.000016822494
 -0.024095269593  -0.000019276686  -0.000023285958
  0.000015019909  -0.000002542472   0.000000897446
  0.000670664122  -0.000011650970  -0.000016073185
  0.000016223207   0.000011149443  -0.000004865463
 -0.001402663520   0.000009822070  -0.000013218477
  0.000013819000   0.000004967190  -0.000012495547
  0.000022742830   0.000001290138   0.000006068715
  0.000019397479   0.000000074904  -0.000001528845
 -0.000004634710  -0.000004430704  -0.000037549425
  0.000318588306  -0.000003011013  -0.000027998335
  0.000015406271  -0.000022617103   0.000076181936
  0.001441838340   0.000007761611  -0.000026640628
  0.000007624862   0.000043787213   0.000023650805
  0.000004522993   0.000006367850  -0.000015779901
  0.000018109988  -0.000000441857  -0.000011076200
 -0.000341545112  -0.000004374973  -0.000042447410
  0.000017636090  -0.000007835334   0.000041775165
  0.000448400809  -0.000015894790  -0.000029351056
  0.000016665710  -0.000008078061  -0.000010730857
  0.001602820279   0.000002030155  -0.000012625220
 -0.000182627885  -0.000017679368   0.000040677441
 -0.000009699144  -0.000004092510   0.000012081333
  0.000016756505   0.000077982950  -0.000022011976
  0.000102911327  -0.000012813167   0.000009925216
 -0.000199171694  -0.000039388278   0.000023591275
  0.000017722994   0.000033622260  -0.000009336175
  0.000095497799  -0.000000208345   0.000008707350
  0.000061168737   0.000005947902   0.000019083596
  0.001156695130  -0.000018562473   0.000003819663
  0.000019072503  -0.000067911183   0.000040013691
  0.000153781929  -0.000005716554   0.000003137584
 -0.000016289019   0.000053363889  -0.000015751312
  0.000020059704  -0.000015629537  -0.000026907966
 -0.000084126767   0.000007032652   0.000019012831
  0.000008422932   0.000007212122   0.000001665637
  0.011356794314  -0.000005081575   0.000017458248
  0.000014561061   0.000028134776   0.000013787158
  0.000293054598   0.000007777984   0.000008067926
  0.000019165080  -0.000005994695   0.000012456579
  0.008367875766  -0.000015776974   0.000023962172
    9    2  0.0000  0.0150  0.0000
  0.000000000000  -0.000658339416   0.001489350034
 -0.000000000000   0.000510601082   0.000010791332
  0.000000000000  -0.000370201081   0.000163475930
 -0.000000000000   0.000538608486   0.000349256975
  0.000000000000  -0.000069727049   0.000179910605
 -0.000000000000   0.002034314964   0.000594881273
  0.000000000000  -0.000170583878   0.000335030510
 -0.000000000000   0.002531555022  -0.001317672512
  0.000000000000  -0.026437545485   0.000608914119
 -0.000000000000   0.000062359528   0.000280886800
 -0.000000000000   0.001351619954  -0.003559213567
  0.000000000000  -0.000007382825   0.000286492025
 -0.000000000000   0.003445421858  -0.008237183423
 -0.000000000000   0.000305247510   0.000454798410
 -0.000000000000   0.000054859832  -0.000488996369
  0.000000000000  -0.000159168627   0.000371266902
  0.000000000000  -0.000055358964   0.000341107216
 -0.000000000000   0.004943697275  -0.001323486546
 -0.000000000000   0.000304258278   0.000309835945
  0.000000000000  -0.000380110669   0.007539089512
  0.000000000000  -0.000805233861   0.001165602483
 -0.000000000000   0.000427329654  -0.000025160179
 -0.000000000000   0.000899340274   0.000485906010
  0.000000000000  -0.000347634989   0.000919167130
 -0.000000000000   0.000530181740   0.000185771758
  0.000000000000  -0.000711566493  -0.000366674671
 -0.000000000000   0.000835683824  -0.000027801789
  0.000000000000  -0.000248114956   0.007333077604
 -0.000000000000   0.000353451381  -0.000323130236
  0.000000000000  -0.002267444749  -0.000396064552
  0.000000000000  -0.000015820244  -0.000121224200
 -0.000000000000   0.000175652990  -0.002221413254
 -0.000000000000   0.000736911414  -0.000162883101
  0.000000000000  -0.000405943217  -0.000025671827
  0.000000000000  -0.000006579060  -0.002094101264
 -0.000000000000   0.000296149553   0.000750280874
 -0.000000000000   0.000697629224  -0.001819268026
  0.000000000000  -0.000108209620  -0.000511802773
  0.000000000000  -0.003505777459   0.001401392617
 -0.000000000000   0.000110921922  -0.000366667928
  0.000000000000  -0.000345484182  -0.001046620936
 -0.000000000000   0.001064060491   0.000560226721
  0.000000000000  -0.000612565519  -0.000658850186
 -0.000000000000   0.004926791622  -0.000530679668
  0.000000000000  -0.000197275955  -0.000133541024
 -0.000000000000   0.008115561211   0.000424946950
  0.000000000000  -0.000366732624  -0.000331541483
 -0.000000000000   0.003000591834  -0.000451810218
    9    3  0.0000  0.0000  0.0150
 -0.000000000000   0.002643277530   0.002908002469
  0.000000000000  -0.000561263257  -0.000159772838
  0.000000000000  -0.000804799527   0.001258292523
 -0.000000000000   0.000213567526   0.000388250069
 -0.000000000000   0.000510516693   0.001509110794
 -0.000000000000   0.001120564116  -0.000733950229
 -0.000000000000   0.001124405320   0.001383211790
 -0.000000000000   0.000992155047  -0.001518596561
 -0.000000000000   0.000544456323  -0.040317465073
  0.000000000000  -0.000391655875   0.000981513859
  0.000000000000  -0.003603975856  -0.001934793116
  0.000000000000  -0.000396693372   0.001302762672
  0.000000000000  -0.008650971595   0.003317900611
 -0.000000000000   0.000134455102   0.000747076781
  0.000000000000  -0.000872685627  -0.000599747252
 -0.000000000000   0.000259540231   0.001421775484
  0.000000000000  -0.000788614929   0.002579602599
 -0.000000000000   0.001962598945  -0.001203986910
  0.000000000000  -0.000004597146   0.001708299422
 -0.000000000000   0.008163570353  -0.001239094855
 -0.000000000000   0.001841579002   0.001134365893
  0.000000000000  -0.000642437196   0.002146594431
 -0.000000000000   0.001654301176  -0.000889892116
  0.000000000000  -0.002822582077   0.004675453888
 -0.000000000000   0.000592502016   0.001234358921
  0.000000000000  -0.003590558884   0.010073077120
  0.000000000000  -0.000542691354   0.001621309240
 -0.000000000000   0.008597695320  -0.002077582366
 -0.000000000000   0.000490467772  -0.004056351437
  0.000000000000  -0.000726851639   0.001442789896
 -0.000000000000   0.000253339978  -0.002148177117
  0.000000000000  -0.002005002373  -0.000525327692
  0.000000000000  -0.001153134559  -0.003853168905
 -0.000000000000   0.000592880358  -0.001104613708
  0.000000000000  -0.002984417808  -0.000376062864
 -0.000000000000   0.002480962888  -0.001247462734
  0.000000000000  -0.001336889121   0.005116153489
  0.000000000000  -0.000576070066  -0.001980969308
  0.000000000000  -0.001430993297   0.002020010408
  0.000000000000  -0.000295271025  -0.002928520436
  0.000000000000  -0.000791675447  -0.002100252775
 -0.000000000000   0.003266768881  -0.002044757542
 -0.000000000000   0.000165231749  -0.000990724968
  0.000000000000  -0.001501972001   0.012549805546
 -0.000000000000   0.000290241034  -0.001644019538
  0.000000000000  -0.001103880433   0.003868678558
  0.000000000000  -0.000295852411  -0.001539042274
  0.000000000000  -0.000019540482   0.011825936155
   13    1  0.0150  0.0000  0.0000
 -0.000035951519   0.000019011179   0.000005677508
 -0.000337892661   0.000011567826   0.000004613891
  0.000045931150  -0.000003298678   0.000000023364
  0.000052192622   0.000008267236   0.000003091418
  0.000045899586  -0.000008732864  -0.000043024749
  0.000094587497   0.000021448679  -0.000002909833
  0.000038869508  -0.000027500258  -0.000047241216
  0.001040385221   0.000005067519  -0.000000250684
 -0.001365198202  -0.000002252516  -0.000025664857
  0.000044886998  -0.000008924088   0.000004335491
  0.000052446422   0.000044664624   0.000059674756
  0.000047368947  -0.000006405577   0.000008584491
 -0.034089048980  -0.000003155264  -0.000008168935
  0.000038380670  -0.000004142722  -0.000011604388
  0.000046451260  -0.000007355769  -0.000002764901
  0.000047507735   0.000004217710   0.000012073756
  0.000043627084   0.000013789557  -0.000065831165
  0.000028853974  -0.000034889930   0.000031437605
  0.000046240050  -0.000003406987  -0.000050120103
 -0.000463371239  -0.000081567804   0.000065253659
 -0.000008641009  -0.000047750385  -0.000032834719
  0.000047965928   0.000013340695  -0.000055113786
  0.000036241254  -0.000032070830   0.000013042591
  0.005280055116   0.000059605274  -0.000020440555
  0.000046752088  -0.000013752367  -0.000044407154
  0.000048561216   0.000053593681  -0.000043485134
 -0.000288839160   0.000018319726  -0.000038453607
 -0.000436677962  -0.000066870949   0.000062809768
 -0.000221407562  -0.000000932155   0.000042093673
  0.000188484608   0.000000479460  -0.000018999380
  0.000044844402  -0.000004802807   0.000020217237
  0.000283516050   0.000010521680   0.000020916873
  0.000048701287   0.000044561307   0.000041806899
  0.000044693693  -0.000000702656  -0.000002175280
  0.000134227193   0.000035995718   0.000009948497
  0.019794173470  -0.000040392470  -0.000024366453
  0.001334754844   0.000028477414  -0.000054652393
  0.000045043941   0.000010809966   0.000002385791
  0.000039405065   0.000007657653   0.000003175655
  0.000054653255   0.000009524291   0.000020887652
  0.000061714058   0.000007518163   0.000022498621
  0.000048553255  -0.000055651390   0.000003069979
  0.000119680306  -0.000025109567   0.000008696603
  0.008001724341   0.000004548001   0.000060494819
 -0.000128264356  -0.000003476566   0.000019290333
 -0.000174705830   0.000033561647  -0.000067719145
  0.000046724905   0.000002869582   0.000008621945
  0.000085899481   0.000013726014   0.000105505561
   13    2  0.0000  0.0150  0.0000
 -0.000000000000   0.003286301515   0.002242288308
 -0.000000000000   0.004626374155  -0.003391673911
  0.000000000000  -0.000061333502  -0.000039808463
 -0.000000000000   0.000175798761   0.000101453928
 -0.000000000000   0.000141624870   0.000134903869
 -0.000000000000   0.000681839367   0.000052816573
 -0.000000000000   0.000401300540   0.000540900202
 -0.000000000000   0.003943377659   0.002835835139
 -0.000000000000   0.003479507299  -0.008706039853
 -0.000000000000   0.000273786031  -0.000135253504
 -0.000000000000   0.000018484230  -0.000753841681
  0.000000000000  -0.000202783606  -0.000261888685
  0.000000000000  -0.032784670179   0.006058060185
 -0.000000000000   0.000713149209   0.000401059920
 -0.000000000000   0.000075762327  -0.000099649744
  0.000000000000  -0.000252150563   0.000181077141
  0.000000000000  -0.002150158676   0.000952965051
 -0.000000000000   0.002423983624   0.000820300126
 -0.000000000000   0.000307223255   0.000161824007
  0.000000000000  -0.001917584747   0.001099393122
  0.000000000000  -0.000662949566   0.000437991348
 -0.000000000000   0.000239502666  -0.000047059215
 -0.000000000000   0.002241643400  -0.000807488044
  0.000000000000  -0.006895536832   0.009035403350
 -0.000000000000   0.000114442694  -0.000074406262
 -0.000000000000   0.000032059656  -0.000191636888
 -0.000000000000   0.002467171725  -0.002282048186
 -0.000000000000   0.005024847814  -0.000696254481
 -0.000000000000   0.002576762235  -0.002721009853
  0.000000000000  -0.003196638393  -0.000273379817
  0.000000000000  -0.000153171513  -0.000024982493
 -0.000000000000   0.000032321037  -0.001008156919
 -0.000000000000   0.000381655159   0.000111975027
  0.000000000000  -0.000279393821   0.000036462368
  0.000000000000  -0.003632726097  -0.000940748519
 -0.000000000000   0.008967158451  -0.006530215258
 -0.000000000000   0.004840647466   0.003371368572
  0.000000000000  -0.000441821462  -0.000253457530
  0.000000000000  -0.001487973406   0.000052709423
 -0.000000000000   0.000586235404  -0.000867848899
 -0.000000000000   0.000018682565  -0.000188846797
 -0.000000000000   0.000015644164   0.000287459618
  0.000000000000  -0.001662402493  -0.000137574113
 -0.000000000000   0.009657985902  -0.002429625581
 -0.000000000000   0.000497832796   0.001741819606
  0.000000000000  -0.003280806551   0.001450393503
  0.000000000000  -0.000385058039   0.000069570270
 -0.000000000000   0.001204053472   0.000684864039
   13    3  0.0000  0.0000  0.0150
 -0.000000000000   0.001226049005  -0.001022382792
  0.000000000000  -0.004238332026   0.000548682569
  0.000000000000  -0.000348369582   0.000615430788
 -0.000000000000   0.000504100078   0.000757238087
 -0.000000000000   0.000580704606   0.001150746269
 -0.000000000000   0.001725486977   0.000869137100
 -0.000000000000   0.001234154283   0.000773291642
 -0.000000000000   0.003660934056  -0.002286676122
  0.000000000000  -0.008239640799   0.003383527151
  0.000000000000  -0.000481880274   0.000908182412
  0.000000000000  -0.000492904780  -0.000512533078
  0.000000000000  -0.000365861070   0.001633337818
 -0.000000000000   0.006193615973  -0.047520782820
  0.000000000000  -0.000392368467  -0.000187530997
  0.000000000000  -0.000110148119   0.000244603929
  0.000000000000  -0.000182623223   0.001355059146
  0.000000000000  -0.000043118596   0.001995467793
 -0.000000000000   0.000293181213  -0.001837198314
 -0.000000000000   0.000115462777   0.001261857272
  0.000000000000  -0.002796334485   0.005474683251
  0.000000000000  -0.000544479698   0.002490072961
 -0.000000000000   0.000051981056   0.001224465778
  0.000000000000  -0.000594591697  -0.001505785634
 -0.000000000000   0.009857970078   0.004369635100
 -0.000000000000   0.000613468123   0.001199370212
  0.000000000000  -0.000891087930   0.001805934128
  0.000000000000  -0.002310561895   0.003470258255
 -0.000000000000   0.000373580356  -0.000500590196
  0.000000000000  -0.002483397161  -0.001407373024
 -0.000000000000   0.000254531751   0.002620006483
  0.000000000000  -0.000009123441  -0.001363050258
  0.000000000000  -0.000237417347  -0.003440738487
 -0.000000000000   0.000443720953  -0.001679986579
  0.000000000000  -0.000160290976  -0.001019978389
 -0.000000000000   0.000544343183   0.001490429890
  0.000000000000  -0.009383690127   0.014985174766
 -0.000000000000   0.004298795849   0.012360519054
  0.000000000000  -0.000577142206  -0.001211575433
  0.000000000000  -0.001622085437   0.001102229939
  0.000000000000  -0.000233408084  -0.001985110265
  0.000000000000  -0.000497145403  -0.002553405224
 -0.000000000000   0.001136993974  -0.001091411503
 -0.000000000000   0.002684114928   0.000218865255
  0.000000000000  -0.000801617487   0.006227797174
 -0.000000000000   0.000462775601  -0.002190537737
  0.000000000000  -0.000364980964   0.001421475624
  0.000000000000  -0.000233063427  -0.001249027840
 -0.000000000000   0.002379699880  -0.001391805156
   17    1  0.0150  0.0000  0.0000
  0.000058374990   0.000002301858  -0.000005256068
 -0.000284871763  -0.000001757404  -0.000010012587
 -0.000333373313  -0.000002900065  -0.000004158732
 -0.000313320597   0.000001816536  -0.000002285783
  0.000330991741   0.000010141440   0.000004365246
 -0.000311571315   0.000014352104   0.000001068724
  0.000933507666   0.000010288575   0.000000947378
 -0.000315486956   0.000018228996  -0.000018666407
 -0.000328414784  -0.000016797438  -0.000026982890
 -0.000012965142  -0.000009739816   0.000008115569
 -0.000311866910  -0.000005809738  -0.000008051383
  0.001191810131  -0.000004381444   0.000006149570
 -0.000313646224   0.000005068536  -0.000024538298
 -0.000335855180  -0.000006200914  -0.000003194448
 -0.000312666466  -0.000005304241  -0.000006815596
 -0.000793511418  -0.000004074427   0.000003826208
 -0.045911815951   0.000012443587   0.000146902934
 -0.000305590870   0.000009233433  -0.000019580967
 -0.000300009617   0.000002971049  -0.000007345282
 -0.000311121169  -0.000013198061   0.000023330736
 -0.000307922448  -0.000007235876   0.000018983596
 -0.000344594935  -0.000007489326  -0.000007954696
 -0.000225984548   0.000004674363  -0.000012471684
 -0.000814160884   0.000022353998  -0.000026347300
 -0.000329986253   0.000021417985  -0.000024195376
 -0.000328356531  -0.000021898216   0.000020718799
 -0.000780643819  -0.000038405596  -0.000012245038
 -0.000322633537   0.000003902537  -0.000001752576
  0.003066212472   0.000012366310  -0.000007941225
 -0.000279046600   0.000015427118   0.000028735403
 -0.000138156622  -0.000014917287  -0.000020413228
 -0.000320010739  -0.000011387123   0.000002471872
 -0.000392025762   0.000016242849  -0.000036969474
 -0.000284792402   0.000016794535   0.000021875158
 -0.000302872805  -0.000001447707   0.000041711037
 -0.000287823225  -0.000031438979   0.000051265869
 -0.000308715919  -0.000003406557   0.000027949686
 -0.000366749651  -0.000007772958  -0.000023767427
 -0.000309447273   0.000016477620  -0.000015411039
  0.048708193467   0.000004430832   0.000008178838
 -0.000314692385   0.000007145366  -0.000019011721
 -0.000310844832   0.000008562320  -0.000004171589
  0.000203519798   0.000062934995   0.000025743783
  0.000207638736  -0.000023430316   0.000011662521
  0.003987695421  -0.000033714230  -0.000067139590
 -0.000293771429  -0.000026323967  -0.000015188094
 -0.000180868578  -0.000000337609  -0.000029896863
 -0.000347755574  -0.000000207647   0.000007762434
   17    2  0.0000  0.0150  0.0000
 -0.000000000000   0.002602782130  -0.001063371986
 -0.000000000000   0.000305679958   0.003194825781
 -0.000000000000   0.000437268714   0.000411845330
  0.000000000000  -0.000038073869  -0.000106874521
 -0.000000000000   0.005067242006   0.003723641450
  0.000000000000  -0.000108778605   0.000205177796
 -0.000000000000   0.007576003513  -0.001327951239
  0.000000000000  -0.000112774690   0.000761328950
  0.000000000000  -0.000024898026  -0.000438431762
 -0.000000000000   0.004824658758  -0.001510254077
 -0.000000000000   0.000319041720   0.000168787130
 -0.000000000000   0.000051763077  -0.007509517843
  0.000000000000  -0.001971844084   0.000063014775
 -0.000000000000   0.002356876596  -0.000110588215
 -0.000000000000   0.000367525826   0.000217839927
  0.000000000000  -0.001711755398   0.002574154550
  0.000000000000  -0.096597326130  -0.014000676558
 -0.000000000000   0.001277969658   0.000978370005
 -0.000000000000   0.002354764689   0.001016621203
  0.000000000000  -0.000536566899   0.000235084147
  0.000000000000  -0.001308754524  -0.000374213323
 -0.000000000000   0.000791051379   0.000371296565
 -0.000000000000   0.002571161784   0.003536575174
  0.000000000000  -0.008665126103  -0.005010048852
  0.000000000000  -0.000720204026  -0.001764999974
 -0.000000000000   0.000707384192   0.000573895871
 -0.000000000000   0.003988297063   0.014017036568
 -0.000000000000   0.001821853466   0.000609228303
 -0.000000000000   0.016331011616  -0.016391322109
  0.000000000000  -0.000805336488  -0.001606196490
  0.000000000000  -0.001221177013   0.000012592241
 -0.000000000000   0.000604783103   0.000309766326
 -0.000000000000   0.000439963937  -0.001234740696
  0.000000000000  -0.000425545702   0.000852569583
  0.000000000000  -0.003498702532  -0.000642599983
 -0.000000000000   0.006088914429  -0.004551412692
 -0.000000000000   0.000788713759  -0.000178882096
  0.000000000000  -0.003661596914  -0.000211115330
  0.000000000000  -0.000293993377  -0.000372771544
 -0.000000000000   0.020305641433   0.016383908785
 -0.000000000000   0.002328246786   0.001957538964
  0.000000000000  -0.000441072860   0.000116473495
  0.000000000000  -0.005828895888  -0.005382220757
  0.000000000000  -0.000471018076   0.004210950043
 -0.000000000000   0.047400444506   0.005107187928
  0.000000000000  -0.001134365833   0.000234135063
  0.000000000000  -0.002314872089   0.001908819022
 -0.000000000000   0.000183635026   0.000035525074
   17    3  0.0000  0.0000  0.0150
  0.000000000000  -0.002087003850   0.002136261022
 -0.000000000000   0.001245265792  -0.001110695443
 -0.000000000000   0.000472809145   0.000860083968
  0.000000000000  -0.000334802277   0.000422378810
 -0.000000000000   0.007671753998   0.004444362578
  0.000000000000  -0.000334273556   0.001000705035
  0.000000000000  -0.001414504771  -0.009231225639
 -0.000000000000   0.000048717255   0.000955719697
 -0.000000000000   0.000404168526   0.002071654041
 -0.000000000000   0.001352093985  -0.001033180756
 -0.000000000000   0.000384029923   0.001340437918
  0.000000000000  -0.007182934286  -0.000847616249
 -0.000000000000   0.000995700167   0.001726080485
  0.000000000000  -0.000703011958  -0.001695917700
 -0.000000000000   0.000207440804   0.000942438395
  0.000000000000  -0.000940225779   0.004787585704
  0.000000000000  -0.010809568425  -0.090331987553
  0.000000000000  -0.000753480822   0.001136094511
 -0.000000000000   0.000940448114  -0.000600037489
 -0.000000000000   0.000013750305   0.002010979822
  0.000000000000  -0.000161100421   0.001720294096
  0.000000000000  -0.000020930756   0.001314276281
  0.000000000000  -0.001565107610  -0.000825270508
 -0.000000000000   0.004580857554   0.010274851798
  0.000000000000  -0.001698499667  -0.001235811433
 -0.000000000000   0.000535218980   0.002163784772
 -0.000000000000   0.004361253482  -0.002041051376
  0.000000000000  -0.001977283797   0.001133449878
  0.000000000000  -0.019572387302   0.041745788913
 -0.000000000000   0.000365220570  -0.000865191962
  0.000000000000  -0.001553668807  -0.001129012757
 -0.000000000000   0.000256731819  -0.002531732653
  0.000000000000  -0.000210744921  -0.003495087577
 -0.000000000000   0.000467443688  -0.000953246416
 -0.000000000000   0.003049447087  -0.000479810783
  0.000000000000  -0.004337072728  -0.001111092381
 -0.000000000000   0.000161095206  -0.002437708028
  0.000000000000  -0.001816118592   0.002766637008
 -0.000000000000   0.000613601358  -0.001719410084
 -0.000000000000   0.014430493897   0.039810701693
 -0.000000000000   0.002845836001  -0.002220047416
 -0.000000000000   0.000111378984  -0.001964155537
 -0.000000000000   0.000428129821   0.002150305024
 -0.000000000000   0.001125504255  -0.005311729323
 -0.000000000000   0.008981374591   0.009407007369
 -0.000000000000   0.001210557574  -0.001847771718
  0.000000000000  -0.000057154669   0.001220018273
 -0.000000000000   0.000269552115  -0.002523106311
   21    1  0.0150  0.0000  0.0000
 -0.000153055784  -0.000024846963   0.000005280326
 -0.000154521811   0.000030080983  -0.000009612247
 -0.000452148889   0.000012681706  -0.000000571823
  0.004081572926   0.000000407695   0.000007994280
 -0.000080589508   0.000151506880   0.000102252671
  0.000520522834  -0.000003955353  -0.000014152331
 -0.000154159610  -0.000006087161  -0.000184935258
 -0.000131068765  -0.000009735641  -0.000002124039
 -0.000160372154   0.000003198841   0.000005802668
 -0.000167781988   0.000023120961  -0.000001020926
 -0.000148658009   0.000020472920   0.000012420753
 -0.000501939854  -0.000031249621  -0.000006047117
 -0.000204006719   0.000004495015   0.000007126887
 -0.000152600699  -0.000004210997  -0.000020794824
 -0.000161482380   0.000024439221  -0.000003465436
  0.005208700248  -0.000005701407   0.000018583643
 -0.000149968441  -0.000016131119  -0.000066860858
 -0.000189737660  -0.000007848009  -0.000020346836
 -0.000055306348   0.000005404396   0.000024770520
 -0.000587421844   0.000016928070  -0.000013931800
 -0.052454518153  -0.000124950202   0.000264634369
 -0.000152933509  -0.000009166637   0.000008567043
 -0.000155084662  -0.000027509078   0.000002575679
 -0.000152019965  -0.000008822857   0.000000391123
  0.000550937762  -0.000028784506  -0.000004794630
  0.000133633701   0.000024169875   0.000003109238
 -0.000136371070   0.000008344899  -0.000040194528
 -0.000156692718  -0.000022281617   0.000002314978
 -0.000155362289  -0.000006784082   0.000015462547
 -0.000144053947   0.000011697083   0.000002238648
 -0.000030432359  -0.000021391060  -0.000007114050
  0.045025454827   0.000090228890  -0.000183009368
  0.001579629536  -0.000123854800  -0.000024816171
 -0.000146083196   0.000017615816   0.000025638214
 -0.000151670995  -0.000026308215   0.000036548555
 -0.000167321740   0.000002061224  -0.000018817791
 -0.001842901362   0.000004839891   0.000040632070
 -0.000083629602  -0.000006252558  -0.000031809468
  0.000003803998  -0.000010123056  -0.000034577378
 -0.000123745313  -0.000003840568  -0.000008601395
  0.003576749306   0.000043014834   0.000091757472
 -0.000474285310   0.000013263889   0.000012765249
 -0.000157233675  -0.000004221926   0.000009768183
 -0.000161998235  -0.000018919397   0.000017591202
 -0.000233144766   0.000014192535   0.000016450462
 -0.000149844834  -0.000015537229  -0.000037215815
  0.000500417683   0.000017323938  -0.000022774797
 -0.000347274659   0.000029024494   0.000022912106
   21    2  0.0000  0.0150  0.0000
 -0.000000000000   0.000303589578   0.000100572638
 -0.000000000000   0.000481245108   0.000092768155
 -0.000000000000   0.005796512316   0.001060977683
 -0.000000000000   0.010411379625   0.003462034269
 -0.000000000000   0.001451710927  -0.003283069602
 -0.000000000000   0.004412236543  -0.003471137626
 -0.000000000000   0.000300895373  -0.000074574966
 -0.000000000000   0.001033754783  -0.000233368890
  0.000000000000  -0.000446876672   0.001485365710
 -0.000000000000   0.000651223126   0.000438282032
 -0.000000000000   0.001086144103   0.001277807109
  0.000000000000  -0.000004203555   0.002515504000
  0.000000000000  -0.000268068105  -0.000472248189
 -0.000000000000   0.000544758370  -0.000048501387
 -0.000000000000   0.002452746114  -0.000512558815
  0.000000000000  -0.006575255107  -0.009718160362
  0.000000000000  -0.001063040966  -0.000246627742
 -0.000000000000   0.001016443170   0.000103856675
 -0.000000000000   0.002819559510  -0.001649758833
  0.000000000000  -0.008448704848  -0.004472559964
  0.000000000000  -0.128545195439   0.031699484377
 -0.000000000000   0.004898372293  -0.000670900743
 -0.000000000000   0.000673642328   0.000186691095
  0.000000000000  -0.000430246467   0.000138728581
 -0.000000000000   0.004788587313   0.000437554347
 -0.000000000000   0.008545413692   0.012127499582
 -0.000000000000   0.000760466964   0.000414481135
 -0.000000000000   0.000093967306   0.000651003280
 -0.000000000000   0.000649670696   0.000181384579
  0.000000000000  -0.000167229874  -0.000190459199
  0.000000000000  -0.003606671257   0.001879104858
 -0.000000000000   0.021866463862  -0.012220893224
 -0.000000000000   0.071412982708  -0.018193151423
  0.000000000000  -0.005277949154   0.000593342234
 -0.000000000000   0.000010671923  -0.000308926208
 -0.000000000000   0.000690816802  -0.000140264934
 -0.000000000000   0.002371500793   0.003634019611
  0.000000000000  -0.000655015982   0.000669083880
  0.000000000000  -0.001144113188  -0.000083564109
 -0.000000000000   0.002461253357   0.001569529779
 -0.000000000000   0.008710649139   0.001285030209
  0.000000000000  -0.005931135378  -0.001056368357
  0.000000000000  -0.000147895878  -0.000360028411
 -0.000000000000   0.000996684210  -0.000643708092
 -0.000000000000   0.000713803222  -0.001207602764
  0.000000000000  -0.000301509305  -0.000677316196
  0.000000000000  -0.002613620550  -0.000639855387
 -0.000000000000   0.003219586467  -0.005428500397
   21    3  0.0000  0.0000  0.0150
  0.000000000000  -0.000065504556   0.000905387434
 -0.000000000000   0.000110377506   0.001159006576
 -0.000000000000   0.000334971149  -0.000116333031
 -0.000000000000   0.002934563995  -0.009034417320
 -0.000000000000   0.000070798002  -0.001004594060
  0.000000000000  -0.007071991242   0.005025769725
 -0.000000000000   0.000154280018   0.001183700199
  0.000000000000  -0.001516160903   0.001955262985
 -0.000000000000   0.001083327736   0.001233327708
 -0.000000000000   0.000005585921   0.002058735872
 -0.000000000000   0.000428475146  -0.000478612924
  0.000000000000  -0.000900431246   0.004594557406
 -0.000000000000   0.000392106096   0.002204615219
 -0.000000000000   0.000049277629   0.001198411214
  0.000000000000  -0.000787978209  -0.001159319367
  0.000000000000  -0.008945810004   0.004705652108
  0.000000000000  -0.000509546781   0.002006519740
  0.000000000000  -0.000223618912   0.001620015610
 -0.000000000000   0.003444975055  -0.000513677880
 -0.000000000000   0.005223342009   0.010531199747
 -0.000000000000   0.031473176640  -0.092676184610
 -0.000000000000   0.000693048501  -0.000770701964
 -0.000000000000   0.000186996953   0.002029525639
  0.000000000000  -0.000132777383   0.001945212825
 -0.000000000000   0.011730733752  -0.002421866642
 -0.000000000000   0.004387784298  -0.005100185846
 -0.000000000000   0.000377874755   0.002399108303
 -0.000000000000   0.000130870825   0.001356327420
 -0.000000000000   0.000132633311  -0.001874532158
 -0.000000000000   0.000284686903  -0.001723606184
  0.000000000000  -0.000910726451   0.001865442935
  0.000000000000  -0.011842537797   0.034549136654
  0.000000000000  -0.021275975838   0.015316387435
  0.000000000000  -0.001521210242   0.005299938505
  0.000000000000  -0.000214175328  -0.001358108583
 -0.000000000000   0.000325109619  -0.002464876976
  0.000000000000  -0.000885845125  -0.004609611677
  0.000000000000  -0.001453462574  -0.000687059831
 -0.000000000000   0.002440994925  -0.001028995248
 -0.000000000000   0.001434023854  -0.001370879508
 -0.000000000000   0.001673826643   0.026886736856
  0.000000000000  -0.000208744173   0.003526467842
  0.000000000000  -0.000626228559  -0.002085464221
  0.000000000000  -0.000168530699  -0.001906806497
  0.000000000000  -0.000074796881  -0.002642145491
 -0.000000000000   0.000311036339  -0.000803429756
  0.000000000000  -0.005758932326  -0.001521155315
  0.000000000000  -0.004719892350   0.001796119130
   25    1  0.0150  0.0000  0.0000
 -0.000149535139  -0.000001918516  -0.000009631296
 -0.000152229958   0.000004420427  -0.000009622833
 -0.000138737951   0.000009553598   0.000003349454
  0.013078881174  -0.000012977594  -0.000029934494
 -0.000160820590   0.000004884717   0.000010577366
 -0.000090806499  -0.000084437798   0.000063041688
 -0.000087219257   0.000012889777   0.000011342329
 -0.000148934908  -0.000146879313   0.000057880431
 -0.000148992497   0.000025970641   0.000017187872
  0.000367516944  -0.000003542816   0.000017945866
 -0.000147475628   0.000016102881  -0.000014657983
  0.001571361006  -0.000004917706   0.000022351015
 -0.000150030307   0.000004993248   0.000000734788
 -0.000150345744   0.000000886746   0.000007000490
 -0.000565420517  -0.000001518083   0.000009330259
 -0.000645748869  -0.000007971984  -0.000010980837
 -0.000168541352   0.000002129786   0.000005792851
 -0.000168220487  -0.000004497084   0.000021434955
 -0.000585054215   0.000022526925   0.000012438813
 -0.000159166404   0.000053473464  -0.000007770342
  0.000553304388  -0.000002647262  -0.000142025251
  0.000140227054  -0.000008670779   0.000026119593
 -0.000134185408   0.000030196121  -0.000032732344
 -0.000154348243  -0.000007549023  -0.000037037946
 -0.069812651629  -0.000025221325  -0.000075646258
 -0.000236275561   0.000064992186   0.000010053887
 -0.000169727172   0.000023992736  -0.000003714920
 -0.000149165198   0.000004290374  -0.000074829340
 -0.000131097039   0.000015558922  -0.000007246026
 -0.000125684616   0.000020183175  -0.000004605687
 -0.000338237213  -0.000054413640   0.000026897598
 -0.000109770793  -0.000049039171   0.000019810100
 -0.000418120937   0.000003580488  -0.000037585492
  0.002345356383   0.000123325039  -0.000015281572
 -0.000153232659  -0.000014844554   0.000015069945
 -0.000155038486  -0.000004809936  -0.000041409935
 -0.000143097363  -0.000016400574   0.000043899710
 -0.001635613067  -0.000057984824  -0.000084811306
 -0.000061583295  -0.000019193508  -0.000009734193
 -0.000072844920  -0.000002190351   0.000010939278
  0.004612703697  -0.000055887460  -0.000018012205
 -0.000343551556   0.000014299452   0.000085411496
 -0.000046954361   0.000003256915  -0.000010746649
 -0.000149617973  -0.000000654270   0.000000829575
 -0.000205903359  -0.000004954834   0.000024432787
 -0.000147843047  -0.000003704097  -0.000015943961
  0.056257316205   0.000100291991   0.000113117696
 -0.000214842632   0.000035026895   0.000056971031
   25    2  0.0000  0.0150  0.0000
 -0.000000000000   0.000546329769  -0.000088167625
  0.000000000000  -0.000422439096  -0.000084587883
 -0.000000000000   0.002773041356  -0.000695090965
  0.000000000000  -0.008984753979   0.010674335097
 -0.000000000000   0.002743665203   0.000205050436
  0.000000000000  -0.002979426068  -0.000954108249
 -0.000000000000   0.001578316136   0.000012723963
  0.000000000000  -0.000847922196   0.000154684376
 -0.000000000000   0.000628146569   0.000330963819
  0.000000000000  -0.000520286441   0.003378207548
 -0.000000000000   0.000863378712  -0.000495376597
 -0.000000000000   0.000136320431  -0.008179864722
 -0.000000000000   0.000286188805   0.000330170061
 -0.000000000000   0.000192029358   0.000541580827
 -0.000000000000   0.002650558275  -0.002332729901
 -0.000000000000   0.005275749680  -0.000496859195
  0.000000000000  -0.000658757307  -0.001933285327
 -0.000000000000   0.000818353708  -0.000584619090
 -0.000000000000   0.004050950680   0.004170910670
 -0.000000000000   0.001932384615   0.001957912190
 -0.000000000000   0.004613601215   0.011529534843
 -0.000000000000   0.008366952251  -0.004478335634
 -0.000000000000   0.000629870792   0.000256867253
  0.000000000000  -0.000082681908  -0.000245858863
  0.000000000000  -0.071210905395   0.001782615651
 -0.000000000000   0.003625178241   0.002182428504
  0.000000000000  -0.001136319405  -0.000176968339
 -0.000000000000   0.000791356256   0.000007246953
  0.000000000000  -0.000062941948   0.000418001554
 -0.000000000000   0.000328981184  -0.000189059188
  0.000000000000  -0.003380324817   0.000166044663
 -0.000000000000   0.000862608165  -0.005438870822
  0.000000000000  -0.006879808456  -0.003989989792
 -0.000000000000   0.014848862146  -0.015947363872
  0.000000000000  -0.000304000414  -0.000537010144
 -0.000000000000   0.000572558899  -0.000189311804
 -0.000000000000   0.000283743235  -0.001877372387
  0.000000000000  -0.000946413983  -0.001303080247
 -0.000000000000   0.000419112521   0.001208623301
  0.000000000000  -0.002115271385   0.002207650042
 -0.000000000000   0.028909456921  -0.001347361524
  0.000000000000  -0.004585875092   0.001304647462
 -0.000000000000   0.000901951518  -0.001248905685
  0.000000000000  -0.000463307742  -0.000227817945
 -0.000000000000   0.002277645669   0.001169745699
  0.000000000000  -0.000535242830  -0.000033040623
 -0.000000000000   0.015785301288   0.009993193196
  0.000000000000  -0.001575915136  -0.000908101686
   25    3  0.0000  0.0000  0.0150
  0.000000000000  -0.000008048742   0.000886118834
  0.000000000000  -0.000025880714   0.001101282699
  0.000000000000  -0.000460243439  -0.000650328527
 -0.000000000000   0.011166891870   0.009441512652
 -0.000000000000   0.000362611795  -0.001826816624
 -0.000000000000   0.000986384114   0.002168950253
 -0.000000000000   0.001237361789   0.000856378693
  0.000000000000  -0.000104526027   0.001371643672
 -0.000000000000   0.000149419508   0.001346576272
 -0.000000000000   0.000390100192   0.010379215263
  0.000000000000  -0.000041363080   0.001620486524
  0.000000000000  -0.007233948416  -0.001344166072
  0.000000000000  -0.000112772876   0.001272387257
 -0.000000000000   0.000140657952   0.001684032620
  0.000000000000  -0.002334155376   0.003617787179
 -0.000000000000   0.000738414783  -0.000216783337
  0.000000000000  -0.001942298101  -0.000898014898
  0.000000000000  -0.000448806942   0.002518656174
 -0.000000000000   0.013785750438  -0.001652970873
  0.000000000000  -0.000478045155   0.001452584552
 -0.000000000000   0.000400132163  -0.002366782617
  0.000000000000  -0.012104527888  -0.005039796754
 -0.000000000000   0.000378579524   0.002442351511
  0.000000000000  -0.000698682447   0.001417889105
  0.000000000000  -0.002098077750  -0.139466698618
  0.000000000000  -0.002289798008   0.000034068155
  0.000000000000  -0.000097784088   0.002078965984
  0.000000000000  -0.000161334682   0.001878020793
 -0.000000000000   0.000165622179  -0.000646322762
  0.000000000000  -0.000190415386  -0.002380522699
 -0.000000000000   0.000706918048   0.007966274765
  0.000000000000  -0.001508453557  -0.000057743579
 -0.000000000000   0.001009741955   0.001468037757
  0.000000000000  -0.019148940026   0.058445943475
  0.000000000000  -0.000413640347  -0.001661721970
 -0.000000000000   0.000534008949  -0.001622633977
 -0.000000000000   0.000203376082  -0.001195905608
  0.000000000000  -0.005697319770  -0.000641815025
 -0.000000000000   0.000430453984  -0.002881511841
  0.000000000000  -0.000220642030   0.002242331495
 -0.000000000000   0.005311451319   0.013295319796
 -0.000000000000   0.005245403252  -0.000881289178
  0.000000000000  -0.000316020266  -0.002909276491
 -0.000000000000   0.000376243448  -0.001451591996
 -0.000000000000   0.002484529199  -0.001055706076
 -0.000000000000   0.000442151462  -0.001464621285
 -0.000000000000   0.010639691826   0.042181127919
 -0.000000000000   0.000849829285  -0.000854922590
   29    1  0.0150  0.0000  0.0000
 -0.000556733457  -0.000007741960   0.000011396261
 -0.000113621126   0.000001201422  -0.000000106266
  0.000060536130   0.000000879774   0.000001684503
  0.000055051250   0.000006905376  -0.000003856123
 -0.000060870296   0.000005338447  -0.000000688790
  0.000057105906   0.000002053746   0.000002541741
  0.005512554538  -0.000012460416   0.000007299988
  0.000124073343   0.000006151529   0.000001711558
 -0.000147505909   0.000003908057   0.000005304285
  0.000029972014   0.000013706552   0.000013540458
  0.000055254444   0.000001193808   0.000004400606
  0.000143521473  -0.000026366755  -0.000015474580
 -0.000230659225  -0.000000769131  -0.000002497302
  0.000206571165   0.000007405729   0.000006376378
  0.000057576937  -0.000000066658   0.000008915789
  0.000296097045   0.000003363141   0.000001801308
  0.003163308161  -0.000000944278   0.000010866765
  0.000087277786  -0.000007466931  -0.000005352457
  0.000222440727   0.000023976982  -0.000037025935
  0.000047248172   0.000003266292   0.000011775030
  0.000055153407  -0.000006563847  -0.000005146147
  0.000066431336  -0.000034214786   0.000006931009
  0.000176843046   0.000011774994   0.000005374963
  0.044830156548  -0.000028582260  -0.000041884591
  0.000076788495  -0.000013971179  -0.000090061766
  0.000081961597  -0.000016714163   0.000019016985
 -0.000138632393   0.000004376231   0.000007885753
  0.000084440707  -0.000002460390  -0.000008396955
 -0.074109614392   0.000126221561   0.000128720322
  0.000295146909  -0.000012917387   0.000017516274
  0.000010811703   0.000013840647   0.000000262315
  0.000078351454   0.000007309473  -0.000003203092
  0.000092681689  -0.000004381690   0.000003152910
  0.000048300237   0.000001225066   0.000007461793
  0.000289991405   0.000021350895  -0.000024053030
  0.007187807778  -0.000142483102  -0.000054584101
  0.000137794231   0.000005826617  -0.000006854573
 -0.000632853303   0.000009470991   0.000020937026
  0.000088903026   0.000000076261   0.000006858163
  0.008815526602   0.000021531620   0.000034880532
  0.000104558758   0.000002122939   0.000014492887
  0.000055729259   0.000007269343  -0.000003350844
 -0.000008427715  -0.000023432645  -0.000025555878
  0.004077944056   0.000049631574  -0.000095387813
 -0.000987864361  -0.000010794153   0.000034140910
  0.000230005474   0.000002113826   0.000016083675
 -0.000024966354  -0.000012385080   0.000016054914
  0.000007831724   0.000001223919  -0.000003904858
   29    2  0.0000  0.0150  0.0000
 -0.000000000000   0.010613611613  -0.012731594121
  0.000000000000  -0.002317562450   0.000278161535
 -0.000000000000   0.000258564751   0.000118685262
  0.000000000000  -0.000066811290   0.000197120707
 -0.000000000000   0.000779962197  -0.000323207488
  0.000000000000  -0.000056272100   0.000131769323
 -0.000000000000   0.006308756790   0.002128199238
  0.000000000000  -0.000785738723  -0.001198214178
 -0.000000000000   0.000334918290   0.000677909094
  0.000000000000  -0.002051569950   0.000752154966
 -0.000000000000   0.000031140790   0.000446334396
 -0.000000000000   0.000235179474   0.001924621941
 -0.000000000000   0.002460235385  -0.002289937678
  0.000000000000  -0.002873437559  -0.000029693211
  0.000000000000  -0.000043657197   0.000141672343
 -0.000000000000   0.000068220250   0.000312214674
 -0.000000000000   0.016517268590  -0.019736350599
  0.000000000000  -0.000830479724  -0.000215292591
  0.000000000000  -0.001257224208  -0.001611721278
 -0.000000000000   0.000551118840  -0.000034862831
 -0.000000000000   0.000356483291   0.000303469355
  0.000000000000  -0.000367048002  -0.000148015753
  0.000000000000  -0.004029077860  -0.000834798191
 -0.000000000000   0.021869926092   0.012069588087
  0.000000000000  -0.000106756047   0.000345529599
 -0.000000000000   0.000203209707   0.000308561347
  0.000000000000  -0.003445381673   0.000860190688
 -0.000000000000   0.000841293091   0.001714452275
  0.000000000000  -0.077666028356   0.013991196333
 -0.000000000000   0.002614025837   0.000558422470
 -0.000000000000   0.000091306902   0.000864733062
 -0.000000000000  -0.000003020837   0.000174064367
  0.000000000000  -0.000153844782  -0.000086224353
 -0.000000000000   0.000392669653   0.000018918778
 -0.000000000000   0.005299350172  -0.002639872938
 -0.000000000000   0.012340006891   0.008420189639
  0.000000000000  -0.000470794948   0.000837591679
 -0.000000000000   0.003313719713   0.003176215713
 -0.000000000000   0.000468932856   0.000243627372
  0.000000000000  -0.003451544100  -0.000986361890
 -0.000000000000   0.000209393040  -0.000361583107
 -0.000000000000   0.000009403948   0.000219041490
 -0.000000000000   0.003954068042   0.001069253286
  0.000000000000  -0.002720546470  -0.003387444469
 -0.000000000000   0.010430405754  -0.004850583390
 -0.000000000000   0.000509152781  -0.000721029718
 -0.000000000000   0.001896844500   0.000011571888
  0.000000000000  -0.000262372966  -0.000108673122
   29    3  0.0000  0.0000  0.0150
  0.000000000000  -0.012566196303   0.019100844103
  0.000000000000  -0.001108249321   0.001665250688
  0.000000000000  -0.000056481275  -0.001179432396
 -0.000000000000   0.000082483636  -0.000854472977
  0.000000000000  -0.002694256502  -0.001901243886
 -0.000000000000   0.000298550640  -0.001326626231
 -0.000000000000   0.002561430357   0.006266571584
  0.000000000000  -0.000092459604  -0.000695598341
  0.000000000000  -0.000261678683  -0.003555431386
 -0.000000000000   0.000462369117   0.001228847480
  0.000000000000  -0.000087018680  -0.001847017875
 -0.000000000000   0.002044344681  -0.000518571622
  0.000000000000  -0.002715189383  -0.001591214416
 -0.000000000000   0.000302269788   0.002235138357
 -0.000000000000   0.000017412117  -0.001295114037
 -0.000000000000   0.000983324532  -0.003233615535
  0.000000000000  -0.016386386659   0.041692976857
 -0.000000000000   0.001848850404  -0.000823064236
  0.000000000000  -0.000106262789  -0.001114400921
  0.000000000000  -0.000099853808  -0.002495030067
 -0.000000000000   0.000235771094  -0.002125246614
 -0.000000000000   0.000241203302  -0.002006354578
 -0.000000000000   0.001943270267   0.001602466587
 -0.000000000000   0.012289974443   0.034318693445
 -0.000000000000   0.000597992867  -0.000941551337
 -0.000000000000   0.000115254330  -0.002669496751
 -0.000000000000   0.000319421720   0.007813110810
 -0.000000000000   0.005360736886  -0.000349813240
 -0.000000000000   0.017910374847  -0.130249914050
  0.000000000000  -0.000353464883  -0.000215547118
 -0.000000000000   0.000754859326   0.001772269605
 -0.000000000000   0.000040303362   0.002552342896
 -0.000000000000   0.000362381367   0.003458968806
  0.000000000000  -0.000247757427   0.001581918302
  0.000000000000  -0.003997013061  -0.002310101716
 -0.000000000000   0.009596243014  -0.001350847129
 -0.000000000000   0.000642912908   0.002427945288
 -0.000000000000   0.003325516409   0.000363767206
  0.000000000000  -0.000783218418   0.001526797378
  0.000000000000  -0.003587880493   0.016138425944
  0.000000000000  -0.000939008086   0.002273104528
  0.000000000000  -0.000407537256   0.002384917417
  0.000000000000  -0.000872602172  -0.004396609040
  0.000000000000  -0.002830831001   0.015273780062
  0.000000000000  -0.009471599018  -0.002113680402
  0.000000000000  -0.002634880586   0.001805873818
 -0.000000000000   0.000245389015   0.000620817584
  0.000000000000  -0.000282815020   0.003055167154
   33    1  0.0150  0.0000  0.0000
 -0.000272699844  -0.000001400358  -0.000000272660
 -0.000275445401   0.000000960536  -0.000001309477
  0.021590772489  -0.000003447095  -0.000002878171
 -0.000160383994  -0.000002757027  -0.000004031400
  0.000045754068  -0.000006334873   0.000000834645
 -0.000535039399   0.000003749716  -0.000005278439
 -0.000270646833  -0.000004104465   0.000002351083
 -0.000279863863   0.000001729431  -0.000001904188
 -0.000480261453  -0.000002506820   0.000001119316
 -0.000271749711  -0.000000721825  -0.000003054248
 -0.000197035983   0.000004524999   0.000003198550
 -0.000228022763  -0.000002857434   0.000000393872
 -0.000272231870  -0.000000001521  -0.000000516306
 -0.000276606624   0.000002338536  -0.000000202423
 -0.000193733515   0.000000254820  -0.000002945678
  0.019250560540   0.000006072151  -0.000002724666
 -0.000342687735   0.000008766939   0.000015957982
 -0.000248754707   0.000008597336  -0.000002196023
 -0.000272333721  -0.000001592069  -0.000003577031
 -0.000234447241  -0.000001186171   0.000001367023
  0.001298118963  -0.000014702333   0.000008143206
 -0.000281863833  -0.000004851132   0.000000429739
 -0.000275612054   0.000013144468  -0.000006072992
 -0.000290305724  -0.000000167018   0.000014029645
 -0.000512341243   0.000007843048  -0.000001571936
  0.001884554846  -0.000011118192   0.000000317611
 -0.000279661955   0.000002528500   0.000005798168
 -0.000276517091   0.000000778413  -0.000002962782
 -0.000240977085  -0.000006696867   0.000032495742
 -0.000282521805  -0.000008626415   0.000002984799
 -0.000049631046   0.000020135077   0.000032420067
  0.006891417338  -0.000054476774   0.000089954970
 -0.043918725045   0.000089524900  -0.000034503733
 -0.000039295306  -0.000023174352  -0.000027903888
 -0.000269721635  -0.000002034054  -0.000006848497
 -0.000266949258   0.000002092438  -0.000007904827
 -0.000053344938   0.000011494752  -0.000008057407
 -0.000301287352   0.000005959009  -0.000002505814
 -0.000322689820  -0.000003517379   0.000000096350
 -0.000006815273  -0.000008867781  -0.000009876691
 -0.001794601881  -0.000050188653  -0.000068697846
 -0.002034133304   0.000022555999  -0.000031699875
 -0.000276058379  -0.000006035797  -0.000009737056
 -0.000297161422   0.000007469220  -0.000005677249
 -0.000251521920   0.000002800243  -0.000003753088
 -0.000209882282  -0.000002491105   0.000006130765
 -0.000256359785   0.000007947214   0.000023392212
  0.006638745847  -0.000007410232   0.000017248649
   33    2  0.0000  0.0150  0.0000
 -0.000000000000   0.000143059308  -0.000099489919
  0.000000000000  -0.000215184674  -0.000046751129
 -0.000000000000   0.021156922927   0.001968446024
  0.000000000000  -0.003076217606  -0.000397749702
 -0.000000000000   0.000835438215   0.003808311994
  0.000000000000  -0.003048178412   0.002311686122
 -0.000000000000   0.000407859966   0.000141437799
  0.000000000000  -0.000878399378   0.000369564865
 -0.000000000000   0.000633763663  -0.001013543200
  0.000000000000  -0.000375768448  -0.000542541866
  0.000000000000  -0.000018656461  -0.002697038967
 -0.000000000000   0.000295276701  -0.002242933264
 -0.000000000000   0.000363376735   0.000408182418
  0.000000000000  -0.000241500585   0.000176850628
  0.000000000000  -0.003440704876   0.000528370152
 -0.000000000000   0.008931483589   0.008815185791
 -0.000000000000   0.000276271018  -0.000266740201
  0.000000000000  -0.000438192124  -0.000340153974
  0.000000000000  -0.003763941224   0.003174954324
 -0.000000000000   0.006304375441   0.004570352835
 -0.000000000000   0.071295362419  -0.021420916437
  0.000000000000  -0.005864449992   0.001590048250
  0.000000000000  -0.000213713083  -0.000183460485
 -0.000000000000   0.000270513007  -0.000281622020
  0.000000000000  -0.007267205673   0.001154421939
 -0.000000000000   0.014866976840   0.019050365310
  0.000000000000  -0.000492621717  -0.000353741914
 -0.000000000000   0.000426673311  -0.000560323378
  0.000000000000  -0.000279580306   0.000380052420
 -0.000000000000   0.000347805088   0.000336463687
 -0.000000000000   0.005253247367  -0.004014685891
 -0.000000000000   0.012240195629  -0.009306141360
  0.000000000000  -0.151708892690  -0.024934351376
 -0.000000000000   0.006145376399  -0.001511962752
 -0.000000000000   0.000079741966   0.000349428408
  0.000000000000  -0.000125201442   0.000143892872
  0.000000000000  -0.001853482272  -0.002255317272
 -0.000000000000   0.001087322247  -0.001207198908
 -0.000000000000   0.002567754335   0.000336817930
  0.000000000000  -0.001747555563   0.000368749984
 -0.000000000000   0.014913674545   0.008572158824
 -0.000000000000   0.015972065035   0.006457054014
 -0.000000000000   0.000481206788   0.000425996584
  0.000000000000  -0.000715422204   0.000658894624
  0.000000000000  -0.000080152666   0.000830509910
 -0.000000000000   0.000234057103   0.000918653792
 -0.000000000000   0.004862548161   0.000963363243
  0.000000000000  -0.004547326407   0.004866449270
   33    3  0.0000  0.0000  0.0150
 -0.000000000000   0.000218516785  -0.001045026979
  0.000000000000  -0.000200361770  -0.000853662659
 -0.000000000000   0.003718723257   0.004377677846
 -0.000000000000   0.000033055992   0.002684360393
 -0.000000000000   0.003820279333  -0.003220290784
 -0.000000000000   0.001137350621   0.000087283717
 -0.000000000000   0.000631557338  -0.001292082708
 -0.000000000000   0.000769852107  -0.001234193746
  0.000000000000  -0.000153744152  -0.003607937825
 -0.000000000000   0.000008829123  -0.000961862259
  0.000000000000  -0.001998317070  -0.000388847373
  0.000000000000  -0.000644433474  -0.001192088845
 -0.000000000000   0.000120560641  -0.001674846164
  0.000000000000  -0.000077122102  -0.001067619878
  0.000000000000  -0.000965885267   0.001252773990
 -0.000000000000   0.006088889547   0.014366613073
  0.000000000000  -0.001463034160  -0.003503272411
  0.000000000000  -0.000700173966  -0.000915668176
  0.000000000000  -0.000816499805  -0.000484897351
 -0.000000000000   0.004762893325  -0.001063042726
  0.000000000000  -0.018392505941   0.015150850509
  0.000000000000  -0.000620948831   0.005071335456
  0.000000000000  -0.000323797384  -0.001598988230
 -0.000000000000   0.000127228887  -0.002747457634
  0.000000000000  -0.003980116448   0.001088877338
 -0.000000000000   0.015853204477   0.058351669053
  0.000000000000  -0.000421335895  -0.001904648233
 -0.000000000000   0.000062930370  -0.001907753087
  0.000000000000  -0.000251788440   0.003438712035
 -0.000000000000   0.000130027586   0.001527612487
  0.000000000000  -0.002812380808  -0.002165143868
  0.000000000000  -0.008346319961  -0.001357707185
  0.000000000000  -0.022776524230  -0.102948221166
 -0.000000000000   0.001531288745  -0.003650295920
 -0.000000000000   0.000291558910   0.001742636917
  0.000000000000  -0.000087259312   0.001917613258
  0.000000000000  -0.001982933924   0.001322050831
  0.000000000000  -0.000225379418   0.000689054850
  0.000000000000  -0.000270711837   0.000547065672
 -0.000000000000   0.001090108940   0.005671666256
 -0.000000000000   0.011765968985   0.000496555903
 -0.000000000000   0.008211945007  -0.003929307854
 -0.000000000000   0.000694094737   0.001841481228
  0.000000000000  -0.000539672046   0.003570357041
 -0.000000000000   0.001300549940   0.001826240736
 -0.000000000000   0.000945521147   0.001415871650
 -0.000000000000   0.001402258031   0.000723614918
 -0.000000000000   0.003334052405   0.015552887904
   37    1  0.0150  0.0000  0.0000
  0.000084699748  -0.000002266692   0.000000116669
  0.000179715070  -0.000001412948   0.000003883072
  0.000149644343  -0.000001125471  -0.000005922507
  0.000320685781  -0.000008063531  -0.000005315762
  0.000112721361  -0.000002102212   0.000001174811
  0.001175830994  -0.000005513729  -0.000002573286
  0.000108738288   0.000003658129  -0.000002018824
  0.002968852642  -0.000006299575   0.000005528522
  0.001254419561   0.000002637158   0.000023153547
  0.000112909592  -0.000000151085  -0.000003793672
  0.000252700809   0.000005634997  -0.000000500111
  0.000078777590  -0.000002097440  -0.000001649211
  0.001440662192  -0.000002003993   0.000006832971
  0.000112077374   0.000000131762   0.000003129980
  0.000105161726  -0.000004927595  -0.000006444633
  0.000114194318  -0.000002626591   0.000006014716
  0.000113314259  -0.000009919643  -0.000003282940
  0.000061925301  -0.000000761492   0.000003227588
  0.000115111410  -0.000000712038  -0.000001702890
  0.048833628230   0.000041182362  -0.000069989171
 -0.001491880694   0.000024662461  -0.000010393175
  0.000181223055   0.000003690216  -0.000009649250
  0.000249914231   0.000002496910   0.000007554333
  0.000131525793   0.000000650364  -0.000001956335
  0.000116980195   0.000007243877  -0.000001067900
 -0.001318539604  -0.000011741895  -0.000041093719
  0.000195475939  -0.000004024499   0.000002271378
  0.000178151419  -0.000002404905   0.000004404410
  0.000192954225   0.000004097368  -0.000007667277
 -0.000577522210   0.000007138664   0.000002870939
  0.000139427438  -0.000017576489  -0.000001282297
  0.008872631884   0.000046586528   0.000047646668
  0.000338467096  -0.000043344172   0.000041799766
  0.000086453053   0.000008527570   0.000010454932
  0.000061863607  -0.000008206883  -0.000008848185
  0.000390873111  -0.000008687946   0.000002883690
 -0.078007117500   0.000037749013  -0.000045450145
  0.000116530855  -0.000009898560  -0.000010962026
  0.001062475302   0.000000320969  -0.000010112402
  0.000133385888   0.000007055035   0.000015529429
  0.000614221507   0.000018156688   0.000025522146
  0.000631446382   0.000008216529   0.000011073893
  0.000097165628   0.000010935162  -0.000002560502
  0.000911460615   0.000006658474   0.000001429897
  0.000223629981  -0.000010227944  -0.000012626952
  0.000279082425  -0.000009857901   0.000008619528
  0.000134348668   0.000008832217  -0.000006843438
  0.008359601116  -0.000080307225   0.000038583725
   37    2  0.0000  0.0150  0.0000
  0.000000000000  -0.000840300039  -0.000536549389
 -0.000000000000   0.000552690224   0.000986916393
  0.000000000000  -0.000264285934   0.001268533799
  0.000000000000  -0.000077290919  -0.000354615052
 -0.000000000000   0.000040147093   0.000292135036
 -0.000000000000   0.004932055933   0.000429743164
  0.000000000000  -0.000052619697   0.000088264996
 -0.000000000000   0.005237599503  -0.000337021672
 -0.000000000000   0.000183073327  -0.001279499370
 -0.000000000000   0.000020038598   0.000376654979
  0.000000000000  -0.003082752775  -0.001249914430
 -0.000000000000   0.000222035525   0.000145758558
 -0.000000000000   0.004850756081   0.003990443075
  0.000000000000  -0.000254175831   0.000418048318
  0.000000000000  -0.001153042586  -0.001420115362
 -0.000000000000   0.000689970794   0.000159145303
 -0.000000000000   0.000858612923   0.000049907480
  0.000000000000  -0.003500135686   0.001752317294
  0.000000000000  -0.000254557625   0.000446084137
 -0.000000000000   0.020288378756  -0.014237017410
 -0.000000000000   0.002137180556  -0.000885354761
  0.000000000000  -0.000842498900   0.001375393229
  0.000000000000  -0.001280677507   0.002222050460
 -0.000000000000   0.002248493326  -0.001427293068
 -0.000000000000   0.000259901505   0.000196408292
  0.000000000000  -0.000960217999   0.005661338235
 -0.000000000000   0.000362798472   0.000408026012
  0.000000000000  -0.002034632763   0.000131949355
  0.000000000000  -0.000410867313   0.000510795266
 -0.000000000000   0.003268908535  -0.003155671114
 -0.000000000000   0.000550926326  -0.000813713892
  0.000000000000  -0.003298635880   0.003510780833
  0.000000000000  -0.001686821339  -0.002017906414
 -0.000000000000   0.001198182938   0.000092946625
 -0.000000000000   0.002556973327  -0.000260418804
  0.000000000000  -0.001522331010  -0.001117844888
  0.000000000000  -0.057105232763   0.015123456996
 -0.000000000000   0.000378524530  -0.000544630087
 -0.000000000000   0.006417065781   0.000563427550
  0.000000000000  -0.000206939372  -0.000310003432
  0.000000000000  -0.000145284669   0.000174978300
 -0.000000000000   0.003940628967  -0.002131332954
  0.000000000000  -0.000060962666  -0.001251611338
 -0.000000000000   0.002976411019   0.003587870572
  0.000000000000  -0.000398235784  -0.000590358853
 -0.000000000000   0.003577084596  -0.000400611673
 -0.000000000000   0.000249429935  -0.000287169607
 -0.000000000000   0.011434630486  -0.009354720686
   37    3  0.0000  0.0000  0.0150
  0.000000000000  -0.000612748964  -0.000314503516
 -0.000000000000   0.001019747735  -0.001208685726
 -0.000000000000   0.000659340129  -0.000269553867
  0.000000000000  -0.001891037077  -0.001323186950
  0.000000000000  -0.000328388114  -0.001136232065
 -0.000000000000   0.002025161890   0.007739075135
  0.000000000000  -0.000672886985  -0.001111151430
 -0.000000000000   0.000690761113   0.003892614970
  0.000000000000  -0.001986301789   0.004639666119
 -0.000000000000   0.000339088340  -0.001475094488
 -0.000000000000   0.001219445714   0.001791057813
 -0.000000000000   0.000240348003  -0.002235214826
 -0.000000000000   0.003195423949   0.011656853317
 -0.000000000000   0.000138964121  -0.000976128050
  0.000000000000  -0.000066156459   0.000970110428
 -0.000000000000   0.000649222608  -0.001681648737
  0.000000000000  -0.000416581433  -0.002234652461
 -0.000000000000   0.000250792512   0.002923664438
  0.000000000000  -0.000591587651  -0.001524090721
  0.000000000000  -0.016257777479   0.039716515792
 -0.000000000000   0.003583581471  -0.004657207982
  0.000000000000  -0.000716998932  -0.000775830984
  0.000000000000  -0.000180605025  -0.001111621822
  0.000000000000  -0.001591715366  -0.001479778843
  0.000000000000  -0.001769400138  -0.001334598102
 -0.000000000000   0.001021419523  -0.000840344112
 -0.000000000000   0.001201695112  -0.003029525845
  0.000000000000  -0.002364191236   0.002069916206
 -0.000000000000   0.000565267595   0.002456312265
  0.000000000000  -0.002998570070   0.000460385488
 -0.000000000000   0.000005185261   0.001532312479
 -0.000000000000   0.001146995561   0.016040007193
  0.000000000000  -0.002285227714   0.001431561088
 -0.000000000000   0.001040942877   0.000776743045
 -0.000000000000   0.000217421554   0.000645536050
  0.000000000000  -0.000398098568   0.005608091971
 -0.000000000000   0.016575082938  -0.087711861680
 -0.000000000000   0.000428961645   0.001949887963
 -0.000000000000   0.000543903651  -0.003448132631
 -0.000000000000   0.000183914836   0.002505259302
 -0.000000000000   0.001029481609   0.005027079631
  0.000000000000  -0.001743129078   0.000272884159
  0.000000000000  -0.000570931077   0.001636546098
 -0.000000000000   0.004618078412   0.000977176526
 -0.000000000000   0.000042403757   0.002993743420
 -0.000000000000   0.000438111947  -0.002269227115
 -0.000000000000   0.000795695812   0.001902321696
  0.000000000000  -0.006424106518   0.000532949361
   41    1  0.0150  0.0000  0.0000
 -0.000036682120  -0.000001324219   0.000003846053
 -0.000038236894   0.000001413744   0.000000553840
 -0.000013830355   0.000000846369   0.000002850914
  0.014270526254   0.000010978006   0.000010632648
 -0.000039408494  -0.000011039581  -0.000004903183
 -0.000134409314   0.000008814558  -0.000031754470
 -0.000032662935  -0.000011563728  -0.000000898354
 -0.000047795769  -0.000005244324   0.000016925718
 -0.000033641630   0.000011467659  -0.000020348684
 -0.000135433857  -0.000004672697   0.000009171015
 -0.000044702829  -0.000015421897  -0.000011924943
  0.011275271537   0.000001369703   0.000001140782
 -0.000025278140   0.000009058091   0.000019045625
 -0.000035400192  -0.000001871233   0.000009622131
  0.000018648110  -0.000005310952  -0.000011878569
  0.007771783976  -0.000005492251   0.000010566422
 -0.000052216942   0.000000305353   0.000001639318
 -0.000036707493  -0.000001103861  -0.000003615311
  0.000468012566   0.000007324339  -0.000004944752
  0.000474614648   0.000017511317  -0.000028548146
  0.003414658784  -0.000006823609  -0.000000741183
 -0.000342637458   0.000002394538   0.000008677882
 -0.000042521224   0.000002805600   0.000003396439
 -0.000047421149  -0.000000647831   0.000004573383
  0.004521446842   0.000014178347  -0.000006604080
 -0.000201406599   0.000003272653  -0.000001144525
  0.000037386373   0.000006921749  -0.000002587761
 -0.000037672408  -0.000008799123   0.000001733430
  0.000006600931   0.000001604714  -0.000002338021
 -0.000041822142  -0.000011575308   0.000006572651
 -0.000105290735   0.000011436140   0.000023218867
  0.004023947640  -0.000001034217  -0.000019510634
 -0.001546074741  -0.000009977864   0.000017292945
 -0.001793818433  -0.000044543302   0.000068541662
 -0.000038449077   0.000007834358  -0.000000397876
 -0.000059851395   0.000005282550   0.000010583336
  0.000469266976  -0.000001722725   0.000013269294
  0.000478792685   0.000002504681  -0.000010919017
 -0.000054049682   0.000000673056   0.000002644032
  0.000749871489   0.000001685988  -0.000002199931
 -0.046279058260   0.000047097214   0.000009209408
  0.000183576962  -0.000006687517  -0.000013170779
 -0.000050893764  -0.000007246352  -0.000000849606
 -0.000027965798   0.000008224582   0.000004874965
 -0.000360492567  -0.000003275254   0.000001432619
 -0.000045347661   0.000002255212   0.000001526371
  0.003691882557  -0.000019770324  -0.000071584203
 -0.000075108276  -0.000002112347  -0.000012677720
   41    2  0.0000  0.0150  0.0000
  0.000000000000  -0.000395916463  -0.000032588918
 -0.000000000000   0.000411398559  -0.000146832938
  0.000000000000  -0.003263562247   0.000429603199
 -0.000000000000   0.013029681620  -0.006314447170
  0.000000000000  -0.002976498318   0.000544265087
 -0.000000000000   0.001926817000   0.000615480501
  0.000000000000  -0.001934170586  -0.000057058793
 -0.000000000000   0.000762110586  -0.000315043545
  0.000000000000  -0.000260917796  -0.000534116081
 -0.000000000000   0.000957277140  -0.002794510439
  0.000000000000  -0.000459072606   0.000168969519
 -0.000000000000   0.004831564800   0.001460757124
 -0.000000000000   0.000092041782  -0.000368373544
 -0.000000000000   0.000065351516  -0.000873000166
  0.000000000000  -0.001417988216   0.002404049747
 -0.000000000000   0.008795837949   0.000898670289
 -0.000000000000   0.002260228485   0.002781193357
  0.000000000000  -0.000465341578   0.000007700821
  0.000000000000  -0.005863153022   0.000374645853
  0.000000000000  -0.000472776948  -0.001000996190
 -0.000000000000   0.008347785629   0.001702177028
  0.000000000000  -0.006052941333   0.000144797972
  0.000000000000  -0.000384211237  -0.000522261906
 -0.000000000000   0.000719571321   0.000198169215
 -0.000000000000   0.028527237852   0.005394267882
  0.000000000000  -0.004534240119  -0.005208969587
 -0.000000000000   0.000775617308  -0.000226528797
  0.000000000000  -0.000563913166  -0.000345211621
 -0.000000000000   0.000158973431  -0.000839283158
  0.000000000000  -0.000014913588   0.000524056993
 -0.000000000000   0.003699380901  -0.000676543876
  0.000000000000  -0.002644854878   0.003047587802
 -0.000000000000   0.014825229253   0.011498945224
 -0.000000000000   0.016025249660  -0.008078901889
 -0.000000000000   0.000562716239   0.000748510228
  0.000000000000  -0.000642626852   0.000602830987
  0.000000000000  -0.000244672917   0.001177644234
 -0.000000000000   0.003789322243   0.001687190913
  0.000000000000  -0.000134047383  -0.000380132049
 -0.000000000000   0.002858585579  -0.004613990615
  0.000000000000  -0.101096640205  -0.012241811722
 -0.000000000000   0.008314991649  -0.001829866868
  0.000000000000  -0.000562033819   0.001267807239
 -0.000000000000   0.000442391414   0.000270700205
  0.000000000000  -0.001997314715   0.000254966635
 -0.000000000000   0.000610741004   0.000251683030
 -0.000000000000   0.012192243073   0.007225301183
 -0.000000000000   0.001399461995   0.001718497604
   41    3  0.0000  0.0000  0.0150
 -0.000000000000   0.000261680431  -0.000814630607
  0.000000000000  -0.000313782254  -0.001227165467
  0.000000000000  -0.001562329319   0.000937706861
  0.000000000000  -0.005507067476   0.012932675073
 -0.000000000000   0.000511213204   0.002767189847
 -0.000000000000   0.003410331445  -0.001385340124
 -0.000000000000   0.000262315607  -0.001068067170
 -0.000000000000   0.001520233082  -0.001812867150
  0.000000000000  -0.000928089920  -0.001692696840
  0.000000000000  -0.000415383704  -0.001839438699
  0.000000000000  -0.000536980255  -0.000776423443
 -0.000000000000   0.000616943121   0.012160245194
  0.000000000000  -0.000088893647  -0.002322295399
  0.000000000000  -0.000205223784  -0.000966811991
  0.000000000000  -0.000085241490   0.000233565804
 -0.000000000000   0.002417962992   0.006341313270
 -0.000000000000   0.001870945696  -0.002159815891
 -0.000000000000   0.000154220099  -0.001751855948
  0.000000000000  -0.005675126772   0.002443699638
  0.000000000000  -0.004128076720  -0.005220753932
 -0.000000000000   0.001166569810   0.026752021605
 -0.000000000000   0.001122512227   0.003420631263
  0.000000000000  -0.000315681162  -0.002165496706
 -0.000000000000   0.000766305068  -0.002029709309
  0.000000000000  -0.001291781796   0.013510719026
  0.000000000000  -0.001521034605  -0.001141018714
  0.000000000000  -0.001129011837  -0.003147657556
 -0.000000000000   0.000203112736  -0.001477354760
  0.000000000000  -0.000406880464   0.002433991397
 -0.000000000000   0.000001283431   0.002499699826
 -0.000000000000   0.001053632878  -0.004335123849
 -0.000000000000   0.003577792536   0.015204125564
 -0.000000000000   0.008636371702   0.000629196982
  0.000000000000  -0.006430635251  -0.003795296613
 -0.000000000000   0.000470820155   0.001991855218
  0.000000000000  -0.000551260659   0.003750095246
 -0.000000000000   0.000280883377   0.005200658098
 -0.000000000000   0.002124652427   0.000264470687
  0.000000000000  -0.001290118397   0.001732469709
  0.000000000000  -0.003670637926   0.000950008052
  0.000000000000  -0.013175701754  -0.091352706980
 -0.000000000000   0.002117576665   0.000125619316
 -0.000000000000   0.001474818624   0.002837721165
  0.000000000000  -0.000109755800   0.002878671262
 -0.000000000000   0.000474212011   0.006016336487
  0.000000000000  -0.000122176096   0.001684091594
 -0.000000000000   0.012619702611   0.001913280379
 -0.000000000000   0.002344779152   0.000870468590
   45    1  0.0150  0.0000  0.0000
  0.000001939402   0.000003103491  -0.000000803474
  0.000197902693  -0.000000906234  -0.000006545154
  0.000036562833  -0.000000163568  -0.000000181219
  0.000042263391  -0.000001156465   0.000000045525
 -0.000261082986   0.000006952387   0.000003351134
  0.000037558481  -0.000025834993   0.000005586006
  0.000127171182   0.000012572156  -0.000002144960
  0.000096341875  -0.000014098439  -0.000001424017
  0.000032769642  -0.000002057840  -0.000002921141
  0.000297528703   0.000010106562   0.000009887723
  0.000035548748  -0.000000138372  -0.000003834006
  0.008217613855   0.000011642222   0.000004560885
 -0.000154876380  -0.000000822848  -0.000002087542
 -0.000193787973   0.000003094664   0.000004006745
  0.000033701295   0.000003390114  -0.000001392550
  0.000074505975  -0.000007623063  -0.000002322103
  0.004185502595   0.000003948815  -0.000007958138
  0.000052279708   0.000000514549  -0.000001491168
  0.000150503446  -0.000009373327   0.000003564251
  0.000001926553  -0.000009837634   0.000003415849
 -0.000040851720   0.000017937037   0.000014843048
  0.000039184711  -0.000005248221  -0.000008528921
  0.000640917081   0.000001723869   0.000000298136
 -0.000163262532  -0.000003199798  -0.000003490101
 -0.000010869335   0.000008095462  -0.000007484673
  0.000036826192  -0.000013553811  -0.000009857772
  0.055274733477   0.000000761684  -0.000004167617
 -0.000022737064  -0.000000848483  -0.000004099836
 -0.001012093900  -0.000012852100   0.000019715311
  0.000207923199   0.000002032416  -0.000002765579
 -0.000047888932  -0.000000195981  -0.000004000344
 -0.000014465914   0.000001274033   0.000005494230
  0.000058295360   0.000007580940   0.000006082685
  0.000101972304  -0.000000292199  -0.000003543811
  0.000052053474  -0.000001653046   0.000005492161
  0.006934252400   0.000028733362  -0.000062183795
  0.000147364038   0.000003059913   0.000002378974
  0.000199553869  -0.000001801428  -0.000002840663
  0.000057094712  -0.000005753844   0.000003392576
  0.008269723669  -0.000016080763  -0.000017854463
 -0.000290994700  -0.000002644375   0.000004487446
  0.000026441035  -0.000000350650  -0.000001541848
  0.003750558706  -0.000051421365  -0.000004990800
 -0.000003110292  -0.000007529193   0.000001590442
 -0.088782988988   0.000049975846   0.000078293392
  0.000008369959   0.000003252889  -0.000009973383
  0.001528501884   0.000010530330  -0.000000675345
  0.000043624271   0.000005155295   0.000004617906
   45    2  0.0000  0.0150  0.0000
  0.000000000000  -0.001835215234   0.001449679587
 -0.000000000000   0.002441892925  -0.003029028039
  0.000000000000  -0.000364871799  -0.000396016258
 -0.000000000000   0.000605197595   0.000158675468
  0.000000000000  -0.003079706944  -0.001615501799
 -0.000000000000   0.000555072253  -0.000279483851
  0.000000000000  -0.003052422573   0.000296215891
 -0.000000000000   0.001027493416  -0.000327423414
  0.000000000000  -0.000157767024   0.000147331238
 -0.000000000000   0.007588638443   0.000886495275
  0.000000000000  -0.000298358913  -0.000315070587
 -0.000000000000   0.002792507321  -0.000105142000
 -0.000000000000   0.000424858133   0.000304281470
  0.000000000000  -0.002998423736   0.000302154163
  0.000000000000  -0.000305956185  -0.000303405788
 -0.000000000000   0.001115237815  -0.002108182906
 -0.000000000000   0.047097574618   0.008740349759
  0.000000000000  -0.001141775004  -0.001171567269
  0.000000000000  -0.002345287396  -0.000212101927
 -0.000000000000   0.000155846112  -0.000287054876
 -0.000000000000   0.000443816802  -0.000162519150
  0.000000000000  -0.000585904800  -0.000376057491
  0.000000000000  -0.002842421834  -0.005807763085
 -0.000000000000   0.002893413763   0.004554549586
 -0.000000000000   0.002100129924   0.002422885789
  0.000000000000  -0.000645686217  -0.000559438238
 -0.000000000000   0.015514389348   0.010605917593
  0.000000000000  -0.001614752321  -0.000973704683
 -0.000000000000   0.010507345642  -0.009398689898
 -0.000000000000   0.000425913332   0.002575196426
 -0.000000000000   0.001788552772   0.000087106118
  0.000000000000  -0.000345939919   0.000279243881
  0.000000000000  -0.000081931884   0.001093465864
 -0.000000000000   0.000313261753  -0.000965183459
 -0.000000000000   0.004788901202   0.001298341702
  0.000000000000  -0.004233713704  -0.003436381270
  0.000000000000  -0.000476091111   0.000057739541
 -0.000000000000   0.003478776647  -0.000571276427
 -0.000000000000   0.000140712626   0.000820552489
 -0.000000000000   0.011367364829   0.006306690323
  0.000000000000  -0.002081752116   0.000252097836
 -0.000000000000   0.000586491214   0.000134258365
 -0.000000000000   0.012086966045   0.012240944168
 -0.000000000000   0.001414086999  -0.002155890702
  0.000000000000  -0.106693892340  -0.017157958118
 -0.000000000000   0.001064779388   0.000179462753
 -0.000000000000   0.002304915773  -0.003673559290
 -0.000000000000   0.000157734368   0.000194765236
   45    3  0.0000  0.0000  0.0150
  0.000000000000  -0.000199582903   0.000044290907
  0.000000000000  -0.002646330513  -0.001213813798
  0.000000000000  -0.000274209881  -0.000666518149
 -0.000000000000   0.000379638989  -0.000908038373
  0.000000000000  -0.001590788116  -0.000794087953
 -0.000000000000   0.000385873505  -0.001293738383
  0.000000000000  -0.000417326156   0.002843124126
  0.000000000000  -0.000391174575  -0.001927924385
  0.000000000000  -0.000260357425  -0.001414170299
  0.000000000000  -0.000541229408   0.003498140523
  0.000000000000  -0.000435694545  -0.001261013067
 -0.000000000000   0.000335872076   0.011280872349
 -0.000000000000   0.001599695423  -0.002183657574
  0.000000000000  -0.001473430472   0.001182138776
  0.000000000000  -0.000075224370  -0.001187803383
  0.000000000000  -0.000746312310  -0.001472785798
 -0.000000000000   0.004917493306   0.009553709501
  0.000000000000  -0.000214327784  -0.001784227995
 -0.000000000000   0.001679064543   0.001271760785
  0.000000000000  -0.000001440458  -0.002467408119
  0.000000000000  -0.001356088214  -0.002932231528
 -0.000000000000   0.000577986450  -0.001074176198
  0.000000000000  -0.000772599165  -0.001815716226
 -0.000000000000   0.005296365764   0.001621216786
 -0.000000000000   0.001190619418  -0.001381371647
  0.000000000000  -0.000217983328  -0.001732819946
 -0.000000000000   0.010072724250   0.042063941397
 -0.000000000000   0.000654391778  -0.001181553490
  0.000000000000  -0.005079043330  -0.002102878003
 -0.000000000000   0.000715653233   0.001631466311
  0.000000000000  -0.000219162598   0.000607831522
 -0.000000000000   0.000120363863   0.002994830082
 -0.000000000000   0.000623227193   0.001750245448
  0.000000000000  -0.000944665201   0.001404175157
 -0.000000000000   0.000810481613   0.000662633956
  0.000000000000  -0.004852431934   0.015472768620
  0.000000000000  -0.000667768952   0.002919744377
 -0.000000000000   0.000247684147  -0.002431105005
  0.000000000000  -0.000374404093   0.001785938175
 -0.000000000000   0.009181974424   0.000305904124
 -0.000000000000   0.000067010885   0.005792070979
  0.000000000000  -0.000281137453   0.001534861776
 -0.000000000000   0.007006439221   0.001801687863
  0.000000000000  -0.001774280331   0.000734384742
  0.000000000000  -0.015557639189  -0.082579817221
  0.000000000000  -0.000352755535   0.001238191576
  0.000000000000  -0.003777403180   0.000222212563
  0.000000000000  -0.000367768663   0.001588714115
