4499733.579535647
4383542.895303704
4272576.49087596
4182784.892484584
4100667.12230195
4024590.120193434
3955433.185248466
3862179.102513299
3791608.2399494136
3728504.970993402
3659005.344421572
3595704.4311771085
3540443.4153940286
3489568.337470818
3445686.606680424
3401658.840804132
3341864.711048156
3293000.4579782737
3239115.4135519615
3198215.6388922776
3171491.7290124362
3134441.2764876727
3094216.7796803527
3047787.6511260765
3013490.631667606
2976326.618519713
2953258.4332031696
2929216.6423378065
2889304.134333119
2862058.3471550564
2838814.7159583457
2805468.860106466
2772550.314959727
2751045.9315918675
2721190.182582644
2698368.0344296405
2679847.3179158475
2653823.15693053
2631551.752642028
2609696.417944518
2580515.8880701805
2559137.0581975076
2529836.949788822
2516008.8164799386
2491143.533682988
2474615.0230339216
2448113.0817323565
2431693.7207112852
2414176.886803279
2393284.3783833245
2372612.1439791378
2358410.2574206125
2344892.5858036606
2329049.282032065
2311465.022551598
2298436.4938264387
2278541.6128139026
2270115.6980364397
2265872.3728404506
2260033.7338122353
2247528.995554313
2238631.5313277263
2227897.9026521626
2205954.3668439873
2198808.731256946
2186708.7578598517
2175176.9349222174
2163621.708826492
2151240.915527774
2143544.9761040146
2131558.6932701096
2118961.001756653
2111947.117777635
2106330.9103820585
2095836.7095015007
2080041.6565360455
2073961.393595937
2063312.8766585714
2058365.4548924146
2048039.8036623022
2042791.3194289543
2032559.405370508
2027724.6740820548
2020121.2075761415
2015285.1924613263
2012172.7643776303
2008705.1200366896
1998429.94179934
1992420.4182420266
1982761.3555097426
1976996.0555355023
1973754.2619974446
1968714.2271594405
1963625.2404133799
1956483.1133907626
1944223.3899353142
1937763.5992916692
1925531.0858010529
1923703.787003155
1914456.3978753472
1904815.0942829228
1902723.9219695295
1898996.770869297
1889632.6066765033
1880078.2252387006
1875986.8488321118
1872655.0351923876
1869797.7320999485
1862281.681419337
1856654.287715199
1849951.5546122172
1845478.566079607
1840208.707581899
1837806.2008978692
1834479.3232535082
1829424.5902920112
1825986.9174779882
1821337.1397321683
1817757.3318055645
1815421.433945021
1809036.334316139
1806480.9400127814
1801392.2438456113
1795841.6292117704
1793893.4916318427
1787195.2499776399
1782028.7835841284
1776499.5574058583
1770358.9362833672
1762979.8511188289
1757767.7794686975
1753949.54004494
1749892.5808491362
1744940.8771319552
1739776.10167118
1735058.7867302531
1732115.7990911333
1724829.480669191
1721919.4197037253
1719260.7107270486
1718053.1917207725
1710806.7888861266
1705858.6996111763
1701646.6277301675
1698913.9705194067
1693883.343810051
1691197.4515393027
1685297.5424587685
1683932.2346340811
1682103.7855685845
1680152.4122755637
1675166.6626156154
1668969.337332597
1668038.909062544
1661968.5301480144
1656222.2952552368
1654396.8917448898
1648678.1547601365
1646667.3661762525
1645213.0809782147
1637515.6655242187
1633653.4962795926
1631511.781030756
1629295.580625031
1627529.4664254736
1623229.2461508657
1620691.3860325646
1620436.3580713298
1617525.3481399256
1616321.1598521166
1614397.3908847831
1612239.8729150118
1612013.568000813
1606538.2956549348
1603254.0554656626
1601038.3919201563
1600748.7499368945
1596963.3795003237
1596963.3795003237
1593798.5906634945
1593059.6788350139
1591786.0149081566
1591439.9434102832
1591403.0166706434
1591403.0166706434
1585434.3032868232
1578845.6102049889
1577364.7438124318
1574168.0216984344
1572703.2085705223
1571147.9777236567
1569866.1669415685
1568602.550035556
1566887.2862308226
1564890.948757492
1563819.1698445675
1561012.2850400652
1559515.4006888336
1558053.4734731875
1551579.6238285953
1548735.420764294
1547285.4408233564
1545427.3712010002
1543897.6345413392
1542405.0993978358
1540630.013013652
1539625.3663560504
1538665.3115323689
1535159.244783075
1533604.6770962738
1532762.8441784026
1531039.1019624383
1529009.0298325783
1526484.8952149395
1524439.7650472263
1522239.436915598
1520020.4772184985
1516301.8904659646
1513671.0323069897
1510825.0136852085
1507752.3764411532
1506721.3204949866
1504535.6635129817
1503599.0911174961
1503305.2780698189
1503266.1059895884
1501008.220169867
1498065.0495675416
1496983.617273433
1495856.4182661453
1493966.8224848013
1493912.0421771922
1490551.1995408211
1486212.8132578665
1485872.5445643028
1482942.2898238834
1480467.7585746527
1478723.3062842942
1477493.4068694217
1474671.986212308
1473900.5322092222
1473174.0930396735
1471982.2134595925
1469797.7200817289
1469217.1533996477
1465936.0973281413
1464958.9219455896
1463870.4296176422
1463131.9891093923
1463074.170269846
1462480.2595989073
1458903.6087715812
1458405.4617352164
1457273.6424092995
1456501.7329270681
1454189.7121553724
1452051.9961577915
1449975.3022705258
1447453.279742309
1446358.0771607128
1445219.3968952652
1444805.9689388038
1442885.8988277507
1439982.8442989625
1439027.8526302343
1437401.4540287224
1436638.5650433884
1436004.3101640423
1435652.0135919298
1434968.7904075882
1434809.362684842
1434524.2934854487
1432078.845420103
1429178.1640741602
1428636.2939432233
1426392.629944839
1426209.4770913667
1423785.3712291273
1423446.1011870783
1423446.1011870783
1422979.8400826524
1420182.0071656606
1416718.2747736175
1416384.8189514722
1414919.4620164968
1413090.8519805241
1412357.1744836941
1412357.1744836941
1412130.7230003313
1412093.7692299667
1411109.1894424357
1411109.1894424357
1410972.346363137
1408473.2596642163
1407339.4615723472
1407173.4698291903
1405580.3860816876
1404992.8699116851
1403093.5383004774
1402269.5681617297
1400480.966195902
1398907.1920186833
1395863.7287116474
1395356.6175665418
1394772.1757183105
1393127.2045228565
1389902.5093793203
1389215.113054041
1386727.6100405466
1385746.164507866
1384768.021985177
1382468.9753187294
1381808.8227774724
1381045.8175102617
1380101.5981028005
1376976.9252996233
1375454.6935222852
1375094.2104546458
1373936.1205695113
1373361.5993273351
1373090.9613989228
1372758.6999528108
1370934.2837534267
1368990.7089094087
1366394.3060598637
1366049.4241045262
1364605.318461727
1364285.3942059095
1362531.5276993385
1360279.934637777
1359201.8312035426
1359117.075747835
1356615.7048982629
1356074.0436850619
1356062.800409744
1354646.3888063333
1354646.3888063333
1353094.9452763442
1351821.5612601284
1351717.7267653488
1349511.1036114125
1347204.0922910443
1346652.332370862
1345100.1634375863
1344943.4151548648
1344943.4151548648
1344811.695589508
1344310.0698617946
1343016.1863681462
1342961.879658644
1341563.389415758
1341487.2359299622
1341487.2359299622
1341487.2359299622
1338476.1318728484
1338026.0731536632
1337752.6046556933
1337693.4700344377
1337379.2056653972
1335644.4516720753
1334924.5328777558
1334749.3400486344
1334465.480397598
1333318.3881105063
1331600.7847812169
1329868.4504942242
1329289.106107108
1328995.5400616312
1328517.691859461
1327556.5336933671
1327304.0182293197
1325031.1155881989
1324614.9559122329
1322821.8732339817
1321681.1452858567
1321045.1042663497
1320223.9160148678
1320044.9722056033
1317669.4058317905
1316969.2064101691
1315986.0516424421
1315986.0516424421
1315043.3621831946
1314124.909217265
1313631.5753529724
1311903.688037974
1311559.4219061676
1308497.355081335
1307624.0611766498
1306373.2554741544
1306193.0725340326
1305958.831697067
1305158.9344942728
1304520.827966257
1304164.9954972973
1304155.6632864804
1303572.2580247028
1301835.047038844
1301835.047038844
1299504.7557304562
1297583.6176385316
1295799.4981489093
1293218.342886264
1291713.8068224397
1291279.666069429
1289523.1671077649
1287798.595742823
1285126.4128810512
1284371.6242346438
1282415.6562725592
1281658.7781618652
1281658.7781618652
1281410.4792866623
1280845.7493318906
1280672.1243553713
1278981.4224529704
1275670.9989834097
1275387.0883275205
1275277.520623866
1273328.8503781832
1272418.6462547202
1271737.7996759375
1271737.7996759375
1271580.14538099
1271580.14538099
1271510.7368974364
1271216.9889975316
1270079.0273631508
1269618.7545103529
1267500.692008838
1267021.23671891
1267021.23671891
1265828.8047165473
1265244.2310405602
1265244.2310405602
1264389.840602688
1264176.0385844852
1262936.5450673066
1262480.9547961415
1260507.3014998347
1260507.3014998347
1260044.5789765744
1259051.5790619808
1258677.5655533313
1257756.2474455498
1257362.8253349662
1257362.8253349662
1256416.0678046823
1255022.0362191675
1254014.3951699263
1252938.8917962792
1252545.0783507903
1252080.9148431094
1251882.1726364088
1251882.1726364088
1251710.0318470264
1251698.8848888734
1251047.1618871815
1250538.487202709
1249641.4541385833
1249410.7826468176
1248924.6585079264
1247594.4550374583
1246444.8480343923
1246444.8480343923
1244432.0269615527
1242864.4520833958
1242147.407512214
1241240.3215454298
1241186.9416324538
1239454.9633691108
1239365.7978487262
1239365.7978487262
1238716.385922139
1238716.385922139
1238645.47789513
1238645.47789513
1238645.47789513
1236302.7695325282
1234779.128378516
1234498.8976208628
1234455.177387739
1233001.2414878225
1232491.2375400402
1232491.2375400402
1230431.6749317278
1229705.9054442323
1229243.4916249497
1229243.4916249497
1228018.0311965276
1227302.60179531
1227065.0768644037
1227065.0768644037
1226862.8402680783
1226097.7646767353
1224688.5677466406
1222015.9774371441
1222015.9774371441
1221517.2918678517
1220846.3377051353
1220265.436530213
1219980.659731824
1219980.659731824
1219098.3465084059
1218786.7174280076
1218667.6121144854
1217700.4910725213
1216978.9667225867
1215049.9386230358
1215049.9386230358
1214833.3494934635
1214833.3494934635
1214079.7405948061
1214009.8955553703
1213351.7488162639
1213317.9905147578
1211782.4663379148
1211319.8136499135
1210904.6625789846
1208336.4478190271
1207653.1390014356
1206016.2851750113
1206016.2851750113
1206016.2851750113
1205803.8711552187
1203776.8011363426
1203694.7443893198
1203694.7443893198
1203694.7443893198
1203544.6639605863
1203187.485223284
1202928.0598320924
1201937.8878547256
1201214.3027418857
1201006.2337328116
1199270.5416653438
1199132.3029970904
1198567.2463016415
1197813.0125295995
1196134.5949491018
1195912.2822042508
1194945.5900096332
1193866.155745089
1192779.8443633337
1192779.8443633337
1192746.12653037
1192746.12653037
1192746.12653037
1191636.117693054
1191395.607604552
1190983.9708066154
1190532.1396710747
1190497.9620271702
1189738.2441742416
1189738.2441742416
1189530.6683017947
1187943.9411790054
1187218.9299342977
1186084.0936702914
1186084.0936702914
1185381.7066775698
1184046.481430715
1184046.481430715
1184046.481430715
1184046.481430715
1183753.5789519353
1183753.5789519353
1183753.5789519353
1183753.5789519353
1183186.3500498827
1182692.6395451836
1182692.6395451836
1181460.4341612926
1181446.7777968682
1181037.9008288202
1181037.9008288202
1181037.9008288202
1181037.9008288202
1180603.7690405052
1177960.2714574737
1177907.4169237923
1177670.6639115622
1177663.1548950276
1176958.0105202417
1176443.4631246421
1176425.9862136135
1176049.6865470898
1175963.7108322792
1174650.1932676872
1173489.2616083769
1172391.767313454
1172199.8768461512
1171797.3306489892
1171797.3306489892
1170597.5993278103
1170597.5993278103
1170597.5993278103
1170501.958879311
1170168.7094839918
1169378.5113567396
1169378.5113567396
1169378.5113567396
1169378.5113567396
1169378.5113567396
1169378.5113567396
1169306.8100177986
1168721.3188198635
1168219.184066389
1167918.4119108766
1167918.4119108766
1167918.4119108766
1166867.4065059437
1166635.0983692734
1166635.0983692734
1166551.2668192235
1166551.2668192235
1166161.7165796196
1166161.7165796196
1166161.7165796196
1166161.7165796196
1165861.7080665734
1165861.7080665734
1165534.6426195744
1165346.8633971608
1165346.8633971608
1165282.9892870877
1165282.9892870877
1164844.6524231466
1164844.6524231466
1163605.9539268655
1163605.9539268655
1163605.9539268655
1163387.6409845701
1162153.1955107
1162153.1955107
1162153.1955107
1162153.1955107
1161382.5582243386
1161276.0814443412
1160517.1883719307
1159539.3048866673
1159539.3048866673
1157413.2796166525
1156703.5926865283
1156098.3590512197
1156098.3590512197
1156098.3590512197
1155924.4086541827
1155626.5854619392
1155626.5854619392
1154787.7590088474
1154780.9805316827
1154252.8496888755
1153980.454532643
1153836.5986480403
1153044.4987522375
1152093.2384664558
1152093.2384664558
1152093.2384664558
1150601.9451628227
1148711.1960996487
1148321.9604021413
1148192.2817755109
1148192.2817755109
1148192.2817755109
1148192.2817755109
1148192.2817755109
1147945.6451577346
1147910.1953055812
1147643.3140536156
1147252.7853879805
1147252.7853879805
1145909.186982438
1145625.2552886612
1145625.2552886612
1145299.006650081
1145299.006650081
1144667.9209244775
1144667.9209244775
1144244.2320909393
1144244.2320909393
1144220.7908663645
1143431.005485376
1143129.5701493728
1143129.5701493728
1142975.5747603306
1142647.9914661376
1142647.9914661376
1141806.6965596024
1141806.6965596024
1140148.9019403623
1139791.424764547
1139275.5151551156
1138636.8941708943
1137465.3187682545
1137465.3187682545
1137239.1274286008
1136528.8047240279
1136528.8047240279
1135790.0781984646
1135471.7965912754
1135471.7965912754
1133872.5849196464
1132818.4176825965
1132050.4447739972
1131888.9588221463
1131888.9588221463
1131888.9588221463
1131888.9588221463
1131888.9588221463
1131888.9588221463
1131888.9588221463
1131888.9588221463
1131888.9588221463
1131561.1429765765
1131406.5116012502
1130449.4606551563
1130143.2088141083
1129049.1271890067
1128968.6514682607
1128567.845243623
1128055.9344361606
1128055.9344361606
1127047.9561260317
1126319.4448884032
1126319.4448884032
1126035.2902493142
1125885.5480252944
1125280.0647491305
1124643.8751258785
1124610.1520522775
1124520.3687253818
1124218.3393229123
1123895.5224451458
1123644.4088327913
1123445.655748622
1123445.655748622
1122542.1173019633
1122538.795540486
1122192.1749357888
1121843.3377964858
1121843.3377964858
1121648.7316472072
1121648.7316472072
1121423.921675313
1120921.4099994004
1120780.25544023
1120673.761653169
1119996.4718145542
1119602.1304980782
1119566.8128193337
1119566.8128193337
1119102.837263487
1119102.837263487
1118624.8154871035
1118624.8154871035
1117283.6051031253
1117110.870591384
1116327.0470982892
1114277.6587439408
1113147.337333467
1112016.4300361825
1111415.7202218096
1111415.7202218096
1111415.7202218096
1110366.5254654777
1110366.5254654777
1109722.3500865898
1107904.7977582477
1107904.7977582477
1107904.7977582477
1107752.8494062428
1106856.2137180525
1106581.0737452982
1106510.1609511054
1106510.1609511054
1106510.1609511054
1106510.1609511054
1106360.484571651
1106360.484571651
1105875.2389090501
1105875.2389090501
1105875.2389090501
1103332.3570058704
1103060.3003151445
1103060.3003151445
1102300.7080937251
1102300.7080937251
1102300.7080937251
1101904.2682559674
1101904.2682559674
1101467.2917192935
1100852.8456621026
1100852.8456621026
1100852.8456621026
1100200.2652739286
1100200.2652739286
1099802.0520932707
1099504.6835434798
1099326.1751538087
1099233.9570909108
1099233.9570909108
1099233.9570909108
1099233.9570909108
1097979.860187057
1097881.8099533832
1097881.8099533832
1097619.0269734696
1096669.512965068
1096669.512965068
1096669.512965068
1096308.0774932476
1096292.8041940134
1096292.8041940134
1096292.8041940134
1096292.8041940134
1096292.8041940134
1096292.8041940134
1096292.8041940134
1096292.8041940134
1095860.1776850899
1095860.1776850899
1094936.6688390442
1094936.6688390442
1094039.561817185
1094039.561817185
1093704.2867827537
1093704.2867827537
1093704.2867827537
1093604.5250759528
1093604.5250759528
1093202.3614917079
1092882.3738969755
1092882.3738969755
1092882.3738969755
1092882.3738969755
1092422.4376847523
1092119.2381238171
1092119.2381238171
1092119.2381238171
1092119.2381238171
1092119.2381238171
1092052.136867534
1091231.6892150675
1091231.6892150675
1091088.4581490948
1090834.7779013943
1088966.9700024184
1088748.2884397637
1088697.3950040406
1088256.571793831
1088256.571793831
1088109.8575752662
1088109.8575752662
1087977.3178988802
1087977.3178988802
1087732.1078959175
1086490.540662261
1086490.540662261
1086490.540662261
1086490.540662261
1086404.5562518323
1086404.5562518323
1086178.9933696974
1086070.0873620175
1086070.0873620175
1085842.3439162136
1085842.3439162136
1085842.3439162136
1085842.3439162136
1085773.6910709515
1085773.6910709515
1085773.6910709515
1085773.6910709515
1085668.6725272327
1085668.6725272327
1084766.243677782
1084766.243677782
1084603.263467189
1084603.263467189
1084603.263467189
1084237.7643942428
1084237.7643942428
1083849.9221267025
1083849.9221267025
1083082.7510081374
1082869.9281296537
1082869.9281296537
1082869.9281296537
1082869.9281296537
1082869.9281296537
1082135.4835007992
1082135.4835007992
1082135.4835007992
1082135.4835007992
1081944.0065965815
1081944.0065965815
1081944.0065965815
1081535.4784633704
1081535.4784633704
1081535.4784633704
1081535.4784633704
1081158.4171860272
1080398.8958804226
1080398.8958804226
1080398.8958804226
1080398.8958804226
1079655.2896702255
1078990.094155577
1078990.094155577
1078990.094155577
1078990.094155577
1078703.8925366376
1077737.3337333254
1077737.3337333254
1077737.3337333254
1077737.3337333254
1077737.3337333254
1077737.3337333254
1077737.3337333254
1077737.3337333254
1076986.430204957
1076427.8972547348
1076427.8972547348
1076427.8972547348
1075816.56728076
1075220.9514872236
1075220.9514872236
1075197.7229131171
1075197.7229131171
1075061.0847031944
1075060.7069968078
1075060.7069968078
1075060.7069968078
1075050.5197026078
1074901.833672967
1074901.833672967
1074901.833672967
1074901.833672967
1074901.833672967
1074901.833672967
1074901.833672967
1074901.833672967
1074791.7028994504
1074455.1936698495
1074455.1936698495
1074424.6595723357
1074424.6595723357
1074424.6595723357
1074424.6595723357
1073831.7051417152
1073609.2328945687
1073401.764601008
1073401.764601008
1072017.5342793274
1072017.5342793274
1072017.5342793274
1071287.884364529
1071287.884364529
1070066.5617117526
1069449.2977802998
1069449.2977802998
1069449.2977802998
1069340.7512690746
1068897.6690753717
1068897.6690753717
1068352.9806935221
1068132.7322232428
1068132.7322232428
1068132.7322232428
1068132.7322232428
1067344.4555438273
1067344.4555438273
1067344.4555438273
1066637.242098861
1066637.242098861
1065673.1591978022
1065673.1591978022
1065673.1591978022
1063657.7544842449
1063303.4739289144
1063303.4739289144
1063303.4739289144
1063303.4739289144
1063303.4739289144
1063303.4739289144
1062893.3323549065
1062893.3323549065
1061749.6612245268
1061659.3057337028
1061182.4866121877
1060853.8146099325
1060546.5524812746
1060280.091565599
1059658.9803190548
1059007.844100249
1059007.844100249
1058949.068935719
1058839.067640347
1058839.067640347
1058839.067640347
1058271.3548327554
1058271.3548327554
1058271.3548327554
1058271.3548327554
1057882.1525854347
1057657.7909885228
1056766.0807741485
1056766.0807741485
1056766.0807741485
1056766.0807741485
1056580.2497964385
1056580.2497964385
1055707.2020581462
1055154.1424115717
1055154.1424115717
1055061.127362575
1055044.6236801576
1054759.6763068014
1054759.6763068014
1054191.7102300164
1054191.7102300164
1054191.7102300164
1053831.512029461
1053767.6898759936
1053767.6898759936
1053646.764216203
1053646.764216203
1053083.3310010238
1053021.9544115635
1053021.9544115635
1053021.9544115635
1052798.776868653
1052730.8825790782
1052730.8825790782
1052254.8759649587
1052254.8759649587
1052119.0274208256
1052119.0274208256
1051871.3997224977
1051193.7480396405
1050916.4704574528
1050916.4704574528
1050739.8605383653
1050157.9635965733
1050047.144959031
1049433.6118360711
1046292.9855018186
1046292.9855018186
1046292.9855018186
1046292.9855018186
1045918.7311906292
1045395.3422541092
1045395.3422541092
1045374.1232410668
1045374.1232410668
1045248.4704019658
1045248.4704019658
1045171.1309546002
1045171.1309546002
1045171.1309546002
1045171.1309546002
1044434.932896472
1044434.932896472
1044434.932896472
1044196.9381320153
1044196.9381320153
1044196.9381320153
1044196.9381320153
1043656.7610472054
1043656.7610472054
1043656.7610472054
1043656.7610472054
1043656.7610472054
1043086.0453047964
1043086.0453047964
1043086.0453047964
1042689.192982589
1042266.7727685836
1042266.7727685836
1042266.7727685836
1042266.7727685836
1041944.477300975
1041159.7213291824
1041159.7213291824
1040828.7040664568
1040828.7040664568
1040578.4688980943
1040076.706454294
1039290.7666396245
1039290.7666396245
1039290.7666396245
1039224.6868460533
1039224.6868460533
1039224.6868460533
1039224.6868460533
1038909.9535990335
1038580.9694248682
1037608.3487120653
1037608.3487120653
1037608.3487120653
1037318.480662884
1037318.480662884
1037292.8676095605
1036963.8560254332
1036963.8560254332
1036963.8560254332
1036963.8560254332
1036963.8560254332
1036963.8560254332
1036963.8560254332
1036728.8672816507
1036709.6954102898
1036658.2799651255
1036658.2799651255
1036658.2799651255
1036504.4315165132
1035643.4610307295
1035643.4610307295
1035643.4610307295
1035594.6428447728
1035336.031736037
1035174.6777985331
1035174.6777985331
1035174.6777985331
1035115.4968055387
1035115.4968055387
1035035.0430599204
1035035.0430599204
1033538.4958065192
1033527.1210380464
1032653.3635438327
1032219.5587057834
1032219.5587057834
1032219.5587057834
1032219.5587057834
1032219.5587057834
1032219.5587057834
1032219.5587057834
1032219.5587057834
1031602.8211530459
1031602.8211530459
1031602.8211530459
1031538.0072577931
1031538.0072577931
1031538.0072577931
1031538.0072577931
1031446.1193005583
1030935.821719168
1030752.0246408384
1030108.0026377295
1030108.0026377295
1030108.0026377295
1030108.0026377295
1030108.0026377295
1030108.0026377295
1030108.0026377295
1030007.309547551
1030007.309547551
1030007.309547551
1029687.987595126
1029021.4123947516
1029021.4123947516
1028869.7601565986
1028869.7601565986
1028660.0140814101
1028660.0140814101
1028660.0140814101
1028456.9008352709
1028456.9008352709
1028456.9008352709
1028456.9008352709
1028456.9008352709
1028347.5467170296
1028347.5467170296
1028347.5467170296
1027793.6244346142
1027786.9990058597
1027704.4799454882
1027704.4799454882
1027704.4799454882
1027704.4799454882
1027704.4799454882
1027704.4799454882
1027704.4799454882
1027704.4799454882
1027704.4799454882
1027550.1761927046
1027037.7285223997
1027037.7285223997
1026224.0112795304
1026224.0112795304
1024812.635606366
1024812.635606366
1024812.635606366
1024812.635606366
1024812.635606366
1024439.48983057
1024139.8250903485
1024037.9925771689
1023212.495754145
1023212.495754145
1023212.495754145
1022896.9236833528
1022896.9236833528
1022619.0596497664
1022619.0596497664
1022619.0596497664
1022619.0596497664
1022619.0596497664
1022619.0596497664
1022619.0596497664
1022619.0596497664
1022489.4746172912
1022489.4746172912
1022489.4746172912
1021943.2809206566
1021943.2809206566
1021703.7452084615
1021703.7452084615
1021574.3811172771
1021574.3811172771
1021574.3811172771
1020986.9859099027
1020986.9859099027
1020986.9859099027
1020986.9859099027
1020689.9387305541
1020689.9387305541
1020689.9387305541
1020689.9387305541
1020627.7182265038
1020627.7182265038
1019765.2175218016
1019765.2175218016
1019765.2175218016
1019765.2175218016
1019408.1137738826
1019178.3561586312
1019178.3561586312
1019178.3561586312
1019178.3561586312
1019178.3561586312
1019022.3130468358
1019022.3130468358
1018852.9788190005
1018459.3794772767
1018459.3794772767
1018459.3794772767
1018459.3794772767
1018459.3794772767
1017655.2786626511
1017655.2786626511
1017655.2786626511
1017655.2786626511
1017655.2786626511
1017655.2786626511
1017211.7407873287
1017211.7407873287
1016805.9400310579
1016805.9400310579
1016805.9400310579
1016805.9400310579
1016805.9400310579
1016805.9400310579
1016721.3877933531
1016721.3877933531
1016470.5156014273
1016470.5156014273
1015842.3277159254
1015842.3277159254
1015842.3277159254
1015685.1919584501
1015685.1919584501
1015685.1919584501
1015510.4203048054
1015510.4203048054
1015510.4203048054
1015510.4203048054
1015136.5506065827
1014810.7170455882
1014779.1377862714
1014779.1377862714
1014362.0836835387
1014362.0836835387
1014362.0836835387
1014283.2294548447
1014126.4635640979
1014126.4635640979
1014093.0208217121
1013168.7757745107
1013168.7757745107
1012937.3345635314
1012937.3345635314
1012937.3345635314
1012930.0297060409
1012930.0297060409
1012930.0297060409
1012928.3869369708
1012774.8725540651
1012774.8725540651
1012774.8725540651
1012774.8725540651
1012646.163836605
1012646.163836605
1012646.163836605
1012216.269959572
1012216.269959572
1011085.123379013
1011085.123379013
1011085.123379013
1011085.123379013
1011004.9564251568
1011004.9564251568
1011004.9564251568
1011004.9564251568
1011004.9564251568
1011004.9564251568
1011004.9564251568
1010582.4531798465
1010036.6630342347
1009265.4790633477
1009265.4790633477
1009265.4790633477
1009043.4810697772
1009043.4810697772
1009043.4810697772
1008959.9315321876
1008959.9315321876
1008959.9315321876
1008959.9315321876
1008959.9315321876
1008959.9315321876
1008959.9315321876
1008959.9315321876
1008037.1323107956
1008037.1323107956
1008037.1323107956
1008037.1323107956
1008037.1323107956
1007924.4723095996
1007924.4723095996
1007924.4723095996
1007924.4723095996
1007924.4723095996
1007924.4723095996
1007924.4723095996
1007924.4723095996
1006902.6930593166
1006902.6930593166
1006476.5850564756
1005898.4697046165
1005898.4697046165
1005666.4600995467
1005609.6180466148
1005609.6180466148
1005609.6180466148
1005609.6180466148
1005609.6180466148
1005609.6180466148
1005609.6180466148
1005544.2763784596
1005544.2763784596
1005544.2763784596
1005389.1772561396
1005389.1772561396
1005389.1772561396
1005389.1772561396
1005389.1772561396
1005363.4497762518
1005251.1477192678
1005164.7318453627
1004665.6907836574
1004665.6907836574
1004665.6907836574
1004497.257332895
1003389.871785793
1003389.871785793
1003389.871785793
1003389.871785793
1002994.7032882047
1002994.7032882047
1002994.7032882047
1002994.7032882047
1002994.7032882047
1002994.7032882047
1002994.7032882047
1002994.7032882047
1002994.7032882047
1002994.7032882047
1002994.7032882047
1002994.7032882047
1002994.7032882047
1002994.7032882047
1002940.9464469745
1002940.9464469745
1002846.3557897806
1002821.0385788219
1002701.5335160145
1002701.5335160145
1002701.5335160145
1002701.5335160145
1002402.4753340366
1001360.8762524498
1001210.9040011265
1001171.5282942951
1000668.412776228
1000668.412776228
1000668.412776228
1000668.412776228
1000668.412776228
1000668.412776228
1000668.412776228
1000668.412776228
1000668.412776228
1000668.412776228
1000668.412776228
1000668.412776228
1000543.5727127893
1000384.3610683798
1000384.3610683798
1000384.3610683798
1000384.3610683798
1000384.3610683798
1000093.6933268614
1000093.6933268614
999970.7886118335
999970.7886118335
999705.0699228365
999464.457172726
999464.457172726
999464.457172726
999271.0917463617
999271.0917463617
999271.0917463617
999271.0917463617
999271.0917463617
998033.3553089427
997928.021952685
997928.021952685
997928.021952685
997928.021952685
996419.0829560627
996243.630372559
996243.630372559
996243.630372559
996073.0355075893
994956.1132911344
994850.5494692156
994850.5494692156
994850.5494692156
993891.4319624319
993891.4319624319
993891.4319624319
993891.4319624319
993891.4319624319
993459.9485955094
993459.9485955094
993459.9485955094
993459.9485955094
993459.9485955094
993459.9485955094
993235.3895403581
993235.3895403581
993088.481728782
992818.6924162324
992813.0165835887
992813.0165835887
992813.0165835887
992813.0165835887
992813.0165835887
992813.0165835887
992813.0165835887
992808.913822903
992808.913822903
992780.4235556256
992780.4235556256
992780.4235556256
992774.9003242278
992774.9003242278
992774.9003242278
992435.9185443122
992302.8743466367
992302.8743466367
992302.8743466367
992248.7711224824
991999.4751121451
991999.4751121451
991999.4751121451
991999.4751121451
991999.4751121451
991999.4751121451
991999.4751121451
991614.8917138058
991033.4256351655
991033.4256351655
991033.4256351655
991033.4256351655
991033.4256351655
990620.4804479945
990620.4804479945
990620.4804479945
989901.5128054115
989211.1303372275
988869.1155452202
988869.1155452202
988869.1155452202
988869.1155452202
988869.1155452202
988706.7486576908
988706.7486576908
988706.7486576908
988706.7486576908
988706.7486576908
988665.7201605879
988665.7201605879
988665.7201605879
988511.6965951783
988511.6965951783
987740.2393667118
987740.2393667118
987303.7283111076
986920.6814577227
986920.6814577227
986799.1263143
986413.6199943279
986413.6199943279
986263.99066825
986263.99066825
986263.99066825
986263.99066825
986263.99066825
986263.99066825
986263.99066825
985251.6191836845
985251.6191836845
985251.6191836845
985251.6191836845
985000.0663184046
984899.5234298375
984899.5234298375
984899.5234298375
984899.5234298375
984899.5234298375
984866.0546562483
984866.0546562483
984866.0546562483
984653.2220750165
984653.2220750165
983450.345158679
983194.6417211252
983194.6417211252
982984.1285454459
982984.1285454459
982984.1285454459
982984.1285454459
982984.1285454459
982984.1285454459
982984.1285454459
982984.1285454459
982984.1285454459
982984.1285454459
982984.1285454459
982323.5292352494
982323.5292352494
982323.5292352494
981988.6098005457
981988.6098005457
981988.6098005457
981988.6098005457
981988.6098005457
981988.6098005457
981772.4805474221
981772.4805474221
981064.0983165058
981064.0983165058
980231.8708068933
980231.8708068933
980231.8708068933
980231.8708068933
980231.8708068933
980231.8708068933
980231.8708068933
980231.8708068933
980231.8708068933
978628.9135227117
978628.9135227117
978628.9135227117
978628.9135227117
978628.9135227117
978628.9135227117
978628.9135227117
978628.9135227117
978628.9135227117
978260.592191886
978260.592191886
978260.592191886
978260.592191886
978260.592191886
977765.2941439236
977765.2941439236
977765.2941439236
977765.2941439236
977765.2941439236
977765.2941439236
977700.815649029
977319.9253624337
977319.9253624337
977319.9253624337
977236.2959458706
977003.763706327
977003.763706327
977003.763706327
977003.763706327
977003.763706327
977003.763706327
977003.763706327
977003.763706327
977003.763706327
977003.763706327
977003.763706327
977003.763706327
977003.763706327
977003.763706327
976449.5360975699
976427.1617016348
976427.1617016348
976427.1617016348
976427.1617016348
975741.492288426
975741.492288426
975472.3442544419
975317.3041510576
975317.3041510576
975317.3041510576
975317.3041510576
975317.3041510576
975317.3041510576
975306.9689079085
975306.9689079085
975306.9689079085
975306.9689079085
975306.9689079085
975076.072463325
975076.072463325
975076.072463325
975076.072463325
975076.072463325
975076.072463325
975076.072463325
975076.072463325
975076.072463325
975076.072463325
974461.5101893153
974461.5101893153
974404.7057117239
974404.7057117239
974404.7057117239
974404.7057117239
974338.3518395398
974338.3518395398
974313.0578246624
974313.0578246624
974313.0578246624
974313.0578246624
974313.0578246624
974313.0578246624
974313.0578246624
974313.0578246624
974313.0578246624
974313.0578246624
974093.6524108576
974093.6524108576
974093.6524108576
974093.6524108576
974093.6524108576
974093.6524108576
974093.6524108576
974093.6524108576
974093.6524108576
974093.6524108576
974093.6524108576
973968.5123073505
972595.2748148302
972595.2748148302
972595.2748148302
971951.4646180349
971951.4646180349
971951.4646180349
971696.8484167699
971450.9874494912
971450.9874494912
971450.9874494912
971450.9874494912
971393.9076801992
971393.9076801992
971393.9076801992
970587.6113347628
970587.6113347628
970520.6683993931
970520.6683993931
970520.6683993931
970520.6683993931
970520.6683993931
970505.8858153254
969923.9377019457
969923.9377019457
969923.9377019457
969697.0867906664
969697.0867906664
969697.0867906664
969697.0867906664
969697.0867906664
969697.0867906664
969016.9307638544
968861.2506856871
968742.9299215195
968591.0631004527
968590.4882215086
967436.261511054
967272.8356427061
966737.7141476839
966737.7141476839
966737.7141476839
966737.7141476839
966459.5183236861
966459.5183236861
966459.5183236861
966459.5183236861
966459.5183236861
966459.5183236861
966459.5183236861
966459.5183236861
966459.5183236861
966459.5183236861
965147.0370803245
965147.0370803245
964914.0000073672
964914.0000073672
964914.0000073672
964825.0804586061
964825.0804586061
964825.0804586061
964012.7197372995
963889.4679461677
963889.4679461677
963889.4679461677
963889.4679461677
963889.4679461677
963889.4679461677
963397.1686580309
962611.1365966941
962566.8303899025
962566.8303899025
962427.7619988129
962261.0851889835
961889.1045653687
961889.1045653687
961889.1045653687
961889.1045653687
961889.1045653687
961889.1045653687
961889.1045653687
961889.1045653687
961889.1045653687
961889.1045653687
961889.1045653687
961889.1045653687
961610.7671133826
961313.1590452562
961313.1590452562
961313.1590452562
961186.6946264105
961186.6946264105
961186.6946264105
961186.6946264105
961104.0495155861
961104.0495155861
960806.9376247295
960705.1602007856
960705.1602007856
960705.1602007856
960705.1602007856
960705.1602007856
960705.1602007856
960573.4059065008
960507.0539593876
960507.0539593876
960507.0539593876
960507.0539593876
960507.0539593876
960367.0663774422
960304.2621834528
960304.2621834528
960304.2621834528
960304.2621834528
960304.2621834528
960304.2621834528
960304.2621834528
960304.2621834528
960164.3096596149
960018.8057249107
959983.8805607965
959983.8805607965
959983.8805607965
959143.1777781885
958664.5308518622
958664.5308518622
958664.5308518622
958664.5308518622
958664.5308518622
958487.4300143375
958487.4300143375
958487.4300143375
958208.6406025903
958208.6406025903
957935.0837066078
957935.0837066078
957935.0837066078
957404.1917134211
957351.1611111178
957351.1611111178
957351.1611111178
957351.1611111178
957351.1611111178
957351.1611111178
957351.1611111178
957351.1611111178
957351.1611111178
957351.1611111178
957351.1611111178
956620.6174637158
956620.6174637158
956620.6174637158
956620.6174637158
956620.6174637158
956620.6174637158
956620.6174637158
956620.6174637158
956330.2996567874
956330.2996567874
956330.2996567874
956330.2996567874
956330.2996567874
956330.2996567874
956330.2996567874
956330.2996567874
956330.2996567874
956330.2996567874
956330.2996567874
956279.8771946573
956279.8771946573
956279.8771946573
955925.7997723126
955925.7997723126
955925.7997723126
955653.6779772746
955653.6779772746
955653.6779772746
955653.6779772746
955653.6779772746
955653.6779772746
955653.6779772746
955497.5257960743
955234.6277106205
955234.6277106205
955234.6277106205
955168.0812684738
955168.0812684738
955168.0812684738
955168.0812684738
955168.0812684738
955168.0812684738
955144.7347766482
954796.9109658201
954796.9109658201
954796.9109658201
954582.8124010043
954267.7866155459
954267.7866155459
954267.7866155459
954267.7866155459
954267.7866155459
954267.7866155459
954267.7866155459
954267.7866155459
954267.7866155459
954005.0607746248
954005.0607746248
954005.0607746248
953330.8665625681
953330.8665625681
953257.3077240491
953244.7456282451
953244.7456282451
953244.7456282451
953244.7456282451
953244.7456282451
953244.7456282451
953176.9283569534
953176.9283569534
953176.9283569534
953176.9283569534
953176.9283569534
953038.534779802
953038.534779802
953038.534779802
953038.534779802
953038.534779802
952986.7646139683
952300.8158055939
952084.5924085763
952084.5924085763
952084.5924085763
952084.5924085763
952084.5924085763
952084.5924085763
952054.5406949148
952054.5406949148
951931.2403191333
951931.2403191333
951754.4786512341
951754.4786512341
951754.4786512341
951629.2579936184
951629.2579936184
951629.2579936184
951629.2579936184
951629.2579936184
951623.6406657433
951623.6406657433
951623.6406657433
951623.6406657433
951623.6406657433
951425.681081977
950855.5816422317
950855.5816422317
950855.5816422317
950855.5816422317
950855.5816422317
950855.5816422317
950761.54687042
950761.54687042
950761.54687042
950761.54687042
950761.54687042
950761.54687042
950761.54687042
950761.54687042
950761.54687042
950761.54687042
950624.6067089976
950624.6067089976
950624.6067089976
950573.2795762215
950573.2795762215
950573.2795762215
950573.2795762215
950573.2795762215
950573.2795762215
950573.2795762215
950573.2795762215
950269.4594000874
950269.4594000874
950100.6425035388
949328.7483610717
949328.7483610717
948838.7651996166
948838.7651996166
948838.7651996166
948838.7651996166
948838.7651996166
948838.7651996166
948838.7651996166
948838.7651996166
948838.7651996166
948838.7651996166
948838.7651996166
948838.7651996166
948492.0303244259
948492.0303244259
948492.0303244259
948373.8416707161
948373.8416707161
948373.8416707161
948160.9299376612
948160.9299376612
948083.1475629769
948083.1475629769
948083.1475629769
948083.1475629769
948083.1475629769
948083.1475629769
947450.543270929
947450.543270929
947450.543270929
947450.543270929
947420.3877547376
947420.3877547376
947420.3877547376
947420.3877547376
947165.9159697698
946667.9847689134
946667.9847689134
946289.2434807108
946246.0672542441
946176.4445886925
946176.4445886925
945484.1034461565
945484.1034461565
945484.1034461565
944898.1417666271
944898.1417666271
944723.2026985458
944723.2026985458
944723.2026985458
944707.401934285
944685.4826081007
944685.4826081007
944617.6080894102
944617.6080894102
944617.6080894102
944335.569967401
943885.6838104252
943885.6838104252
943885.6838104252
943885.6838104252
943885.6838104252
943885.6838104252
943885.6838104252
943722.7364361809
943722.7364361809
943722.7364361809
943478.3696234109
943478.3696234109
943478.3696234109
943478.3696234109
943478.3696234109
943478.3696234109
943478.3696234109
943478.3696234109
943478.3696234109
943478.3696234109
943478.3696234109
943244.1761522167
943244.1761522167
943244.1761522167
943244.1761522167
943244.1761522167
943244.1761522167
943244.1761522167
943244.1761522167
943163.3719663104
942732.0836810248
942732.0836810248
942732.0836810248
942732.0836810248
942732.0836810248
942732.0836810248
942732.0836810248
942732.0836810248
942732.0836810248
942732.0836810248
942732.0836810248
942732.0836810248
942732.0836810248
942732.0836810248
942732.0836810248
942732.0836810248
942732.0836810248
942732.0836810248
942209.1887692491
942128.2799717819
941827.4515767121
941827.4515767121
941827.4515767121
941275.1146785514
941275.1146785514
941275.1146785514
941275.1146785514
941275.1146785514
940538.5845734205
940538.5845734205
940538.5845734205
940538.5845734205
940309.1678051964
940309.1678051964
940309.1678051964
940309.1678051964
940309.1678051964
940202.4987701019
940202.4987701019
940202.4987701019
940202.4987701019
940202.4987701019
940202.4987701019
940202.4987701019
940202.4987701019
940202.4987701019
940202.4987701019
940073.3298011598
940073.3298011598
939454.7770519466
939454.7770519466
939454.7770519466
939454.7770519466
939454.7770519466
939454.7770519466
939454.7770519466
939454.7770519466
939454.7770519466
939454.7770519466
939454.7770519466
939454.7770519466
939454.7770519466
939454.7770519466
939454.7770519466
939404.9843744771
939404.9843744771
939404.9843744771
939404.9843744771
939404.9843744771
939404.9843744771
938945.2051536355
938945.2051536355
938945.2051536355
938945.2051536355
938945.2051536355
938273.1607039701
938273.1607039701
938273.1607039701
938273.1607039701
938273.1607039701
938273.1607039701
938273.1607039701
938273.1607039701
938258.063734313
938258.063734313
938258.063734313
938258.063734313
938258.063734313
938258.063734313
938258.063734313
938258.063734313
938258.063734313
938258.063734313
938258.063734313
938258.063734313
938258.063734313
938153.9876693662
937845.9273958498
937845.9273958498
937845.9273958498
937845.9273958498
937845.9273958498
937601.6621145331
937601.6621145331
937601.6621145331
937601.6621145331
936808.1441035039
936808.1441035039
936808.1441035039
936202.16917455
936202.16917455
935845.8304083089
935845.8304083089
934999.1189034489
934999.1189034489
934999.1189034489
934999.1189034489
934999.1189034489
934999.1189034489
934999.1189034489
934999.1189034489
934999.1189034489
934999.1189034489
934999.1189034489
934162.1639396201
934162.1639396201
934155.7407205643
934155.7407205643
934155.7407205643
934155.7407205643
934155.7407205643
934155.7407205643
934155.7407205643
934155.7407205643
934155.7407205643
934155.7407205643
934155.7407205643
934155.7407205643
934155.7407205643
934155.7407205643
934155.7407205643
933273.0749559674
933273.0749559674
933273.0749559674
933273.0749559674
933273.0749559674
933273.0749559674
933273.0749559674
933002.8443755045
933002.8443755045
933002.8443755045
933002.8443755045
933002.8443755045
933002.8443755045
933002.8443755045
933002.8443755045
933002.8443755045
933002.8443755045
933002.8443755045
931915.5410795988
931915.5410795988
931915.5410795988
931915.5410795988
931915.5410795988
931915.5410795988
931915.5410795988
931915.5410795988
931692.8743358317
931692.8743358317
931692.8743358317
931692.8743358317
931692.8743358317
931692.8743358317
931692.8743358317
931692.8743358317
931692.8743358317
931692.8743358317
931367.3359071906
931367.3359071906
931367.3359071906
931367.3359071906
931367.3359071906
931367.3359071906
931367.3359071906
931226.9185385581
931226.9185385581
931226.9185385581
931226.9185385581
931226.9185385581
931226.9185385581
931226.9185385581
931226.9185385581
930097.3640459878
930097.3640459878
930097.3640459878
930097.3640459878
930097.3640459878
930097.3640459878
930097.3640459878
930097.3640459878
930097.3640459878
930097.3640459878
929952.1387807485
929952.1387807485
929952.1387807485
929952.1387807485
929952.1387807485
929952.1387807485
929952.1387807485
929952.1387807485
929952.1387807485
929952.1387807485
929952.1387807485
929952.1387807485
929952.1387807485
929952.1387807485
929909.666328737
929799.8575684633
929799.8575684633
929799.8575684633
929799.8575684633
929799.8575684633
929732.6114163748
929732.6114163748
929732.6114163748
929732.6114163748
929732.6114163748
929732.6114163748
929732.6114163748
929732.6114163748
929732.6114163748
929732.6114163748
929732.6114163748
929732.6114163748
929732.6114163748
929732.6114163748
929732.6114163748
929732.6114163748
929732.6114163748
929732.6114163748
929732.6114163748
929720.8181719071
929720.8181719071
929720.8181719071
929720.8181719071
929720.8181719071
929720.8181719071
929720.8181719071
929720.8181719071
929720.8181719071
929720.8181719071
929720.8181719071
929720.8181719071
929720.8181719071
929677.8629471641
929677.8629471641
929677.8629471641
929677.8629471641
929677.8629471641
929677.8629471641
929677.8629471641
929479.856134984
929243.6294514721
929243.6294514721
929243.6294514721
928826.3464819803
928480.3344139269
928480.3344139269
928307.3661409488
928307.3661409488
927865.8298696191
927865.8298696191
927865.8298696191
927865.8298696191
927822.7051004302
927822.7051004302
927449.0032593566
927449.0032593566
927449.0032593566
927225.896059722
927225.896059722
927225.896059722
927225.896059722
926393.6297967616
926393.6297967616
926330.0168925478
926330.0168925478
926330.0168925478
926330.0168925478
926225.9820584492
926222.2927307645
926222.2927307645
925450.65838365
925450.65838365
925450.65838365
925450.65838365
925450.65838365
925067.7955216565
925067.7955216565
925067.7955216565
925067.7955216565
925067.7955216565
925067.7955216565
925067.7955216565
924846.5438916837
924292.9614427194
924292.9614427194
924292.9614427194
923247.9776388345
923247.9776388345
922760.7960754628
922760.7960754628
922760.7960754628
922760.7960754628
922760.7960754628
922760.7960754628
922760.7960754628
922760.7960754628
922760.7960754628
922760.7960754628
922034.1789707792
922034.1789707792
921999.4284518634
921999.4284518634
921999.4284518634
921999.4284518634
921999.4284518634
921999.4284518634
921999.4284518634
921768.4099641854
921768.4099641854
921768.4099641854
921323.7618992645
921323.7618992645
921323.7618992645
921323.7618992645
921323.7618992645
921323.7618992645
921323.7618992645
921323.7618992645
921323.7618992645
921212.0553963823
920626.953214438
920626.953214438
920239.4961650815
920073.6090902308
920073.6090902308
920073.6090902308
920073.6090902308
920061.256459165
920061.256459165
919841.535480439
919065.0504777844
919065.0504777844
919065.0504777844
919065.0504777844
918840.7394188547
918840.7394188547
918840.7394188547
918840.7394188547
918840.7394188547
918840.7394188547
918840.7394188547
918840.7394188547
918555.4651229692
918555.4651229692
918555.4651229692
918381.7167970168
917749.3451295233
917749.3451295233
917749.3451295233
917749.3451295233
917749.3451295233
917749.3451295233
917749.3451295233
917584.4603983674
917584.4603983674
917584.4603983674
917584.4603983674
917584.4603983674
917584.4603983674
917584.4603983674
917121.2346537039
917121.2346537039
917121.2346537039
916932.9195030866
916932.9195030866
916932.9195030866
916932.9195030866
916932.9195030866
916932.9195030866
916932.9195030866
916932.9195030866
916932.9195030866
916780.158057353
916780.158057353
916780.158057353
916780.158057353
916780.158057353
916780.158057353
916780.158057353
916435.4989023149
916435.4989023149
916435.4989023149
916435.4989023149
916435.4989023149
916435.4989023149
916317.3067647472
915904.7946995131
915904.7946995131
915693.4660969386
915693.4660969386
915693.4660969386
915693.4660969386
915693.4660969386
915693.4660969386
915693.4660969386
915693.4660969386
915693.4660969386
915693.4660969386
915693.4660969386
915693.4660969386
915693.4660969386
915693.4660969386
915693.4660969386
915693.4660969386
915693.4660969386
915467.4352416773
915382.674981283
915382.674981283
915382.674981283
915382.674981283
915382.674981283
915346.029136662
915346.029136662
915346.029136662
915346.029136662
915346.029136662
915346.029136662
915346.029136662
915346.029136662
915346.029136662
915346.029136662
915346.029136662
915346.029136662
915335.3727496215
915335.3727496215
915335.3727496215
915335.3727496215
915335.3727496215
915335.3727496215
915335.3727496215
915335.3727496215
915335.3727496215
915335.3727496215
915335.3727496215
915335.3727496215
915335.3727496215
915335.3727496215
915335.3727496215
915335.3727496215
915335.3727496215
915335.3727496215
915250.153312607
915250.153312607
915250.153312607
915250.153312607
915250.153312607
915250.153312607
915250.153312607
915250.153312607
915215.3361062051
915215.3361062051
915050.3292655998
914875.8409402992
914875.8409402992
914875.8409402992
914875.8409402992
914875.8409402992
914875.8409402992
914825.5572968785
914739.0543594661
914665.5221098315
914665.5221098315
914665.5221098315
914665.5221098315
914665.5221098315
914665.5221098315
914665.5221098315
914644.1160802313
914644.1160802313
914644.1160802313
914123.7899104451
914123.7899104451
914123.7899104451
914123.7899104451
914123.7899104451
914123.7899104451
914123.7899104451
914123.7899104451
914123.7899104451
914123.7899104451
914123.7899104451
914123.7899104451
914123.7899104451
913442.3731826646
913075.8536621276
913075.8536621276
913075.8536621276
913075.8536621276
913075.8536621276
913002.4914085066
913002.4914085066
912934.3110019207
912779.5570628694
912779.5570628694
912779.5570628694
912779.5570628694
912537.5328540457
912537.5328540457
912537.5328540457
912249.8836208426
912249.8836208426
912249.8836208426
912249.8836208426
912249.8836208426
912249.8836208426
912249.8836208426
912249.8836208426
912249.8836208426
912167.1645908796
911616.7998422394
911616.7998422394
911616.7998422394
911616.7998422394
911616.7998422394
911371.6161902584
911371.6161902584
911371.6161902584
911371.6161902584
911371.6161902584
911371.6161902584
911371.6161902584
911360.530253644
911352.5338568697
911352.5338568697
911117.9427304255
911117.9427304255
911117.9427304255
911117.9427304255
911117.9427304255
911056.6086953725
911056.6086953725
911056.6086953725
911003.9554713198
911003.9554713198
910589.1135613127
910589.1135613127
910589.1135613127
909766.1327647339
909766.1327647339
909766.1327647339
909737.937076477
909540.4140945794
909540.4140945794
909540.4140945794
909540.4140945794
909540.4140945794
909540.4140945794
908730.5749704207
908712.5267356518
908712.5267356518
908628.3828941572
908628.3828941572
908628.3828941572
908069.2158790904
908069.2158790904
908069.2158790904
908069.2158790904
908069.2158790904
907635.7779449406
907635.7779449406
907635.7779449406
907635.7779449406
907635.7779449406
907635.7779449406
907635.7779449406
907198.7419614373
907022.4176090223
906886.9378988587
906886.9378988587
906886.9378988587
906418.0542411534
906418.0542411534
906418.0542411534
906418.0542411534
906418.0542411534
905557.3646310351
905123.3582020268
905123.3582020268
905123.3582020268
905123.3582020268
905123.3582020268
905123.3582020268
905016.456471277
905016.456471277
905016.456471277
905016.456471277
905016.456471277
905016.456471277
905016.456471277
905016.456471277
905016.456471277
905016.456471277
905016.456471277
904717.3438621708
904717.3438621708
904717.3438621708
904717.3438621708
904717.3438621708
904717.3438621708
904509.7180313808
904509.7180313808
904311.7975482296
904311.7975482296
904309.4090197225
904309.4090197225
903846.6642310584
903846.6642310584
903846.6642310584
903846.6642310584
903846.6642310584
903846.6642310584
903729.1729778645
903729.1729778645
903729.1729778645
903729.1729778645
903188.510677485
903188.510677485
903188.510677485
903188.510677485
903187.6308918024
903187.6308918024
903171.8671163351
903171.8671163351
903171.8671163351
903171.8671163351
903171.8671163351
903171.8671163351
903171.8671163351
903171.8671163351
903171.8671163351
903171.8671163351
903171.8671163351
903171.8671163351
903171.8671163351
903041.6234240232
903027.2935729325
903027.2935729325
903027.2935729325
902337.9682540565
902337.9682540565
902337.9682540565
901735.1019193882
901735.1019193882
901735.1019193882
901431.1186644833
901431.1186644833
901318.9948438029
901292.4638256226
900548.2408576214
900548.2408576214
900548.2408576214
900548.2408576214
900548.2408576214
900548.2408576214
900548.2408576214
900548.2408576214
900439.9960791604
900439.9960791604
900439.9960791604
900439.9960791604
900439.9960791604
900439.9960791604
900439.9960791604
900439.9960791604
900403.7445477027
900403.7445477027
899935.6810703652
899935.6810703652
899935.6810703652
899935.6810703652
899935.6810703652
899935.6810703652
899935.6810703652
899935.6810703652
899935.6810703652
899935.6810703652
899935.6810703652
899935.6810703652
899800.9555848726
899740.137325948
899117.9963721009
899117.9963721009
899117.9963721009
899117.9963721009
899117.9963721009
899117.9963721009
899117.9963721009
899106.6077734088
898824.7230207317
898824.7230207317
898824.7230207317
898824.7230207317
898824.7230207317
898824.7230207317
898824.7230207317
898824.7230207317
898824.7230207317
898824.7230207317
898824.7230207317
898330.5876306316
898330.5876306316
898330.5876306316
898330.5876306316
898330.5876306316
898330.5876306316
898330.5876306316
898330.5876306316
898330.5876306316
898330.5876306316
898330.5876306316
898330.5876306316
898272.1591615521
898272.1591615521
898254.9731344464
897262.8857416788
897262.8857416788
897262.8857416788
897262.8857416788
896892.5560707226
896892.5560707226
896401.4186965874
896389.8380176618
896389.8380176618
896389.8380176618
896389.8380176618
896389.8380176618
896389.8380176618
896183.1689917846
896183.1689917846
895784.5894857179
895784.5894857179
895784.5894857179
895784.5894857179
895720.2596547533
895720.2596547533
895720.2596547533
895720.2596547533
895280.2338954974
894803.720268404
894803.720268404
894803.720268404
894803.720268404
894803.720268404
894803.720268404
894803.720268404
894803.720268404
894803.720268404
894803.720268404
894803.720268404
894803.720268404
894556.6623771965
894556.6623771965
894556.6623771965
894556.6623771965
894556.6623771965
894551.6049740977
894551.6049740977
894551.6049740977
894551.6049740977
894551.6049740977
894551.6049740977
894551.6049740977
894551.6049740977
894551.6049740977
894551.6049740977
894551.6049740977
894551.6049740977
894551.6049740977
894551.6049740977
894225.8019581713
894225.8019581713
894225.8019581713
894225.8019581713
894225.8019581713
894225.8019581713
894225.8019581713
894159.0209980132
894159.0209980132
894159.0209980132
893583.9245025336
893583.9245025336
893583.9245025336
893007.3039860178
892991.6533194955
892266.1369605906
892266.1369605906
892266.1369605906
892266.1369605906
892266.1369605906
892266.1369605906
892266.1369605906
892266.1369605906
892266.1369605906
892048.6834611847
891696.763098081
891696.763098081
891696.763098081
891696.763098081
891696.763098081
891696.763098081
891696.763098081
891696.763098081
891696.763098081
891696.763098081
891343.1997361258
891222.9602547335
891222.9602547335
891222.9602547335
890926.557859658
890820.3319750248
890602.5777708606
890602.5777708606
890591.6314294921
890591.6314294921
890591.6314294921
890591.6314294921
890591.6314294921
890591.6314294921
890591.6314294921
890591.6314294921
890591.6314294921
890591.6314294921
890591.6314294921
890591.6314294921
890591.6314294921
890591.6314294921
890384.5198522827
890232.7110505749
890232.7110505749
890232.7110505749
890232.7110505749
890213.2458123213
890213.2458123213
890213.2458123213
890133.3542332707
890133.3542332707
890133.3542332707
890133.3542332707
890133.3542332707
890133.3542332707
890133.3542332707
890133.3542332707
890072.5823587945
890072.5823587945
889948.7505651021
889948.7505651021
889948.7505651021
889948.7505651021
889948.7505651021
889948.7505651021
889694.427557159
889694.427557159
889638.179909664
889638.179909664
889638.179909664
889638.179909664
889513.3529045996
889513.3529045996
889513.3529045996
889513.3529045996
889513.3529045996
889323.5234781133
889323.5234781133
889323.5234781133
889323.5234781133
889323.5234781133
889323.5234781133
888722.5709813051
888470.7768879281
888292.0025688829
888235.0160024859
888235.0160024859
888235.0160024859
888235.0160024859
888226.2694470306
888226.2694470306
888226.2694470306
888226.2694470306
888226.2694470306
888226.2694470306
888226.2694470306
888226.2694470306
888226.2694470306
888226.2694470306
888226.2694470306
888226.2694470306
888226.2694470306
888226.2694470306
888226.2694470306
888226.2694470306
888027.094339577
888027.094339577
888027.094339577
888027.094339577
887969.3271290236
887969.3271290236
887697.5144767964
887688.9598310655
887688.9598310655
887688.9598310655
887688.9598310655
887688.9598310655
887688.9598310655
887688.9598310655
887688.9598310655
887688.9598310655
887688.9598310655
887688.9598310655
887688.9598310655
887306.0910689507
886975.6743062441
886975.6743062441
886975.6743062441
886682.4460319029
886682.4460319029
886682.4460319029
886682.4460319029
886682.4460319029
886615.3676603935
886489.7230004407
886489.7230004407
886489.7230004407
886489.7230004407
886489.7230004407
886489.7230004407
886489.7230004407
886309.1677716833
886309.1677716833
886309.1677716833
886162.5745070674
886162.5745070674
886162.5745070674
885894.1251835912
885894.1251835912
885894.1251835912
885857.1425374489
885857.1425374489
885857.1425374489
885857.1425374489
885421.2018877045
885225.1300291512
885225.1300291512
885225.1300291512
885225.1300291512
885225.1300291512
884995.2477430175
884995.2477430175
884995.2477430175
884995.2477430175
884995.2477430175
884995.2477430175
884995.2477430175
884995.2477430175
884995.2477430175
884995.2477430175
884995.2477430175
884995.2477430175
884995.2477430175
884995.2477430175
884995.2477430175
884995.2477430175
884857.9753276815
884857.9753276815
884857.9753276815
884857.9753276815
884857.9753276815
884857.9753276815
884857.9753276815
884857.9753276815
884611.577414141
884611.577414141
884611.577414141
884611.577414141
884611.577414141
884611.577414141
884296.5551738674
884296.5551738674
884296.5551738674
884296.5551738674
884296.5551738674
884296.5551738674
884296.5551738674
884296.5551738674
884042.119761706
883343.6595176748
883343.6595176748
883343.6595176748
883343.6595176748
883343.6595176748
883343.6595176748
883343.6595176748
883343.6595176748
883343.6595176748
883343.6595176748
883343.6595176748
882945.8590605198
882945.8590605198
882609.1070878827
882609.1070878827
882609.1070878827
882609.1070878827
882609.1070878827
882060.8123402253
882060.8123402253
882060.8123402253
882060.8123402253
882060.8123402253
882060.8123402253
882054.2848993263
882054.2848993263
882054.2848993263
881849.3003939912
881849.3003939912
881849.3003939912
881849.3003939912
881849.3003939912
881849.3003939912
881849.3003939912
880737.0456297444
880737.0456297444
880737.0456297444
880737.0456297444
880737.0456297444
880737.0456297444
880737.0456297444
880737.0456297444
880737.0456297444
880543.8196531371
880543.8196531371
880543.8196531371
880543.8196531371
880350.1051343414
880350.1051343414
880350.1051343414
880350.1051343414
880350.1051343414
880297.3490936528
880297.3490936528
880129.7371625511
880129.7371625511
879552.0042820782
879552.0042820782
879552.0042820782
879552.0042820782
879552.0042820782
879552.0042820782
879037.8718643945
879037.8718643945
879037.8718643945
879037.8718643945
879037.8718643945
879037.8718643945
879037.8718643945
879037.8718643945
878902.7621026323
878902.7621026323
878902.7621026323
878902.7621026323
878902.7621026323
878902.7621026323
878902.7621026323
878782.4121904995
878782.4121904995
878782.4121904995
878782.4121904995
878782.4121904995
878782.4121904995
878782.4121904995
878782.4121904995
877919.284165092
877919.284165092
877919.284165092
877919.284165092
877919.284165092
877919.284165092
877919.284165092
877919.284165092
877919.284165092
877919.284165092
877919.284165092
877919.284165092
877919.284165092
877919.284165092
877919.284165092
877919.284165092
877919.284165092
877919.284165092
877919.284165092
877919.284165092
877919.284165092
877843.9980165553
877843.9980165553
877843.9980165553
877843.9980165553
877843.9980165553
877843.9980165553
877534.1467401506
877534.1467401506
877534.1467401506
877534.1467401506
877330.5273378876
877330.5273378876
877330.5273378876
877246.6945886874
877246.6945886874
877246.6945886874
877246.6945886874
877190.65278968
877190.65278968
877190.65278968
876848.5271299111
876848.5271299111
876848.5271299111
876848.5271299111
876848.5271299111
876848.5271299111
876848.5271299111
876848.5271299111
876848.5271299111
876848.5271299111
876848.5271299111
876848.5271299111
876848.5271299111
876751.5332931351
876751.5332931351
876751.5332931351
876751.5332931351
876751.5332931351
876751.5332931351
876751.5332931351
876751.5332931351
876751.5332931351
876751.5332931351
876672.393375659
876672.393375659
876672.393375659
876036.4616537158
876036.4616537158
875848.8084673533
875848.8084673533
875848.8084673533
875848.8084673533
875848.8084673533
875848.8084673533
875848.8084673533
875848.8084673533
875848.8084673533
875846.2877518588
875846.2877518588
875846.2877518588
875846.2877518588
875846.2877518588
875846.2877518588
875589.2782552778
875179.6567526022
875179.6567526022
874381.6288568792
874381.6288568792
874381.6288568792
874381.6288568792
874381.6288568792
874381.6288568792
874381.6288568792
874381.6288568792
874381.6288568792
874381.6288568792
874381.6288568792
874381.6288568792
874381.6288568792
874381.6288568792
874381.6288568792
874381.6288568792
874381.6288568792
874381.6288568792
874381.6288568792
874381.6288568792
873831.7996882759
873831.7996882759
873831.7996882759
873831.7996882759
873831.7996882759
873831.7996882759
873831.7996882759
873831.7996882759
873831.7996882759
873475.3794294847
873475.3794294847
873475.3794294847
873475.3794294847
873475.3794294847
873475.3794294847
873475.3794294847
873475.3794294847
873475.3794294847
873475.3794294847
873475.3794294847
873475.3794294847
873475.3794294847
873475.3794294847
873475.3794294847
873475.3794294847
873475.3794294847
873475.3794294847
873475.3794294847
873475.3794294847
873475.3794294847
873475.3794294847
873475.3794294847
873475.3794294847
873475.3794294847
873475.3794294847
873475.3794294847
873475.3794294847
873475.3794294847
873475.3794294847
873447.2771052758
873447.2771052758
873447.2771052758
873447.2771052758
873447.2771052758
873253.5457056356
872841.1672738502
872841.1672738502
872841.1672738502
872841.1672738502
872841.1672738502
872841.1672738502
872841.1672738502
872505.9559568494
872505.9559568494
872505.9559568494
872505.9559568494
872505.9559568494
872505.9559568494
872505.9559568494
872505.9559568494
872505.9559568494
872505.9559568494
872505.9559568494
872505.9559568494
872505.9559568494
872505.9559568494
872505.9559568494
872505.9559568494
872505.9559568494
872505.9559568494
872505.9559568494
872505.9559568494
872505.9559568494
872505.9559568494
872172.8419025225
872172.8419025225
872172.8419025225
872172.8419025225
872172.8419025225
871669.4425571389
871669.4425571389
871669.4425571389
871669.4425571389
871669.4425571389
871444.4858359833
871444.4858359833
871444.4858359833
871444.4858359833
871444.4858359833
871444.4858359833
871444.4858359833
871444.4858359833
871444.4858359833
871444.4858359833
871148.7040802876
871148.7040802876
871148.7040802876
870840.4376588245
870840.4376588245
870840.4376588245
870840.4376588245
870840.4376588245
870840.4376588245
870840.4376588245
870840.4376588245
870840.4376588245
870840.4376588245
870840.4376588245
870201.0008870917
870201.0008870917
870201.0008870917
870201.0008870917
870201.0008870917
870201.0008870917
870201.0008870917
870201.0008870917
869906.5084798464
869906.5084798464
869906.5084798464
869906.5084798464
869906.5084798464
869906.5084798464
869906.5084798464
869906.5084798464
869906.5084798464
869906.5084798464
869906.5084798464
869906.5084798464
869906.5084798464
869906.5084798464
869906.5084798464
869906.5084798464
869906.5084798464
869906.5084798464
869906.5084798464
869906.5084798464
869906.5084798464
869548.4595260911
869548.4595260911
869548.4595260911
869548.4595260911
869548.4595260911
869548.4595260911
869548.4595260911
869548.4595260911
869548.4595260911
869548.4595260911
869548.4595260911
869548.4595260911
869548.4595260911
869439.709693654
869439.709693654
869439.709693654
869439.709693654
869439.709693654
869439.709693654
869295.0521770658
869295.0521770658
869295.0521770658
869295.0521770658
869295.0521770658
869295.0521770658
869295.0521770658
869295.0521770658
869295.0521770658
869295.0521770658
869295.0521770658
869295.0521770658
869295.0521770658
869295.0521770658
869295.0521770658
869245.4056737609
869245.4056737609
868876.6521275837
868876.6521275837
868876.6521275837
868537.1988882539
868537.1988882539
868537.1988882539
868537.1988882539
868537.1988882539
868537.1988882539
868537.1988882539
868537.1988882539
868537.1988882539
868537.1988882539
868537.1988882539
868537.1988882539
868537.1988882539
868537.1988882539
868317.0315721552
868317.0315721552
868317.0315721552
868317.0315721552
868317.0315721552
868317.0315721552
868317.0315721552
868317.0315721552
868317.0315721552
868317.0315721552
868000.1291568914
868000.1291568914
868000.1291568914
868000.1291568914
868000.1291568914
867759.5769210442
867759.5769210442
867627.3268579065
867290.2169878045
867290.2169878045
867290.2169878045
867290.2169878045
867290.2169878045
866879.1813748017
866879.1813748017
866879.1813748017
866802.0435838362
866802.0435838362
866802.0435838362
866267.3522777667
866267.3522777667
866267.3522777667
866028.4342335598
866028.4342335598
866028.4342335598
866028.4342335598
866028.4342335598
865455.4797482492
865455.4797482492
865455.4797482492
865455.4797482492
865455.4797482492
864774.1630615755
864774.1630615755
864774.1630615755
864774.1630615755
864774.1630615755
864774.1630615755
864774.1630615755
864774.1630615755
864774.1630615755
864774.1630615755
864774.1630615755
864774.1630615755
864774.1630615755
864774.1630615755
864774.1630615755
864774.1630615755
864774.1630615755
864774.1630615755
864196.822601154
864118.5855260624
864118.5855260624
864118.5855260624
863783.8598242153
863783.8598242153
863783.8598242153
863783.8598242153
863783.8598242153
863783.8598242153
863268.0401175183
863268.0401175183
863268.0401175183
863268.0401175183
863268.0401175183
863268.0401175183
863268.0401175183
863268.0401175183
863268.0401175183
863268.0401175183
863268.0401175183
863268.0401175183
863268.0401175183
863268.0401175183
863268.0401175183
863268.0401175183
863268.0401175183
863268.0401175183
863268.0401175183
863268.0401175183
863036.5966962192
863036.5966962192
863036.5966962192
863036.5966962192
863036.5966962192
863036.5966962192
863036.5966962192
863036.5966962192
862915.9052037223
862688.5085869413
862688.5085869413
862688.5085869413
862688.5085869413
862688.5085869413
862688.5085869413
862688.5085869413
862688.5085869413
862688.5085869413
862688.5085869413
862688.5085869413
862688.5085869413
862688.5085869413
862688.5085869413
862688.5085869413
862688.5085869413
862688.5085869413
862688.5085869413
862688.5085869413
862688.5085869413
862688.5085869413
862688.5085869413
862667.7535694175
862667.7535694175
862667.7535694175
862667.7535694175
862667.7535694175
861899.7593287174
861131.9291622613
861131.9291622613
861131.9291622613
861131.9291622613
861131.9291622613
861131.9291622613
861131.9291622613
861131.9291622613
861131.9291622613
861131.9291622613
861131.9291622613
861131.9291622613
861131.9291622613
861131.9291622613
861131.9291622613
861131.9291622613
861131.9291622613
861131.9291622613
861016.6014770588
861016.6014770588
861016.6014770588
861016.6014770588
861016.6014770588
861016.6014770588
861016.6014770588
861016.6014770588
861016.6014770588
861016.6014770588
861016.6014770588
860875.2964930532
860875.2964930532
860875.2964930532
860581.9479410038
860581.9479410038
860581.9479410038
860420.4123820827
860420.4123820827
860420.4123820827
860420.4123820827
860420.4123820827
860420.4123820827
860420.4123820827
860420.4123820827
860420.4123820827
860420.4123820827
860420.4123820827
860420.4123820827
860420.4123820827
860420.4123820827
860420.4123820827
860420.4123820827
860420.4123820827
860420.4123820827
860420.4123820827
860420.4123820827
860420.4123820827
860207.6786092089
860207.6786092089
860207.6786092089
860207.6786092089
860207.6786092089
860207.6786092089
860207.6786092089
860207.6786092089
860186.7746129528
860186.7746129528
860186.7746129528
860102.0029233687
860049.596763652
860049.596763652
859752.0647192011
859752.0647192011
859752.0647192011
859752.0647192011
859752.0647192011
859752.0647192011
859752.0647192011
859752.0647192011
859752.0647192011
859752.0647192011
859752.0647192011
859752.0647192011
859752.0647192011
859752.0647192011
859752.0647192011
859752.0647192011
859752.0647192011
859752.0647192011
859752.0647192011
859752.0647192011
859752.0647192011
859752.0647192011
859752.0647192011
859752.0647192011
859752.0647192011
859752.0647192011
859752.0647192011
859752.0647192011
859752.0647192011
859752.0647192011
859752.0647192011
859752.0647192011
859752.0647192011
859752.0647192011
859752.0647192011
859752.0647192011
859752.0647192011
859752.0647192011
859752.0647192011
859752.0647192011
859611.4671780176
859611.4671780176
859611.4671780176
859611.4671780176
859611.4671780176
859611.4671780176
859611.4671780176
859611.4671780176
859611.4671780176
859611.4671780176
859611.4671780176
859040.169270063
859040.169270063
859040.169270063
859040.169270063
859040.169270063
859040.169270063
859040.169270063
859040.169270063
859040.169270063
859040.169270063
858441.0022447701
858439.5848924011
858439.5848924011
858439.5848924011
858439.5848924011
858439.5848924011
858439.5848924011
858439.5848924011
858439.5848924011
858439.5848924011
858439.5848924011
858366.4679398453
858366.4679398453
858366.4679398453
858366.4679398453
858366.4679398453
858366.4679398453
858366.4679398453
858366.4679398453
858366.4679398453
858339.7830058236
858339.7830058236
858339.7830058236
858339.7830058236
857984.4215491493
857984.4215491493
857984.4215491493
857933.7811333942
857933.7811333942
857933.7811333942
857933.7811333942
857933.7811333942
857933.7811333942
857933.7811333942
857933.7811333942
857933.7811333942
857933.7811333942
857933.7811333942
857933.7811333942
857933.7811333942
857453.4714142738
857453.4714142738
857453.4714142738
857453.4714142738
857453.4714142738
857453.4714142738
857453.4714142738
857453.4714142738
857453.4714142738
857453.4714142738
857453.4714142738
857453.4714142738
857453.4714142738
857453.4714142738
857453.4714142738
857453.4714142738
857453.4714142738
857453.4714142738
857453.4714142738
857453.4714142738
857453.4714142738
857453.4714142738
857453.4714142738
856874.9749795588
856874.9749795588
856874.9749795588
856874.9749795588
856548.0304972968
856548.0304972968
856548.0304972968
856548.0304972968
856548.0304972968
856548.0304972968
856537.1482600069
856537.1482600069
856537.1482600069
856537.1482600069
856537.1482600069
856537.1482600069
856537.1482600069
856537.1482600069
856537.1482600069
856537.1482600069
856537.1482600069
856537.1482600069
856537.1482600069
856425.216566364
856425.216566364
856425.216566364
856425.216566364
856425.216566364
856369.311985444
856369.311985444
856369.311985444
856369.311985444
855114.0381551606
855114.0381551606
855081.6241280565
855081.6241280565
855081.6241280565
855081.6241280565
855081.6241280565
855081.6241280565
855081.6241280565
855081.6241280565
853953.2564560773
853953.2564560773
853953.2564560773
853953.2564560773
853953.2564560773
853953.2564560773
853953.2564560773
853953.2564560773
853794.1778489228
853794.1778489228
853460.6457650933
853460.6457650933
853460.6457650933
853460.6457650933
853460.6457650933
853460.6457650933
853460.6457650933
853460.6457650933
853460.6457650933
853381.2595470753
853381.2595470753
853381.2595470753
853381.2595470753
853381.2595470753
853381.2595470753
853381.2595470753
853381.2595470753
853381.2595470753
853381.2595470753
853381.2595470753
853381.2595470753
853381.2595470753
853381.2595470753
853381.2595470753
853381.2595470753
853381.2595470753
853381.2595470753
853381.2595470753
853381.2595470753
853381.2595470753
853381.2595470753
853381.2595470753
853038.7323906411
853038.7323906411
852728.0250782557
852728.0250782557
852728.0250782557
852728.0250782557
852728.0250782557
852728.0250782557
852728.0250782557
852728.0250782557
852728.0250782557
852728.0250782557
852652.0545330942
852652.0545330942
851953.795019826
851953.795019826
851072.2557202243
851072.2557202243
851072.2557202243
851072.2557202243
851049.2826022075
851049.2826022075
851049.2826022075
851049.2826022075
851049.2826022075
851049.2826022075
851049.2826022075
851049.2826022075
851049.2826022075
851049.2826022075
850911.6908445933
850911.6908445933
850911.6908445933
850911.6908445933
850911.6908445933
850911.6908445933
850911.6908445933
850911.6908445933
850911.6908445933
850897.0563206815
850897.0563206815
850897.0563206815
850737.5263285711
850737.5263285711
850737.5263285711
850614.7116131298
850614.7116131298
850614.7116131298
850614.7116131298
849990.273686457
849990.273686457
849990.273686457
849990.273686457
849990.273686457
849990.273686457
849990.273686457
849990.273686457
849990.273686457
849990.273686457
849990.273686457
849990.273686457
849990.273686457
849990.273686457
849990.273686457
849990.273686457
849990.273686457
849731.6709102972
849645.2678373924
849645.2678373924
849645.2678373924
849645.2678373924
849519.9471148073
849519.9471148073
849519.9471148073
849519.9471148073
849519.9471148073
849519.9471148073
849519.9471148073
849519.9471148073
849401.7877181821
849054.2725808665
849054.2725808665
848854.5016402532
848806.0187860375
848806.0187860375
848806.0187860375
848806.0187860375
848806.0187860375
848806.0187860375
848806.0187860375
848806.0187860375
848806.0187860375
848806.0187860375
848806.0187860375
848806.0187860375
848806.0187860375
848806.0187860375
848806.0187860375
848806.0187860375
848806.0187860375
848806.0187860375
848806.0187860375
848806.0187860375
848806.0187860375
848806.0187860375
848806.0187860375
848806.0187860375
848806.0187860375
848806.0187860375
848806.0187860375
848806.0187860375
848763.2017734476
848763.2017734476
848763.2017734476
848763.2017734476
848763.2017734476
848763.2017734476
848763.2017734476
848763.2017734476
848763.2017734476
848763.2017734476
848763.2017734476
848763.2017734476
848763.2017734476
848763.2017734476
848731.5652470614
848166.2427754477
848166.2427754477
848166.2427754477
847366.7504229561
847250.3479670067
847250.3479670067
847148.9039677377
847148.9039677377
846956.9749620438
846956.9749620438
846956.9749620438
846956.9749620438
846956.9749620438
846956.9749620438
846956.9749620438
846956.9749620438
846798.3633366058
846798.3633366058
846798.3633366058
846798.3633366058
846798.3633366058
846798.3633366058
846554.6237707846
846491.0777377975
846491.0777377975
846491.0777377975
846491.0777377975
846491.0777377975
846491.0777377975
846491.0777377975
846491.0777377975
846407.0898413016
846407.0898413016
846407.0898413016
846407.0898413016
846407.0898413016
846407.0898413016
846407.0898413016
846407.0898413016
846407.0898413016
846407.0898413016
846407.0898413016
846407.0898413016
846407.0898413016
846407.0898413016
846407.0898413016
846407.0898413016
846407.0898413016
846407.0898413016
846407.0898413016
846407.0898413016
846407.0898413016
846341.7132607556
846341.7132607556
846341.7132607556
846341.7132607556
846341.7132607556
846341.7132607556
846341.7132607556
846341.7132607556
846341.7132607556
846341.7132607556
846341.7132607556
846341.7132607556
846341.7132607556
846341.7132607556
846341.7132607556
846341.7132607556
846341.7132607556
846341.7132607556
846341.7132607556
846341.7132607556
846341.7132607556
846225.07760048
846225.07760048
846225.07760048
846112.4494907856
846112.4494907856
846112.4494907856
846112.4494907856
846112.4494907856
846112.4494907856
846112.4494907856
846112.4494907856
846112.4494907856
846112.4494907856
846112.4494907856
846112.4494907856
846112.4494907856
845992.3915442126
845992.3915442126
845992.3915442126
845769.8347948819
845769.8347948819
845769.8347948819
845769.8347948819
845769.8347948819
845769.8347948819
845769.8347948819
845769.8347948819
845769.8347948819
845769.8347948819
845769.8347948819
845579.5260623151
845579.5260623151
845579.5260623151
844857.9533768226
844857.9533768226
844857.9533768226
844722.3077581938
844722.3077581938
844722.3077581938
844722.3077581938
844722.3077581938
844722.3077581938
844722.3077581938
844722.3077581938
844722.3077581938
844722.3077581938
844722.3077581938
844722.3077581938
844722.3077581938
844604.5663910678
844604.5663910678
844604.5663910678
844604.5663910678
844583.4966962272
844583.4966962272
844583.4966962272
844583.4966962272
844583.4966962272
844583.4966962272
844583.4966962272
844583.4966962272
844583.4966962272
844583.4966962272
844583.4966962272
844583.4966962272
844583.4966962272
844583.4966962272
844583.4966962272
844583.4966962272
844583.4966962272
844583.4966962272
844583.4966962272
844224.7888311237
844224.7888311237
844224.7888311237
844224.7888311237
844224.7888311237
844224.7888311237
844224.7888311237
844224.7888311237
844224.7888311237
844224.7888311237
844224.7888311237
844224.7888311237
844224.7888311237
844224.7888311237
844224.7888311237
844224.7888311237
844224.7888311237
844224.7888311237
843790.0619151264
843790.0619151264
843790.0619151264
843790.0619151264
843790.0619151264
843624.7970292136
843624.7970292136
843624.7970292136
843624.7970292136
843624.7970292136
843624.7970292136
843624.7970292136
843624.7970292136
843624.7970292136
843624.7970292136
843624.7970292136
843624.7970292136
843232.0374413845
843232.0374413845
843232.0374413845
843232.0374413845
843232.0374413845
843232.0374413845
843232.0374413845
843232.0374413845
843232.0374413845
843232.0374413845
843232.0374413845
843232.0374413845
843232.0374413845
843232.0374413845
843232.0374413845
843232.0374413845
843232.0374413845
843232.0374413845
843232.0374413845
843232.0374413845
843232.0374413845
843073.7727622122
843073.7727622122
843073.7727622122
843073.7727622122
843073.7727622122
843073.7727622122
843073.7727622122
843073.7727622122
843073.7727622122
843073.7727622122
843073.7727622122
843073.7727622122
843073.7727622122
843073.7727622122
843073.7727622122
843073.7727622122
843073.7727622122
843073.7727622122
843073.7727622122
843073.7727622122
843073.7727622122
843004.6874717234
843004.6874717234
843004.6874717234
843004.6874717234
842870.646844411
842814.5409935126
842814.5409935126
842814.5409935126
842814.5409935126
842814.5409935126
842814.5409935126
842814.5409935126
842814.5409935126
842814.5409935126
842814.5409935126
842814.5409935126
842814.5409935126
842814.5409935126
842814.5409935126
842814.5409935126
842744.4300446572
842744.4300446572
842744.4300446572
842662.9665519657
842662.9665519657
842662.9665519657
842662.9665519657
842662.9665519657
842662.9665519657
842662.9665519657
842662.9665519657
842662.9665519657
842662.9665519657
842662.9665519657
842662.9665519657
842662.9665519657
842478.7593053228
842478.7593053228
842478.7593053228
842478.7593053228
842478.7593053228
842478.7593053228
842478.7593053228
842478.7593053228
842478.7593053228
842280.5560789537
842280.5560789537
842280.5560789537
842280.5560789537
842280.5560789537
842280.5560789537
842280.5560789537
842280.5560789537
842280.5560789537
842280.5560789537
842280.5560789537
842280.5560789537
841083.046736588
841083.046736588
841083.046736588
841083.046736588
841083.046736588
841083.046736588
841083.046736588
841083.046736588
841083.046736588
841083.046736588
841083.046736588
841083.046736588
841083.046736588
841083.046736588
841083.046736588
841083.046736588
841083.046736588
841083.046736588
840851.7178228314
840851.7178228314
840851.7178228314
840851.7178228314
840667.4685581492
840667.4685581492
840667.4685581492
840652.1896006037
840652.1896006037
840652.1896006037
840652.1896006037
840652.1896006037
840502.6855080251
840502.6855080251
839895.9059264893
839895.9059264893
839895.9059264893
839895.9059264893
839895.9059264893
839895.9059264893
839895.9059264893
839895.9059264893
839756.2508968872
839756.2508968872
839756.2508968872
839562.3502975785
839562.3502975785
839562.3502975785
839562.3502975785
839562.3502975785
839562.3502975785
839562.3502975785
839562.3502975785
839562.3502975785
839562.3502975785
839562.3502975785
839562.3502975785
839562.3502975785
839562.3502975785
839562.3502975785
839562.3502975785
839562.3502975785
839562.3502975785
839562.3502975785
839562.3502975785
839562.3502975785
839562.3502975785
839562.3502975785
839562.3502975785
839562.3502975785
839084.2874682422
839084.2874682422
839084.2874682422
839084.2874682422
839084.2874682422
839084.2874682422
839084.2874682422
839084.2874682422
839084.2874682422
839084.2874682422
839084.2874682422
839084.2874682422
839084.2874682422
839084.2874682422
839084.2874682422
839084.2874682422
839084.2874682422
839084.2874682422
839084.2874682422
839084.2874682422
839084.2874682422
839084.2874682422
839076.5225022612
839076.5225022612
839076.5225022612
838906.9508479274
838906.9508479274
838906.9508479274
838906.9508479274
838906.9508479274
838906.9508479274
838906.9508479274
838906.9508479274
838906.9508479274
838906.9508479274
838906.9508479274
838906.9508479274
838906.9508479274
838906.9508479274
838906.9508479274
838906.9508479274
838906.9508479274
838906.9508479274
838906.9508479274
838906.9508479274
838906.9508479274
838906.9508479274
838906.9508479274
838906.9508479274
838906.9508479274
838838.285330459
838838.285330459
838838.285330459
838838.285330459
838838.285330459
838838.285330459
838838.285330459
838597.8723178073
838597.8723178073
838597.8723178073
838597.8723178073
838597.8723178073
838597.8723178073
838597.8723178073
838597.8723178073
838597.8723178073
838597.8723178073
838597.8723178073
838597.8723178073
838597.8723178073
838597.8723178073
838597.8723178073
838504.1514956139
838464.4897493199
838464.4897493199
838464.4897493199
838464.4897493199
838464.4897493199
838464.4897493199
838464.4897493199
838464.4897493199
838464.4897493199
838464.4897493199
838464.4897493199
838464.4897493199
838464.4897493199
838464.4897493199
838464.4897493199
838464.4897493199
838464.4897493199
838464.4897493199
838464.4897493199
838464.4897493199
838321.5216323773
838321.5216323773
838321.5216323773
838315.6099359521
838315.6099359521
838315.6099359521
838315.6099359521
838315.6099359521
838315.6099359521
838312.6737609154
838312.6737609154
838312.6737609154
838312.6737609154
838312.6737609154
838312.6737609154
838312.6737609154
838312.6737609154
838312.6737609154
838058.8413012947
838058.8413012947
837966.7706511212
837903.6852394335
837903.6852394335
837903.6852394335
837903.6852394335
837903.6852394335
837903.6852394335
837903.6852394335
837903.6852394335
837903.6852394335
837903.6852394335
837903.6852394335
837903.6852394335
837365.4587051962
837365.4587051962
837365.4587051962
837365.4587051962
837365.4587051962
837365.4587051962
837365.4587051962
837365.4587051962
837365.4587051962
837365.4587051962
837365.4587051962
837365.4587051962
837365.4587051962
837365.4587051962
837080.6148445589
837080.6148445589
837080.6148445589
837080.6148445589
837080.6148445589
837080.6148445589
837080.6148445589
837080.6148445589
837080.6148445589
837080.6148445589
837080.6148445589
837080.6148445589
837080.6148445589
837080.6148445589
837080.6148445589
837080.6148445589
837080.6148445589
837080.6148445589
837080.6148445589
836495.2528557857
836495.2528557857
836495.2528557857
836495.2528557857
836495.2528557857
836495.2528557857
836495.2528557857
836495.2528557857
836495.2528557857
836495.2528557857
835742.3963640807
835742.3963640807
835742.3963640807
835742.3963640807
835742.3963640807
835742.3963640807
835742.3963640807
835742.3963640807
835742.3963640807
835742.3963640807
835742.3963640807
835742.3963640807
835742.3963640807
835742.3963640807
835698.1522107763
835698.1522107763
835698.1522107763
835698.1522107763
835698.1522107763
835183.520109765
835183.520109765
835183.520109765
835183.520109765
835183.520109765
835183.520109765
835183.520109765
835183.520109765
835183.520109765
835183.520109765
835183.520109765
835183.520109765
835183.520109765
835183.520109765
835096.8355803096
835096.8355803096
835096.8355803096
835096.8355803096
835096.8355803096
835015.0943299112
835015.0943299112
835015.0943299112
835015.0943299112
835015.0943299112
835015.0943299112
834986.5265209374
834986.5265209374
834986.5265209374
834986.5265209374
834986.5265209374
834986.5265209374
834986.5265209374
834986.5265209374
834987.0522339795
834987.0522339795
834987.0522339795
834855.141704888
834161.3247134505
834161.3247134505
834161.3247134505
834161.3247134505
834161.3247134505
834161.3247134505
834161.3247134505
834161.3247134505
834161.3247134505
834161.3247134505
834161.3247134505
834161.3247134505
834161.3247134505
833749.6621643734
833749.6621643734
833749.6621643734
833749.6621643734
833749.6621643734
833749.6621643734
833749.6621643734
833749.6621643734
833749.6621643734
833749.6621643734
833749.6621643734
833749.6621643734
833749.6621643734
833749.6621643734
833749.6621643734
833749.6621643734
833749.6621643734
833749.6621643734
833219.8473165241
833219.8473165241
833193.0485603032
833193.0485603032
833193.0485603032
833193.0485603032
833193.0485603032
833193.0485603032
833193.0485603032
833193.0485603032
832800.2778740916
832800.2778740916
832800.2778740916
832800.2778740916
832800.2778740916
832800.2778740916
832800.2778740916
832800.2778740916
832800.2778740916
832800.2778740916
832135.8692881304
832135.8692881304
832096.1583731112
832096.1583731112
832096.1583731112
832096.1583731112
832096.1583731112
832096.1583731112
832096.1583731112
832096.1583731112
832096.1583731112
832096.1583731112
832096.1583731112
832096.1583731112
832096.1583731112
832096.1583731112
832096.1583731112
832096.1583731112
832096.1583731112
832096.1583731112
832096.1583731112
832096.1583731112
832096.1583731112
832096.1583731112
832096.1583731112
832096.1583731112
832096.1583731112
832096.1583731112
832096.1583731112
832096.1583731112
832096.1583731112
832096.1583731112
832096.1583731112
831892.0880463773
831758.0323209319
831758.0323209319
831758.0323209319
831758.0323209319
831758.0323209319
831758.0323209319
831758.0323209319
831758.0323209319
831758.0323209319
831758.0323209319
831758.0323209319
831758.0323209319
831758.0323209319
831758.0323209319
831758.0323209319
831758.0323209319
831758.0323209319
831758.0323209319
831758.0323209319
831758.0323209319
831758.0323209319
831758.0323209319
831758.0323209319
831758.0323209319
831758.0323209319
831758.0323209319
831758.0323209319
831758.0323209319
831758.0323209319
831758.0323209319
831758.0323209319
831758.0323209319
831758.0323209319
831758.0323209319
831758.0323209319
831758.0323209319
831758.0323209319
831758.0323209319
831758.0323209319
831758.0323209319
831758.0323209319
831758.0323209319
831758.0323209319
831758.0323209319
831758.0323209319
831758.0323209319
831758.0323209319
831758.0323209319
831758.0323209319
831758.0323209319
831758.0323209319
