4453724.960103604
4346907.608113581
4244083.374843446
4154878.6905027335
4048935.963166274
3974005.1189004253
3888895.3607633743
3807144.0803404655
3732039.589497965
3665429.0038010622
3602193.6552906423
3544991.564865717
3483183.792270736
3429738.8789623636
3378941.587499002
3319150.7270324556
3262371.20091899
3214985.2064498398
3165421.2586937943
3130895.373846436
3104538.4067253717
3078596.759654551
3045335.017684881
3001184.9646150386
2976068.767979675
2938236.4469940346
2906900.3058295143
2889660.8418579604
2860359.6936435513
2827776.2487146757
2796526.187717652
2769860.5106740594
2749676.5703803324
2725781.859985139
2699408.3209209964
2673133.715970404
2652976.74638077
2633163.379417575
2604540.046345276
2583708.4919614894
2561260.7986357585
2545576.5472308667
2521541.7698177304
2510299.1296008527
2488770.4068029826
2460278.070952258
2430390.9360897494
2416213.1260253387
2403921.339619943
2386017.8351150285
2376302.9678274477
2356547.722418745
2335653.228108259
2317022.401149722
2306373.2375767482
2291036.0357257356
2279885.1491811844
2261300.3769639744
2249545.325054736
2238984.124976134
2230912.0842977855
2211442.5649251663
2196944.1179316
2179391.657804279
2169525.617809522
2158939.54448463
2150632.9549403843
2139875.9026476936
2129509.0921538523
2118861.7832520762
2109605.9213979156
2096856.3836228275
2087831.8244066527
2082519.4307056172
2072965.717108287
2066729.64084853
2058267.4979949459
2048191.7839718193
2039839.9451249037
2031070.9206283728
2028658.3234889563
2017694.1163651992
2014458.1263871687
2008388.2559262458
2000457.4169754384
1993171.336088178
1989206.8582512443
1981974.3591737659
1967045.913492562
1958013.7149011474
1952299.3633030506
1947119.26152012
1940190.6690560635
1935342.7465594981
1931301.2677603464
1928536.7588320794
1922650.8743716553
1912305.4386524598
1907057.0809434692
1901349.2892908063
1894413.6085701243
1882690.820079114
1880033.9954471975
1877267.1443078683
1868650.7875851665
1864023.4314044109
1855147.6046052608
1853014.8275831616
1846210.6893710515
1840530.534108668
1829723.6354554594
1826289.2276556874
1818725.9147134717
1814659.2756887714
1812051.714388446
1807682.1699804673
1802039.607108567
1798640.7925505592
1794273.055196343
1793412.1657147899
1791075.6437774566
1788414.0459062168
1785571.3658520104
1783937.8563043987
1780087.3393886779
1778684.1941015078
1775456.1627151875
1771641.3048630082
1764714.875058028
1761695.9846966248
1753554.3570550461
1749503.3485496612
1746700.4320984546
1743457.668206382
1739598.6472237387
1735715.3128906193
1735314.2818718983
1730829.5291173125
1727865.3475939555
1726627.7843525833
1725338.1176526782
1720782.8458302766
1716861.776454496
1713325.7243852164
1708820.5601836538
1704670.6733332372
1697469.9183049179
1696044.4387044858
1692725.3749533508
1688973.9754717546
1687731.7931267591
1684121.1846828964
1678810.5185120376
1675930.9791745818
1674484.941452072
1671012.4727451205
1666377.6325468826
1661009.0199324982
1659603.435369289
1654535.8166803229
1651341.9824005712
1649188.898017144
1647154.3722169646
1646939.0451039812
1641775.830449509
1634704.1589673064
1634385.8487348629
1629604.495623369
1625249.2364953547
1623664.825594624
1623521.6387162143
1620173.4310700125
1619472.814376926
1616929.1379403607
1616361.2628695152
1612044.78645586
1610808.8652217677
1610308.567059516
1606639.7083339896
1605173.0298742133
1603203.4154325454
1599214.8767969662
1595233.135170139
1591517.0058203768
1590535.9427174157
1590261.527801368
1587850.1170660753
1586324.0818399778
1585116.6744618332
1584288.391259121
1583798.586669246
1580182.8721550244
1576679.4463469344
1575050.0681623681
1573624.946610047
1571168.5042139338
1570202.5578839576
1568964.8946922226
1567626.8954473888
1566296.988277336
1563082.7580546313
1562262.5006744333
1560980.2804028734
1557062.9845627178
1553090.082019959
1551053.2868949422
1547435.5549630658
1545082.773102385
1540755.1168485514
1539877.6374999888
1537765.2105040043
1537179.480110885
1536357.8719365515
1533347.0832402275
1530741.451404587
1530149.1202364662
1526077.940810137
1525763.1567308551
1524942.0228845326
1522042.789538146
1520244.809962004
1519685.4856453124
1518347.370416776
1517294.6112249396
1511738.1294021877
1509651.861373932
1507606.0321424638
1507043.435299152
1506209.708816005
1503358.3192747699
1501951.5807230396
1498642.4024146078
1498642.4024146078
1497316.982049286
1496457.1187173044
1495436.389772696
1494914.2131838733
1494647.2943567592
1494647.2943567592
1492980.7180606453
1488871.6797678105
1487712.8992534522
1486840.7591709648
1486103.0365588856
1483829.8875199396
1480919.0589098735
1478687.0653601063
1475424.0881603784
1474579.060714407
1473327.3677180852
1471782.6654290012
1469916.0546698645
1467812.1941518157
1466089.8233079624
1465312.8567902674
1464007.56513158
1464007.56513158
1463594.8315099303
1462202.02339414
1460531.7148247324
1458160.4957095443
1458138.5188277687
1457949.1974684834
1457095.583536446
1456889.09333003
1456300.734317327
1454010.724014978
1451848.744012182
1450461.574643233
1450289.7886398698
1448720.1837518334
1446530.2680627685
1446243.0811551432
1444968.9702272546
1444061.3599233022
1442470.6302460884
1442470.6302460884
1442110.6547253951
1440334.613154664
1439496.1142571133
1438998.0175372497
1438956.0872245706
1437831.665038936
1437323.8951747613
1435013.8589501102
1433108.2285021457
1432409.0127216175
1432409.0127216175
1430909.42667495
1430219.5069856741
1429262.870969023
1427301.07414812
1424436.0964660447
1424102.6031039173
1420067.912727299
1419404.092782879
1419304.0819883463
1418664.7969117507
1418664.7969117507
1417719.110028667
1414498.2358716452
1413779.8305088584
1413288.421609215
1410573.3679327853
1406765.4822376468
1406330.2645653456
1403357.386962188
1402269.7852971938
1402104.1390316968
1401068.5892436916
1398405.188795688
1396420.0784690175
1395635.2723015207
1395044.9014439455
1395044.9014439455
1394045.9518030053
1392291.3519872222
1391576.4443892734
1390379.6685769786
1389657.4604376636
1387504.7214855826
1387021.080862393
1386404.438281564
1386272.265711544
1384550.699679111
1381990.068176685
1380341.2524863076
1380341.2524863076
1379209.509045991
1378655.65728009
1377862.2006587265
1377678.9696283974
1376700.512887049
1376332.0016494188
1374620.6139833922
1373003.2399204622
1372375.5897055569
1370066.527563896
1369623.2921256449
1369181.1917525022
1368977.871613448
1366540.354811653
1365716.581389402
1364868.6753848493
1363693.3548205364
1363137.781481647
1363049.3484210635
1362899.4082400391
1362899.4082400391
1359881.5074776663
1357796.4080226226
1357010.9174776352
1356096.554085074
1355503.0241775764
1353607.6950299249
1353341.130353892
1353178.1830305532
1352480.635477316
1351388.1985399714
1350821.6743765515
1349446.7304094965
1347284.5679304814
1345948.5218161126
1345129.506518763
1344805.351552294
1344136.8399569048
1344070.2664848128
1343091.5720144692
1341911.8204113618
1340876.766954678
1340876.766954678
1339975.8657193054
1338778.382739638
1336007.4209485846
1335302.4926742841
1334252.0267061195
1332274.8053285528
1331386.2101734628
1330578.9758939317
1330096.1818174608
1329945.4485705758
1328288.2763374099
1328019.008239426
1328019.008239426
1326778.1540927426
1326757.9114135257
1326757.9114135257
1323842.5990721418
1321481.3803425815
1321429.408249285
1320581.827225696
1320260.8643024822
1320260.8643024822
1317688.6356966223
1316979.1295054688
1316155.2851971595
1314678.8966274094
1314392.0666439156
1314368.7562593604
1313594.5354428403
1312533.5525015434
1311513.4670665092
1311042.0238548934
1311031.4638443417
1310537.8108801066
1307688.8927763463
1307688.8927763463
1307567.72885173
1307512.1982168183
1307512.1982168183
1307230.6533545055
1306910.9131489801
1306910.9131489801
1306648.7439423988
1306160.5842847573
1306160.5842847573
1305437.4555128892
1304933.577880955
1303356.20356505
1303262.614263983
1302948.7377147572
1301338.2229455416
1301251.6471201344
1300260.2845663172
1297863.8064289705
1296911.558651103
1296911.558651103
1296911.558651103
1296037.0597498121
1295988.6472855962
1295856.7947181915
1295856.7947181915
1295260.8083740156
1294131.6990329565
1293407.82775666
1293282.457703217
1293217.6415452107
1291909.293483101
1291675.2647361527
1291159.7525037397
1290906.4352934249
1290406.726272832
1290222.205370024
1289619.5484552844
1287652.2736355579
1286633.9899187083
1286240.5985478251
1286240.5985478251
1286110.190498176
1284985.0423563274
1284432.3172281315
1284257.129561056
1284257.129561056
1283434.9809045324
1282674.7357804193
1282088.615447184
1279895.683520943
1278182.6982998063
1276862.7823606967
1276327.9711014943
1275913.1851063645
1274224.5368550569
1274224.5368550569
1273683.1921826352
1273424.8582919603
1272798.7733286466
1272182.3787718567
1270757.6707989927
1270112.2725563408
1269838.4367785298
1267535.3445821549
1267146.8566351444
1266960.8034779434
1266960.8034779434
1266695.5097424253
1265678.5096957637
1264962.1277078413
1264528.6984386034
1263342.311532042
1263218.1183257545
1262127.0007215876
1260092.329170589
1260092.329170589
1260087.6942900117
1259310.3074430157
1258109.871519938
1255713.685849363
1255713.685849363
1255120.5552954944
1255120.5552954944
1255085.5290936138
1255085.5290936138
1253818.9177108277
1253275.2996639726
1252701.4315523626
1252701.4315523626
1252684.5441659954
1252565.6939264927
1251453.842308899
1250791.5873561455
1250074.5467814605
1250074.5467814605
1250074.5467814605
1250074.5467814605
1248180.4642519257
1248180.4642519257
1248180.4642519257
1247955.6561729484
1245109.3104405294
1244163.5501850157
1244163.5501850157
1243211.0119430467
1243211.0119430467
1241776.8475457188
1241524.7042842517
1241524.7042842517
1240943.2632441614
1240912.721729174
1240362.2717034367
1239239.4409052746
1238830.484071066
1238830.484071066
1238313.0927051422
1237968.6321831835
1237968.6321831835
1237968.6321831835
1237659.345988353
1237449.1520434641
1237399.0975726051
1237176.1880307312
1235599.9764404744
1234845.6096855002
1234487.6081958604
1234487.6081958604
1234487.6081958604
1234223.6686075977
1233972.380377929
1233390.166819218
1233282.4485715567
1233006.01680229
1233006.01680229
1233006.01680229
1231852.4208537324
1231450.131969608
1229860.6420935763
1229860.6420935763
1229860.6420935763
1229773.077638518
1229337.8468616623
1229188.9138510732
1226046.4954701841
1225450.7426583068
1225450.7426583068
1225450.7426583068
1225361.3009906665
1224982.1665091687
1223970.9155471374
1223815.6447666502
1223397.775109747
1222584.661987715
1221359.2993480535
1221359.2993480535
1221065.1976214321
1219289.7725896945
1219075.6569011782
1217823.11657113
1217823.11657113
1217823.11657113
1216682.7284894662
1214791.3318281667
1214284.5714691053
1214054.4204414948
1214054.4204414948
1213487.793949427
1212184.4702597265
1212184.4702597265
1211216.0236334305
1210715.9391852303
1209285.1675658498
1209285.1675658498
1208731.6580561819
1208637.3486974903
1207491.433146603
1207491.433146603
1207325.186642422
1207325.186642422
1205515.8928847553
1205515.8928847553
1205515.8928847553
1205515.8928847553
1205515.8928847553
1205153.4540167055
1204809.3285187082
1204809.3285187082
1204457.526369882
1204457.526369882
1204039.8115829017
1201702.0486257337
1200709.5812661562
1200709.5812661562
1200330.254956314
1200330.254956314
1198396.1863612877
1198085.0560991676
1198085.0560991676
1198009.2631778535
1198009.2631778535
1197868.747022484
1197057.7150374441
1196828.9117810943
1196828.9117810943
1196828.9117810943
1196484.2528410605
1196484.2528410605
1195849.9238702795
1195286.6971469522
1194387.1556078948
1194156.5874081326
1193691.1039376564
1193691.1039376564
1193689.6752154678
1193528.5740649167
1192776.4619018224
1192750.6678301403
1191523.9926073193
1191310.5094186526
1190392.1661099752
1190015.9770920577
1190015.9770920577
1190015.9770920577
1189697.5900477283
1188821.7762722315
1188574.4580989631
1187690.2040739604
1187690.2040739604
1187251.9481614353
1187079.285608733
1185951.3601509682
1185603.092763782
1184933.1374312956
1184141.7673165808
1183632.3197020572
1182021.8062636126
1181729.3132737675
1181687.3516106354
1181409.5009854212
1181332.190923262
1180983.4425694784
1180247.9389886088
1180141.519447804
1180141.519447804
1180141.519447804
1180141.519447804
1179730.8939006277
1179596.2348540802
1179596.2348540802
1179001.1121757831
1179001.1121757831
1178784.7308159932
1178784.7308159932
1178060.8849534732
1178060.8849534732
1177407.8249786107
1176705.0684441149
1174962.6564707556
1174962.6564707556
1174953.07642017
1174862.4371582787
1174333.289097019
1173618.9600480322
1173618.9600480322
1173192.1943022818
1173142.311673337
1173142.311673337
1172982.629376991
1171658.73368743
1171554.3908690591
1171554.3908690591
1170826.7201088918
1170826.7201088918
1170737.179844106
1170477.2522938938
1170277.1910625375
1168654.5096517242
1168564.7855531767
1167394.127524226
1167394.127524226
1167269.2150648641
1167269.2150648641
1166838.627324159
1166838.627324159
1166838.627324159
1166838.627324159
1166205.2225326896
1166167.277579544
1165771.737436123
1165771.737436123
1165116.123513392
1165116.123513392
1164326.0206395958
1164142.6319938176
1162974.0682322488
1162493.4108405972
1161723.9462443483
1161597.0927418144
1161597.0927418144
1161597.0927418144
1160204.719134714
1160204.719134714
1159926.9786432516
1159690.4664440327
1158496.6546183287
1158496.6546183287
1158496.6546183287
1158496.6546183287
1158225.2400684839
1158225.2400684839
1158225.2400684839
1158225.2400684839
1158147.4364798265
1158147.4364798265
1157541.0001772062
1157541.0001772062
1157541.0001772062
1157008.9717814364
1157008.9717814364
1157008.9717814364
1157008.9717814364
1156652.0657036784
1156247.6773665282
1155995.8570996597
1155604.853865434
1155470.4093191288
1154888.9670823175
1154888.9670823175
1153634.224084046
1153229.2961501635
1153229.2961501635
1152340.9506222869
1152340.9506222869
1151007.304049993
1151007.304049993
1150123.4453272636
1149006.213986967
1145512.4335593227
1145512.4335593227
1145000.4960050762
1145000.4960050762
1145000.4960050762
1144712.0830713517
1143637.0003753027
1143637.0003753027
1143214.109605956
1142636.8812034125
1142018.2640632498
1141770.0482189169
1140877.1034426077
1140877.1034426077
1140634.9187006606
1140634.9187006606
1137074.6948972018
1137074.6948972018
1136622.0498130072
1136479.6110215075
1136046.7282067868
1136046.7282067868
1136046.7282067868
1135473.1446290454
1135473.1446290454
1134828.3108755888
1134745.720546765
1134467.9155962416
1134456.6032062084
1133071.987063464
1132535.9142154544
1132535.9142154544
1132343.376080905
1132343.376080905
1132012.0950069518
1131721.7610599867
1130953.926367438
1130495.5162434322
1130490.4669788028
1130490.4669788028
1130490.4669788028
1128354.512856855
1128247.0570211583
1128247.0570211583
1128247.0570211583
1127229.095018111
1127131.2652628748
1126852.2331108525
1126397.495887218
1125630.1877301042
1125475.3916653558
1125300.8473083884
1124970.3339625346
1124460.9719941923
1124138.8105464592
1123801.7185168401
1123003.4686417007
1123003.4686417007
1122100.8789221
1121496.8063863176
1121407.12099559
1121407.12099559
1121407.12099559
1121407.12099559
1121407.12099559
1121399.8462800372
1121030.2583908534
1121015.0045159897
1120895.8372307266
1120552.2294007898
1119127.5483686826
1118753.3722281395
1118386.6177263395
1118386.6177263395
1118386.6177263395
1118182.7936224192
1118182.7936224192
1117918.9360579816
1117196.6838879813
1117196.6838879813
1117045.8378818429
1116852.9942729115
1116622.0884839273
1116622.0884839273
1116592.002124018
1115869.0980821743
1115869.0980821743
1115266.1389224094
1115203.96117716
1115203.96117716
1115203.96117716
1114973.0737902513
1113625.8883694424
1112762.5117834415
1112468.9548729924
1110708.693173915
1110708.693173915
1110708.693173915
1110708.693173915
1110436.7488997641
1110039.9101990005
1109055.0951523194
1109026.6049461016
1109026.6049461016
1109026.6049461016
1109026.6049461016
1108926.9107371652
1108917.9541958852
1108917.9541958852
1108242.50713221
1108242.50713221
1108242.50713221
1108242.50713221
1107164.846947153
1107164.846947153
1107103.5241541523
1107103.5241541523
1107103.5241541523
1106780.1309868912
1106780.1309868912
1106659.3364817924
1105739.2202501148
1105084.5681765112
1104669.38858739
1104544.9080042434
1104178.4974096583
1103931.7426155629
1103931.7426155629
1103931.7426155629
1103799.3690468732
1103609.2604162043
1103302.2551817656
1101969.6475594258
1101350.1354705538
1101350.1354705538
1100144.4053883597
1100144.4053883597
1100144.4053883597
1100144.4053883597
1100144.4053883597
1099389.1929152436
1099389.1929152436
1099038.2818750925
1099038.2818750925
1099038.2818750925
1099038.2818750925
1099038.2818750925
1098940.6930897313
1098940.6930897313
1098153.2166029108
1098038.5578120986
1097837.631339916
1097837.631339916
1097624.2136262478
1097624.2136262478
1096685.8394609278
1096685.354388799
1096685.354388799
1096685.354388799
1096228.9431388187
1096228.9431388187
1096228.9431388187
1096228.9431388187
1096228.9431388187
1096188.7485792884
1095788.602292038
1095394.3313465058
1095394.3313465058
1095394.3313465058
1095394.3313465058
1094619.1385092963
1094593.2205741922
1094089.2394115727
1094089.2394115727
1094089.2394115727
1093481.9328566575
1093059.9724504538
1092756.521609716
1092331.7008913776
1092331.7008913776
1091787.6109506665
1091787.6109506665
1091787.6109506665
1091123.7051052174
1091123.7051052174
1090356.8989958921
1089564.2555972945
1089356.7034956394
1089356.7034956394
1088817.545795605
1088697.2831539887
1087956.419927994
1087288.2385858204
1087288.2385858204
1087288.2385858204
1087165.4880799307
1087003.7098650073
1087003.7098650073
1086872.6140520615
1085716.5405643617
1085065.964280599
1085065.964280599
1084975.176537008
1084468.9146768935
1084404.8146250637
1082541.4227290896
1082541.4227290896
1082477.9460987835
1082477.956258359
1082477.956258359
1082477.956258359
1082384.3087590158
1082184.9096587705
1082184.9096587705
1081636.1160407916
1081636.1160407916
1080464.1403810903
1080445.8935097186
1080445.8935097186
1080445.8935097186
1080370.443531233
1080370.443531233
1080370.443531233
1080370.443531233
1079587.7038276559
1079587.7038276559
1079587.7038276559
1079515.6322362279
1079515.6322362279
1078796.1566049713
1078271.2536413085
1078101.7781516027
1078101.7781516027
1076633.3250828027
1076017.9381317259
1076017.9381317259
1076017.9381317259
1076017.9381317259
1076017.9381317259
1075861.3890828039
1075353.3643919243
1074298.9975963028
1074298.9975963028
1073488.068375804
1073230.1557823764
1072478.155146995
1072008.5518222372
1072008.5518222372
1072003.4644574272
1072003.4644574272
1071995.9708934408
1071385.701680198
1071385.701680198
1071385.701680198
1070373.8768827203
1069393.3952494925
1069393.3952494925
1069393.3952494925
1069393.3952494925
1069393.3952494925
1069393.3952494925
1069020.2043802673
1068235.5541137126
1068235.5541137126
1067834.0108210081
1067779.37351538
1065964.6013730448
1065964.6013730448
1065964.6013730448
1065964.6013730448
1065964.6013730448
1065583.033498914
1065583.033498914
1065583.033498914
1065583.033498914
1065583.033498914
1064700.4940180138
1064700.4940180138
1064510.8138859058
1064510.8138859058
1064510.8138859058
1064384.1926579513
1064298.4827942736
1063970.1298455698
1062518.4978950275
1062168.162446808
1062168.162446808
1062168.162446808
1062056.8179717443
1062056.8179717443
1062056.8179717443
1062056.8179717443
1062056.8179717443
1060242.878861957
1059910.8890223328
1059803.0760715478
1059803.0760715478
1059759.102568096
1058535.0455444846
1058321.6062544917
1058043.529653993
1058043.529653993
1057925.9542283895
1057855.5689078532
1057855.5689078532
1057855.5689078532
1057855.5689078532
1057855.5689078532
1056964.2264592457
1056900.73880758
1056900.73880758
1056900.73880758
1055486.749131686
1055486.749131686
1055372.511866514
1055036.011865013
1054935.9597076736
1054935.9597076736
1054819.2556023162
1054819.2556023162
1054213.7358811758
1054213.7358811758
1054213.7358811758
1054060.9225724414
1054060.9225724414
1053906.880766082
1053168.9537062056
1052875.0531898728
1052875.0531898728
1052875.0531898728
1052875.0531898728
1052303.5499789668
1052303.5499789668
1052303.5499789668
1051964.2436371779
1051655.4550982357
1051655.4550982357
1051655.4550982357
1051655.4550982357
1051558.8608097108
1050051.8250143826
1050051.8250143826
1049925.860094625
1049028.8829288278
1048900.0146762459
1048900.0146762459
1048789.8956605159
1048789.8956605159
1048789.8956605159
1048789.8956605159
1048660.425494676
1048521.4848243434
1048156.28950872
1047869.3893841524
1047112.6485572854
1047112.6485572854
1047112.6485572854
1047112.6485572854
1047112.6485572854
1047112.6485572854
1046648.4000868408
1046648.4000868408
1046648.4000868408
1045270.9812914233
1044491.3703856028
1044491.3703856028
1044491.3703856028
1044491.3703856028
1044491.3703856028
1044491.3703856028
1044379.4197206203
1044358.9188593219
1044358.9188593219
1043988.9789434904
1043542.0971905726
1043450.0848806314
1043450.0848806314
1043448.893944816
1043281.7598261386
1043109.531060843
1043109.531060843
1042639.4262988257
1042639.4262988257
1042639.4262988257
1042385.2085646581
1041579.995780642
1041579.995780642
1041441.9338670789
1041222.4080325374
1041222.4080325374
1041222.4080325374
1041222.4080325374
1041222.4080325374
1041222.4080325374
1040822.2384812423
1040713.8056505491
1040479.3738132688
1040188.0305280837
1040188.0305280837
1040188.0305280837
1040188.0305280837
1039770.7572623417
1039715.3138992789
1039715.3138992789
1039412.1860561606
1039412.1860561606
1038938.7609974094
1038938.7609974094
1038825.6765826652
1038141.5601483686
1038141.5601483686
1038141.5601483686
1038141.5601483686
1038141.5601483686
1038141.5601483686
1037566.9113414586
1037566.9113414586
1035858.6647829739
1035858.6647829739
1035858.6647829739
1035483.3723275422
1035277.1881694811
1034919.8355408764
1034654.1825760845
1034654.1825760845
1033574.9247009349
1033554.8149837572
1033291.6692957848
1033291.6692957848
1032733.380771372
1032733.380771372
1032733.380771372
1032142.4920494688
1032020.0254353276
1030500.3762837781
1030500.3762837781
1030396.1967846332
1030121.1327235699
1030121.1327235699
1030121.1327235699
1029674.1418203994
1029661.912611102
1029487.5531032854
1029487.5531032854
1029487.5531032854
1029480.4758103669
1029304.2210837165
1029304.2210837165
1029304.2210837165
1029304.2210837165
1029304.2210837165
1029304.2210837165
1029304.2210837165
1029304.2210837165
1029304.2210837165
1029304.2210837165
1028969.8703768871
1028969.8703768871
1028969.8703768871
1028631.5297735366
1027458.4975894971
1027458.4975894971
1027458.4975894971
1027458.4975894971
1027458.4975894971
1027458.4975894971
1027458.4975894971
1027458.4975894971
1027458.4975894971
1027458.4975894971
1027304.786641967
1027304.786641967
1027304.786641967
1027304.786641967
1027304.786641967
1026563.6886266745
1026563.6886266745
1025147.696271013
1025147.696271013
1025147.696271013
1025147.696271013
1024970.0093319677
1024841.4816819811
1024841.4816819811
1024841.4816819811
1024133.9215058826
1023831.6812709656
1023831.6812709656
1023786.7925972185
1023464.9296452922
1023181.9717711392
1023181.9717711392
1023181.9717711392
1022852.753963172
1022474.4180893088
1022385.1076360517
1022385.1076360517
1022358.5624379932
1022358.5624379932
1022358.5624379932
1022125.9953527495
1022125.9953527495
1022125.9953527495
1022093.3259969833
1022092.2905866981
1022020.7107357441
1022020.7107357441
1022020.7107357441
1021665.7388204166
1021665.7388204166
1021665.7388204166
1021665.7388204166
1021665.7388204166
1021665.7388204166
1021665.7388204166
1021665.7388204166
1021665.7388204166
1021665.7388204166
1021665.7388204166
1021665.7388204166
1021665.7388204166
1021491.32584277
1021431.9061386192
1021431.9061386192
1021307.0318869208
1021307.0318869208
1021307.0318869208
1021307.0318869208
1021255.1641002963
1021255.1641002963
1021255.1641002963
1020830.1133616331
1019025.0816955515
1018873.8781674798
1018873.8781674798
1018873.8781674798
1018528.8466878133
1017768.8230890707
1017768.8230890707
1017768.8230890707
1017768.8230890707
1017391.3931476928
1017391.3931476928
1016114.510619613
1016114.510619613
1016114.510619613
1016114.510619613
1016114.510619613
1016114.510619613
1016019.820038056
1015794.7976252825
1015794.7976252825
1015794.7976252825
1015304.0250995215
1015058.597774025
1015058.597774025
1015058.597774025
1015058.597774025
1015058.597774025
1015040.2499113926
1014729.4665696678
1014729.4665696678
1014729.4665696678
1014729.4665696678
1014729.4665696678
1014001.6858046916
1014001.6858046916
1014001.6858046916
1012681.9575898002
1012681.9575898002
1012635.9318596584
1012235.8975914149
1012235.8975914149
1012235.8975914149
1011161.5844557763
1011161.5844557763
1011161.5844557763
1011161.5844557763
1011015.4208802995
1010887.3600773365
1010802.6847836748
1010727.4877339944
1009207.9139491139
1009207.9139491139
1009110.9528480616
1008986.5163768107
1008986.5163768107
1008976.4507419439
1008536.8840151473
1008536.8840151473
1008241.7787991443
1008241.7787991443
1008241.7787991443
1008241.7787991443
1008241.7787991443
1008157.9871917474
1007920.2837838435
1007874.0660611588
1007514.8251328538
1007248.755386596
1007248.755386596
1007114.802093854
1006877.4543498347
1005744.996343034
1005744.996343034
1005408.4573241451
1005292.6973327808
1005292.6973327808
1005185.3595119368
1005185.3595119368
1005185.3595119368
1005185.3595119368
1005136.298693121
1004989.448620048
1004987.7872291807
1004987.7872291807
1004987.7872291807
1004987.7872291807
1004987.7872291807
1004987.7872291807
1004739.5518503279
1004144.9716160237
1004144.9716160237
1004144.9716160237
1004144.9716160237
1004144.9716160237
1004144.9716160237
1003831.1875866558
1003831.1875866558
1003496.666860735
1003496.666860735
1003496.666860735
1003496.666860735
1003496.666860735
1003496.666860735
1003496.666860735
1003021.8186477153
1002867.3222463396
1002867.3222463396
1002867.3222463396
1002867.3222463396
1002867.3222463396
1002867.3222463396
1002604.61977596
1002604.61977596
1002604.61977596
1002604.61977596
1002003.5834003892
1002003.5834003892
1001913.3722676621
1001167.9629161921
1001167.9629161921
1001167.9629161921
1001167.9629161921
1001167.9629161921
1001167.9629161921
1001167.9629161921
1000789.9619615403
1000789.9619615403
1000789.9619615403
1000789.9619615403
1000789.9619615403
1000789.9619615403
1000789.9619615403
1000789.9619615403
1000678.9838159266
1000678.9838159266
1000678.9838159266
1000672.274116392
1000242.114998926
999563.3270754751
999563.3270754751
999538.2744073118
998981.5327220608
998981.5327220608
998981.5327220608
998981.5327220608
998981.5327220608
998981.5327220608
998377.7215651127
998377.7215651127
998377.7215651127
998377.7215651127
997588.642381639
997588.642381639
997588.642381639
997346.0703264133
997346.0703264133
997346.0703264133
997159.6741739926
997159.6741739926
997159.9680006099
997159.9680006099
995834.4127412017
995834.4127412017
995834.4127412017
995834.4127412017
995433.392035619
995433.392035619
995433.392035619
995433.392035619
995258.6139217488
995058.8617950687
994912.8080475687
994912.8080475687
994912.8080475687
994786.1184279483
994786.1184279483
994786.1184279483
994786.1184279483
994786.1184279483
994786.1184279483
994786.1184279483
994786.1184279483
994786.1184279483
994718.5708059778
993735.8345630781
993248.0160614981
993248.0160614981
993248.0160614981
993248.0160614981
993248.0160614981
993248.0160614981
993248.0160614981
993248.0160614981
993248.0160614981
993248.0160614981
993248.0160614981
992218.8320793582
992218.8320793582
992218.8320793582
992218.8320793582
991621.3741138076
990090.7870635599
990090.7870635599
989727.1750710584
989727.1750710584
989727.1750710584
989727.1750710584
989579.2164949292
989579.2164949292
989579.2164949292
989422.695096725
989422.695096725
989038.005531372
989038.005531372
988851.8820125139
988851.8820125139
988851.8820125139
988851.8820125139
988593.919117775
988593.919117775
988593.919117775
988593.919117775
988593.919117775
988593.919117775
988517.9311079654
988512.8094718894
988063.3173668915
988063.3173668915
988063.3173668915
988063.3173668915
988063.3173668915
988063.3173668915
988063.3173668915
987314.0104134914
987314.0104134914
987314.0104134914
986816.1033845837
986776.9013071306
986776.9013071306
986776.9013071306
986776.9013071306
986776.9013071306
985868.6944326798
985868.6944326798
985868.6944326798
985868.6944326798
985633.12717494
985633.12717494
985139.0967646895
985139.0967646895
985139.0967646895
984814.0387358535
984761.2334576526
984539.5646136741
984539.5646136741
984539.5646136741
984539.5646136741
984539.5646136741
984526.3833982289
984526.3833982289
984526.3833982289
984137.7379368815
984137.7379368815
983041.6796363536
982842.4372322545
982842.4372322545
982838.5459761282
982838.5459761282
982838.5459761282
982838.5459761282
982838.5459761282
982838.5459761282
982838.5459761282
982429.2815226566
982394.5957123241
982187.1147721801
980257.3813073442
980257.3813073442
979532.7222457463
979532.7222457463
978599.1195126679
978599.1195126679
978551.1424573893
978551.1424573893
978551.1424573893
978551.1424573893
978392.6262438142
978392.6262438142
978392.6262438142
978392.6262438142
978392.6262438142
978056.2683552939
978056.2683552939
978056.2683552939
978056.2683552939
978056.2683552939
977619.1116373762
977619.1116373762
977619.1116373762
977619.1116373762
977619.1116373762
977619.1116373762
977619.1116373762
977619.1116373762
977619.1116373762
977619.1116373762
977619.1116373762
977619.1116373762
977619.1116373762
977619.1116373762
977504.6784393028
977504.6784393028
977504.6784393028
977504.6784393028
976612.0202022444
976542.9738715739
976542.9738715739
976542.9738715739
976542.9738715739
976027.0288080077
975759.8589094307
975759.8589094307
975092.8032874329
975092.8032874329
975092.8032874329
975019.2750360502
975019.2750360502
975003.3045217036
974809.4609908711
974618.3250002837
974618.3250002837
974618.3250002837
974618.3250002837
974377.7730589691
974377.7730589691
974377.7730589691
974377.7730589691
974377.7730589691
974377.7730589691
974377.7730589691
974377.7730589691
974377.7730589691
973208.3811500196
973208.3811500196
972965.918662064
972965.918662064
972965.918662064
972905.9762959753
971916.6412449982
971916.6412449982
971916.6412449982
971828.7671679874
971828.7671679874
970757.3904707504
970757.3904707504
970549.4004488856
970549.4004488856
970549.4004488856
970549.4004488856
970549.4004488856
970549.4004488856
970549.4004488856
970549.4004488856
970549.4004488856
970142.9287641696
970125.5537804917
970125.5537804917
970125.5537804917
970125.5537804917
970125.5537804917
970125.5537804917
970125.5537804917
970125.5537804917
970125.5537804917
970109.6304331059
970109.6304331059
970109.6304331059
970109.6304331059
970109.6304331059
970109.6304331059
970109.6304331059
969828.8802706747
969828.8802706747
969574.3955300944
969574.3955300944
969574.3955300944
969542.4469013895
969542.4469013895
969542.4469013895
969542.4469013895
969542.4469013895
968969.3380657018
968969.3380657018
968969.3380657018
968793.5883128699
968755.4749761216
968571.4895124619
968571.4895124619
968571.4895124619
968393.1147011229
968393.1147011229
968053.8504794883
967653.3776884873
967653.3776884873
967653.3776884873
967653.3776884873
967653.3776884873
967382.8166514775
967382.8166514775
967382.8166514775
967382.8166514775
967214.1809542009
967149.3539130352
967149.3539130352
966751.5307936352
966657.6257578528
965961.7078023516
965961.7078023516
965961.7078023516
965565.5162498029
965428.3652458612
965259.7627495578
965259.7627495578
964863.6311132382
964863.6311132382
964818.615404984
964818.615404984
964329.3991627767
964329.3991627767
964329.3991627767
963908.869085679
963908.869085679
962645.1190099803
962645.1190099803
962645.1190099803
962645.1190099803
962645.1190099803
962645.1190099803
962645.1190099803
962638.0027078011
962638.0027078011
962554.5998287806
962554.5998287806
962554.5998287806
962492.6568745242
962492.6568745242
962492.6568745242
962492.6568745242
962492.6568745242
962492.6568745242
961970.493050106
961970.493050106
961970.493050106
961970.493050106
961970.493050106
961970.493050106
961970.493050106
961223.7517983281
961223.7517983281
961223.7517983281
961223.7517983281
961223.7517983281
961158.6860158298
961158.6860158298
961158.6860158298
960938.729740578
960855.6483410387
960855.6483410387
960600.8246656462
960600.8246656462
960600.8246656462
960600.8246656462
960600.8246656462
960600.8246656462
960600.8246656462
960600.8246656462
960600.8246656462
960600.8246656462
960600.8246656462
960455.6571843324
960367.6282800308
959631.8356829342
959631.8356829342
959631.8356829342
959272.1268276812
959272.1268276812
959272.1268276812
959272.1268276812
959272.1268276812
959124.6608300292
959124.6608300292
959124.6608300292
959124.6608300292
959124.6608300292
959124.6608300292
959124.6608300292
959124.6608300292
958993.484697311
958980.5303255597
958791.2824786396
958666.6427204399
958666.6427204399
958666.6427204399
958665.5400293171
958665.5400293171
958522.1038197207
958522.1038197207
958522.1038197207
958522.1038197207
958158.5521752574
958158.5521752574
958158.5521752574
958158.5521752574
958158.5521752574
958158.5521752574
957870.099510923
956769.5639714302
956769.5639714302
956769.5639714302
956769.5639714302
956413.3126654739
956413.3126654739
956413.3126654739
955975.7322306044
955714.0738878647
955684.1649988268
955684.1649988268
955684.1649988268
955684.1649988268
955054.129908991
955054.129908991
955033.5513333397
955033.5513333397
955033.5513333397
955033.5513333397
954661.0870963391
954555.2103605838
954555.2103605838
954555.2103605838
954555.2103605838
954555.2103605838
954555.2103605838
954480.1801813226
954055.3949879541
953175.4841530516
953175.4841530516
953175.4841530516
953175.4841530516
953175.4841530516
953175.4841530516
953019.601594914
953019.601594914
953019.601594914
953019.601594914
952888.1810318104
952888.1810318104
952888.1810318104
952888.1810318104
952888.1810318104
952888.1810318104
952457.7414989439
952457.7414989439
952333.7994920197
952333.7994920197
952333.7994920197
952333.7994920197
952333.7994920197
952333.7994920197
952333.7994920197
952333.7994920197
952333.7994920197
951763.4075034956
951763.4075034956
951334.7871428502
950926.1706683452
950926.1706683452
950777.3949607613
950777.3949607613
950777.3949607613
950611.7512936707
950611.7512936707
950611.7512936707
950611.7512936707
949565.6643515154
949565.6643515154
949565.6643515154
949565.6643515154
949565.6643515154
949565.6643515154
949046.7921324349
949006.9973057751
949006.9973057751
949006.9973057751
949006.9973057751
949006.9973057751
949006.9973057751
949006.9973057751
948860.0078051308
948860.0078051308
948847.4892992384
948847.4892992384
948680.8256724528
948680.8256724528
947444.7804950378
947362.310575936
947362.310575936
947362.310575936
947362.310575936
947237.3213795365
947237.3213795365
947237.3213795365
947237.3213795365
947237.3213795365
947237.3213795365
947237.3213795365
945843.1871547104
945843.1871547104
945843.1871547104
945739.3240745385
945739.3240745385
945739.3240745385
945739.3240745385
945739.3240745385
945739.3240745385
945739.3240745385
945739.3240745385
945739.3240745385
945739.3240745385
945364.0120347445
945364.0120347445
944171.8060384647
944171.8060384647
944171.8060384647
944171.8060384647
943894.1964141778
943721.8852129471
943359.2072314832
943359.2072314832
943359.2072314832
943359.2072314832
943359.2072314832
943313.3338853461
943313.3338853461
943228.6535645613
943228.6535645613
943158.9942371943
942442.6603775249
942442.6603775249
942442.6603775249
942442.6603775249
942442.6603775249
942442.6603775249
942442.6603775249
942431.936122536
942431.936122536
942431.936122536
942293.6742413753
942293.6742413753
942293.6742413753
941864.3297722875
941864.3297722875
941722.3569442314
941722.3569442314
941722.3569442314
941640.2086403415
941426.0081069674
941342.5917001606
941342.5917001606
941130.8685136962
941130.8685136962
940936.6493636197
940936.6493636197
940936.6493636197
940936.6493636197
940936.6493636197
940936.6493636197
940936.6493636197
940936.6493636197
940936.6493636197
940936.6493636197
940936.6493636197
940936.6493636197
940936.6493636197
940759.2408856469
940728.8536023104
940728.8536023104
940728.8536023104
940474.8277635311
940474.8277635311
940474.8277635311
940474.8277635311
940474.8277635311
940474.8277635311
940474.8277635311
939621.2229653259
939621.2229653259
939540.7545314969
939540.7545314969
939294.7609927374
939294.7609927374
939294.7609927374
939294.7609927374
939294.7609927374
937709.7490386595
937709.7490386595
937344.8180894285
937344.8180894285
937344.8180894285
937344.8180894285
937344.8180894285
937344.8180894285
937344.8180894285
937344.8180894285
937344.8180894285
937212.2544588373
937212.2544588373
937212.2544588373
937212.2544588373
937212.2544588373
937212.2544588373
937212.2544588373
937194.131173482
937194.131173482
937194.131173482
937194.131173482
937194.131173482
937194.131173482
937194.131173482
937194.131173482
937194.131173482
937194.131173482
937194.131173482
937194.131173482
936926.6263242038
936926.6263242038
936889.0632207295
936889.0632207295
936889.0632207295
936832.4777674144
936832.4777674144
936832.4777674144
936832.4777674144
936832.4777674144
936832.4777674144
936832.4777674144
936832.4777674144
936832.4777674144
936832.4777674144
936832.4777674144
936832.4777674144
936832.4777674144
936832.4777674144
936832.4777674144
936637.2729032582
936637.2729032582
936637.2729032582
936637.2729032582
936637.2729032582
936637.2729032582
936637.2729032582
936637.2729032582
936637.2729032582
936637.2729032582
936637.2729032582
936637.2729032582
936637.2729032582
936186.0407587637
936186.0407587637
936186.0407587637
936087.9647365852
935929.2788544467
935929.2788544467
935189.5580673646
935189.5580673646
935189.5580673646
935189.5580673646
935189.5580673646
935189.5580673646
935189.5580673646
935189.5580673646
935189.5580673646
934680.8241977775
934493.2165610421
934493.2165610421
934493.2165610421
934493.2165610421
934493.2165610421
934493.2165610421
934493.2165610421
934493.2165610421
934114.1497431265
934114.1497431265
934114.1497431265
934114.1497431265
934114.1497431265
934114.1497431265
934114.1497431265
934111.377763995
934111.377763995
933689.7068114959
933689.7068114959
933689.7068114959
933689.7068114959
933689.7068114959
933689.7068114959
932969.724076391
932969.724076391
932969.724076391
932969.724076391
932969.724076391
932969.724076391
932969.724076391
932022.9124433479
932022.9124433479
932022.9124433479
931686.6094684164
931686.6094684164
931297.1462165952
931297.1462165952
931297.1462165952
931297.1462165952
931297.1462165952
931297.1462165952
931297.1462165952
931297.1462165952
931297.1462165952
931227.4026560427
931227.4026560427
931227.4026560427
931091.4317676073
931091.4317676073
931091.4317676073
931091.4317676073
931091.4317676073
930726.6474571254
930726.6474571254
930726.6474571254
930726.6474571254
930480.0270142241
930480.0270142241
930480.0270142241
930480.0270142241
930480.0270142241
930480.0270142241
930480.0270142241
930480.0270142241
930371.9149612994
930371.9149612994
930371.9149612994
930371.9149612994
929871.5729614769
929871.5729614769
929693.6846266352
929693.6846266352
929668.995218152
929668.995218152
928616.1142851989
928479.319454197
928459.8293853935
928459.8293853935
928459.8293853935
928459.8293853935
928459.8293853935
928459.8293853935
928343.7010568668
928343.7010568668
928343.7010568668
928036.7536727083
928036.7536727083
928036.7536727083
928015.5809467551
928015.5809467551
927822.6185534422
927822.6185534422
927822.6185534422
927822.6185534422
927822.6185534422
927149.751647602
927149.751647602
927149.751647602
926797.5577129922
926797.5577129922
926541.5485862261
926541.5485862261
926541.5485862261
926278.0348795693
926278.0348795693
926278.0348795693
926278.0348795693
926278.0348795693
926278.0348795693
926206.0956252675
926206.0956252675
926206.0956252675
926206.0956252675
926206.0956252675
926206.0956252675
926206.0956252675
925457.6917054431
925421.1659009767
925421.1659009767
925268.7746905655
925268.7746905655
925268.7746905655
925268.7746905655
925268.7746905655
925006.4033177159
925006.4033177159
925006.4033177159
924996.7858282244
924996.7858282244
924554.0336377296
924459.4521253393
924459.4521253393
924459.4521253393
923372.1196991091
923372.1196991091
923372.1196991091
923372.1196991091
923372.1196991091
923372.1196991091
923372.1196991091
923372.1196991091
923372.1196991091
923372.1196991091
923372.1196991091
923372.1196991091
923372.1196991091
923372.1196991091
923372.1196991091
923372.1196991091
922691.5711932217
922691.5711932217
922691.5711932217
922592.6402281395
922592.6402281395
922592.6402281395
922592.6402281395
922592.6402281395
922592.6402281395
922592.6402281395
922592.6402281395
922589.5842136448
922589.5842136448
922589.5842136448
921594.267995951
921594.267995951
921594.267995951
921594.267995951
921594.267995951
921594.267995951
921355.6302357117
921355.6302357117
921355.6302357117
920903.6348454079
920735.1057485541
920735.1057485541
920424.1753879094
920296.555055059
920296.555055059
920296.555055059
920296.555055059
920270.6711823229
920270.6711823229
920270.6711823229
920270.6711823229
920270.6711823229
920270.6711823229
920270.6711823229
920270.6711823229
920270.6711823229
920270.6711823229
920270.6711823229
920270.6711823229
920270.6711823229
920270.6711823229
920270.6711823229
920270.6711823229
920270.6711823229
920270.6711823229
920270.6711823229
920270.6711823229
920189.0897801917
920189.0897801917
920044.231640044
920044.231640044
920044.231640044
919583.4723871755
919583.4723871755
918829.0373417358
918317.2633265472
918317.2633265472
918317.2633265472
918242.6320479402
918215.6092097057
918215.6092097057
918215.6092097057
918215.6092097057
918215.6092097057
918215.6092097057
918215.6092097057
918215.6092097057
918215.6092097057
918215.6092097057
918215.6092097057
918215.6092097057
918215.6092097057
917992.4097114799
917992.4097114799
917992.4097114799
917992.4097114799
917992.4097114799
917992.4097114799
917992.4097114799
917878.4830381142
917878.4830381142
917878.4830381142
917550.5172045317
917550.5172045317
917550.5172045317
917057.1795065776
917057.1795065776
917057.1795065776
917057.1795065776
917057.1795065776
917057.1795065776
917057.1795065776
917057.1795065776
917057.1795065776
917057.1795065776
917057.1795065776
917057.1795065776
917057.1795065776
917057.1795065776
916859.414102105
916859.414102105
916859.414102105
916859.414102105
916859.414102105
916859.414102105
916859.414102105
916859.414102105
916556.7667032345
916556.7667032345
916556.7667032345
916556.7667032345
916556.7667032345
916556.7667032345
916556.7667032345
916476.5152113169
916476.5152113169
916476.5152113169
916476.5152113169
916476.5152113169
916476.5152113169
916476.5152113169
916476.5152113169
916476.5152113169
916476.5152113169
916476.5152113169
916476.5152113169
916476.5152113169
916476.5152113169
916476.5152113169
916476.5152113169
916313.8058384827
916313.8058384827
916313.8058384827
916313.8058384827
916313.8058384827
916151.7981971102
916151.7981971102
915909.0018576928
915909.0018576928
915909.0018576928
915909.0018576928
915909.0018576928
915909.0018576928
915909.0018576928
915909.0018576928
915909.0018576928
915909.0018576928
915807.7792163426
915807.7792163426
915807.7792163426
915606.1134278456
915606.1134278456
915606.1134278456
915606.1134278456
915606.1134278456
915606.1134278456
915606.1134278456
915606.1134278456
915606.1134278456
915606.1134278456
915606.1134278456
915606.1134278456
915395.0046344127
915395.0046344127
915395.0046344127
915395.0046344127
915395.0046344127
915391.0301568884
915391.0301568884
915391.0301568884
915391.0301568884
915391.0301568884
915126.3897859559
915046.090556171
915046.090556171
914833.3003592973
914833.3003592973
914833.3003592973
914833.3003592973
914833.3003592973
914833.3003592973
914833.3003592973
914833.3003592973
914833.3003592973
914833.3003592973
914833.3003592973
914833.3003592973
914833.3003592973
914833.3003592973
914833.3003592973
914833.3003592973
914833.3003592973
914833.3003592973
914659.1406437802
914659.1406437802
914659.1406437802
914659.1406437802
914659.1406437802
914659.1406437802
914659.1406437802
914423.2421973642
914423.2421973642
914423.2421973642
914423.2421973642
914423.2421973642
914423.2421973642
914423.2421973642
914423.2421973642
914423.2421973642
914423.2421973642
914423.2421973642
914423.2421973642
914423.2421973642
914423.2421973642
914423.2421973642
914423.2421973642
914423.2421973642
914423.2421973642
914423.2421973642
914423.2421973642
914423.2421973642
914423.2421973642
914423.2421973642
914423.2421973642
914423.2421973642
914423.2421973642
914423.2421973642
914423.2421973642
914423.2421973642
914423.2421973642
914423.2421973642
914423.2421973642
914149.9184695751
914149.9184695751
914149.9184695751
914063.9127887344
914063.9127887344
914027.1688144552
914027.1688144552
913844.0814890964
913844.0814890964
913844.0814890964
913844.0814890964
913844.0814890964
913844.0814890964
913844.0814890964
913579.1759929674
913579.1759929674
913579.1759929674
913579.1759929674
913579.1759929674
913579.1759929674
913579.1759929674
913390.5809341157
913390.5809341157
913064.9761721597
913064.9761721597
912890.671079301
912890.671079301
912890.671079301
912890.671079301
912855.4533611475
912855.4533611475
912855.4533611475
912686.8763349998
912686.8763349998
912686.8763349998
912686.8763349998
912187.6399163643
912187.6399163643
912187.6399163643
912187.6399163643
912187.6399163643
912187.6399163643
912187.6399163643
912187.6399163643
912187.6399163643
912187.6399163643
911667.7984867753
911667.7984867753
911667.7984867753
911667.7984867753
911667.7984867753
911667.7984867753
911643.9353766984
911437.2598635906
911437.2598635906
911437.2598635906
911149.9057383853
910346.0805621028
910346.0805621028
910346.0805621028
910346.0805621028
910346.0805621028
910346.0805621028
910346.0805621028
910136.9563469717
910136.9563469717
910136.9563469717
910116.0703512479
910116.0703512479
910116.0703512479
910116.0703512479
909780.7603849329
909501.9372983234
909501.9372983234
909501.9372983234
909501.9372983234
909501.9372983234
909501.9372983234
909501.9372983234
908756.3461045364
908756.3461045364
908756.3461045364
908756.3461045364
908756.3461045364
908756.3461045364
908756.3461045364
908756.3461045364
908756.3461045364
908756.3461045364
908756.3461045364
908753.3351172432
908753.3351172432
908426.5487303445
908232.2055274402
908232.2055274402
908005.7317770172
908005.7317770172
908005.7317770172
908005.7317770172
907815.3276780733
907537.5991596128
907537.5991596128
907537.5991596128
907537.5991596128
907537.5991596128
907537.5991596128
907537.5991596128
907537.5991596128
907537.5991596128
907537.5991596128
907537.5991596128
907537.5991596128
907537.5991596128
907537.5991596128
907537.5991596128
907537.5991596128
907537.5991596128
907537.5991596128
907537.5991596128
907222.8221277902
906931.0775962867
906931.0775962867
906931.0775962867
906931.0775962867
906931.0775962867
906931.0775962867
906513.0276465149
906328.9352848826
906328.9352848826
906328.9352848826
906328.9352848826
906328.9352848826
906328.9352848826
906328.9352848826
906328.9352848826
906328.9352848826
906328.9352848826
906328.9352848826
906027.6174663159
906027.6174663159
906027.6174663159
906027.6174663159
905708.5935886576
905708.5935886576
905320.1776202226
905320.1776202226
905320.1776202226
905320.1776202226
905320.1776202226
905320.1776202226
905120.797220004
905120.797220004
905120.797220004
905120.797220004
905120.797220004
905120.797220004
905120.797220004
905120.797220004
905120.797220004
905120.797220004
905120.797220004
905120.797220004
904809.1239472053
904809.1239472053
904809.1239472053
904809.1239472053
904729.5929526982
904729.5929526982
904588.0892337239
904588.0892337239
904588.0892337239
904588.0892337239
904551.1397786278
904551.1397786278
904551.1397786278
904472.0379919093
904472.0379919093
904472.0379919093
903666.0065642446
903666.0065642446
903615.87174406
903615.87174406
903615.87174406
903615.87174406
903525.5873275355
903491.536668624
903491.536668624
903491.536668624
903491.536668624
903491.536668624
903491.536668624
903491.536668624
903102.0822678243
903102.0822678243
903102.0822678243
903102.0822678243
903102.0822678243
903102.0822678243
903102.0822678243
903102.0822678243
903102.0822678243
903102.0822678243
903102.0822678243
903102.0822678243
903102.0822678243
903102.0822678243
903102.0822678243
903102.0822678243
903102.0822678243
903102.0822678243
903102.0822678243
903102.0822678243
903102.0822678243
903102.0822678243
903102.0822678243
903102.0822678243
903102.0822678243
903102.0822678243
903102.0822678243
903102.0822678243
903102.0822678243
903102.0822678243
903102.0822678243
902992.2718644214
902992.2718644214
902992.2718644214
902992.2718644214
902641.5549335217
902637.1819660586
902637.1819660586
902637.1819660586
902637.1819660586
902637.1819660586
902295.75787803
902295.75787803
902295.75787803
902295.75787803
902168.2770511983
902010.1581897445
902010.1581897445
902010.1581897445
902010.1581897445
902010.1581897445
902010.1581897445
902010.1581897445
902010.1581897445
902010.1581897445
902010.1581897445
902010.1581897445
902010.1581897445
902010.1581897445
902010.1581897445
901565.3352558238
901565.3352558238
901064.8123610546
901064.8123610546
901064.8123610546
901064.8123610546
901064.8123610546
901064.8123610546
901064.8123610546
901064.8123610546
901064.8123610546
901064.8123610546
900993.5443473371
900993.5443473371
900993.5443473371
900988.156871445
900988.156871445
900371.8072040922
900371.8072040922
900272.8908575623
900173.3395817191
900173.3395817191
900173.3395817191
900173.3395817191
900173.3395817191
900173.3395817191
900173.3395817191
900029.5693893887
900029.5693893887
900029.5693893887
900029.5693893887
900029.5693893887
900029.5693893887
900029.5693893887
900029.5693893887
900029.5693893887
900029.5693893887
900029.5693893887
900029.5693893887
900029.5693893887
899853.5453540139
899853.5453540139
899853.5453540139
899853.5453540139
899515.0162239103
899515.0162239103
899480.6646347968
899480.6646347968
899480.6646347968
899480.6646347968
899480.6646347968
899480.6646347968
898734.853610058
898734.853610058
898734.853610058
898734.853610058
898734.853610058
898734.853610058
898734.853610058
898734.853610058
898734.853610058
898734.853610058
898734.853610058
898734.853610058
898378.2910855798
898378.2910855798
898378.2910855798
898378.2910855798
898378.2910855798
898378.2910855798
898378.2910855798
898087.6087624992
898066.9683945366
898066.9683945366
898066.9683945366
897749.4014555367
897749.4014555367
897749.4014555367
897468.0199949602
897336.6566412975
897336.6566412975
897165.4697453065
897165.4697453065
897078.1276637049
897078.1276637049
897078.1276637049
897078.1276637049
897078.1276637049
897078.1276637049
897078.1276637049
897078.1276637049
897078.1276637049
897078.1276637049
897078.1276637049
897078.1276637049
897078.1276637049
897078.1276637049
897078.1276637049
897078.1276637049
896907.380721031
896907.380721031
896907.380721031
896822.4652030214
896822.4652030214
896822.4652030214
896822.4652030214
896822.4652030214
896822.4652030214
896822.4652030214
896541.6634902545
896465.5763653121
896465.5763653121
896465.5763653121
896077.8409653814
896077.8409653814
896077.8409653814
895903.5950353468
895406.9537189555
895406.9537189555
895406.9537189555
894248.5984147475
894146.379982452
894146.379982452
894146.379982452
894060.474989823
894060.474989823
893722.2904960598
893722.2904960598
893722.2904960598
893722.2904960598
893722.2904960598
893722.2904960598
893722.2904960598
893722.2904960598
893722.2904960598
893722.2904960598
893592.9321582986
893592.9321582986
893592.9321582986
893592.9321582986
893592.9321582986
893586.8681111144
893586.8681111144
893586.8681111144
893382.9169314516
893382.9169314516
892300.8543628935
892300.8543628935
892300.8543628935
892300.8543628935
892300.8543628935
892300.8543628935
892300.8543628935
892300.8543628935
892300.8543628935
892300.8543628935
892300.8543628935
892300.8543628935
892300.8543628935
892300.8543628935
892300.8543628935
892300.8543628935
892300.8543628935
892300.8543628935
892300.8543628935
892139.876538513
892139.876538513
892139.876538513
891969.0148860371
891969.0148860371
891969.0148860371
891969.0148860371
891969.0148860371
891969.0148860371
891969.0148860371
891969.0148860371
891969.0148860371
891969.0148860371
891969.0148860371
891969.0148860371
891969.0148860371
891969.0148860371
891969.0148860371
891969.0148860371
891969.0148860371
891969.0148860371
891619.1386431367
891619.1386431367
891619.1386431367
891619.1386431367
891619.1386431367
891619.1386431367
891619.1386431367
891619.1386431367
891619.1386431367
891189.5360596362
891189.5360596362
891189.5360596362
891189.5360596362
891189.5360596362
891189.5360596362
891189.5360596362
890892.2325109967
890892.2325109967
890892.2325109967
890892.2325109967
890892.2325109967
890892.2325109967
889730.2718561061
889730.2718561061
889555.2581709702
889528.1320769622
889528.1320769622
889528.1320769622
889528.1320769622
889528.1320769622
889528.1320769622
889528.1320769622
889528.1320769622
889528.1320769622
889264.7216566035
889264.7216566035
889264.7216566035
889264.7216566035
889264.7216566035
889264.7216566035
889264.7216566035
888826.3118733806
888826.3118733806
888826.3118733806
888826.3118733806
888826.3118733806
888826.3118733806
888826.3118733806
888826.3118733806
888826.3118733806
888826.3118733806
888826.3118733806
888398.8086824123
888398.8086824123
888398.8086824123
888398.8086824123
888398.8086824123
888398.8086824123
888398.8086824123
888398.8086824123
887944.1440161781
887944.1440161781
887944.1440161781
887944.1440161781
887944.1440161781
887944.1440161781
887944.1440161781
887944.1440161781
887944.1440161781
887944.1440161781
887944.1440161781
887944.1440161781
887944.1440161781
887223.9293477745
887223.9293477745
887140.827361064
887140.827361064
886250.2656669993
886250.2656669993
885796.5430167149
885796.5430167149
885796.5430167149
885779.1966948545
885779.1966948545
885779.1966948545
885779.1966948545
885683.3318103948
885683.3318103948
885360.3961321218
885360.3961321218
884914.2067168674
884914.2067168674
884914.2067168674
884914.2067168674
884914.2067168674
884851.4777891489
884851.4777891489
884851.4777891489
884851.4777891489
884851.4777891489
884550.0314382641
884550.0314382641
884550.0314382641
884550.0314382641
884550.0314382641
884550.0314382641
884550.0314382641
884550.0314382641
884386.3254708104
884386.3254708104
884386.3254708104
884386.3254708104
884386.3254708104
884386.3254708104
884386.3254708104
884386.3254708104
884386.3254708104
884386.3254708104
884386.3254708104
884386.3254708104
884386.3254708104
884386.3254708104
884386.3254708104
884386.3254708104
883966.8369016103
883966.8369016103
883966.8369016103
883910.6044361094
883910.6044361094
883910.6044361094
883910.6044361094
883910.6044361094
883823.7832974736
883823.7832974736
883823.7832974736
883823.7832974736
883823.7832974736
883823.7832974736
883823.7832974736
883823.7832974736
883823.7832974736
883823.7832974736
883823.7832974736
883823.7832974736
883823.7832974736
883823.7832974736
883823.7832974736
883823.7832974736
883823.7832974736
883823.7832974736
882625.7691740287
882625.7691740287
882625.7691740287
882625.7691740287
882625.7691740287
882576.6818764894
882576.6818764894
882576.6818764894
882576.6818764894
882576.6818764894
882576.6818764894
882576.6818764894
882576.6818764894
882576.6818764894
882576.6818764894
882576.6818764894
882576.6818764894
882576.6818764894
882576.6818764894
882576.6818764894
882576.6818764894
882576.6818764894
882576.6818764894
882452.602524268
882452.602524268
882077.9062408349
882077.9062408349
882077.9062408349
882077.9062408349
882077.9062408349
882077.9062408349
882077.9062408349
882077.9062408349
881962.642058729
881962.642058729
881962.642058729
881962.642058729
881892.4941273137
881817.1932703231
881817.1932703231
881640.2024104255
881640.2024104255
881640.2024104255
881640.2024104255
881640.2024104255
881640.2024104255
881390.2034151367
881390.2034151367
881390.2034151367
881390.2034151367
881390.2034151367
881390.2034151367
881390.2034151367
881390.2034151367
881390.2034151367
881390.2034151367
881390.2034151367
881390.2034151367
881390.2034151367
881338.8965318641
881338.8965318641
881338.8965318641
881338.8965318641
881338.8965318641
881338.8965318641
881283.4002242186
881283.4002242186
880897.8926678514
880897.8926678514
880897.8926678514
880897.8926678514
880897.8926678514
880897.8926678514
880897.8926678514
880897.8926678514
880897.8926678514
880897.8926678514
880897.8926678514
880897.8926678514
880897.8926678514
880447.8220396844
880097.4863473795
880097.4863473795
880097.4863473795
880097.4863473795
879778.833252249
879778.833252249
879778.833252249
879778.833252249
879778.833252249
879778.833252249
879778.833252249
879366.3736651189
879366.3736651189
879366.3736651189
879335.9487622264
879335.9487622264
879335.9487622264
879335.9487622264
879335.9487622264
879335.9487622264
879335.9487622264
879228.2419523074
879228.2419523074
879228.2419523074
878951.1030538683
878951.1030538683
878951.1030538683
878951.1030538683
878951.1030538683
878951.1030538683
878951.1030538683
878951.1030538683
878926.7235761288
878926.7235761288
878926.7235761288
878926.7235761288
878926.7235761288
878926.7235761288
878106.0339399687
878106.0339399687
878106.0339399687
878106.0339399687
878106.0339399687
878106.0339399687
878106.0339399687
878106.0339399687
878106.0339399687
878106.0339399687
878106.0339399687
878106.0339399687
878106.0339399687
878106.0339399687
878106.0339399687
878106.0339399687
878001.4532265086
878001.4532265086
878001.4532265086
878001.4532265086
878001.4532265086
878001.4532265086
878001.4532265086
878001.4532265086
878001.4532265086
876445.1324351858
876445.1324351858
876445.1324351858
876445.1324351858
876445.1324351858
876445.1324351858
876445.1324351858
876445.1324351858
876445.1324351858
876445.1324351858
876445.1324351858
876445.1324351858
876445.1324351858
876445.1324351858
876445.1324351858
876445.1324351858
876445.1324351858
876445.1324351858
876445.1324351858
876445.1324351858
876445.1324351858
876445.1324351858
876445.1324351858
876445.1324351858
876445.1324351858
876445.1324351858
876445.1324351858
876445.1324351858
876445.1324351858
876445.1324351858
876445.1324351858
875941.7997969333
875941.7997969333
875941.7997969333
875941.7997969333
875941.7997969333
875941.7997969333
875941.7997969333
875941.7997969333
875941.7997969333
875941.7997969333
875941.7997969333
875941.7997969333
875941.7997969333
875941.7997969333
875941.7997969333
875941.7997969333
875941.7997969333
875941.7997969333
875941.7997969333
875941.7997969333
875941.7997969333
875407.0608739865
875407.0608739865
875407.0608739865
875407.0608739865
875407.0608739865
875407.0608739865
875407.0608739865
874208.6040671866
874208.6040671866
874208.6040671866
874208.6040671866
874009.5816247049
874003.9222277531
874003.9222277531
874003.9222277531
874003.9222277531
874003.9222277531
874003.9222277531
874003.9222277531
874003.9222277531
874003.9222277531
873936.7362939127
873936.7362939127
873492.1005819371
873340.498264138
873340.498264138
873340.498264138
873340.498264138
873340.498264138
873340.498264138
873340.498264138
873340.498264138
873340.498264138
873340.498264138
873340.498264138
873340.498264138
873340.498264138
873340.498264138
873340.498264138
873340.498264138
873108.652909592
873108.652909592
872716.5701076945
872716.5701076945
872619.1170487907
872619.1170487907
872168.262179238
872168.262179238
872168.262179238
872168.262179238
872168.262179238
871688.3678139413
871688.3678139413
871688.3678139413
871688.3678139413
871688.3678139413
871688.3678139413
871688.3678139413
871688.3678139413
871688.3678139413
871688.3678139413
871688.3678139413
871688.3678139413
871688.3678139413
870978.3029363193
870978.3029363193
870978.3029363193
870978.3029363193
870843.8321073374
870802.373536221
870524.2449139713
870524.2449139713
870524.2449139713
870524.2449139713
870524.2449139713
870524.2449139713
870524.2449139713
870524.2449139713
870524.2449139713
870524.2449139713
870524.2449139713
870524.2449139713
869963.230979257
869006.0837340194
868842.7550582986
868842.7550582986
868842.7550582986
868842.7550582986
868842.7550582986
868842.7550582986
868842.7550582986
868842.7550582986
868842.7550582986
868842.7550582986
868842.7550582986
868842.7550582986
868842.7550582986
868842.7550582986
868842.7550582986
868413.6294413228
868413.6294413228
868413.6294413228
868413.6294413228
867774.4262561535
867774.4262561535
867774.4262561535
867774.4262561535
866669.1031312105
866669.1031312105
866669.1031312105
866669.1031312105
866669.1031312105
866669.1031312105
866669.1031312105
866669.1031312105
866669.1031312105
866669.1031312105
866389.3714765746
866389.3714765746
866389.3714765746
866389.3714765746
866389.3714765746
866389.3714765746
866389.3714765746
866389.3714765746
866389.3714765746
866389.3714765746
866389.3714765746
866389.3714765746
866389.3714765746
866389.3714765746
866389.3714765746
866389.3714765746
866389.3714765746
866389.3714765746
866389.3714765746
866389.3714765746
866389.3714765746
866389.3714765746
866389.3714765746
866389.3714765746
866389.3714765746
866389.3714765746
866389.3714765746
866389.3714765746
866291.0273818537
866291.0273818537
866291.0273818537
866291.0273818537
866150.9843885184
866150.9843885184
866150.9843885184
866150.9843885184
866150.9843885184
866150.9843885184
866150.9843885184
866150.9843885184
865989.412285331
865989.412285331
865989.412285331
865989.412285331
865989.412285331
865989.412285331
865989.412285331
865989.412285331
865989.412285331
865989.412285331
865989.412285331
865989.412285331
865989.412285331
865989.412285331
865989.412285331
865692.1811091052
865692.1811091052
865692.1811091052
865692.1811091052
865394.1694935327
865394.1694935327
865394.1694935327
865341.0737103825
865341.0737103825
865341.0737103825
865341.0737103825
865341.0737103825
864642.3764244677
864642.3764244677
864642.3764244677
864642.3764244677
864642.3764244677
864642.3764244677
864642.3764244677
864642.3764244677
864642.3764244677
864642.3764244677
864642.3764244677
864642.3764244677
864642.3764244677
864642.3764244677
864642.3764244677
864642.3764244677
864642.3764244677
864642.3764244677
864642.3764244677
864642.3764244677
864642.3764244677
864642.3764244677
864326.3910052291
864326.3910052291
864326.3910052291
864326.3910052291
864326.3910052291
864304.7481611276
864304.7481611276
864234.4945772593
864234.4945772593
864234.4945772593
864234.4945772593
864234.4945772593
864234.4945772593
864234.4945772593
864234.4945772593
864234.4945772593
863816.3064624
863223.1508412027
863223.1508412027
863223.1508412027
863223.1508412027
863223.1508412027
862954.7749404416
862954.7749404416
862954.7749404416
862954.7749404416
862954.7749404416
862954.7749404416
862954.7749404416
862954.7749404416
862954.7749404416
862954.7749404416
862954.7749404416
862954.7749404416
862954.7749404416
862954.7749404416
862954.7749404416
862954.7749404416
862954.7749404416
862954.7749404416
862954.7749404416
862779.2521909287
862779.2521909287
862697.8456041743
862697.8456041743
862665.7565501768
862665.7565501768
862665.7565501768
862665.7565501768
862665.7565501768
862665.7565501768
862665.7565501768
862665.7565501768
862252.420078301
862252.420078301
862252.420078301
862252.420078301
862252.420078301
862252.420078301
862252.420078301
862252.420078301
862252.420078301
862252.420078301
862252.420078301
862252.420078301
862252.420078301
862252.420078301
862252.420078301
862252.420078301
862252.420078301
862252.420078301
862252.420078301
862252.420078301
862252.420078301
862252.420078301
861613.3907182261
861613.3907182261
861613.3907182261
861613.3907182261
861613.3907182261
861613.3907182261
861613.3907182261
861613.3907182261
861613.3907182261
861613.3907182261
861613.3907182261
861613.3907182261
861613.3907182261
861613.3907182261
861613.3907182261
861613.3907182261
861613.3907182261
861613.3907182261
861613.3907182261
861613.3907182261
861613.3907182261
861613.3907182261
861613.3907182261
861613.3907182261
861613.3907182261
861613.3907182261
861613.3907182261
861613.3907182261
861613.3907182261
861443.0500486216
861443.0500486216
861443.0500486216
861443.0500486216
861443.0500486216
861443.0500486216
861443.0500486216
861443.0500486216
861443.0500486216
861443.0500486216
861443.0500486216
861199.1876005265
861199.1876005265
861041.8228718853
861041.8228718853
861041.8228718853
861041.8228718853
861041.8228718853
861041.8228718853
861041.8228718853
861041.8228718853
861041.8228718853
860872.8624837501
860872.8624837501
860872.8624837501
860872.8624837501
860872.8624837501
860548.689447433
860548.689447433
860548.689447433
860548.689447433
860548.689447433
860548.689447433
860407.9684213836
859753.6374250858
859753.6374250858
859753.6374250858
859753.6374250858
859753.6374250858
859639.04117841
859540.3960654439
859540.3960654439
859540.3960654439
859540.3960654439
859540.3960654439
859540.3960654439
859394.0790449944
859394.0790449944
859394.0790449944
859394.0790449944
859394.0790449944
859394.0790449944
859394.0790449944
859394.0790449944
859394.0790449944
859394.0790449944
859219.4909151252
859043.2303059577
859043.2303059577
859043.2303059577
859043.2303059577
859043.2303059577
859043.2303059577
859043.2303059577
859035.4896378746
859035.4896378746
859035.4896378746
859035.4896378746
859035.4896378746
859035.4896378746
859035.4896378746
859035.4896378746
858698.0500666725
858698.0500666725
858698.0500666725
858698.0500666725
858698.0500666725
858698.0500666725
858698.0500666725
858698.0500666725
858698.0500666725
858469.4838236684
858469.4838236684
858454.1322743767
858454.1322743767
858361.2378241937
858361.2378241937
858361.2378241937
858361.2378241937
858361.2378241937
858361.2378241937
858361.2378241937
858361.2378241937
858361.2378241937
858361.2378241937
858361.2378241937
858361.2378241937
858361.2378241937
858361.2378241937
858361.2378241937
858361.2378241937
858361.2378241937
858361.2378241937
858361.2378241937
858361.2378241937
858361.2378241937
858352.3252272597
858352.3252272597
858352.3252272597
858352.3252272597
858352.3252272597
858352.3252272597
858352.3252272597
858352.3252272597
858352.3252272597
858352.3252272597
858352.3252272597
858352.3252272597
858352.3252272597
858329.0895884319
858329.0895884319
858296.9489102575
858296.9489102575
858296.9489102575
858296.9489102575
858296.9489102575
858296.9489102575
858296.9489102575
858296.9489102575
858296.9489102575
858296.9489102575
858296.9489102575
858296.9489102575
857458.2689637472
857458.2689637472
857458.2689637472
857458.2689637472
857458.2689637472
857458.2689637472
857458.2689637472
857458.2689637472
857458.2689637472
857458.2689637472
857458.2689637472
857458.2689637472
857458.2689637472
857458.2689637472
857458.2689637472
857458.2689637472
857458.2689637472
857458.2689637472
857458.2689637472
857458.2689637472
857458.2689637472
857458.2689637472
857458.2689637472
857458.2689637472
857458.2689637472
857458.2689637472
857458.2689637472
857458.2689637472
857134.0185069479
857134.0185069479
857134.0185069479
857134.0185069479
857134.0185069479
857134.0185069479
857134.0185069479
857134.0185069479
857134.0185069479
857134.0185069479
857134.0185069479
857134.0185069479
857134.0185069479
857134.0185069479
857134.0185069479
857134.0185069479
857134.0185069479
857134.0185069479
857134.0185069479
857134.0185069479
857134.0185069479
857088.0163027482
857088.0163027482
856920.8810613843
856920.8810613843
856920.8810613843
856920.8810613843
856920.8810613843
856920.8810613843
856920.8810613843
856920.8810613843
856920.8810613843
856920.8810613843
856920.8810613843
856920.8810613843
856920.8810613843
856873.7237564698
856744.6096326797
856744.6096326797
856744.6096326797
856744.6096326797
856744.6096326797
856744.6096326797
856510.0917808141
856510.0917808141
856510.0917808141
856510.0917808141
856510.0917808141
856510.0917808141
856510.0917808141
856510.0917808141
856510.0917808141
856510.0917808141
856510.0917808141
856510.0917808141
856510.0917808141
856510.0917808141
856510.0917808141
856510.0917808141
856510.0917808141
856510.0917808141
856095.0714870573
856095.0714870573
856095.0714870573
856095.0714870573
856095.0714870573
856095.0714870573
856095.0714870573
855700.8275822737
855700.8275822737
855700.8275822737
855700.8275822737
855442.756080356
854985.5446631435
854985.5446631435
854985.5446631435
854985.5446631435
854985.5446631435
854985.5446631435
854985.5446631435
854985.5446631435
854985.5446631435
854985.5446631435
854985.5446631435
854985.5446631435
854895.8424585261
854895.8424585261
854895.8424585261
854895.8424585261
854895.8424585261
854382.1387685763
854382.1387685763
854382.1387685763
854382.1387685763
854382.1387685763
854382.1387685763
854382.1387685763
854382.1387685763
854051.4923322077
854051.4923322077
854051.4923322077
854051.4923322077
854051.4923322077
854051.4923322077
854051.4923322077
854051.4923322077
854051.4923322077
853556.3110731842
853556.3110731842
853556.3110731842
853556.3110731842
853556.3110731842
853556.3110731842
853556.3110731842
853556.3110731842
853556.3110731842
853400.9722535851
853400.9722535851
853400.9722535851
853400.9722535851
853400.9722535851
853400.9722535851
853400.9722535851
853400.9722535851
853400.9722535851
853400.9722535851
853167.6952613222
853167.6952613222
853167.6952613222
853167.6952613222
853167.6952613222
853167.6952613222
852805.7472452726
852805.7472452726
852805.7472452726
852805.7472452726
852805.7472452726
852805.7472452726
852805.7472452726
852805.7472452726
852805.7472452726
852805.7472452726
852805.7472452726
852805.7472452726
852805.7472452726
852805.7472452726
852805.7472452726
852805.7472452726
852805.7472452726
852805.7472452726
852805.7472452726
852805.7472452726
852805.7472452726
852805.7472452726
852805.7472452726
852805.7472452726
852805.7472452726
852805.7472452726
851960.4556071243
851960.4556071243
851960.4556071243
851960.4556071243
851960.4556071243
851960.4556071243
851732.4152313229
851732.4152313229
851732.4152313229
851732.4152313229
851732.4152313229
851732.4152313229
851732.4152313229
851732.4152313229
851479.8064628581
851479.8064628581
851479.8064628581
851479.8064628581
851479.8064628581
851479.8064628581
851479.8064628581
851479.8064628581
851479.8064628581
851479.8064628581
851479.8064628581
851479.8064628581
851479.8064628581
851479.8064628581
851479.8064628581
851479.8064628581
851479.8064628581
851479.8064628581
851479.8064628581
851479.8064628581
851479.8064628581
851479.8064628581
851479.8064628581
851479.8064628581
851479.8064628581
851479.8064628581
851303.6141443622
851303.6141443622
851303.6141443622
851303.6141443622
851303.6141443622
851303.6141443622
851031.9793504096
851031.9793504096
851031.9793504096
851031.9793504096
851031.9793504096
851031.9793504096
851031.9793504096
850878.6970638699
850834.5863302485
850834.5863302485
850297.5259180963
850297.5259180963
850240.7044964413
850240.7044964413
850240.7044964413
850240.7044964413
850240.7044964413
850240.7044964413
850240.7044964413
850240.7044964413
850240.7044964413
850240.7044964413
850240.7044964413
849876.499457172
849876.499457172
849876.499457172
849876.499457172
849876.499457172
849876.499457172
849876.499457172
849876.499457172
849876.499457172
849876.499457172
849876.499457172
849876.499457172
849876.499457172
849876.499457172
849876.499457172
849876.499457172
849557.7175738494
849557.7175738494
849557.7175738494
849557.7175738494
849557.7175738494
849557.7175738494
849557.7175738494
849557.7175738494
849557.7175738494
849557.7175738494
849557.7175738494
849557.7175738494
849131.372025584
849131.372025584
849131.372025584
849131.372025584
849131.372025584
849131.372025584
849131.372025584
849131.372025584
849131.372025584
849131.372025584
849131.372025584
849131.372025584
849131.372025584
849131.372025584
849131.372025584
849002.3020568093
849002.3020568093
849002.3020568093
849002.3020568093
849002.3020568093
848561.4671077952
848561.4671077952
848246.0393656958
848246.0393656958
848246.0393656958
848246.0393656958
848246.0393656958
848246.0393656958
848246.0393656958
848246.0393656958
848246.0393656958
848246.0393656958
848246.0393656958
848246.0393656958
847964.9812969451
847654.2292881398
847654.2292881398
847654.2292881398
847654.2292881398
847654.2292881398
847654.2292881398
847654.2292881398
847566.8271938958
847109.4213522461
847109.4213522461
847109.4213522461
846970.8347287894
846455.3708177351
846455.3708177351
846167.5731671497
846167.5731671497
846167.5731671497
846167.5731671497
846167.5731671497
845928.172598615
845928.172598615
845928.172598615
845928.172598615
845928.172598615
845928.172598615
845928.172598615
845928.172598615
845181.5811327926
845181.5811327926
845181.5811327926
845181.5811327926
845181.5811327926
845181.5811327926
845181.5811327926
845181.5811327926
845181.5811327926
845181.5811327926
845181.5811327926
845181.5811327926
845181.5811327926
845181.5811327926
845181.5811327926
845181.5811327926
845181.5811327926
845181.5811327926
845181.5811327926
845181.5811327926
845181.5811327926
845181.5811327926
845181.5811327926
844844.53342235
844307.9274162906
844307.9274162906
844307.9274162906
844307.9274162906
844307.9274162906
844213.827314831
844004.778504927
844004.778504927
844004.778504927
844004.778504927
844004.778504927
844004.778504927
844004.778504927
844004.778504927
844004.778504927
844004.778504927
844004.778504927
844004.778504927
844004.778504927
844004.778504927
844004.778504927
844004.778504927
844004.778504927
844004.778504927
843944.3017329755
843796.492419702
843676.8445782291
843676.8445782291
843676.8445782291
843676.8445782291
843676.8445782291
843160.2578150304
843160.2578150304
843160.2578150304
843160.2578150304
843160.2578150304
842987.0105798965
842987.0105798965
842987.0105798965
842987.0105798965
842987.0105798965
842987.0105798965
842987.0105798965
842987.0105798965
842987.0105798965
842987.0105798965
842987.0105798965
842987.0105798965
842987.0105798965
842987.0105798965
842987.0105798965
842987.0105798965
842987.0105798965
842987.0105798965
842987.0105798965
842987.0105798965
842987.0105798965
842987.0105798965
842987.0105798965
842987.0105798965
842987.0105798965
842987.0105798965
842987.0105798965
842987.0105798965
842987.0105798965
842987.0105798965
842987.0105798965
842987.0105798965
842987.0105798965
842987.0105798965
842966.0497115904
842966.0497115904
842966.0497115904
842966.0497115904
842966.0497115904
842966.0497115904
842966.0497115904
842966.0497115904
842966.0497115904
842966.0497115904
842966.0497115904
842966.0497115904
842966.0497115904
842966.0497115904
842966.0497115904
842966.0497115904
842966.0497115904
842966.0497115904
842966.0497115904
842966.0497115904
842966.0497115904
842966.0497115904
842966.0497115904
842966.0497115904
842966.0497115904
842966.0497115904
842966.0497115904
842966.0497115904
842966.0497115904
842966.0497115904
842966.0497115904
842966.0497115904
842966.0497115904
842966.0497115904
842966.0497115904
842966.0497115904
842966.0497115904
842966.0497115904
842966.0497115904
842966.0497115904
842966.0497115904
842966.0497115904
842966.0497115904
842966.0497115904
842966.0497115904
842966.0497115904
842966.0497115904
842966.0497115904
842966.0497115904
842966.0497115904
842966.0497115904
