4488892.609412828
4396042.239227379
4292993.21887688
4219807.607535862
4136928.62048734
4070401.274034183
3976433.0270380666
3897122.099475173
3830028.9483495215
3753716.331111735
3695122.481330811
3637819.561600131
3571944.9238728965
3508163.834920137
3446692.4560262226
3385249.315264443
3331914.033493428
3286131.3491881867
3253485.8324876456
3215216.087821018
3165838.0022637974
3132805.9607827393
3085503.7377144657
3044801.205545604
3008800.006676619
2971267.0289186444
2926921.0869853473
2896370.629994937
2864740.9807096985
2831200.311515966
2801225.344355651
2784861.634127091
2751396.002959715
2713858.427430631
2683045.1595448893
2662581.2374211024
2637592.913112436
2611793.965124628
2592050.7463672906
2569831.9839877635
2551269.1090406
2534202.4375115847
2514700.246123553
2495117.002818321
2474651.0984183056
2456199.302025108
2432609.5965974377
2418903.850592713
2404752.0599974105
2388153.0924114957
2373948.5350399185
2364745.450069653
2356354.0537029756
2345275.995024774
2326055.276603222
2321620.8458034024
2308164.8754083747
2297443.9822413744
2284881.697641922
2265282.649180904
2253274.571183488
2237484.6121242866
2224107.480366638
2207821.095642183
2198193.2493408024
2187902.0563242687
2174336.5884975432
2167130.03760749
2160259.089556846
2159669.4024604964
2142529.813192449
2129603.7203555284
2118996.680844938
2108584.3061545705
2092367.7407154457
2078007.4616855653
2069660.7378602265
2058158.1626625487
2052566.9963365146
2037485.9628560808
2026902.2026544227
2013347.3324936843
2006414.1297585964
2000853.2494614725
1994248.5488979951
1991391.9560644734
1982725.4459987194
1979419.3283562148
1970784.0581856072
1960457.9519636682
1953225.8189963908
1947862.2350226643
1945543.2207580826
1941137.5701520771
1935327.8853504064
1929029.808315957
1923631.8106401404
1919457.642744732
1914337.4767428976
1908169.7628974684
1902647.7259451733
1898495.8978728447
1890564.3277863194
1881925.9298739831
1874258.104519064
1866033.6689595534
1862575.193199314
1857179.306248161
1850228.9151807097
1845989.903186392
1838984.0546519137
1833316.8731151717
1826277.1397338607
1824647.6478326446
1822356.393354051
1817300.4417753443
1814259.8636284098
1813029.1708460911
1809269.5662434988
1805371.3541339962
1803780.8633034374
1798543.2648559096
1793292.1742881332
1787331.5901692978
1786400.4816881549
1782360.9929896714
1778519.6009472157
1775837.6534375935
1771095.120487667
1767999.6258953898
1762849.69287279
1758935.9458288313
1753774.0975223857
1748848.2037296009
1744889.2129306127
1739569.7032801942
1734247.396184607
1729947.0156500072
1725726.7430671207
1722748.4582651802
1717092.3235836346
1713204.8122760076
1709550.9851162434
1708740.553084044
1707585.7918161422
1697370.6696016449
1693691.406180402
1691635.768834695
1686743.4531119848
1686318.5551797622
1685694.4296519267
1684508.6449097432
1673879.2869254476
1670853.294949357
1668230.804337993
1667972.415271446
1665509.1210084753
1662350.7638446325
1658714.889841654
1657466.8646017595
1655694.4297179305
1653459.0777179557
1649423.2540160532
1647082.587725473
1645253.0103438164
1643265.0111820435
1640319.3723906965
1637670.6717550792
1636385.7894992265
1630682.5851338892
1623629.6273317481
1623030.827595172
1621591.3094348325
1617851.7796002831
1616729.787262398
1615013.3928072457
1613481.938818855
1609753.6220426108
1606934.01452264
1604718.6613664126
1601562.2584321816
1601182.650324828
1597986.9051672313
1593645.0400153273
1593114.677757651
1589948.1118613281
1586332.9592324714
1583706.697097751
1581185.9003258343
1580989.7685390497
1579005.3518642671
1576320.3217580498
1572090.9030510888
1568684.8763651075
1568427.6987305437
1566776.5517305548
1564826.8819463952
1561989.2651120953
1561690.4927200899
1560097.3760508602
1557837.8995182242
1554495.155810011
1552371.8228032028
1548760.7922496798
1546415.1009072298
1544052.410822957
1542384.0758177962
1540921.239954296
1540337.4513887414
1539368.7305606976
1533597.7104633455
1532495.762124084
1527829.9701661984
1526018.323689213
1524763.9071568763
1523567.3152231986
1521182.8631685346
1518423.6649624608
1516499.0477472434
1515966.7755933926
1514070.4588723164
1513235.441463476
1511020.9046449233
1509202.8760796494
1507524.5333677772
1504753.6507566958
1504359.5394172145
1502302.569710611
1499436.5917314717
1494929.9078090468
1491651.00318444
1491310.790409233
1490496.0000054194
1488074.079382061
1485203.4416633223
1480853.2706955238
1480501.0285227546
1479633.4503759395
1475693.706044028
1473978.9809912313
1471721.8567931089
1469941.6669306103
1467890.493017329
1466449.9513013936
1464971.0566971253
1462892.65857058
1461580.301286675
1460831.9042918133
1459839.6680987165
1456572.2122079507
1455791.913221426
1454078.0888270317
1448473.800974093
1446305.8851718244
1445637.8354256223
1444860.898187039
1442629.4330260511
1441232.3282014928
1441232.3282014928
1439476.4811122983
1438773.2877930994
1436563.465796311
1435824.3730335627
1435339.3584304017
1433888.4708741382
1431074.4408115498
1427849.4946524468
1425743.4042057856
1425743.4042057856
1423739.523711289
1422540.70674221
1421638.4820635216
1421352.2458929713
1419066.6085380618
1419066.6085380618
1418147.3789690158
1416518.8759145243
1415878.7925966312
1414389.0990275803
1414229.9650071436
1412827.447446183
1412343.5831150739
1411867.085727032
1408466.1675223443
1407343.1694196751
1406787.9933605383
1405377.1584669226
1404012.782159918
1404012.782159918
1403577.2137212078
1403577.2137212078
1403115.5611115796
1401601.2005381903
1400508.6103260526
1398621.5544226512
1398621.5544226512
1397689.1313378424
1397035.4248824774
1395953.3002202904
1394394.994279648
1393918.3335108743
1393080.582149638
1391814.1175282653
1390771.036887453
1389211.0833393394
1389027.3311710302
1385498.3060902087
1384459.2495423348
1383321.7350480817
1381926.524985191
1381791.5652833967
1381714.511772866
1380701.5126841464
1378599.078647161
1377916.8055106546
1376120.1947650425
1376120.1947650425
1375493.4199973755
1375102.9058291102
1374954.3772195417
1374311.2186972168
1373750.9576509907
1373445.7712941533
1371714.764278394
1370972.064268048
1369535.1412968754
1369224.2798478426
1369224.2798478426
1368052.6283022913
1365680.4328225546
1365551.1124243326
1365304.1448011259
1364887.293140503
1364266.0313430876
1363236.4708275753
1363156.8990361756
1363095.0515291123
1362563.4532928816
1362499.4983890774
1360959.8136114774
1359725.5176363564
1358829.4631370709
1357787.0214790208
1355439.807567628
1355084.4468797047
1354725.8988528964
1351970.5011985223
1349726.8907692952
1349155.4185778962
1348141.6377710542
1345077.541410946
1344783.0887515105
1344783.0887515105
1342451.9481495316
1340936.591586775
1340204.1781325273
1339504.1819612852
1339504.1819612852
1339060.1645900789
1338408.8022353086
1338408.8022353086
1338028.267164777
1337729.931422926
1336725.2058109527
1335637.942780159
1334978.302186293
1333904.1743395496
1333490.644935486
1332852.4991813747
1332826.3601420769
1332006.1905525255
1331478.6718730875
1330298.6297868935
1328409.0561210103
1327308.0688547879
1325927.438303589
1325081.8386098268
1324266.8332813182
1323646.7581054685
1322648.4706157635
1321374.287839824
1321135.501746824
1319666.557758427
1319666.557758427
1319476.5409253538
1317965.744589883
1316735.613554857
1316049.0153888506
1314956.3014331395
1314956.3014331395
1314561.7007019427
1313960.183411926
1312406.515182112
1311749.4028586973
1310017.3606329137
1309647.9578202344
1308916.4973814117
1308757.5870286028
1308673.8307699142
1308506.0079944395
1308109.8682714184
1308109.8682714184
1307732.7152930663
1306813.4035419645
1305630.164302026
1304784.0941935135
1303979.519602103
1302630.4061217317
1302630.4061217317
1301357.946609186
1300921.216774296
1299628.1188242522
1298772.7043392947
1297057.9388930593
1296301.7333130243
1296143.6908417398
1295745.4338196511
1295715.453795487
1295624.1258791164
1295558.4583275823
1295449.9085647445
1292213.25469252
1291901.406754211
1291901.406754211
1291623.3744158684
1290664.789802477
1289727.910872997
1289090.222517925
1288961.013692581
1287626.1654315116
1287626.1654315116
1287226.0243518068
1286655.2708054134
1286037.5827355222
1283305.2474564086
1282572.6785856718
1282429.443030221
1282053.5505359434
1279901.3930829968
1279321.1209464085
1277986.4266469227
1276700.8696573288
1274780.5413382757
1274745.7799034882
1273056.1893731505
1273056.1893731505
1272493.4354462274
1271726.6866435404
1270917.2986632558
1270834.9499029026
1270630.2321928185
1270381.5356811387
1269309.8086966083
1269269.5744456605
1267611.754429579
1267608.6732556229
1266758.3469835243
1266758.3469835243
1266758.3469835243
1265021.7833936766
1264789.7164540784
1264789.7164540784
1264789.7164540784
1264789.7164540784
1264660.2007918234
1264650.9944704627
1264650.9944704627
1263752.5100699589
1262707.9969163593
1261583.6859442072
1260506.8688602394
1260454.768190655
1259777.2764431552
1259743.3145278455
1259743.3145278455
1259587.8065940924
1258262.822922388
1258262.822922388
1258262.822922388
1257175.3061586856
1256832.8788516936
1255768.011754332
1255768.011754332
1254583.3832395198
1254444.3560787365
1253575.967894375
1253253.2880765623
1252738.3787964485
1252302.357190838
1252035.2005571518
1250169.1814957324
1249469.8624320163
1249469.8624320163
1249026.6273689682
1248719.7964135432
1248222.5862390078
1248222.5862390078
1247448.1265128246
1247448.1265128246
1246967.3155055377
1245772.643440445
1244655.6343259187
1243455.6029779508
1243027.4646107662
1242811.5450461311
1242238.5738086253
1241440.5863065291
1241440.5863065291
1241321.9833502555
1241321.9833502555
1240350.8263112223
1240350.8263112223
1240350.8263112223
1239205.2031344385
1238469.9820454095
1237207.3310385996
1236198.2279664483
1236022.4919076944
1235589.7046988837
1234867.19818945
1233135.550088189
1232581.5989693962
1232581.5989693962
1231853.229871232
1231853.229871232
1231086.9644647124
1230806.7669299063
1230806.7669299063
1230327.12370909
1230219.5690301098
1230219.5690301098
1230219.5690301098
1228471.8815127006
1227923.9198314138
1226450.5961414524
1226450.5961414524
1225493.3831527466
1225353.996652814
1225055.5086278259
1224097.8820408224
1224097.8820408224
1224026.1520111635
1223861.803476292
1223664.4694613223
1222885.6712507927
1222885.6712507927
1222653.1070805483
1221974.2410599706
1221974.2410599706
1220367.717912414
1220286.3818623347
1219258.8694843012
1219258.8694843012
1219051.4643598497
1217547.6368924677
1217547.6368924677
1216213.3454777854
1214966.9948309066
1214054.1177877723
1212407.7452620976
1212003.9010745306
1212003.9010745306
1210101.7582564184
1208915.4730049034
1208915.4730049034
1208782.4998997552
1207773.402167275
1207773.402167275
1207773.402167275
1206778.571586484
1206343.7870767352
1206011.7353692264
1204590.0439127916
1204567.7550383108
1204366.790914265
1204366.790914265
1204366.790914265
1203648.1916758548
1203648.1916758548
1202976.4677108708
1202976.4677108708
1202954.1460455833
1202233.6990419917
1201914.7125701776
1201653.9278236548
1201653.9278236548
1201089.1389581056
1200948.5997546786
1200767.0058917813
1200731.9933442925
1199895.3427666165
1198522.5878777585
1198418.7308726497
1196595.8525483722
1194684.523289128
1193746.8756280052
1193567.1757269471
1192630.193089479
1191965.1880010208
1191011.9519740567
1191011.9519740567
1191011.9519740567
1191011.9519740567
1189075.1134202543
1188626.379973121
1188191.2108047665
1186837.5656759704
1186725.7065128624
1186178.5106967841
1186178.5106967841
1185111.9178763563
1185111.9178763563
1185111.9178763563
1184763.3555965216
1184315.6888300688
1184315.6888300688
1184315.6888300688
1183659.9157034075
1183659.9157034075
1183659.9157034075
1183659.9157034075
1183412.1841242164
1183412.1841242164
1183263.7745150705
1182877.1574361613
1182877.1574361613
1182043.3817866074
1181099.2262257324
1180095.8392214808
1180095.8392214808
1180095.8392214808
1178835.7015822148
1178515.6571353232
1178515.6571353232
1178515.6571353232
1177149.9011111904
1177149.9011111904
1176624.059272827
1176624.059272827
1176166.6662489013
1174784.1307000972
1174784.1307000972
1174784.1307000972
1172849.488195348
1172821.5131931882
1171353.5263020282
1171353.5263020282
1171353.5263020282
1171353.5263020282
1171160.0912041632
1171160.0912041632
1171160.0912041632
1170507.0560318471
1170507.0560318471
1170507.0560318471
1169915.6497269433
1169915.6497269433
1169915.6497269433
1169915.6497269433
1169033.5111484334
1168863.0976413628
1168863.0976413628
1168863.0976413628
1168362.2292179628
1168362.2292179628
1168362.2292179628
1168362.2292179628
1168326.2401136667
1168300.0705908968
1168234.71110942
1168234.71110942
1167916.632980608
1167731.3054469207
1167689.6227341099
1167502.3490361
1167471.8403848887
1166957.8908982608
1166014.444424
1165815.3099730033
1164926.7793348252
1164926.7793348252
1164926.7793348252
1164926.7793348252
1164447.29133513
1163419.7741711221
1162868.838595475
1162868.838595475
1162868.838595475
1161499.6259368758
1161499.6259368758
1161499.6259368758
1161499.6259368758
1160128.234161545
1159750.6723612486
1159750.6723612486
1159042.5725473084
1158259.0551550218
1158214.1330764776
1156880.7566004745
1156880.7566004745
1156879.203325341
1156776.478097632
1156257.6150152313
1155433.3162848852
1155001.1825145376
1155001.1825145376
1155001.1825145376
1154906.3390257526
1154906.3390257526
1153863.0759628625
1153863.0759628625
1153017.8831712394
1152982.7625983167
1152982.7625983167
1152402.3998316368
1152402.3998316368
1152400.147548786
1152400.147548786
1152203.4164541224
1151889.4489806984
1151782.2250667699
1151481.644593928
1151481.644593928
1151461.0671808515
1150574.6018681861
1149411.750697241
1149411.750697241
1149411.750697241
1148707.9260881152
1147271.7971220538
1146820.3837556373
1146758.544443
1146758.544443
1146758.544443
1146548.5339924758
1146173.4759869836
1146173.4759869836
1146173.4759869836
1145966.1550646925
1145391.5227459595
1144485.6063555013
1144449.8544934173
1144449.8544934173
1143925.2730525406
1143925.2730525406
1143245.227175292
1142018.9269730859
1141419.7756409384
1141419.7756409384
1141003.0287386398
1141003.0287386398
1141003.0287386398
1141003.0287386398
1139816.5748767243
1139816.5748767243
1139629.4528950457
1139533.1645516541
1139533.1645516541
1138038.6944637045
1138038.6944637045
1137285.2329665392
1136973.8989133937
1136363.5816329909
1136259.6681877447
1136259.6681877447
1135255.3445848457
1134752.2215250214
1134752.2215250214
1134752.2215250214
1134467.7349509862
1134467.7349509862
1134348.64238761
1134172.4536905475
1134172.4536905475
1134172.4536905475
1133630.8017034072
1133580.2246210426
1133185.0696195094
1132979.416364357
1132979.416364357
1132979.416364357
1132822.3487450713
1132590.7741942988
1132443.7757653543
1132443.7757653543
1132242.3102214753
1132242.3102214753
1131595.2156280447
1130769.5254583945
1130769.5254583945
1129704.1563144615
1129651.9636160254
1128965.0525595476
1128965.0525595476
1128965.0525595476
1128345.9761914618
1128345.9761914618
1128345.8481077163
1128289.292060366
1128289.292060366
1126581.3722524703
1126016.4412519962
1125994.7569182399
1125802.1844851056
1125802.1844851056
1124750.9824481844
1124251.3001159201
1123153.3194520688
1122814.7058693264
1122814.7058693264
1122814.7058693264
1122814.7058693264
1122814.7058693264
1122383.0516923885
1122329.7614909026
1121703.2172231786
1121703.2172231786
1121485.965666317
1121485.965666317
1121485.965666317
1121485.965666317
1121485.965666317
1120792.6679519713
1120724.5289682937
1120588.3870392768
1120260.0437966376
1120260.0437966376
1119792.1349909243
1119792.1349909243
1119792.1349909243
1119747.0132234641
1119747.0132234641
1119747.0132234641
1119747.0132234641
1119457.6071384265
1119457.6071384265
1119113.623047539
1119051.4385271054
1118520.929374729
1117737.9753056518
1117737.9753056518
1117737.9753056518
1117476.5052117135
1117476.5052117135
1117476.5052117135
1117264.037091672
1117264.037091672
1117264.037091672
1117264.037091672
1117264.037091672
1117009.7128460957
1116062.6196820103
1116062.6196820103
1115645.3225538756
1115354.9954819886
1113907.4135323828
1113907.4135323828
1111865.3447718234
1111675.5297679193
1111391.0479586625
1111391.0479586625
1111391.0479586625
1111146.8047357723
1110802.4835702856
1110802.4835702856
1110802.4835702856
1110175.8983061435
1110175.8983061435
1109309.471968267
1107973.621049288
1107457.6574373571
1105908.1097992884
1105658.2617633417
1105658.2617633417
1105658.2617633417
1105658.2617633417
1105658.2617633417
1104969.9307647045
1103816.0977920347
1103816.0977920347
1103796.7345298831
1103184.4297475782
1102998.2845972846
1102998.2845972846
1102504.4214920504
1101722.3349688088
1101207.0850623024
1101004.9557626527
1100017.0766185126
1100017.0766185126
1099671.7979537933
1099671.7979537933
1098701.9423371213
1098701.9423371213
1098358.2038795059
1097596.5250299661
1097300.2774229618
1096894.3722327298
1096894.3722327298
1096433.5465569803
1096433.5465569803
1096433.5465569803
1095969.6929881056
1095941.6425898927
1094744.0440509832
1094744.0440509832
1094455.6475409786
1094455.6475409786
1094326.2935936141
1094326.2935936141
1094081.7191321873
1094081.7191321873
1094081.7191321873
1093162.7043473674
1092170.8509871229
1091810.412001343
1091810.412001343
1091810.412001343
1091550.7850196874
1091550.7850196874
1091550.7850196874
1091061.4238275294
1090615.5640094006
1090615.5640094006
1090615.5640094006
1090592.235513587
1090027.4139501858
1089336.93662633
1089336.93662633
1089168.4086836162
1089168.4086836162
1089168.4086836162
1089143.0589199977
1088621.9580443394
1088621.9580443394
1088621.9580443394
1088621.9580443394
1088613.418174319
1086662.3366527131
1086662.3366527131
1086662.3366527131
1086655.2442517348
1086558.9247002155
1086558.9247002155
1086558.9247002155
1086540.7965075232
1086540.7965075232
1086431.429724841
1086431.429724841
1086431.429724841
1086431.429724841
1086403.6212202476
1085996.065809683
1085386.9464340997
1085024.6035490064
1085024.6035490064
1083793.3379289415
1083793.3379289415
1083793.3379289415
1083793.3379289415
1083793.3379289415
1083793.3379289415
1083793.3379289415
1083313.649826786
1083313.649826786
1083019.5846790462
1082586.1964576156
1082586.1964576156
1082586.1964576156
1082532.282470405
1082532.282470405
1082532.282470405
1082523.1622338481
1081977.071486461
1081671.724889285
1081671.724889285
1081104.1583162488
1081104.1583162488
1081054.8399606983
1080520.4789704173
1080520.4789704173
1080145.4840440445
1080145.4840440445
1080145.4840440445
1079281.233871577
1078318.3339969516
1078318.3339969516
1078318.3339969516
1077935.8658796684
1077935.8658796684
1077935.8658796684
1077702.627739415
1077702.627739415
1077702.627739415
1077702.627739415
1077407.434352716
1075611.3321573483
1075440.2299325955
1075440.2299325955
1075285.2837947241
1075285.2837947241
1075105.67791095
1075105.67791095
1075105.67791095
1075105.67791095
1075105.67791095
1075105.67791095
1075105.67791095
1075105.67791095
1075105.67791095
1075105.67791095
1074854.6364256477
1074854.6364256477
1074565.6567240502
1074543.216815719
1073840.6255083254
1073743.1278686454
1073671.429003953
1073534.3392555523
1073240.6324155526
1072316.0184117556
1072316.0184117556
1072316.0184117556
1072260.3250614689
1072260.3250614689
1072260.3250614689
1071377.1851190215
1071298.762985891
1071298.762985891
1071298.762985891
1071298.762985891
1071298.762985891
1071298.762985891
1071017.7583984686
1071017.7583984686
1070574.976965628
1070574.976965628
1070574.976965628
1070574.976965628
1070574.976965628
1069959.5664705709
1069532.1348498114
1069439.241514586
1069439.241514586
1069223.2234729142
1069223.2234729142
1068898.306018073
1068898.306018073
1068898.306018073
1068816.3432681866
1068816.3432681866
1067725.4547602802
1067668.5565060433
1067668.5565060433
1067668.5565060433
1067588.08603309
1067588.08603309
1066650.3895152574
1066650.3895152574
1066480.372277556
1066158.3616053425
1065104.223717008
1065104.223717008
1065104.223717008
1065104.223717008
1065104.223717008
1064809.872123278
1064701.386629722
1064436.9904891404
1064411.4418440391
1064411.4418440391
1064403.0277977216
1064010.4167178692
1062572.7439202778
1062572.7439202778
1062082.2810831144
1061739.0682472012
1061739.0682472012
1060736.5587562015
1060460.3614370963
1059718.800020342
1059307.6075007212
1058835.098276444
1058781.3544756207
1058374.5899872112
1058374.5899872112
1058374.5899872112
1058374.5899872112
1058374.5899872112
1057608.6936588944
1057129.377108989
1057129.377108989
1055496.3661935993
1054841.9487400944
1054841.9487400944
1054841.9487400944
1054841.9487400944
1054841.9487400944
1054841.9487400944
1054738.0403778465
1054738.0403778465
1054738.0403778465
1054738.0403778465
1054100.2645884627
1053727.1577752575
1053462.144721414
1053462.144721414
1052254.293009194
1052254.293009194
1052254.293009194
1051756.6478720747
1051756.6478720747
1051756.6478720747
1051756.6478720747
1050726.3019025945
1050580.3038689706
1050221.0345602888
1050221.0345602888
1049906.6201776408
1049180.629691111
1049180.629691111
1048345.4945727082
1048345.4945727082
1048141.7873191654
1048141.7873191654
1048141.7873191654
1048141.7873191654
1048123.9150893121
1048054.1208625586
1048054.1208625586
1048054.1208625586
1047551.4385850682
1047551.4385850682
1047551.4385850682
1047551.4385850682
1047551.4385850682
1047551.4385850682
1047551.4385850682
1047370.8068586912
1047370.8068586912
1047370.8068586912
1047370.8068586912
1047370.8068586912
1046872.9662752401
1046872.9662752401
1046588.2176740894
1046516.3247406312
1046235.6291222472
1045671.8191986032
1045359.4240079506
1045282.70997575
1044858.2498117458
1044644.1681471961
1044635.1177231295
1044635.1177231295
1043570.2967308267
1043332.8273454374
1043332.8273454374
1043332.8273454374
1043332.8273454374
1043292.2650077638
1043292.2650077638
1042858.185476901
1042858.185476901
1042858.185476901
1042858.185476901
1042095.4611533213
1042095.4611533213
1041483.3136363071
1041483.3136363071
1041483.3136363071
1041208.4827633569
1041208.4827633569
1041208.4827633569
1040913.052717488
1040913.052717488
1040913.052717488
1040913.052717488
1040913.052717488
1040913.052717488
1040635.2694270012
1040635.2694270012
1040635.2694270012
1040635.2694270012
1040635.2694270012
1040368.3860805912
1040368.3860805912
1040316.6922760974
1040155.6923710186
1039559.5868601621
1038267.3402095247
1038267.3402095247
1038230.8281135511
1038230.8281135511
1038230.8281135511
1038230.8281135511
1038230.8281135511
1037871.248486757
1037095.4469875495
1037095.4469875495
1036435.8798923814
1036433.9396957746
1036433.9396957746
1036433.9396957746
1036067.5655590714
1036067.5655590714
1036067.5655590714
1036067.5655590714
1036067.5655590714
1036067.5655590714
1036067.5655590714
1035403.4986391064
1035403.4986391064
1035403.4986391064
1035403.4986391064
1035403.4986391064
1035132.8445043926
1034899.1048921327
1034899.1048921327
1034670.2688626619
1034670.2688626619
1033720.0104754304
1033720.0104754304
1033248.9455987964
1032549.5848592223
1032549.5848592223
1032549.5848592223
1032549.5848592223
1032436.0662005376
1032436.0662005376
1032153.7180484526
1031851.9407668156
1031553.45876968
1031553.45876968
1031543.4875473399
1031259.6127032046
1031259.6127032046
1031259.6127032046
1030953.4342900715
1030953.4342900715
1030953.4342900715
1030953.4342900715
1030953.4342900715
1030953.4342900715
1030771.9057212763
1030771.9057212763
1030105.3905367838
1030105.3905367838
1030105.3905367838
1030105.3905367838
1029729.1260472572
1029729.1260472572
1029062.1291339841
1029062.1291339841
1029062.1291339841
1029062.1291339841
1029062.1291339841
1028753.3217932067
1028753.3217932067
1028753.3217932067
1028753.3217932067
1028523.4446177122
1028523.4446177122
1028523.4446177122
1028461.471477992
1028461.471477992
1028461.471477992
1028207.3244569178
1028052.8638188025
1028052.8638188025
1027759.0653708923
1026942.9630063067
1026697.312518284
1026697.312518284
1026365.4725995923
1026365.4725995923
1026365.4725995923
1026248.7937542731
1025577.068798296
1024638.097446087
1024546.7282777561
1024475.9478886656
1024475.9478886656
1023936.8327380156
1023887.3162361616
1023887.3162361616
1023560.9617036919
1023560.9617036919
1023560.9617036919
1023560.9617036919
1023560.9617036919
1023547.3232008343
1023547.3232008343
1023547.3232008343
1023547.3232008343
1023547.3232008343
1023547.3232008343
1023547.3232008343
1023547.3232008343
1023274.6871884014
1023274.6871884014
1023274.6871884014
1023274.6871884014
1023274.6871884014
1023274.6871884014
1023274.6871884014
1023274.6871884014
1023274.6871884014
1023274.6871884014
1023088.769833422
1023088.769833422
1022666.3868576554
1022666.3868576554
1022666.3868576554
1022419.6443174746
1022419.6443174746
1021988.8348128049
1021988.8348128049
1021988.8348128049
1021788.1117684867
1021788.1117684867
1021788.1117684867
1021782.8982328041
1020632.5654175904
1020632.5654175904
1019840.853117489
1019786.3327536999
1019786.3327536999
1019786.3327536999
1019786.3327536999
1019786.3327536999
1019214.513095644
1019214.513095644
1019214.513095644
1018916.0988309176
1018916.0988309176
1018916.0988309176
1018621.1587293816
1018621.1587293816
1018621.1587293816
1018621.1587293816
1018621.1587293816
1018281.6978809678
1018281.6978809678
1018281.6978809678
1018281.6978809678
1018213.1845925972
1017977.1050554563
1017977.1050554563
1017977.1050554563
1017977.1050554563
1017977.1050554563
1017485.2704990413
1017485.2704990413
1017442.3431861899
1017442.3431861899
1016906.7404001041
1016906.7404001041
1016480.859416462
1016480.859416462
1016157.6583817035
1015783.1927148763
1015688.8369278343
1015688.8369278343
1015688.8369278343
1015688.8369278343
1015688.8369278343
1015688.8369278343
1015453.5136297697
1015260.6862623697
1015260.6862623697
1014750.6223347494
1014750.6223347494
1014750.6223347494
1014750.6223347494
1014356.0484599434
1014356.0484599434
1014213.024249748
1013965.9493653993
1013853.7682215149
1013853.7682215149
1013853.7682215149
1013380.6556757311
1013380.6556757311
1013147.0696277234
1012926.6648664954
1012257.8862575619
1011996.5438572814
1011316.6454538868
1011316.6454538868
1011316.6454538868
1011316.6454538868
1011316.6454538868
1010336.1059628646
1010336.1059628646
1009723.503727156
1009723.503727156
1009723.503727156
1009723.503727156
1009723.503727156
1009723.503727156
1009486.3492504403
1009337.6672408411
1009337.6672408411
1009337.6672408411
1009337.6672408411
1009061.0577426561
1009061.0577426561
1009061.0577426561
1009061.0577426561
1009061.0577426561
1009047.9465687276
1008966.0063261949
1008966.0063261949
1008480.0053753018
1008235.5123030297
1008235.5123030297
1008235.5123030297
1007579.1733837137
1007579.1733837137
1006335.3491320616
1006335.3491320616
1005682.778438149
1005508.9423546906
1005508.9423546906
1005508.9423546906
1005508.9423546906
1005508.9423546906
1005508.9423546906
1005333.410153168
1005310.7503222923
1005310.7503222923
1005310.7503222923
1005310.7503222923
1005310.7503222923
1004761.8369773285
1004761.8369773285
1004528.9670087771
1004528.9670087771
1004528.9670087771
1003423.3259757828
1003130.4644504513
1003130.4644504513
1003130.4644504513
1003130.4644504513
1003130.4644504513
1003130.4644504513
1003130.4644504513
1003130.4644504513
1001587.548008515
1001587.548008515
1001587.548008515
1001587.548008515
1001587.548008515
1001182.475610884
1000897.7223928886
1000897.7223928886
1000897.7223928886
1000897.7223928886
1000498.1196615279
1000498.1196615279
1000235.886015996
1000235.886015996
1000016.9856266924
1000016.9856266924
1000016.9856266924
999778.7704832851
999778.7704832851
999386.28945333
999386.28945333
999386.28945333
999386.28945333
998750.9282433693
998750.9282433693
998301.9541997308
998290.6053794746
998290.6053794746
998290.6053794746
998290.6053794746
997882.760241935
997466.856500545
997383.2892643162
997128.2193739492
996414.9751411506
996414.9751411506
996414.9751411506
995902.1529084011
995902.1529084011
995902.1529084011
995902.1529084011
995695.1310176533
995682.614047212
995682.614047212
995682.614047212
995485.8892914278
995276.0187984222
995257.8003854505
995257.8003854505
995257.8003854505
995257.8003854505
995257.8003854505
995257.8003854505
995257.8003854505
995257.8003854505
995257.8003854505
994330.552833175
993190.1256234689
993190.1256234689
993190.1256234689
992950.6453793943
992950.6453793943
992950.6453793943
992950.6453793943
992950.6453793943
992604.973324026
992450.2408476667
992309.5752622087
992194.6699288067
992194.6699288067
991338.0028909065
990852.4484981771
990852.4484981771
990707.4502622088
990021.4422163835
990021.4422163835
990021.4422163835
989904.884876573
989335.1797564123
989335.1797564123
989335.1797564123
988651.9576425861
988651.9576425861
988651.9576425861
988651.9576425861
988651.9576425861
988560.3742816955
988560.3742816955
988384.9225502696
988384.9225502696
988384.9225502696
988183.3743005791
988183.3743005791
988183.3743005791
988183.3743005791
987778.8165000968
987778.8165000968
987778.8165000968
987778.8165000968
987778.8165000968
987778.8165000968
986888.5851165788
986888.5851165788
986573.0876700097
985636.7016130672
985636.7016130672
985636.7016130672
985636.7016130672
985483.9239996576
985483.9239996576
985483.9239996576
985483.9239996576
985483.9239996576
985483.9239996576
985037.1614152768
985037.1614152768
984869.6618468743
984869.6618468743
983897.2370687239
983754.2249959481
983754.2249959481
983370.110384083
982996.2802620656
982664.6125129667
982664.6125129667
981966.3973483262
981787.4869660604
981787.4869660604
981787.4869660604
980959.3068242737
980959.3068242737
980959.3068242737
980959.3068242737
980736.7365385883
980736.7365385883
980736.7365385883
980736.7365385883
980543.323623767
980453.3723897233
980453.3723897233
979805.3282713536
979805.3282713536
979731.6540070408
979441.0169336168
979441.0169336168
979243.3277239794
979243.3277239794
978958.0897784979
978958.0897784979
978958.0897784979
978958.0897784979
978657.8566083551
978657.3095093443
978657.3095093443
978277.316594402
978277.316594402
978277.316594402
978203.5132289692
977813.78690225
977458.04122636
976911.5329640447
976911.5329640447
976911.5329640447
976363.9818671898
976363.9818671898
976363.9818671898
976024.7105113504
976024.7105113504
975716.5330849929
975716.5330849929
974155.0706395053
974056.2618766862
973710.4528764649
973616.8124289911
973616.8124289911
973616.8124289911
973616.8124289911
973616.8124289911
973439.3446881273
973439.3446881273
973439.3446881273
973405.0562898326
973263.5120905178
973263.5120905178
973263.5120905178
973263.5120905178
973254.1008633461
973254.1008633461
973219.3620977667
973219.3620977667
973219.3620977667
973219.3620977667
972357.5561411857
972207.2196515934
972207.2196515934
972059.0050396998
972059.0050396998
972059.0050396998
972059.0050396998
972059.0050396998
972059.0050396998
970947.3140173971
970118.931881199
970118.931881199
970118.931881199
970118.931881199
970118.931881199
969467.988071192
969467.988071192
969467.988071192
969467.988071192
969180.1044390479
969180.1044390479
969180.1044390479
969180.1044390479
968411.3555362107
968411.3555362107
968411.3555362107
968411.3555362107
968411.3555362107
968411.3555362107
968411.3555362107
968411.3555362107
967907.8166410081
967732.3634142193
967732.3634142193
967732.3634142193
967732.3634142193
967732.3634142193
967732.3634142193
967732.3634142193
966233.2238754658
966233.2238754658
966233.2238754658
966233.2238754658
966233.2238754658
965902.5811329051
965902.5811329051
965851.8245386861
965851.8245386861
965851.8245386861
965851.8245386861
965851.8245386861
965851.8245386861
965851.8245386861
965851.8245386861
965851.8245386861
965146.3995514014
965146.3995514014
965146.3995514014
965146.3995514014
964617.4961800211
964617.4961800211
964617.4961800211
964617.4961800211
964617.4961800211
964531.2607392094
964185.7799532874
964185.7799532874
964185.7799532874
963990.8151973046
963723.7473530476
962769.1450704437
962769.1450704437
962769.1450704437
962769.1450704437
962769.1450704437
962513.0127252664
962513.0127252664
962513.0127252664
962513.0127252664
962513.0127252664
962413.3934935036
962413.3934935036
962317.8874594977
961774.0988789739
961774.0988789739
961774.0988789739
961633.2989705484
961633.2989705484
961633.2989705484
961166.8675314309
961166.8675314309
960619.315882352
960414.5187962783
960414.5187962783
960414.5187962783
960414.5187962783
960258.40647255
960152.5098414968
960152.5098414968
959428.1143959083
959428.1143959083
959428.1143959083
959428.1143959083
959404.4124834293
959404.4124834293
959404.4124834293
959404.4124834293
958936.8867168885
958936.8867168885
958936.8867168885
958936.8867168885
958936.8867168885
958646.0925173744
958111.5962754008
958111.5962754008
956786.6792538747
956786.6792538747
956724.1333268052
956724.1333268052
956724.1333268052
956653.3279589181
956584.2537319756
956380.4491614079
956031.116239353
955937.9762127125
955937.9762127125
955937.9762127125
955937.9762127125
955481.3512943189
955481.3512943189
955481.3512943189
955481.3512943189
955481.3512943189
955481.3512943189
955481.3512943189
955481.3512943189
955481.3512943189
955481.3512943189
955481.3512943189
955481.3512943189
955481.3512943189
955481.3512943189
955481.3512943189
955388.9752674131
955388.9752674131
955388.9752674131
955388.9752674131
955388.9752674131
955381.6881031112
955247.4531529665
955247.4531529665
955247.4531529665
955247.4531529665
955247.4531529665
955247.4531529665
955247.4531529665
955247.4531529665
955247.4531529665
954784.613653417
954408.4717410859
954408.4717410859
954408.4717410859
954345.479978876
954345.479978876
954345.479978876
953821.0640042735
953194.644686501
953194.644686501
953054.7213858985
953054.7213858985
952846.7882857188
952846.7882857188
952846.7882857188
952456.5936575332
952456.5936575332
952456.5936575332
951788.3423581904
951788.3423581904
951788.3423581904
951082.2174497475
951011.1763847638
951011.1763847638
951011.1763847638
951011.1763847638
951011.1763847638
951011.1763847638
949430.3428415265
949430.3428415265
949430.3428415265
949430.3428415265
949430.3428415265
949430.3428415265
949430.3428415265
949367.6958573253
949367.6958573253
949016.3713524397
949006.5332167612
949006.5332167612
949006.5332167612
949006.5332167612
947975.6938751007
947410.110337317
947410.110337317
947410.110337317
947410.110337317
947409.9810254136
947409.9810254136
947409.9810254136
947409.9810254136
947409.9810254136
947409.9810254136
947409.9810254136
947409.9810254136
947409.9810254136
947409.9810254136
947409.9810254136
947409.9810254136
947409.9810254136
947306.9152787856
947306.9152787856
947306.9152787856
946834.7855184237
946834.7855184237
946834.7855184237
946834.7855184237
946269.8473279355
946269.8473279355
946269.8473279355
946269.8473279355
946269.8473279355
946269.8473279355
946269.8473279355
946269.8473279355
946269.8473279355
946269.8473279355
946269.8473279355
946269.8473279355
946269.8473279355
946269.8473279355
946014.4901607687
945329.1899569426
945329.1899569426
945329.1899569426
945329.1899569426
945329.1899569426
944553.7291789274
944553.7291789274
944553.7291789274
944553.7291789274
944553.7291789274
944553.7291789274
944553.7291789274
944553.7291789274
944553.7291789274
944510.714197634
944416.0392363972
944416.0392363972
944416.0392363972
944416.0392363972
944416.0392363972
944416.0392363972
944416.0392363972
944416.0392363972
944416.0392363972
944233.7756950709
944233.7756950709
944104.9716409191
944104.9716409191
944104.9716409191
944104.9716409191
944104.9716409191
944104.9716409191
944104.9716409191
944104.9716409191
944104.9716409191
944104.9716409191
944104.9716409191
944056.6174920236
944056.6174920236
944056.6174920236
944056.6174920236
944056.6174920236
944056.6174920236
944056.6174920236
944056.6174920236
943496.6890180382
943496.6890180382
943259.3385464667
943197.610044573
943197.610044573
943197.610044573
943130.5176110071
942783.0251584318
942783.0251584318
942783.0251584318
942783.0251584318
942783.0251584318
942783.0251584318
942783.0251584318
942783.0251584318
942783.0251584318
942783.0251584318
942783.0251584318
942783.0251584318
942783.0251584318
942783.0251584318
942783.0251584318
942783.0251584318
942783.0251584318
942657.1165036752
942657.1165036752
942608.2744788053
942608.2744788053
942608.2744788053
942608.2744788053
942608.2744788053
942156.2653449234
942156.2653449234
942156.2653449234
942156.2653449234
942156.2653449234
942156.2653449234
941797.3994381414
941784.1677207241
941587.3868949681
941587.3868949681
941587.3868949681
941587.3868949681
941492.5575510216
941492.5575510216
941374.079601822
941374.079601822
941374.079601822
941374.079601822
941110.3091100834
941110.3091100834
941110.3091100834
941110.3091100834
941110.3091100834
941110.3091100834
941110.3091100834
941110.3091100834
940994.3292083282
940994.3292083282
940994.3292083282
940883.4542684292
940883.4542684292
940883.4542684292
940883.4542684292
940772.0903461932
940684.7454378187
940523.890241456
940523.890241456
940523.890241456
940523.890241456
940523.890241456
940523.890241456
940523.890241456
940084.7000783134
939799.13252328
939799.13252328
939799.13252328
939799.13252328
939799.13252328
939799.13252328
939166.1905754791
939166.1905754791
939151.9522368931
938886.0699203648
938886.0699203648
938886.0699203648
938886.0699203648
938834.3829139973
938834.3829139973
938834.3829139973
938717.9998485475
938717.9998485475
938717.9998485475
938717.9998485475
938251.8534681911
938081.6291900754
937780.7147317433
937780.7147317433
937437.9386608587
937437.9386608587
937161.373389805
937018.6493472679
937018.6493472679
937018.6493472679
937018.6493472679
937018.6493472679
937018.6493472679
937018.6493472679
937018.6493472679
937018.6493472679
937018.6493472679
936639.6733072073
936639.6733072073
936639.6733072073
936639.6733072073
936401.8522693013
936401.8522693013
936401.8522693013
936401.8522693013
936401.8522693013
936401.8522693013
936401.8522693013
936401.8522693013
936401.8522693013
935681.0694215153
935681.0694215153
935681.0694215153
935347.4658521861
935347.4658521861
935347.4658521861
935347.4658521861
935347.4658521861
935212.0748944734
935212.0748944734
934694.0550019514
933985.4098812465
933985.4098812465
933985.4098812465
933985.4098812465
933833.3860061844
933833.3860061844
933833.3860061844
933833.3860061844
933833.3860061844
933833.3860061844
933833.3860061844
933833.3860061844
933239.6946061736
933239.6946061736
933239.6946061736
933239.6946061736
933217.9883655831
932471.0190196731
932471.0190196731
932471.0190196731
932471.0190196731
932471.0190196731
932471.0190196731
932117.3379548052
931705.9954496729
931705.9954496729
931705.9954496729
931705.9954496729
931705.9954496729
931705.9954496729
931705.9954496729
931705.9954496729
931581.4369057114
931234.5971699362
931234.5971699362
931112.8985631884
931112.8985631884
931112.8985631884
930949.6142925348
930716.5032156997
930716.5032156997
930716.5032156997
930716.5032156997
930716.5032156997
930712.2046833189
930712.2046833189
930712.2046833189
930712.2046833189
930712.2046833189
930712.2046833189
930712.2046833189
930608.9550882669
930608.9550882669
930608.9550882669
930608.9550882669
930608.9550882669
930594.0835607022
930594.0835607022
930594.0835607022
930594.0835607022
930594.0835607022
930594.0835607022
930594.0835607022
930594.0835607022
930594.0835607022
930594.0835607022
930594.0835607022
930594.0835607022
930594.0835607022
930248.3771067521
929772.457024687
929772.457024687
929463.0915042972
929463.0915042972
929463.0915042972
929463.0915042972
929463.0915042972
929463.0915042972
928935.0843900566
928935.0843900566
928935.0843900566
928666.1407499698
928420.6607035786
928420.6607035786
928289.179690268
928289.179690268
928289.179690268
928289.179690268
927750.7510148642
927662.2257894342
927411.7687641834
927411.7687641834
927411.7687641834
927411.7687641834
927219.8090466021
927219.8090466021
927219.8090466021
927219.8090466021
927219.8090466021
927219.8090466021
926517.7361347491
926517.7361347491
926517.7361347491
926517.7361347491
926517.7361347491
925155.1053693307
925155.1053693307
924946.3034632646
924828.1465146106
924828.1465146106
924828.1465146106
924828.1465146106
924828.1465146106
924185.2916932274
923437.215723919
923304.5698997746
923304.5698997746
923304.5698997746
923304.5698997746
923304.5698997746
923304.5698997746
923304.5698997746
923304.5698997746
923304.5698997746
923304.5698997746
923304.5698997746
923304.5698997746
923304.5698997746
923304.5698997746
923304.5698997746
923304.5698997746
923177.8894398934
922816.1727353197
922816.1727353197
922816.1727353197
922816.1727353197
922816.1727353197
922816.1727353197
922816.1727353197
922790.284484246
922790.284484246
922572.1437017493
922572.1437017493
922000.6822577885
922000.6822577885
922000.6822577885
921921.0733054674
921003.9140251793
921003.9140251793
921003.9140251793
921003.9140251793
921003.9140251793
921003.9140251793
921003.9140251793
921003.9140251793
921003.9140251793
921003.9140251793
921003.9140251793
920700.6350303823
920700.6350303823
920700.6350303823
920462.2669358081
920462.2669358081
920462.2669358081
920462.2669358081
920462.2669358081
920462.2669358081
920462.2669358081
920426.4552193756
920426.4552193756
920426.4552193756
920426.4552193756
920426.4552193756
920426.4552193756
920426.4552193756
920426.4552193756
920426.4552193756
920426.4552193756
920288.5156709747
920288.5156709747
920228.4402352003
920034.4275396961
920034.4275396961
920034.4275396961
920034.4275396961
920034.4275396961
920034.4275396961
920034.4275396961
920034.4275396961
920034.4275396961
920034.4275396961
920034.4275396961
920034.4275396961
920034.4275396961
920034.4275396961
920034.4275396961
920034.4275396961
920034.4275396961
920034.4275396961
919546.8705356001
919546.8705356001
919546.8705356001
919546.8705356001
919546.8705356001
919546.8705356001
919546.8705356001
919546.8705356001
919546.8705356001
919546.8705356001
919546.8705356001
919546.8705356001
919546.8705356001
919546.8705356001
919546.8705356001
918979.9186706448
918979.9186706448
918979.9186706448
918979.9186706448
918979.9186706448
918979.9186706448
918979.9186706448
918776.235453059
918299.5454427574
917670.4879780607
917670.4879780607
917670.4879780607
917670.4879780607
917670.4879780607
917670.4879780607
917670.4879780607
917670.4879780607
917670.4879780607
917670.4879780607
917548.0571979834
917548.0571979834
917548.0571979834
917459.6092378179
917190.8256285104
917190.8256285104
917190.8256285104
916515.3708134746
916515.3708134746
915794.1432947374
915794.1432947374
915794.1432947374
915794.1432947374
915794.1432947374
915794.1432947374
915484.5703447273
915389.9607472765
915165.7093950988
915165.7093950988
913881.5400451755
913881.5400451755
913653.5973370943
913653.5973370943
913653.5973370943
913653.5973370943
913236.2436705583
913236.2436705583
912548.1480421552
912489.9759644733
912489.9759644733
912489.9759644733
912489.9759644733
912489.9759644733
912489.9759644733
912489.9759644733
912489.9759644733
912489.9759644733
912489.9759644733
912489.9759644733
912489.9759644733
912489.9759644733
912489.9759644733
912489.9759644733
912489.9759644733
912489.9759644733
912489.9759644733
912489.9759644733
912489.9759644733
912489.9759644733
911776.1935513979
911610.9646086784
911610.9646086784
911610.9646086784
911610.9646086784
911610.9646086784
911610.9646086784
911002.0212361705
911002.0212361705
911002.0212361705
911002.0212361705
911002.0212361705
911002.0212361705
910673.8603322232
910673.8603322232
910673.8603322232
910673.8603322232
910673.8603322232
910673.8603322232
910673.8603322232
910673.8603322232
910673.8603322232
910602.9020188148
910602.9020188148
910602.9020188148
910107.170474288
910107.170474288
910107.170474288
909572.5233775482
909572.5233775482
909572.5233775482
909183.8851534376
909183.8851534376
909183.8851534376
909183.8851534376
909183.8851534376
909183.8851534376
909183.8851534376
909183.8851534376
909183.8851534376
909183.8851534376
909183.8851534376
909183.8851534376
909183.8851534376
909183.8851534376
909183.8851534376
909183.8851534376
909183.8851534376
909183.8851534376
909183.8851534376
909183.8851534376
909183.8851534376
909183.8851534376
909183.8851534376
908565.5949605792
908565.5949605792
907687.3293974851
907687.3293974851
907687.3293974851
907687.3293974851
907628.2218912453
907628.2218912453
907628.2218912453
907628.2218912453
907623.5319571631
907623.5319571631
907623.5319571631
907623.5319571631
907623.5319571631
907623.5319571631
907623.5319571631
907592.0569839935
907592.0569839935
907333.018819242
907195.480415405
907195.480415405
907195.480415405
907195.480415405
907195.480415405
907195.480415405
907195.480415405
907195.480415405
907078.7473693294
907078.7473693294
907078.7473693294
906987.1110568084
906987.1110568084
906987.1110568084
906655.4934713969
906655.4934713969
906655.4934713969
906655.4934713969
906655.4934713969
906655.4934713969
906626.6705982295
906626.6705982295
906626.6705982295
906626.6705982295
906626.6705982295
906314.2532576874
906314.2532576874
906314.2532576874
906314.2532576874
906314.2532576874
906314.2532576874
906314.2532576874
906314.2532576874
906314.2532576874
906314.2532576874
906314.2532576874
906314.2532576874
906314.2532576874
906314.2532576874
906314.2532576874
906314.2532576874
906314.2532576874
906314.2532576874
906314.2532576874
906314.2532576874
906314.2532576874
906297.3612284655
906297.3612284655
906297.3612284655
906297.3612284655
906297.3612284655
906297.3612284655
906297.3612284655
906297.3612284655
906297.3612284655
906297.3612284655
906297.3612284655
906297.3612284655
906186.7416331838
906186.7416331838
906186.7416331838
906015.0927543341
906015.0927543341
906015.0927543341
905779.4592909077
905779.4592909077
904936.2148662203
904794.8223076356
904794.8223076356
904794.8223076356
904794.8223076356
904780.7357513709
904780.7357513709
904780.7357513709
904780.7357513709
904780.7357513709
904780.7357513709
904780.7357513709
904780.7357513709
904562.9959434974
904562.9959434974
904562.9959434974
903273.643973829
903273.643973829
903212.28639695
903212.28639695
903212.28639695
903212.28639695
903212.28639695
902175.0906154761
902118.3556367601
902118.3556367601
902118.3556367601
902118.3556367601
901720.5799568708
901720.5799568708
901720.5799568708
901720.5799568708
901720.5799568708
901720.5799568708
901720.5799568708
901555.9237511564
901555.9237511564
901555.9237511564
901292.2335581111
901292.2335581111
901292.2335581111
901100.7146836615
901100.7146836615
899801.4480995866
899801.4480995866
899614.3763794488
899481.0413170796
899481.0413170796
899481.0413170796
899481.0413170796
898797.6874462167
898797.6874462167
898797.6874462167
898797.6874462167
898325.8500656778
898325.8500656778
898325.8500656778
897884.5182895162
897884.5182895162
897884.5182895162
897884.5182895162
897784.0595324705
897784.0595324705
897450.0432848113
897450.0432848113
897328.7225285618
897328.7225285618
897328.7225285618
897328.7225285618
897328.7225285618
897328.7225285618
897328.7225285618
897328.7225285618
897328.7225285618
897270.8158853806
897270.8158853806
897270.8158853806
897270.8158853806
897270.8158853806
897270.8158853806
897270.8158853806
897270.8158853806
897270.8158853806
897270.8158853806
897270.8158853806
897270.8158853806
897270.8158853806
897270.8158853806
897270.8158853806
897270.8158853806
897270.8158853806
897270.8158853806
896887.5697768802
896887.5697768802
896887.5697768802
896887.5697768802
896887.5697768802
896887.5697768802
896887.5697768802
896887.5697768802
896887.5697768802
896887.5697768802
896887.5697768802
896887.5697768802
896887.5697768802
896887.5697768802
896887.5697768802
896887.5697768802
896887.5697768802
896887.5697768802
896639.8022308804
896639.8022308804
896639.8022308804
896639.8022308804
896639.8022308804
896639.8022308804
896639.8022308804
896639.8022308804
896639.8022308804
896639.8022308804
896521.1591777857
896521.1591777857
896521.1591777857
896521.1591777857
896521.1591777857
896521.1591777857
896521.1591777857
896521.1591777857
896521.1591777857
896299.3381441851
896299.3381441851
896299.3381441851
896299.3381441851
896299.3381441851
896299.3381441851
896299.3381441851
896299.3381441851
896299.3381441851
896299.3381441851
896299.3381441851
896201.9528078772
896201.9528078772
896201.9528078772
895731.8063906123
895731.8063906123
895731.8063906123
895731.8063906123
895731.8063906123
895546.8691051019
895176.0244326044
895176.0244326044
895076.8360794948
895076.8360794948
895076.8360794948
895076.8360794948
895076.8360794948
895076.8360794948
895076.8360794948
895076.8360794948
895076.8360794948
895076.8360794948
895076.8360794948
895076.8360794948
895076.8360794948
895076.8360794948
895076.8360794948
895076.8360794948
895076.8360794948
895076.8360794948
895076.8360794948
894868.5714854251
894868.5714854251
894868.5714854251
894868.5714854251
894868.5714854251
894868.5714854251
894868.5714854251
894868.5714854251
894868.5714854251
894868.5714854251
894868.5714854251
894868.5714854251
894868.5714854251
894868.5714854251
894830.4288750316
894830.4288750316
894830.4288750316
894830.4288750316
894830.4288750316
894830.4288750316
894830.4288750316
894830.4288750316
894830.4288750316
894830.4288750316
894830.4288750316
894830.4288750316
894830.4288750316
894830.4288750316
894830.4288750316
894830.4288750316
894830.4288750316
894830.4288750316
894830.4288750316
894830.4288750316
894636.8809477511
894636.8809477511
894636.8809477511
894636.8809477511
894636.8809477511
894636.8809477511
894622.3223051571
894622.3223051571
894622.3223051571
894622.3223051571
894622.3223051571
894248.6446723213
894248.6446723213
894248.6446723213
894248.6446723213
894248.6446723213
894181.7736557836
893616.8805688363
893450.5740367542
893450.5740367542
893450.5740367542
893450.5740367542
893450.5740367542
893450.5740367542
893450.5740367542
893450.5740367542
893450.5740367542
893450.5740367542
893450.5740367542
893428.7662343935
893428.7662343935
893428.7662343935
893428.7662343935
893428.7662343935
893428.7662343935
893428.7662343935
893173.1853480951
893173.1853480951
893173.1853480951
893173.1853480951
893173.1853480951
893173.1853480951
893173.1853480951
893173.1853480951
892866.2257072763
892866.2257072763
892866.2257072763
892866.2257072763
892866.2257072763
892866.2257072763
892866.2257072763
892866.2257072763
892866.2257072763
892866.2257072763
892866.2257072763
892866.2257072763
892866.2257072763
892866.2257072763
892866.2257072763
892572.2896681777
892572.2896681777
892082.9447937331
892082.9447937331
892082.9447937331
892082.9447937331
892082.9447937331
892082.9447937331
892082.9447937331
892082.9447937331
892082.9447937331
892082.9447937331
892082.9447937331
892082.9447937331
892082.9447937331
892082.9447937331
892082.9447937331
892082.9447937331
892082.9447937331
892082.9447937331
892082.9447937331
891862.4426624664
891862.4426624664
891862.4426624664
891862.4426624664
891862.4426624664
891013.9716736543
891013.9716736543
891013.9716736543
891013.9716736543
891013.9716736543
891013.9716736543
890815.9953863695
890815.9953863695
890815.9953863695
890815.9953863695
890815.9953863695
890815.9953863695
890815.9953863695
890815.9953863695
890815.9953863695
890700.9606174128
890700.9606174128
890700.9606174128
890700.9606174128
890700.9606174128
890700.9606174128
890700.9606174128
890345.3448445317
890345.3448445317
890345.3448445317
890074.5200414218
890074.5200414218
890074.5200414218
890057.0638732438
889827.943744825
889827.943744825
889827.943744825
889827.943744825
889010.9926403167
889010.9926403167
889010.9926403167
889010.9926403167
889010.9926403167
889010.9926403167
889010.9926403167
889010.9926403167
889010.9926403167
889010.9926403167
888956.0041857902
888956.0041857902
888956.0041857902
888956.0041857902
888956.0041857902
888947.3866238699
888770.7129018027
888770.7129018027
888770.7129018027
888770.7129018027
888716.7312884859
888421.4050998106
888273.7344112372
888273.7344112372
888273.7344112372
888273.7344112372
888273.7344112372
888273.7344112372
887810.9552601147
887809.3729739732
887809.3729739732
887809.3729739732
887678.2004398894
887678.2004398894
887678.2004398894
887678.2004398894
887678.2004398894
887678.2004398894
887678.2004398894
887678.2004398894
887678.2004398894
887678.2004398894
887453.6535705714
887453.6535705714
887453.6535705714
887307.2864584731
887284.126996551
887284.126996551
887284.126996551
887284.126996551
887284.126996551
887284.126996551
887284.126996551
887284.126996551
887284.126996551
887284.126996551
887284.126996551
887284.126996551
887092.7301836393
887092.7301836393
887092.7301836393
887092.7301836393
887092.7301836393
887092.7301836393
887092.7301836393
887092.7301836393
887092.7301836393
887092.7301836393
887092.7301836393
887092.7301836393
887092.7301836393
887092.7301836393
886990.5831938774
886990.5831938774
886990.5831938774
886990.5831938774
886990.5831938774
886990.5831938774
886990.5831938774
886944.0177336449
886944.0177336449
886944.0177336449
886658.6226931594
886658.6226931594
886658.6226931594
886555.6073137012
886555.6073137012
886555.6073137012
886555.6073137012
886555.6073137012
886555.6073137012
886555.6073137012
886555.6073137012
886555.6073137012
886555.6073137012
886555.6073137012
886555.6073137012
886555.6073137012
886270.1894714541
886270.1894714541
886270.1894714541
886270.1894714541
886270.1894714541
886143.7627165702
886143.7627165702
886143.7627165702
886143.7627165702
886143.7627165702
886143.7627165702
886143.7627165702
886143.7627165702
885640.745359443
885640.745359443
885640.745359443
885640.745359443
885640.745359443
885640.745359443
885640.745359443
885640.745359443
885640.745359443
885176.3617853499
885176.3617853499
885176.3617853499
885176.3617853499
885176.3617853499
885176.3617853499
885176.3617853499
885176.3617853499
885176.3617853499
885176.3617853499
885176.3617853499
885176.3617853499
885176.3617853499
885176.3617853499
885176.3617853499
885176.3617853499
885176.3617853499
885176.3617853499
885176.3617853499
885176.3617853499
885176.3617853499
885176.3617853499
885017.776465151
885017.776465151
885017.776465151
885017.776465151
885017.776465151
885017.776465151
885017.776465151
885017.776465151
885017.776465151
885017.776465151
885017.776465151
885017.776465151
885017.776465151
884988.5340544467
884988.5340544467
884988.5340544467
884970.6947988239
884638.370607535
884638.370607535
884638.370607535
884638.370607535
884167.6741532432
884167.6741532432
884167.6741532432
884167.6741532432
884167.6741532432
884167.6741532432
884167.6741532432
884167.6741532432
884027.9185879705
884027.9185879705
883914.2052517382
883847.0038090426
883847.0038090426
883094.7696790937
883094.7696790937
883094.7696790937
883094.7696790937
882689.3142198382
882689.3142198382
882689.3142198382
882689.3142198382
882635.8712892032
882635.8712892032
882635.8712892032
882635.8712892032
882635.8712892032
882635.8712892032
882635.8712892032
882635.8712892032
880791.4768443257
880791.4768443257
880791.4768443257
880653.3384666513
880653.3384666513
880653.3384666513
880653.3384666513
880653.3384666513
880557.2981956895
880557.2981956895
880557.2981956895
880557.2981956895
880557.2981956895
880557.2981956895
880557.2981956895
880557.2981956895
880557.2981956895
880159.5765039983
880159.5765039983
880159.5765039983
880159.5765039983
880159.5765039983
880159.5765039983
880159.5765039983
880159.5765039983
880159.5765039983
880159.5765039983
879989.545231344
879989.545231344
879989.545231344
879989.545231344
879989.545231344
879989.545231344
879784.9764430118
879784.9764430118
879656.305078764
879656.305078764
879656.305078764
879656.305078764
879656.305078764
879489.2029616927
879489.2029616927
879489.2029616927
879489.2029616927
878954.8394272012
878954.8394272012
878954.8394272012
878954.8394272012
878954.8394272012
878954.8394272012
878829.6419728474
878829.6419728474
878677.0989718644
878677.0989718644
878677.0989718644
878677.0989718644
878677.0989718644
878677.0989718644
878677.0989718644
878677.0989718644
878677.0989718644
878677.0989718644
878677.0989718644
878677.0989718644
878677.0989718644
878677.0989718644
878677.0989718644
878677.0989718644
878677.0989718644
878677.0989718644
878677.0989718644
878677.0989718644
878677.0989718644
878677.0989718644
878677.0989718644
878632.2611469396
878632.2611469396
878632.2611469396
878632.2611469396
878632.2611469396
878632.2611469396
878632.2611469396
878579.2904514521
878579.2904514521
878579.2904514521
878579.2904514521
878579.2904514521
878376.606252874
878376.606252874
878376.606252874
878376.606252874
878376.606252874
878376.606252874
877735.566677355
877735.566677355
877735.566677355
877735.566677355
877735.566677355
877735.566677355
877735.566677355
877694.3194394247
877694.3194394247
877694.3194394247
877694.3194394247
877694.3194394247
877694.3194394247
877694.3194394247
877694.3194394247
877694.3194394247
877694.3194394247
877694.3194394247
877694.3194394247
877694.3194394247
877694.3194394247
877694.3194394247
877694.3194394247
877694.3194394247
877694.3194394247
877694.3194394247
877694.3194394247
877694.3194394247
877694.3194394247
877694.3194394247
877694.3194394247
877692.7154702623
877552.3614168677
877552.3614168677
877552.3614168677
877532.4497511804
877532.4497511804
877532.4497511804
877532.4497511804
877407.8768841072
877407.8768841072
877407.8768841072
877407.8768841072
876740.332087528
876740.332087528
876740.332087528
876680.5439111171
876680.5439111171
876680.5439111171
876300.5447291569
876300.5447291569
876300.5447291569
876300.5447291569
876300.5447291569
876300.5447291569
876300.5447291569
876102.330147106
876102.330147106
876102.330147106
876102.330147106
876102.330147106
876102.330147106
876102.330147106
876102.330147106
876102.330147106
876102.330147106
876102.330147106
876102.330147106
876087.282290923
876087.282290923
876087.282290923
876087.282290923
876087.282290923
876087.282290923
876087.282290923
876087.282290923
876087.282290923
876087.282290923
876087.282290923
876087.282290923
876087.282290923
876087.282290923
875792.2299164565
875792.2299164565
875792.2299164565
875792.2299164565
875792.2299164565
875792.2299164565
875792.2299164565
875407.6089890269
875407.6089890269
875407.6089890269
875407.6089890269
875407.6089890269
875407.6089890269
875407.6089890269
875407.6089890269
875407.6089890269
875407.6089890269
875407.6089890269
875407.6089890269
875407.6089890269
875407.6089890269
875407.6089890269
875407.6089890269
875407.6089890269
875407.6089890269
875407.6089890269
875407.6089890269
875407.6089890269
875407.6089890269
875407.6089890269
875407.6089890269
875407.6089890269
875407.6089890269
875146.7660520461
875146.7660520461
875146.7660520461
875146.7660520461
874989.5384791245
874989.5384791245
874989.5384791245
874989.5384791245
874989.5384791245
874989.5384791245
874989.5384791245
874989.5384791245
874989.5384791245
874989.5384791245
874597.1598942521
874597.1598942521
874597.1598942521
874597.1598942521
874597.1598942521
874597.1598942521
874597.1598942521
874498.5215436192
874498.5215436192
874498.5215436192
874498.5215436192
874231.935360778
873671.0792053356
873671.0792053356
873671.0792053356
873671.0792053356
873671.0792053356
873671.0792053356
873653.5103234769
873653.5103234769
873653.5103234769
873653.5103234769
873653.5103234769
873653.5103234769
873653.5103234769
873653.5103234769
873653.5103234769
873653.5103234769
873454.7430908312
873454.7430908312
873454.7430908312
872664.4276304641
872664.4276304641
872664.4276304641
872664.4276304641
872664.4276304641
872563.773143446
872563.773143446
872563.773143446
872563.773143446
872543.0023794158
871897.3573896287
871897.3573896287
871897.3573896287
871897.3573896287
871897.3573896287
871897.3573896287
871897.3573896287
871897.3573896287
871897.3573896287
871897.3573896287
871897.3573896287
871897.3573896287
871897.3573896287
871897.3573896287
871897.3573896287
871897.3573896287
871625.3272436268
871625.3272436268
871625.3272436268
871625.3272436268
871625.3272436268
871625.3272436268
871625.3272436268
871625.3272436268
871625.3272436268
871513.5598915651
871392.2331602729
871392.2331602729
871392.2331602729
871392.2331602729
871392.2331602729
871392.2331602729
871392.2331602729
871392.2331602729
871392.2331602729
871392.2331602729
871251.8679279858
871251.8679279858
871251.8679279858
870996.7361460684
870996.7361460684
870996.7361460684
870996.7361460684
870996.7361460684
870414.9529763865
870395.5208529804
870395.5208529804
870395.5208529804
870395.5208529804
870395.5208529804
870395.5208529804
870395.5208529804
870395.5208529804
870395.5208529804
870395.5208529804
870395.5208529804
869897.8248637901
869897.8248637901
869897.8248637901
869639.5393201103
869639.5393201103
869639.5393201103
869639.5393201103
869639.5393201103
869639.5393201103
869639.5393201103
869346.2300499607
869346.2300499607
869346.2300499607
869346.2300499607
869346.2300499607
869346.2300499607
869286.2533746741
869286.2533746741
869286.2533746741
869102.6262814814
869102.6262814814
869102.6262814814
869102.6262814814
869102.6262814814
869102.6262814814
869047.4790535583
869047.4790535583
869047.4790535583
869047.4790535583
869047.4790535583
869047.4790535583
869047.4790535583
869047.4790535583
869047.4790535583
869047.4790535583
869047.4790535583
869047.4790535583
869047.4790535583
869047.4790535583
869047.4790535583
869047.4790535583
869047.4790535583
869047.4790535583
869047.4790535583
869047.4790535583
869047.4790535583
869047.4790535583
869047.4790535583
869047.4790535583
869047.4790535583
869047.4790535583
869047.4790535583
868841.5517384503
868841.5517384503
868841.5517384503
868841.5517384503
868841.5517384503
868841.5517384503
868841.5517384503
868841.5517384503
868841.5517384503
868841.5517384503
868841.5517384503
868841.5517384503
868834.8777842203
868834.8777842203
868834.8777842203
868834.8777842203
868834.8777842203
868834.8777842203
868834.8777842203
868834.8777842203
868834.8777842203
868834.8777842203
868834.8777842203
868834.8777842203
868834.8777842203
868834.8777842203
868834.8777842203
868834.8777842203
868834.8777842203
868834.8777842203
868834.8777842203
868834.8777842203
868834.8777842203
868834.8777842203
868834.8777842203
868834.8777842203
868834.8777842203
868470.9114755248
868470.9114755248
868470.9114755248
868188.0186146079
868188.0186146079
867710.2560275145
867710.2560275145
867598.3314920951
867598.3314920951
867598.3314920951
867598.3314920951
867598.3314920951
867598.3314920951
867598.3314920951
866833.6800217238
866833.6800217238
866833.6800217238
866833.6800217238
866833.6800217238
866733.3741497842
866560.2607441016
866560.2607441016
866560.2607441016
866560.2607441016
866560.2607441016
866560.2607441016
866560.2607441016
866560.2607441016
865881.3171256231
865881.3171256231
865881.3171256231
865881.3171256231
865881.3171256231
865881.3171256231
865881.3171256231
865881.3171256231
865881.3171256231
865881.3171256231
865881.3171256231
865881.3171256231
865881.3171256231
865881.3171256231
865881.3171256231
865523.3047027192
865523.3047027192
865523.3047027192
865523.3047027192
865523.3047027192
865523.3047027192
865523.3047027192
865523.3047027192
865523.3047027192
865523.3047027192
865523.3047027192
865523.3047027192
865523.3047027192
865523.3047027192
865523.3047027192
865523.3047027192
865523.3047027192
865523.3047027192
865523.3047027192
865523.3047027192
865523.3047027192
865523.3047027192
865523.3047027192
865523.3047027192
865523.3047027192
865523.3047027192
865523.3047027192
865523.3047027192
865034.6304845996
865034.6304845996
865034.6304845996
865034.6304845996
865034.6304845996
865034.6304845996
865034.6304845996
865034.6304845996
865034.6304845996
865034.6304845996
865034.6304845996
864508.7478703966
864508.7478703966
864508.7478703966
864508.7478703966
864508.7478703966
864508.7478703966
864028.1075942994
864028.1075942994
864028.1075942994
864028.1075942994
864028.1075942994
864028.1075942994
864028.1075942994
864028.1075942994
864028.1075942994
864028.1075942994
864028.1075942994
864028.1075942994
864028.1075942994
864028.1075942994
864028.1075942994
864028.1075942994
864028.1075942994
863415.4300503936
863415.4300503936
863415.4300503936
863415.4300503936
863380.4268128172
863380.4268128172
863380.4268128172
863380.4268128172
863380.4268128172
863380.4268128172
863331.3940890124
863331.3940890124
863331.3940890124
863331.3940890124
863331.3940890124
863319.7260087428
863319.7260087428
863122.8106624719
863122.8106624719
862994.2190308003
862994.2190308003
862994.2190308003
862994.2190308003
862994.2190308003
862994.2190308003
862994.2190308003
862994.2190308003
862994.2190308003
862994.2190308003
862994.2190308003
862994.2190308003
862994.2190308003
862994.2190308003
862994.2190308003
862681.1342140342
862681.1342140342
862681.1342140342
862681.1342140342
862681.1342140342
862681.1342140342
862681.1342140342
862681.1342140342
862681.1342140342
862681.1342140342
862392.001890793
862392.001890793
862009.6856411165
861781.3147847602
861781.3147847602
861781.3147847602
861781.3147847602
861781.3147847602
861781.3147847602
861781.3147847602
861781.3147847602
861781.3147847602
861781.3147847602
861781.3147847602
861781.3147847602
861781.3147847602
861781.3147847602
861781.3147847602
861781.3147847602
861781.3147847602
861781.3147847602
861781.3147847602
861781.3147847602
861781.3147847602
861781.3147847602
861781.3147847602
861781.3147847602
861781.3147847602
861781.3147847602
861781.3147847602
861781.3147847602
861781.3147847602
861781.3147847602
861781.3147847602
861781.3147847602
861781.3147847602
861517.7570281446
861517.7570281446
861517.7570281446
861517.7570281446
861370.9055005374
861370.9055005374
861370.9055005374
861370.9055005374
861370.9055005374
861370.9055005374
861370.9055005374
861370.9055005374
860961.8061674151
860961.8061674151
860961.8061674151
860848.5056598049
860848.5056598049
860848.5056598049
860280.3299731443
860280.3299731443
860220.2945279147
860220.2945279147
860220.2945279147
860220.2945279147
860220.2945279147
860220.2945279147
860220.2945279147
860220.2945279147
860220.2945279147
860220.2945279147
860220.2945279147
860220.2945279147
860220.2945279147
860220.2945279147
860220.2945279147
860220.2945279147
860220.2945279147
860220.2945279147
860220.2945279147
860220.2945279147
860220.2945279147
860220.2945279147
860220.2945279147
860220.2945279147
860220.2945279147
860220.2945279147
860220.2945279147
860220.2945279147
860220.2945279147
860220.2945279147
860218.9108780262
860218.9108780262
860218.9108780262
860218.9108780262
860218.9108780262
860218.9108780262
860218.9108780262
860218.9108780262
860218.9108780262
860218.9108780262
860218.9108780262
860218.9108780262
860218.9108780262
860218.9108780262
860218.9108780262
860218.9108780262
860218.9108780262
860218.9108780262
860218.9108780262
860218.9108780262
860218.9108780262
860218.9108780262
860218.9108780262
860218.9108780262
860218.9108780262
860218.9108780262
860218.9108780262
860218.9108780262
860218.9108780262
860218.9108780262
860218.9108780262
860218.9108780262
860218.9108780262
860218.9108780262
860218.9108780262
860218.9108780262
860218.9108780262
860218.9108780262
860218.9108780262
860218.9108780262
860218.9108780262
860218.9108780262
860218.9108780262
860218.9108780262
860218.9108780262
860218.9108780262
860218.9108780262
860218.9108780262
860218.9108780262
860218.9108780262
860181.8818760638
860181.8818760638
860181.8818760638
860181.8818760638
860002.1794356663
860002.4989682431
860002.4989682431
859420.5480350025
859420.5480350025
859420.5480350025
859420.5480350025
859420.5480350025
859420.5480350025
859420.5480350025
859420.5480350025
859420.5480350025
859420.5480350025
859420.5480350025
859420.5480350025
859420.5480350025
859420.5480350025
859420.5480350025
859420.5480350025
859420.5480350025
859420.5480350025
859420.5480350025
859306.3639340822
859306.3639340822
859306.3639340822
859306.3639340822
858595.7300229833
858280.9848534208
858079.4716917468
858079.4716917468
858079.4716917468
857865.4142588064
857865.4142588064
857865.4142588064
857865.4142588064
857865.4142588064
857865.4142588064
857865.4142588064
857865.4142588064
857865.4142588064
857865.4142588064
857865.4142588064
857713.0177492155
857587.8596120585
857546.7398593643
857546.7398593643
857546.7398593643
857546.7398593643
857546.7398593643
857250.2399785789
856905.5434520987
856905.5434520987
856905.5434520987
856905.5434520987
856563.7821414608
856563.7821414608
856563.7821414608
856563.7821414608
856563.7821414608
856563.153870636
856563.153870636
856563.153870636
855965.0423618177
855965.0423618177
855965.0423618177
855965.0423618177
855965.0423618177
855965.0423618177
855965.0423618177
855965.0423618177
855965.0423618177
855965.0423618177
855965.0423618177
855965.0423618177
855965.0423618177
855965.0423618177
855965.0423618177
855965.0423618177
855965.0423618177
855965.0423618177
855965.0423618177
855965.0423618177
855965.0423618177
855965.0423618177
855965.0423618177
855965.0423618177
855371.026239295
855371.026239295
854998.9787544403
854998.9787544403
854646.6587818383
854646.6587818383
854646.6587818383
854646.6587818383
854446.0653357571
854446.0653357571
854446.0653357571
854446.0653357571
854446.0653357571
854446.0653357571
854446.0653357571
854446.0653357571
854446.0653357571
854446.0653357571
854446.0653357571
854446.0653357571
854446.0653357571
854446.0653357571
854446.0653357571
854446.0653357571
854446.0653357571
854446.0653357571
854310.8798621002
854310.8798621002
854310.8798621002
854310.8798621002
854310.8798621002
854156.6119881338
854156.6119881338
854156.6119881338
854050.5632715187
854050.5632715187
854050.5632715187
854050.5632715187
854050.5632715187
854050.5632715187
854050.5632715187
854050.5632715187
854050.5632715187
854050.5632715187
854050.5632715187
854050.5632715187
854050.5632715187
854050.5632715187
854050.5632715187
854050.5632715187
854050.5632715187
854050.5632715187
854050.5632715187
854050.5632715187
854050.5632715187
854050.5632715187
854050.5632715187
854050.5632715187
853546.3652277594
853546.3652277594
853546.3652277594
853404.2205013068
853404.2205013068
853404.2205013068
853404.2205013068
853404.2205013068
853404.2205013068
853404.2205013068
853404.2205013068
853140.4690637477
853140.4690637477
853140.4690637477
853140.4690637477
853140.4690637477
853140.4690637477
853140.4690637477
853140.4690637477
853140.4690637477
853140.4690637477
853140.4690637477
853140.4690637477
853140.4690637477
853140.4690637477
853140.4690637477
853140.4690637477
853140.4690637477
853140.4690637477
853140.4690637477
853140.4690637477
853140.4690637477
853140.4690637477
853140.4690637477
853140.4690637477
853140.4690637477
853140.4690637477
853140.4690637477
853140.4690637477
853140.4690637477
853140.4690637477
853140.4690637477
853140.4690637477
853140.4690637477
853140.4690637477
853021.0735592047
853021.0735592047
853021.0735592047
853021.0735592047
853021.0735592047
853021.0735592047
853021.0735592047
852749.8561066601
852749.8561066601
852749.8561066601
852749.8561066601
852749.8561066601
852749.8561066601
852749.8561066601
852749.8561066601
852749.8561066601
852749.8561066601
852749.8561066601
852749.8561066601
852749.8561066601
852749.8561066601
852749.8561066601
852749.8561066601
852749.8561066601
852749.8561066601
852749.8561066601
852749.8561066601
852749.8561066601
852749.8561066601
852749.8561066601
852749.8561066601
852749.8561066601
852749.8561066601
852749.8561066601
852749.8561066601
852749.8561066601
852749.8561066601
852749.8561066601
852749.8561066601
852749.8561066601
852749.8561066601
852749.8561066601
852749.8561066601
852749.8561066601
852749.8561066601
852749.8561066601
852749.8561066601
852749.8561066601
852749.8561066601
852749.8561066601
852689.0745487693
852689.0745487693
852689.0745487693
852689.0745487693
852689.0745487693
852689.0745487693
852689.0745487693
852689.0745487693
852689.0745487693
852689.0745487693
852689.0745487693
852689.0745487693
852689.0745487693
852689.0745487693
852689.0745487693
852689.0745487693
852689.0745487693
852689.0745487693
852689.0745487693
852689.0745487693
852689.0745487693
852689.0745487693
852689.0745487693
852689.0745487693
852689.0745487693
852689.0745487693
852689.0745487693
852689.0745487693
852689.0745487693
852689.0745487693
852689.0745487693
852689.0745487693
852689.0745487693
852689.0745487693
852689.0745487693
852689.0745487693
852689.0745487693
852689.0745487693
852689.0745487693
852689.0745487693
852689.0745487693
852320.9773681053
852320.9773681053
852320.9773681053
852320.9230912592
852320.9230912592
852320.9230912592
852320.9230912592
852320.9230912592
852062.7394333069
852039.1927036375
852039.1927036375
852039.1927036375
852039.1927036375
852039.1927036375
852039.1927036375
852039.1927036375
852039.1927036375
852039.1927036375
852039.1927036375
852039.1927036375
852039.1927036375
852039.1927036375
852039.1927036375
852039.1927036375
852039.1927036375
852039.1927036375
852039.1927036375
852039.1927036375
852039.1927036375
852039.1927036375
852039.1927036375
852039.1927036375
851665.6343382524
851652.7172456309
851652.7172456309
851652.7172456309
851277.349727343
851055.440350181
851055.440350181
851055.440350181
850794.7720424942
850794.7720424942
850410.872412371
850410.872412371
850410.872412371
850410.872412371
850410.872412371
850410.872412371
850410.872412371
850410.872412371
850410.872412371
850410.872412371
850410.872412371
850410.872412371
850410.872412371
850262.9333696943
850262.9333696943
850262.9333696943
850262.9333696943
850262.9333696943
850006.8622648858
850006.8622648858
850006.8622648858
850006.8622648858
849962.0900736512
849962.0900736512
849962.0900736512
849962.0900736512
849962.0900736512
849962.0900736512
849962.0900736512
849962.0900736512
849962.0900736512
849962.0900736512
849962.0900736512
849962.0900736512
849962.0900736512
849962.0900736512
849962.0900736512
849698.939531818
849698.939531818
849698.939531818
849698.939531818
849476.012910286
849476.012910286
849476.012910286
849476.012910286
849476.012910286
849476.012910286
849476.012910286
849476.012910286
849476.012910286
849476.012910286
849406.010369467
849406.010369467
849406.010369467
849406.010369467
849406.010369467
849406.010369467
849406.010369467
849406.010369467
849406.010369467
849406.010369467
849406.010369467
849406.010369467
849139.6968473379
849139.6968473379
849139.6968473379
849007.8258691363
848637.9713741557
848637.9713741557
848637.9713741557
848637.9713741557
848424.8108317521
848424.8108317521
848424.8108317521
848424.8108317521
848424.8108317521
848424.8108317521
847324.024474679
847324.024474679
847324.024474679
847324.024474679
847324.024474679
847324.024474679
847324.024474679
847324.024474679
847324.024474679
847324.024474679
847324.024474679
847324.024474679
847324.024474679
847324.024474679
847324.024474679
847324.024474679
847324.024474679
847324.024474679
847324.024474679
847324.024474679
847324.024474679
847324.024474679
846348.414346768
846348.414346768
846348.414346768
846348.414346768
846348.414346768
846348.414346768
846348.414346768
846348.414346768
846348.414346768
846348.414346768
846348.414346768
846348.414346768
846348.414346768
846348.414346768
845977.5871304171
845977.5871304171
845977.5871304171
845977.5871304171
845977.5871304171
845977.5871304171
845977.5871304171
845977.5871304171
845977.5871304171
845977.5871304171
845977.5871304171
845977.5871304171
845977.5871304171
845086.7108222167
845086.7108222167
845086.7108222167
845086.7108222167
845086.7108222167
845086.7108222167
844725.8935189514
844725.8935189514
844725.8935189514
844645.240320429
844645.240320429
844645.240320429
844645.240320429
844645.240320429
844645.240320429
844645.240320429
844394.9240273027
844394.9240273027
844006.9043846778
844006.9043846778
843677.7615881533
843677.7615881533
843500.3040735892
843207.4744546716
843207.4744546716
843207.4744546716
843207.4744546716
843082.7979427106
843082.7979427106
842323.5448823636
842323.5448823636
842323.5448823636
842323.5448823636
842323.5448823636
842323.5448823636
841839.9537483465
841839.9537483465
841839.9537483465
841839.9537483465
841839.9537483465
841839.9537483465
841839.9537483465
841839.9537483465
841839.9537483465
841839.9537483465
841839.9537483465
841839.9537483465
841839.9537483465
841839.9537483465
841839.9537483465
841839.9537483465
841839.9537483465
841839.9537483465
841839.9537483465
841839.9537483465
841839.9537483465
841839.9537483465
841839.9537483465
841839.9537483465
841839.9537483465
841839.9537483465
841839.9537483465
841384.8444314534
841096.7660995347
841096.7660995347
841096.7660995347
841096.7660995347
841096.7660995347
841096.7660995347
841096.7660995347
841096.7660995347
841096.7660995347
841096.7660995347
841096.7660995347
841096.7660995347
841096.7660995347
841096.7660995347
841096.7660995347
841096.7660995347
841096.7660995347
841096.7660995347
841096.7660995347
841096.7660995347
841096.7660995347
841096.7660995347
841096.7660995347
841096.7660995347
841096.7660995347
840701.1884513238
840701.1884513238
840701.1884513238
840701.1884513238
840701.1884513238
840701.1884513238
840701.1884513238
839840.7533882967
839840.7533882967
839840.7533882967
839840.7533882967
839840.7533882967
839840.7533882967
839840.7533882967
839840.7533882967
839840.7533882967
838303.0250353178
838303.0250353178
838303.0250353178
838303.0250353178
838303.0250353178
838303.0250353178
838303.0250353178
838303.0250353178
838023.3341348062
838023.3341348062
838023.3341348062
838023.3341348062
838023.3341348062
838023.3341348062
838023.3341348062
838023.3341348062
838023.3341348062
838023.3341348062
838023.3341348062
838023.3341348062
838023.3341348062
838023.3341348062
838023.3341348062
838023.3341348062
838023.3341348062
838023.3341348062
838023.3341348062
838023.3341348062
838023.3341348062
837935.2344149208
837935.2344149208
837935.2344149208
837935.2344149208
837919.1494507171
837862.8972308589
837862.8972308589
837862.8972308589
837862.8972308589
837862.8972308589
837804.7704346883
837804.7704346883
837804.7704346883
837484.433493403
837484.433493403
837473.9050292774
837473.9050292774
837473.9050292774
837473.9050292774
837473.9050292774
837473.9050292774
837473.9050292774
837473.9050292774
837059.1372254065
837059.1372254065
837059.1372254065
837059.1372254065
837059.1372254065
837059.1372254065
837059.1372254065
837059.1372254065
837059.1372254065
837059.1372254065
837059.1372254065
837059.1372254065
837059.1372254065
837059.1372254065
837059.1372254065
835981.5869618114
835981.5869618114
835981.5869618114
835834.1757680634
835834.1757680634
835834.1757680634
835834.1757680634
835834.1757680634
835546.964771727
835546.964771727
835546.964771727
835546.964771727
835546.964771727
835546.964771727
835546.964771727
835546.964771727
835546.964771727
835546.964771727
835546.964771727
835546.964771727
835546.964771727
835546.964771727
835546.964771727
835546.964771727
834571.1010875107
834571.1010875107
834571.1010875107
834571.1010875107
834571.1010875107
834571.1010875107
834571.1010875107
834571.1010875107
834571.1010875107
834571.1010875107
834571.1010875107
834571.1010875107
834571.1010875107
834571.1010875107
834571.1010875107
834571.1010875107
834571.1010875107
834571.1010875107
834519.624533932
834519.624533932
834519.624533932
834519.624533932
834519.624533932
834519.624533932
834519.624533932
834519.624533932
834367.2621637859
834367.2621637859
834367.2621637859
834367.2621637859
834367.2621637859
834367.2621637859
832582.1988200769
832582.1988200769
832582.1988200769
832582.1988200769
832582.1988200769
832582.1988200769
832582.1988200769
832568.6358496525
832543.8065318468
832543.8065318468
832543.8065318468
832543.8065318468
832543.8065318468
832543.8065318468
832543.8065318468
832543.8065318468
832543.8065318468
832543.8065318468
832543.8065318468
832543.8065318468
832543.8065318468
832543.8065318468
832538.6331573166
832538.6331573166
832538.6331573166
832538.6331573166
832538.6331573166
832538.6331573166
832538.6331573166
832538.6331573166
832538.6331573166
832538.6331573166
832538.6331573166
832324.9117728918
832324.9117728918
832324.9117728918
832324.9117728918
832112.8340722385
832112.8340722385
832112.8340722385
832112.8340722385
832004.6372836354
832004.6372836354
831888.1209071707
831888.1209071707
831888.1209071707
831888.1209071707
831888.1209071707
831782.1859488953
830665.6691150174
830665.6691150174
830665.6691150174
830665.6691150174
830636.1598822518
830636.1598822518
830636.1598822518
830636.1598822518
830636.1598822518
830268.5484868425
830268.5484868425
830268.5484868425
830268.5484868425
830268.5484868425
830268.5484868425
830268.5484868425
830268.5484868425
830268.5484868425
830268.5484868425
830268.5484868425
830228.6776190381
830228.6776190381
830228.6776190381
829944.7646048003
829944.7646048003
829944.7646048003
829944.7646048003
829944.7646048003
829944.7646048003
829944.7646048003
829944.7646048003
829944.7646048003
829511.9525126471
829511.9525126471
829511.9525126471
829511.9525126471
829511.9525126471
829511.9525126471
829511.9525126471
829511.9525126471
829511.9525126471
829511.9525126471
829511.9525126471
829511.9525126471
829511.9525126471
829511.9525126471
828575.1563803097
828575.1563803097
828575.1563803097
828492.7836005683
828492.7836005683
828492.7836005683
828492.7836005683
828492.7836005683
828492.7836005683
828492.7836005683
828492.7836005683
828492.7836005683
828492.7836005683
828492.7836005683
828492.7836005683
828492.7836005683
828492.7836005683
828328.2091782237
828328.2091782237
828328.2091782237
828196.6144112861
828196.6144112861
828196.6144112861
828196.6144112861
828196.6144112861
828196.6144112861
828196.6144112861
828196.6144112861
828196.6144112861
828196.6144112861
828196.6144112861
828196.6144112861
828196.6144112861
828183.7290148286
828183.7290148286
828183.7290148286
828183.7290148286
828183.7290148286
828183.7290148286
828183.7290148286
828183.7290148286
828183.7290148286
828183.7290148286
828183.7290148286
828183.7290148286
828183.7290148286
828183.7290148286
828183.7290148286
828183.7290148286
828183.7290148286
828183.7290148286
828183.7290148286
828183.7290148286
828183.7290148286
828183.7290148286
828183.7290148286
828183.7290148286
828183.7290148286
827995.5875006483
827995.5875006483
827995.5875006483
827995.5875006483
827995.5875006483
827995.5875006483
827995.5875006483
827995.5875006483
827995.5875006483
827936.9642656795
827936.9642656795
827936.9642656795
827936.9642656795
827841.2964072279
827841.2964072279
827841.2964072279
827841.2964072279
827841.2964072279
827841.2964072279
827841.2964072279
827841.2964072279
827841.2964072279
827841.2964072279
827841.2964072279
827841.2964072279
827841.2964072279
827841.2964072279
827841.2964072279
827841.2964072279
827841.2964072279
827841.2964072279
827841.2964072279
827841.2964072279
827841.2964072279
827841.2964072279
827841.2964072279
827366.7827698931
827366.7827698931
826941.2148018724
826941.2148018724
826941.2148018724
826941.2148018724
826941.2148018724
826941.2148018724
826941.2148018724
826941.2148018724
826941.2148018724
826941.2148018724
826941.2148018724
826941.2148018724
826941.2148018724
826941.2148018724
826941.2148018724
826894.9746361934
826894.9746361934
826894.9746361934
826894.9746361934
826084.5118470687
826084.5118470687
826084.5118470687
826084.5118470687
826084.5118470687
826084.5118470687
826084.5118470687
826084.5118470687
825910.4945325598
825910.4945325598
825910.4945325598
825910.4945325598
825910.4945325598
825910.4945325598
825910.4945325598
825910.4945325598
825910.4945325598
825910.4945325598
825910.4945325598
825910.4945325598
825910.4945325598
825910.4945325598
825910.4945325598
825910.4945325598
825910.4945325598
825910.4945325598
825910.4945325598
825910.4945325598
825910.4945325598
825910.4945325598
825910.4945325598
825910.4945325598
825910.4945325598
825910.4945325598
825910.4945325598
825910.4945325598
825910.4945325598
825910.4945325598
825910.4945325598
825910.4945325598
825910.4945325598
825910.4945325598
825910.4945325598
825910.4945325598
825910.4945325598
825910.4945325598
825910.4945325598
825910.4945325598
825910.4945325598
825910.4945325598
825910.4945325598
825910.4945325598
825910.4945325598
825910.4945325598
825910.4945325598
825910.4945325598
825910.4945325598
825910.4945325598
825910.4945325598
