13304.006945917496
13216.808706155714
13134.371728526246
13079.743398446117
13018.26292709677
12959.431303280762
12906.91878722794
12858.154126764708
12803.47928298712
12759.887492401213
12728.64558308129
12695.388372321935
12655.23493522399
12609.316973182105
12558.753506261048
12525.16514966872
12487.9494666207
12457.76243941504
12428.384004707299
12407.52874155261
12387.921943766323
12369.303969617948
12337.114515787365
12323.090223930085
12307.107456738004
12279.41844710951
12260.99658561005
12253.14507352014
12232.725948427777
12227.826278080758
12214.662045397285
12213.486494029981
12201.186079049763
12181.960990256079
12175.187263734133
12155.930803332707
12153.735284454466
12139.175590636478
12136.813024499908
12131.691184526004
12119.34654911191
12132.103917974984
12126.788827870016
12126.557541209066
12120.053622804908
12118.102879047517
12105.556863668373
12106.901695963783
12104.79602126811
12102.907866701735
12093.027573219131
12090.321701372466
12087.854748917202
12078.18067709431
12076.79772084317
12072.408993295448
12060.285480017215
12051.842664185082
12037.396282483805
12036.927328969796
12025.168844370222
12030.905279980696
12034.686447257936
12022.842036343092
12020.42992740776
12022.294655717067
12024.639132651711
12027.377996520529
12025.486633803994
12037.387017170893
12042.471201537828
12036.757411469305
12041.305920121617
12039.250690925319
12036.06142104746
12042.14109561577
12037.20551365567
12040.962588159953
12042.586914469854
12034.648366239795
12030.909389809542
12033.652775565377
12047.670340377783
12041.380617264716
12045.083438236936
12048.727677960793
12056.194290162524
12052.601140500807
12046.201951760613
12051.602322699955
12049.889977630559
12042.317740938423
12055.809662770207
12049.169901175057
12047.187879361256
12045.583986185806
12040.51513833581
12030.567996771722
12026.121555400116
12021.281494117215
12012.876656260365
12009.605359283858
12007.397246917575
12017.99064590461
12011.05313024357
12009.374479551585
12016.4147687041
12010.500048424114
12010.117780554428
12003.370195146701
11996.644901073532
11993.532050668828
11980.54602837443
11981.150788608851
11993.953297278802
12004.944934847408
12007.340591111992
12019.34833589884
11997.660929744741
11998.170148606068
11995.497740032084
12007.521943795602
12016.23276568601
12013.075147058007
12015.53374735438
12021.877703459846
12034.597569952275
12028.038939137476
12043.607908000244
12048.009321748772
12056.310726387474
12049.528974429053
12042.973697119367
12029.943143073186
12034.012772440234
12025.138100550175
12020.502181256332
12018.71624077655
12027.901513898816
12019.72559372387
12027.198432076038
12028.441506493813
12027.435155207611
12022.84449964347
12021.557475237694
12022.244317958466
12023.12202858087
12032.098690096482
12028.088236503801
12028.442798072438
12026.677985077355
12019.910820388588
12024.546526273654
12021.603309969007
12021.727259584157
12024.421971139764
12016.602906677716
12035.35357799978
12026.995788036802
12034.044231768816
12034.642637903735
12039.953777266062
12042.938203409103
12044.314205673596
12038.160453084553
12033.060672250473
12032.460812080299
12038.375352001669
12046.722456068881
12049.865415097249
12046.490507044686
12042.856390053661
12039.656977575862
12047.481595964215
12051.856542145122
12056.87748888246
12062.556581368191
12064.448219943788
12073.42049209281
12066.783183358206
12067.865645764665
12068.616233467706
12055.792083686938
12049.989051037388
12059.3667438378
12053.089003697487
12058.414583840855
12063.542118206362
12062.342766328627
12055.19624317181
12044.146507056917
12029.752667572846
12026.109412776936
12029.31447202068
12035.181332448767
12032.44161683489
12033.66926650581
12030.029450989017
12037.19406442793
12051.265781664431
12045.664697814955
12036.830109349889
12029.886230131266
12017.72719403416
12010.353245805725
12022.81025400199
12036.579542857835
12032.327755888597
12033.301619646125
12038.6284087354
12045.332176250102
12051.532012359334
12041.158216231484
12036.191497176984
12035.206384533492
12026.822441305932
12022.096068594317
12014.649156112346
12005.76621299475
12014.78231779125
12020.461258873775
12010.036327167694
12019.387512333407
12023.894920594967
12030.918537574493
12036.345205714026
12026.618183508348
12033.547223930822
12037.331067460676
12029.690098175652
12031.833029226063
12030.841125199342
12024.327961202795
12019.50180666172
12014.80350566176
12020.58793133623
12025.965338585005
12027.210775753516
12029.734496364206
12026.69678649887
12020.035935557895
12027.9592005386
12030.679206670104
12035.689352710873
12043.360136830423
12048.885242962235
12052.543228781225
12062.384739222383
12073.186798457871
12074.695431705619
12077.369727287889
12077.864358931296
12070.794812508742
12068.081782091702
12070.515153197917
12079.106966126532
12071.459637715812
12066.210481921215
12062.109192656055
12062.613362369857
12060.29231480863
12051.614055132708
12060.139818224947
12067.596014793766
12064.495360575236
12050.38339288469
12039.47884570507
12037.247181655137
12040.361519865157
12043.830257465906
12032.97993150512
12030.125442620403
12026.90670447166
12033.294047709853
12023.5634707125
12019.448751781449
12018.577455745486
12018.237882848476
12012.650149563065
12014.851556820468
12006.368985964282
12013.638066813784
12011.313991108787
12008.359983164983
12007.942595910887
12016.911384589412
12017.57481878519
12022.13006028036
12028.468026255088
12026.399056477243
12025.912213047533
12020.532139468169
12023.652786508661
12021.862886149447
12034.03609341873
12025.919567432979
12029.061414973105
12023.859869460704
12009.74337692082
12011.042602307263
12019.291016071473
12019.143971238173
12021.404460290207
12019.202329520449
12025.642292356093
12023.672137079853
12023.610796504934
12022.67492147444
12033.955363632876
12034.012270624276
12034.767827342388
12045.69936586448
12030.018909498242
12038.517093841154
12024.228969245987
12024.632364078749
12022.031777800023
12020.24237605498
12009.499741978787
12004.055141452918
11995.453685108403
12000.12273472549
12004.63327359824
12010.573823365405
12015.911105192587
12007.193553621422
12011.144814653442
12005.535325804336
11996.72880606739
11988.406162764335
11988.82526901508
11995.820338126261
11997.640062693703
12007.294652863093
12011.8130119944
12012.946161939748
12007.265330954406
11996.350712118076
12009.099869664491
12007.745250825203
11998.36782445091
11989.046643296322
11984.185705290616
11988.652977314861
11987.150694298456
11996.579204275258
11998.154515201113
12004.221570459704
12008.776313956609
12015.242244028505
12028.508237976283
12037.05879528067
12037.917421869173
12029.732562736954
12023.449926659809
12015.603601870065
12011.048184988906
12019.211655116991
12027.177549358625
12028.015344004481
12028.580952541637
12022.627269346798
12019.667581240117
12019.013390955071
12014.964104844556
12013.36542275337
12018.146265552106
12022.09028311429
12024.014397919926
12036.988906637867
12042.968277368265
12064.770572632806
12062.43625803616
12070.791671138655
12070.570719957232
12069.169119944749
12062.374602081016
12064.029191903835
12069.035910456038
12066.635120933906
12062.479178659712
12065.243693897082
12065.64218694771
12061.639797907095
12062.670162627523
12062.06612388077
12052.04407071566
12048.18206479849
12039.001955942875
12027.306863453185
12026.807096633725
12023.004827362505
12026.624752530332
12027.510239867213
12024.253347210295
12019.277501927452
12017.639268110817
12012.81861466209
12019.333898592868
12017.488257501385
12009.594643853066
12004.118266301613
12011.507239479275
12012.399564748666
12031.362060885493
12028.259740305664
12025.78194034025
12031.625484736423
12042.521547993641
12052.011031600423
12052.296834319484
12048.323671698501
12046.366704418106
12042.125816096646
12038.329758474003
12026.369795893948
12018.047781485187
12019.103860150342
12017.401001853155
12020.155815277989
12015.37054901859
12019.697020048347
12037.870584398588
12053.247866079084
12063.031452485451
12058.990962694617
12052.224309099769
12046.536470646633
12056.088066606291
12048.632025528015
12046.530322167655
12032.127117552096
12039.502464870973
12031.91964308032
12040.267505935783
12050.298402341763
12062.652586854918
12057.549995318279
12041.618496558265
12037.114876889125
12028.005349176487
12027.000720106738
12023.035657454959
12015.017884576464
12004.85330335836
12008.516711238382
12001.548029983385
12006.042984703778
11997.536847428448
12004.03239122714
12021.056111725438
12025.766244316643
12023.3688077472
12026.864566066844
12023.724549789044
12020.61264405559
12031.840806702525
12041.985595632788
12028.161882078852
12023.725752105383
12027.339585402935
12010.833716128735
12004.421025884458
12001.616932448262
12000.067994875471
11991.22248841841
11997.632220182117
11995.505342740384
11994.375071931694
12000.184391594892
12005.508051354649
12013.859600352689
12019.975224877737
12020.113206834732
12018.376370740149
12014.12157037583
12020.34751064868
12020.501113901313
12017.15735348552
12023.07843942284
12025.951643192673
12022.07318686925
12026.663565469218
12018.511783488982
12013.689401330897
12016.692152830576
12012.589090242098
12010.298605815147
12009.108971705686
12003.995151062896
12000.633226300477
11995.510477546895
11997.113424041567
11985.97227029231
11989.968082946796
11982.232673885786
11995.403192719092
11999.432015045288
12003.428460176136
12001.140049984666
12000.870903615178
12000.986860911824
11995.970565319025
12003.557007736787
12000.086249926859
12002.940937118205
12007.541008026357
12022.239946432548
12020.451917342456
12030.340910222743
12021.679754000033
12022.637455436434
12021.343731333433
12023.107488949798
12029.720410649716
12031.998503645731
12037.97122575514
12048.088196009463
12054.106503485636
12055.08903170513
12059.43778437833
12063.904167085642
12067.043781586097
12056.626616286747
12066.537886118545
12055.561805863936
12058.070594833582
12044.96836429825
12042.763786408179
12041.066978602368
12039.484129827875
12034.44022503895
12035.226754300595
12031.503288898863
12028.087161436659
12025.326449070055
12024.571093343868
12032.472387721265
12034.23187283382
12045.819835944822
12042.610949695576
12044.877796043005
12048.257406375622
12055.036681955835
12055.92375674381
12058.878511062392
12058.4362358275
12054.413445489961
12044.512188463017
12032.848360883021
12032.726757808141
12033.566042763407
12020.82330873206
12022.112517121626
12023.956543493106
12026.685310030472
12023.808964513533
12022.966608909419
12029.77770091238
12037.39076980982
12038.445293925663
12039.620467457777
12044.39569811778
12034.643871382263
12044.384952967954
12035.696548119744
12031.750897317577
12031.348713433497
12030.528193262277
12033.291118217558
12046.994131448682
12054.110237425259
12057.886253849374
12043.75179402791
12037.608177422095
12036.09820440372
12046.438127903872
12043.576336156006
12048.530626784337
12054.121502618384
12053.674268509541
12054.994124368324
12056.805900545613
12068.6278094079
12058.568458605445
12062.272923097977
12051.943069445158
12054.728001358293
12063.01037413187
12071.356179002083
12070.617248436905
12062.899903354546
12056.794001234728
12063.048290515
12065.46278602813
12065.219773926208
12056.915795003799
12075.33267893686
12063.946816443196
12062.45534980237
12063.793695540924
12054.533721090611
12046.093823033529
12047.260518263622
12056.236249830821
12070.20551421294
12061.500984405526
12066.1887955678
12070.340220573311
12065.398270919057
12069.129941017003
12065.541511823232
12061.195276577007
12069.195700986438
12066.845212908087
12057.21478710799
12057.259962212232
12051.438675718528
12045.070962599695
12043.71196997291
12045.46480549905
12063.064945980048
12053.927534408114
12048.985147829575
12040.909072583867
12031.262340990881
12028.318014646633
12016.7697359725
12015.047145922092
12018.758953279843
12019.045094280122
12022.853114453366
12027.992603164614
12022.320582353694
12020.151029551243
12019.36775801859
12021.558774915873
12022.442962207571
12030.82217492329
12035.181452712168
12029.170348255408
12012.043599205548
12017.006149080866
12014.518952014812
12020.505104986043
12019.70117965026
12032.698835938245
12028.176050395406
12026.789470538999
12024.552660709702
12030.37368664179
12021.95892486176
12011.81652273493
12008.51765619841
11999.502163624813
12000.720596134346
12001.143052400048
11990.225447853214
11991.8112205974
11994.08379381798
12003.77196905843
12000.249727001374
12009.847377676417
12015.201809776869
12011.17909904869
12006.025404676486
12013.496747320789
12017.480090122202
12027.095410755188
12025.060675923149
12035.692375473776
12037.640099289074
12041.606498837855
12055.239126589051
12039.336492884879
12034.117796286682
12035.310379788683
12028.239714123345
12033.255570075427
12030.875185044928
12030.025216278702
12038.973904064733
12037.678547237334
12041.841405365903
12033.083441118903
12024.87734969499
12017.345414046062
12012.915947437297
12007.380199662291
12017.209366231418
12019.51369093835
12026.070897111564
12033.143223069537
12032.369573984932
12038.768154344389
12048.295881840208
12045.13034022682
12042.300323997813
12037.102716828622
12038.285717657203
12045.990516142649
12046.385649431923
12059.011656364422
12048.962402614237
12039.705044438575
12039.79196974001
12045.882339299964
12042.724517804116
12032.986162495934
12027.3950403795
12019.887650082299
12020.243214115566
12007.994094274909
12005.053100270006
12002.831440789078
12000.440066901374
12010.996946232097
12006.494698991544
12008.082631877998
12002.98975822428
12012.483950850783
12007.496920323778
12008.260901541007
11999.658356701062
12000.732572543988
11997.033358415618
11999.685483529713
11999.748585087867
12010.063905274435
12015.668004697982
12022.606142554972
12027.316435541365
12023.24198335185
12018.383056326657
12010.778369484415
12004.148875404582
12012.761436954446
12012.726889425741
12009.87396928821
12003.50595095789
12013.080418165016
12019.765767830075
12007.55514025038
12006.792077092274
12001.416810988387
12004.607851729546
11998.546332839243
11996.382191542456
12001.251136525207
12003.871332914416
11997.477858087648
11995.878976818836
11996.421524701283
11996.103840544354
11994.636491404086
12005.234972588896
11998.52162195013
11990.367155116019
11986.602890720387
11987.079114114556
11983.402407283495
11979.972766057857
11989.538373489486
12003.986921824908
11996.986842083395
12017.872284994854
12017.7284771444
12023.588991664834
12021.539702168413
12022.317020326656
12018.36251472877
12013.381661797217
12020.42968229952
12025.333840149106
12021.699843595108
12006.8795445219
12001.14438344281
11998.113193402962
11976.546705171642
11969.20338300685
11979.77495547113
11989.765046861834
11995.051511697635
11995.88443913676
11998.12154399004
11999.495463649137
12004.25407200836
12002.189475790889
12007.475181788173
12014.328536481855
12017.869487483678
12019.097355635544
12014.302082527247
12017.25874743018
12026.448037827611
12018.339665218871
12005.498739800885
12014.333920685413
12011.354388727756
12016.127938553076
12011.076286684682
12004.198678032206
12009.844381773893
12008.039422724578
12014.248840311335
12012.318434439898
12010.478230812168
12013.455590615242
12011.696616316589
12013.296816577098
12003.09813304738
12012.121345822698
12012.263550241667
12015.557880413515
12010.008003562969
12024.794674528323
12022.738586294898
12023.399680554903
12022.706566420271
12025.008485475335
12030.447963550247
12029.197059430991
12021.432788067146
12019.123027377744
12021.0300562952
12018.517423653164
12021.033694096868
12028.326427803448
12023.790662942192
12021.539582219324
12027.374050572744
12023.154202305886
12023.166424866911
12025.749057430388
12034.446478929853
12040.967388609854
12043.394300222528
12032.647695452935
12033.925321052324
12028.990250068835
12026.141940305122
12025.389698385356
12024.838483773141
12021.573022722305
12026.285809964142
12027.114340899327
12028.628172524726
12031.454504438761
12023.4102330321
12027.963682265581
12034.047559697665
12034.85987706164
12045.158283079527
12040.679806249547
12045.028340784775
12041.800360274236
12033.41741034502
12037.19357961696
12031.884485298157
12047.787434945514
12052.769866304341
12033.85880203551
12035.736962909756
12027.718267995115
12019.19585179686
12006.200583361451
11999.265658057673
12003.860054155371
12003.95368555112
12008.209688926861
12006.775086813801
11999.020149352113
12001.411712329113
12005.04187496486
12006.840797535442
12004.077313964586
11996.59757245745
11992.307004437916
11989.36226336316
11993.172811123728
11999.04388749442
12005.738982824394
12004.450649875434
12009.86065004567
12010.566974271955
12012.330749562523
12018.921530737056
12009.819802676437
12018.327200293876
12018.92160584922
12027.143600647601
12020.445863576782
12018.074074948356
12011.583912694892
12021.497587635411
12023.358778501635
12022.62012212764
12033.729004229652
12028.044728578097
12036.248963435097
12022.93086213761
12017.159348148938
12016.212651973765
12019.869328606204
12030.441957198438
12034.5358874339
12039.757881404728
12038.055371094104
12044.209770649302
12052.870437212488
12061.591733462183
12045.586992175306
12034.402664806503
12038.321066514927
12045.234372952482
12047.049493830078
12055.295650529652
12044.230378186356
12044.080225329555
12039.829920452208
12039.734088029209
12033.638827458206
12022.83478864133
12026.390958081347
12019.527940431428
12019.687162880306
12018.72450050928
12018.07863619227
12033.515897554076
12041.623945498133
12038.122286059945
12035.520563261443
12030.513784165114
12033.392754894565
12033.535115915669
12028.717795590226
12028.959802495563
12022.098135714361
12016.783457043359
12009.301044835829
12020.131170260629
12012.3666624783
12012.389340037098
12013.120475643922
12015.170739005029
12016.688977350474
12014.39902742345
12004.80932049606
12005.771995589215
11998.95281609282
12015.187847959653
12021.663460004756
12014.39299580699
12005.73234001011
11994.880130957898
12002.667380951756
12003.538665985372
12003.376033789402
12005.91126138818
11996.892709823558
11993.852432912998
11998.369463921457
11994.719219106764
11989.07535812286
11985.863203075001
11983.619409852145
11985.88103762335
11995.853767243712
11986.547688726896
11988.118660328326
11989.92443853968
11983.299366449543
11998.053762346393
11983.578976576719
11985.341026008377
11973.588591707878
11971.633645044749
11980.74019598106
11982.92873492476
11987.823823822342
11986.64235157218
11985.74259614591
11977.80702597693
11986.813514360405
11981.094812193542
11988.513450192071
11993.512605343636
11997.202564197942
12002.013298341793
12004.345261635832
12015.318349990983
12018.505395159067
12013.036604633387
12021.614540502966
12003.307325984522
12014.246322475909
12005.020019611442
12004.096936670503
12007.734912167498
12017.197842683428
12019.90781544807
12003.29006368333
11996.380434891784
11994.414150510198
12005.17501569039
11995.960014355913
11994.752264613613
11985.979142745771
11995.104413658748
11996.884094726607
12002.878753380402
12011.099791051332
12012.683663794807
12016.28084646954
12015.162220286635
12023.349369546848
12023.459970064654
12021.735541938211
12029.894118877099
12042.13385606894
12035.962928223566
12032.026930800632
12029.657747422902
12016.186426913016
12016.282199660778
12022.95833477616
12035.01269402288
12029.387022961466
12036.268121098143
12038.182532464
12035.828775121132
12039.036618305829
12035.032899391652
12029.723658879491
12019.706986479612
12018.48438179495
12029.673416658383
12038.755915640697
12036.834144629327
12023.850669030127
12014.252136386973
12008.673599024198
12004.408714172234
11996.368038650482
11992.333851411851
11991.481040677869
11986.684697790108
11985.248521808442
11984.404752282871
11990.22947484369
11987.832444019265
11979.294762013584
11994.283389907476
11989.494110487813
11996.499200870881
11991.855383104714
12001.452115383578
12003.764110670116
11998.515031463565
12013.132569121582
12004.309016942552
12005.542819192797
12004.987492888475
11997.815800231912
11993.92422804632
12001.995184491603
11994.389534188853
11997.643149111553
11996.07301889577
11992.460881829185
11990.81932276635
11987.912467046935
11978.934265354335
11980.661113738062
11981.146800771452
11976.75379472157
11979.309048436106
11985.45249580546
11990.123334325835
11991.481799461259
11978.733906032852
11983.489913930143
11978.670184003455
11978.210544004694
11984.080925540024
11984.294226808324
11984.676237387728
11980.041184734644
11983.301510592526
11989.252631650006
11993.730728901297
11998.012414055014
12003.225762325794
12011.665243026488
12012.935789127554
12015.121931488442
12028.510432447123
12022.464114715904
12023.826381794634
12015.635941587712
12017.471578686866
12024.9281565835
12034.329664263032
12032.220494338879
12041.474034262359
12033.833653057882
12033.314197772317
12031.331388380288
12013.766526417847
12020.938254582961
12021.829244100249
12021.199932360838
12022.439320357917
12019.486630829639
12016.1592355038
12020.831852508723
12021.762225383534
12026.707164146714
12025.2491463588
12018.967686149103
12023.501493132015
12013.034084980713
12008.36538601703
12018.469977135974
12020.523242935626
12034.705598444187
12036.185760193915
12032.16774013362
12025.91936067601
12025.023092482857
12014.272142272024
12013.795812329743
12003.3015934096
12001.506940034451
11994.684356309317
11999.225825605328
11997.266381303612
12000.42621526374
11993.585621849226
11989.351440126959
11993.535810583144
12000.498360540307
11994.238013138387
12000.700561552192
12002.461841606331
11994.395393060928
11994.315607224904
11991.261701992044
11998.701062842412
12008.147287522923
12010.260696048324
12006.618425314613
12002.417112738278
12005.021718043463
11997.670477543874
11993.58025803479
11985.836494758641
11983.366812818578
11983.334195307207
11993.746063505136
11997.160030441295
11992.864039323991
12004.381723318449
12007.410826352556
12013.967796930407
12005.89350253644
12008.350204616334
12013.037406186357
12020.874976323805
12016.353649334773
12021.971471835197
12028.372331477238
12026.776610436715
12019.771525182434
12012.310765881382
12010.19628534793
12004.901661849439
12008.93896468573
12004.58475131495
11999.612489731255
12006.7512795806
12001.856889457138
12020.175596365172
12018.842631445286
12011.91950306216
12014.827768136613
12017.586670172455
12026.004307526477
12021.187229231462
12019.364475942428
12010.315019510852
12014.248107596823
12011.12710183228
12014.178243970244
12005.445718360395
12016.800210526602
12009.029667643357
12011.416367910759
12005.800084752975
12010.452612429655
12005.5913063445
12011.43605185868
12004.748545768025
11996.57857050442
11990.77482574556
11987.15372152122
11996.02869172363
11996.506055203528
11998.018947459368
11982.27847000218
11995.544795060585
12000.31300522974
12004.218992357213
12003.4930056767
12016.05760585493
12011.899347153154
12009.415931212201
12009.313395771074
12008.297132802827
12004.79290013051
12009.049567798884
12010.85095653549
12025.159899804425
12034.52404402187
12027.535139965279
12031.867999964203
12030.76158445653
12020.427070668613
12014.804679875877
12028.927472733938
12022.877088899786
12009.366233554847
12016.735908330204
12013.88601923338
12011.846420886686
11999.327220573003
12002.093508602278
12002.64984778408
12002.392485272216
12018.384956391334
12014.97310722134
12023.580665102154
12021.886185460682
12008.048539521362
12004.551554028076
12014.421025365436
12007.150659873572
12011.7961635709
12017.884962250535
12017.25297293708
11998.207282023668
11999.200015665676
11996.508747645388
12002.678165673366
12003.663769027291
12008.904523087764
12013.357216199145
12023.170681443022
12020.87085333373
12020.704346399527
12017.969162510384
12016.195570047581
12008.714606977026
12006.51500823248
12013.921401211031
12011.688268747497
12017.71619338349
12013.078474753223
12010.181831609523
11997.345286942877
12009.101569350089
12008.292815298317
11999.923306522496
12011.188199325468
12014.998555543656
12022.869810924962
12027.974935572256
12025.52739419346
12021.878602115055
12019.950148687349
12014.196548440515
12015.239555760447
12012.324900023174
12004.83602824501
12006.572845008912
12011.118187487164
12018.211245760438
12022.993923161519
12025.769595079682
12024.733420858225
12026.494893772899
12015.33622586598
12004.698743099862
12008.145062835669
12006.490577867597
12009.703742894171
12010.29277200425
12009.841888276402
12011.840536691045
12010.427499107653
12013.977081640018
12021.012617809574
12014.522769811552
12019.562666276786
12026.68954431366
12030.767773231391
12030.161475574832
12018.209926924032
12007.806307089386
12014.44253762636
12018.428585961963
12012.993495116767
12026.193400495471
12027.204689381613
12033.729081274805
12032.768717622333
12030.729088513715
12030.20275249386
12031.743374892452
12027.634158834986
12028.076802037365
12026.98389845365
12022.671517255505
12023.755439779
12019.653541541546
12023.083900910018
12024.516342464776
12028.69979919865
12021.515746008397
12017.657621406051
11992.634459072782
11996.467171437307
12000.434450688972
12001.59989923388
11999.61723482551
12003.51168804478
12002.362131121477
12001.242798392028
12008.020667105036
12001.58602931149
12009.446813689307
12003.280294648775
11996.351170196456
11994.137601885195
12003.95377093316
12002.18020030266
12005.340985001738
12013.903519869595
12005.222445080117
12009.68391084823
12005.485880754411
11993.417127767065
11991.714442792094
11982.918442020136
11979.394416017683
11980.103059201338
11976.825442974532
11981.308315308695
11979.039808791098
11970.627908463943
11980.864849425583
11975.652066934936
11983.36383040425
11978.910696526142
11983.80102067926
11991.987514663502
11987.249822859088
11987.435831122923
11984.8808824943
11992.705360535994
11995.822616914978
11998.618471108617
12006.495470046291
12008.030955811095
12013.91869214096
12010.515144703408
12010.256633485718
12015.278552481996
12008.099499006516
12012.065956881352
12022.082521147135
12012.03194525206
12014.293159221037
12016.81035091116
12016.547826507478
12003.397025638988
12000.91892713856
12008.342387641675
12015.896224110089
12012.087748235346
12020.374232772465
12017.592251139988
12006.926549311884
12012.90263095666
12012.533021738524
12002.072148146599
11995.087083681858
11987.469651997088
12000.522350253434
12002.196230443926
12005.362047546287
11997.694912179984
11980.25808034401
11985.296627254016
11996.262899268802
11991.217638696435
12004.266078296001
11998.730211814065
12010.609946080558
12004.12474099354
12008.533528759384
12005.373694550462
12004.260278996298
12011.919685539957
12002.349910633046
11998.00886648017
11997.821507825312
12009.485469110426
12016.079842219204
12008.785648738463
12005.215446049126
12008.261271017474
12001.732737166534
12002.586360046756
11996.248064306828
11991.459686406815
11996.66996480523
12000.099547419948
12004.361776232254
11997.441402489643
11986.493512596931
11986.997082036722
11986.00362752489
11980.478745316279
11978.93288184097
11970.970679577898
11982.358900221068
11968.80833666103
11957.313695238076
11957.064882754625
11962.978069222347
11967.381960301971
11965.068634062183
11968.887969908905
11972.621476080896
11979.381108837191
11988.408540828295
11995.542348319086
11995.39612770847
12005.239661238127
12005.00224213362
12006.600705863922
11998.131679157868
11995.57232081619
11990.204928460922
11990.992731640958
11999.62529410106
12008.686185831997
12015.23441339575
12021.362079646955
12020.91713940484
12022.501301311588
12033.118360221282
12024.450508786214
12017.421310785201
12001.620991190463
12005.725412815553
12002.338438648036
12010.043969327828
12010.629492577513
12017.763300147242
12013.916652532635
12014.556635313222
12017.629150114566
12019.447651421691
12012.162184477638
12011.869563243265
12011.579305758922
12031.733060916842
12028.737983327894
12017.080666350525
12017.114853690411
12007.564719446978
12007.630099620994
12004.0876133688
11996.435822809157
12001.575377560235
11996.57216277007
11996.337979005046
11998.008019908419
11997.776312923332
12002.510700566801
12011.0630435068
12007.905337353257
12011.406495490784
12016.111748518168
12008.01179772103
11995.800333059238
11996.686518389908
12000.026253166987
12004.434405108914
12006.735663394227
12021.31268241582
12018.2485399692
12023.448781183582
12023.071765202716
12018.29070429999
12018.01243316945
12023.638180947219
12028.503451980889
12027.886699290932
12019.19131896906
12010.551816691885
12011.83063689842
12012.627988000371
12002.858288473562
11999.75696004478
12009.108138395217
11997.795993970842
11996.773276569418
11991.780297130703
11992.685370212328
12002.462252676038
12008.82148821699
12010.083870040515
12003.088841117638
12002.10646890456
12003.459839101954
12011.23808655026
12002.119941805184
11986.476182965762
12000.423662808269
12002.875997829571
12002.419720440299
11998.917171997042
12015.143185255645
12010.135366583734
12010.252838327715
12005.621113498783
12014.217322435801
12023.20969684276
12019.809183576472
12024.302527141363
12015.653904516557
12017.258726003296
12013.981607170532
12006.484154739946
12008.368506433028
12005.009812088267
12000.737170750239
12004.968468887739
12004.969102539068
11992.382358349067
11995.511441454204
12008.013870931944
12020.4127131176
12013.320009220315
12016.506800365481
12018.03437805624
12018.237968569943
12012.169631745075
12013.455951155065
12014.284860845852
12009.014453472199
12015.107791090331
12018.785763939308
12011.167130006004
12006.327375378445
12001.218818190908
12005.525639020001
12007.394931775196
12005.479062305367
11992.930244747356
11997.377268125812
12008.153313215196
12007.932377057405
12005.57544560366
12018.01315043598
12010.86446727643
11996.638094393253
11999.124363502699
11998.893303139255
12004.939444377538
12014.006514168792
12015.85864890228
12011.425337807575
12010.880157436632
12013.985327218197
12021.348594950812
12014.335591749328
12011.88852159282
12006.059136030195
12006.507949177056
12009.321851681056
12010.219122359711
12006.913038417673
12014.378914093713
12007.826433869819
12004.131626344415
12010.691847138114
12009.558498650948
12016.628239923033
12024.232309697112
12016.38420442917
12018.925761212893
12011.784132467346
12018.067870034516
12019.931843015163
12034.371472104027
12052.470232641783
12060.987034011152
12060.764184078096
12060.60678689348
12054.873924952752
12054.720698770116
12059.020466821814
12057.919964801102
12062.620443199557
12062.298931310408
12055.074580135539
12049.37229794875
12053.509777684969
12047.396720056375
12031.557032906781
12032.605312537473
12024.077377639436
12018.313586610286
12024.507799200643
12026.67631695115
12033.407420735037
12026.735526100263
12030.254606030923
12028.263764818352
12035.969511262907
12039.568560259377
12019.626869445761
12019.548638532126
12019.495840770887
12006.04742679222
12013.084248791856
12003.995621986352
12001.95272547894
12008.885080397875
12017.212438523044
12025.537994103477
12031.639827399864
12043.998456721903
12033.127193311824
12031.750463169978
12023.996291396605
12025.783347217919
12022.440345535362
12028.233546423318
12026.810183637024
12022.56808538464
12020.930221716091
12023.199918156366
12026.168319567812
12018.66939149876
12031.723619774068
12026.357076835164
12030.002625795045
12028.682414229508
12029.972924212427
12028.270324125264
12028.244296364031
12031.9096321586
12026.9980261007
12031.544794903682
12028.486455019549
12026.386080909408
12018.594203653372
12014.988086738225
12016.526263849693
12023.446836944484
12023.421960791422
12019.821376673684
12017.197768879541
12016.62706882017
12011.323246063792
12021.736507992846
12018.289676953984
12019.01340750628
12026.993334511737
12027.24810986955
12033.466337116479
12036.262158882153
12051.278513974397
12048.762628693374
12051.079076125256
12053.58028725799
12045.413329421419
12043.291533083891
12041.466449370215
12045.25975437428
12043.189554103974
12047.459904623569
12051.345232191521
12049.493557880187
12047.017315678104
12040.753375355522
12030.43914883192
12043.001197279189
12035.550186544046
12042.783814471344
12053.997242533635
12057.753297285373
12052.355973358826
12045.549061648677
12048.40818008947
12037.331132828565
12031.981463387376
12026.610984908995
12020.747547005414
12018.329635790302
12025.187667665694
12043.63848018059
12040.700885461694
12032.79438726056
12041.00988275891
12028.717773816643
12027.770510338589
12014.907595001587
12019.854974599206
12010.271515070435
12003.65468506973
12002.155902926925
12010.446716907496
12018.842287398984
12026.275979429625
12029.29215043998
12028.360894313468
12021.871234215922
12024.6936972821
12030.991166049798
12035.459950319233
12034.133890993353
12036.247287672628
12040.85703789319
12047.223445733563
12037.009995306922
12025.756994687537
12019.439583458076
12011.660482486775
12009.130262761752
12011.42627604607
12008.431865716759
12005.902646071461
11999.089810987478
11985.817374605707
11998.765033300047
11994.611290074783
11986.992700909572
11998.269371809605
12005.23732708767
12003.230948749719
12010.67670072834
12008.46815367176
12015.069535252971
12009.506297542215
12004.671091414213
11997.22672971903
11995.370736862216
12005.049693374816
11995.387297871206
11996.26354886883
12003.400226649097
12000.079503582227
12003.490464826282
12003.058442043692
12005.063987101903
12006.299066987745
12029.062184448832
12027.8081772662
12007.822828335266
12012.40832040879
12010.481758147605
12019.775692109015
12036.336094117069
12047.368975202404
12044.637979130956
12049.111220566265
12040.307599849859
12024.113641694781
12036.136371225053
12030.750984404262
12038.302581762136
12028.901446024074
12026.401517543338
12022.375032492437
12019.026539104054
12021.623306490616
12022.886059750079
12023.174998656523
12024.577622564739
12018.880097125846
12023.072613855546
12022.761446864079
12024.506314905077
11999.317343878862
12004.96969720458
12006.724835337747
12003.460519315831
12013.493029697183
12008.488856908825
12002.948162710185
12012.074953084217
12007.65171990871
12012.356469769473
12021.039527896013
12019.501285748234
12024.166527167068
12023.19047310793
12022.282131450003
12021.139062167098
12017.882515187368
12024.397467694693
12015.366362473802
12016.043238131093
12000.563207875693
12007.944074392453
12007.458095582668
11999.193042429484
12000.603564499444
12007.44559219147
12008.93577828443
12006.945372280843
12012.213837956679
12013.831172088188
12011.776782471425
12012.979018054992
12006.39889929705
12024.419953054965
12013.566643080549
12013.67283652171
12006.78789872058
11997.52228125766
12002.726288409754
12007.444915470867
12008.449440377608
12011.14950490081
12011.752417138518
12006.971714451354
12010.933382637024
12006.700562707296
12012.937089002677
12020.00221512117
12023.673318830779
12016.955730061445
12008.993670493925
12003.476045558358
12003.531592086041
12002.54715884127
12008.208993933153
11999.176070735644
12005.193312020807
12012.80362630519
12005.10027424408
12013.384364775733
12009.295751996826
12019.35147505517
12037.727766916394
12033.406993908913
12021.898846710872
12014.894653601277
12020.628287055732
12018.916765451242
12015.225053956598
12029.330869331336
12024.759708990572
12026.206169556051
12021.339812813094
12017.202900643422
12016.3897614397
12012.768140241727
12000.211195790029
11998.955581973134
11990.332651789373
11988.58837352893
11985.142658463445
11986.05500195436
11986.0290513814
11979.056922619397
11979.305220081631
11993.07016963184
12000.190999760822
12005.367117751342
12006.533710142896
12016.769159346932
12021.999270292694
12019.27052775615
12017.773120905798
12013.575602533863
11996.575157368465
11983.036585433307
11981.229569504263
11989.54733440257
11988.397308067375
11993.424566772019
11991.149249037091
12006.309814870885
11998.870821716398
12000.349519024605
12006.824624616263
12007.945506704862
12000.388004793887
11995.850427170877
11986.953239198
11984.332527094924
11985.682321710576
11993.39145938363
11997.511714584927
12011.205183119804
12000.827525024844
12008.573737015473
12021.069561238299
12026.462272587662
12035.179955466174
12046.981484553871
12062.280697756123
12063.874618499409
12050.326426044081
12052.672170443764
12060.914706173828
12054.297673725705
12055.357236104197
12044.860175477173
12042.869586481707
12035.120725582503
12030.402678501043
12034.038791120469
12042.713220088437
12037.362418613217
12040.546190290672
12035.55248382211
12033.515937451099
12032.327879158527
12021.525723765
12018.78147264201
12004.19587099628
12012.876167265571
12017.099269150644
12021.026882231756
12019.223300662325
12029.73318722119
12032.089573877991
12026.422888790043
12022.998272563083
12022.521402468803
12013.203358264029
12013.76118493628
12021.126489509461
12035.335406222028
12047.76277395698
12061.365742721177
12052.013353554266
12050.76313906108
12060.008667637352
12054.569927252733
12059.953761478802
12058.631578032819
12060.525267837098
12066.621123305682
12068.849665909203
12070.522958371319
12069.006549682108
12067.60578913644
12063.089114355058
12061.458312942528
12055.687428586902
12053.131487992343
12054.66284168324
12043.827522576867
12042.021844510951
12035.548027247509
12025.88238857717
12036.249421668175
12044.58603380134
12047.743282182748
12051.079078570156
12044.917302168846
12051.181144121172
12053.04811296598
12058.396724899372
12055.469884742744
12058.209987313145
12046.937238070357
12042.892090348087
12042.720513452325
12043.028083666495
12046.724283083984
12035.957841861213
12048.757465933053
12041.477157748135
12049.319551896246
12040.364185859682
12043.089064105941
12042.373608794373
12041.58221817598
12030.707337763386
12026.977050625039
12034.21230997262
12032.863002703754
12033.507666718098
12045.72667586666
12051.743724941505
12060.147829267029
12066.900941884867
12060.672003829783
12061.596723536575
12057.684064400177
12059.67248780579
12061.24873197966
12057.644169795185
12058.876292538826
12062.144549238608
12061.014456702553
12047.694201531167
12043.337795385945
12045.624442653327
12044.25774107458
12046.393926521943
12039.569578954719
12039.530927265807
12041.17741783162
12047.633623781774
12057.94618018169
12058.513381759043
12051.01674728244
12046.069842389441
12040.840135989947
12029.423571916792
12033.028984974462
12034.954803854904
12045.03151651266
12049.165915237547
12066.636679637428
12064.837693372667
12067.308657041704
12049.687124332002
12058.492615125157
12070.676470333754
12063.173364878612
12059.113680862869
12059.145007324762
12061.774051035693
12065.790595422053
12067.722365371988
12071.309046627084
12072.719920757263
12065.334047755481
12063.58247845015
12064.01087092495
12049.480721479518
12052.334744311796
12048.568844281686
12047.844275063933
12048.511126388574
12039.137765972657
12033.594097179584
12032.390777916575
12024.593197614568
12023.107782262927
12016.74569687767
12013.256546537776
12015.66252474948
12029.0713839278
12029.446037197895
12038.52535729612
12036.89563981425
12031.679191188607
12026.070260824008
12015.096163325274
12017.71892620972
12004.879000834939
12002.391987993511
12000.796160039741
11998.2584296264
11993.21996772378
11994.257563771525
11998.931372422157
12008.439757677317
12002.066191302918
12021.632987466324
12034.704093738183
12033.87216714989
12024.309313213675
12035.546106228983
12028.848318850109
12021.238078467446
12006.175936388423
12003.210464613265
12005.385494383809
12000.292889483448
11987.010228828743
11998.238029143406
11998.840675835429
12000.240639921245
11997.22474644035
11998.206727055305
12009.576499509034
11998.816122932987
12011.703488120238
12013.646673993471
12023.372895708439
12025.796132597383
12021.890903131902
12022.434583981343
12027.432607587114
12022.653735658447
12025.531218493816
12027.219635548117
12029.778940224925
12018.760374172154
12019.791966930501
12011.740125222937
12009.301210107826
12026.202004357463
12033.222066952178
12014.05036172428
12015.159946976273
12012.972984827456
12024.040032555316
12016.549349987887
12013.863903663929
12020.25786216377
12015.266924049367
12006.96199539832
12016.271115026933
12006.011302010484
12008.811641390748
11996.713458092585
12004.900986377996
12006.76817405433
12014.680478155366
12009.00806686269
12010.922930209052
12002.108393228797
12008.39112860416
12008.682369586506
12009.449108381214
12012.359905888628
12016.914023290316
12017.429583609955
12028.780804750033
12021.071115807503
12016.723172155846
12007.689776956257
12014.513841316644
12022.360442023964
12015.261369213957
12013.087541460343
12019.023357821012
12023.27549374013
12040.876867334238
12049.0772342214
12044.22269477359
12045.955824995759
12039.566346590946
12028.422930727915
12028.747218341432
12037.775678945143
12030.884319724562
12019.122124923226
12019.806868620784
12026.949272843503
12037.738339073949
12043.847256812312
12054.860725126295
12055.568245978975
12058.636793172478
12058.861468537376
12067.155604468653
12072.23874282981
12067.64906494339
12065.777169760764
12064.887765055864
12057.964892624506
12052.530003845919
12048.63966672758
12035.657711759906
12029.21231981981
12041.384049108448
12046.421656465016
12046.019282279212
12046.704362131371
12046.561716657288
12044.75787451103
12036.701707888671
12027.894970720226
12027.176549835744
12032.10341252078
12044.42333686758
12044.63624526901
12035.522958191992
12046.786681753745
12048.434535940276
12050.117246813124
12049.057052820262
12053.990017263584
