    3   40   21
 22.990 65.390 32.066
    1    1  0.0150  0.0000  0.0000
 -0.038990627973   0.003034280719  -0.006538877880
 -0.000088973641   0.000060720988   0.000029501528
  0.001518641619  -0.000341738415   0.000397873779
  0.000105007129  -0.000005786621   0.000034602941
 -0.001814286750  -0.000482814082  -0.000006006614
 -0.000109666975  -0.000019142133  -0.000038444578
  0.010663910857   0.000287986771   0.000248817875
  0.000074505273   0.000038484910   0.000022003399
  0.003053376071   0.001376277315  -0.003560319838
  0.000114647841   0.000056333133  -0.000057702799
 -0.000292844018  -0.000256383868   0.000732161063
 -0.000650070631  -0.000298242150   0.000983496652
  0.000252271394  -0.000346189856  -0.000751234744
  0.000513572620  -0.000212879402  -0.000843209353
 -0.000880009197   0.001885160881   0.002231736968
 -0.000092755259   0.000012880402   0.000096225273
 -0.003257335277   0.002173948759  -0.002782506002
 -0.000204903674   0.000023730098  -0.000101214143
  0.007583441354  -0.004166386920  -0.000845657996
  0.000068611500  -0.000066550096   0.000021956733
 -0.004278451285  -0.002078240868   0.000560192028
 -0.000090943610  -0.000064743587  -0.000003617496
  0.004716867947   0.000726038929   0.002500582277
  0.000188962894   0.000068132428   0.000131312845
  0.000350452999  -0.000976418250   0.000226075452
  0.000023003314   0.000034810635   0.000020858925
  0.000429660819  -0.000564144750  -0.000445816543
 -0.000052434667   0.000018493051   0.000098177962
  0.002415312159  -0.001773047093   0.000593682422
  0.000071642867   0.000022522911  -0.000134886376
  0.005337602822   0.006622035229   0.000777408346
 -0.000042674974   0.000038533984  -0.000017922817
  0.009079243535  -0.003023300855   0.008864924386
 -0.000038089875   0.000027991940  -0.000122401197
  0.000494648812  -0.000030083326   0.000264493703
  0.000063101129   0.000165061107   0.000194452021
 -0.000738533967   0.000367926235  -0.000389200169
 -0.000043537983   0.000143318830  -0.000145381083
  0.004546939756  -0.002511399781  -0.002357070591
  0.000000715045   0.000032822800   0.000110933642
    1    2  0.0000  0.0150  0.0000
  0.003158001137  -0.025866662423   0.001131294534
  0.000033432412  -0.000106931369  -0.000015507298
  0.000343379045   0.000746965888   0.000309014127
  0.000035829756  -0.000031637189  -0.000033800289
 -0.000513287185   0.002114513790   0.002058373544
 -0.000009927272  -0.000019134626   0.000000844845
 -0.000081312620  -0.001449618208  -0.000071927803
 -0.000002873792  -0.000103999180  -0.000016461388
  0.001248103184  -0.000852174280  -0.002054393229
  0.000013623541  -0.000118700858  -0.000069955569
  0.000084596480   0.000231137295  -0.000379350089
  0.000059628894   0.000184118171  -0.000506334945
  0.000050595249   0.000096777004   0.000142672704
 -0.000147526968   0.000208420087   0.000495762056
  0.001646452429   0.000819008968   0.002862782930
 -0.000023396473  -0.000160354160   0.000055932932
  0.002307751202  -0.000316863539  -0.003551815051
  0.000010420760  -0.000243970044  -0.000061910880
 -0.000532971343   0.004063979310   0.000069530797
  0.000017555872  -0.000015303662  -0.000018569417
 -0.003244080898   0.011481806447  -0.000501559601
  0.000002699281  -0.000028433243  -0.000012902678
 -0.000885893988  -0.002206209730   0.001119446998
  0.000001088042  -0.000227371749   0.000032654217
 -0.001213333822  -0.004334755237   0.000000337603
  0.000011914192  -0.000106479489   0.000004978195
  0.000355807703   0.001350766917   0.000037433404
  0.000007791251  -0.000037331538  -0.000093811066
 -0.001438778997   0.002749610069  -0.002230535829
  0.000016646897  -0.000028909138   0.000026741329
  0.005061983465   0.006316913759   0.001254908957
  0.000020047607  -0.000099991864  -0.000051561235
 -0.003857980466   0.002606675754  -0.003030047726
  0.000014397751  -0.000079234594   0.000027842483
 -0.000157665770  -0.000137237114   0.000195760478
  0.000001403406  -0.000160929454   0.000240848348
  0.000144853300  -0.000019275693  -0.000639917435
  0.000035411307  -0.000135242910  -0.000271482637
 -0.002585214855   0.003992043216   0.003619459766
  0.000010830286  -0.000075985384  -0.000074776086
    1    3  0.0000  0.0000  0.0150
 -0.006757409242   0.001400579529  -0.036183401619
  0.000001267411  -0.000055494315   0.000818523104
  0.000510722021  -0.000684663979  -0.001379633229
 -0.000057224759  -0.000054561416   0.000871329965
  0.000044647886   0.002150678751   0.000101438273
  0.000050201794  -0.000068836161   0.000836803784
 -0.000029152799  -0.000025549978  -0.004743294820
  0.000001954446   0.000001918907   0.000828253038
 -0.003166122464  -0.001803933533   0.002600809541
 -0.000082993617   0.000154261832   0.001444822999
  0.000032919820   0.000258163372   0.001818712440
  0.000137624195  -0.000129168043   0.001322853749
  0.000193667755  -0.000246157380   0.001638611810
  0.000017366333  -0.000122906286   0.001170656081
  0.002005469577   0.003169809508   0.002401976309
 -0.000095442650  -0.000234435146   0.001528569639
 -0.003288290492  -0.004781522889   0.004343349545
  0.000309377577   0.000561403179   0.001698020517
  0.001025262785  -0.001923973594  -0.006658990036
  0.000255370328  -0.000507119233   0.001479993579
  0.000592427310   0.001316594715  -0.006981397712
  0.000275226750   0.000425793930   0.001456315725
 -0.000676863969   0.002485691586   0.000315425563
  0.000225759844  -0.000431853089   0.001517215789
 -0.000080379074   0.000685730003   0.004257575992
 -0.000031887747   0.000197591337  -0.001175610964
  0.000987017487  -0.000686643403   0.003835778713
 -0.000018934942  -0.000258581954  -0.001089679370
  0.002118184857  -0.000417014910   0.005220152925
 -0.000051854723   0.000156486637  -0.001073136484
  0.000767054767   0.000747332822   0.005516805461
 -0.000029367193  -0.000236797327  -0.001116727619
  0.007484670157  -0.001181492726   0.012293716899
 -0.000138847870   0.000253541562  -0.001442771659
  0.000284015843   0.000329342314  -0.000462644984
 -0.000137485445  -0.000297612205  -0.001611484959
  0.000470959737  -0.000538628259  -0.000806337544
 -0.000132133535   0.000271571312  -0.001295866582
 -0.002875883950   0.000422504910   0.008115403874
 -0.000140894208  -0.000302050378  -0.001412137734
    9    1  0.0150  0.0000  0.0000
  0.002511271508   0.001266995460  -0.003319175368
  0.000024318912  -0.000007634368   0.000031814250
 -0.000221003296  -0.000054467227  -0.000018429103
 -0.000397046537  -0.000039522284  -0.000141973160
  0.000126121463   0.000021048734   0.000095276618
  0.000324044254  -0.000118404917   0.000041134954
 -0.000562302503  -0.001612083808   0.001986673228
 -0.000111913961   0.000014641308   0.000056516697
 -0.024756977426  -0.000045538671  -0.010502140577
 -0.000070130320   0.000025482356   0.000131981026
  0.000004886821   0.000026292001   0.000095536411
  0.004383714605  -0.000040699361  -0.000050317366
 -0.000061649168  -0.000000089156   0.000181597329
 -0.001050781743  -0.000200787861  -0.000125642110
  0.001481869706  -0.000322562646  -0.000333641776
 -0.000028290419  -0.000009162353   0.000158610406
  0.000334593738  -0.000040268282   0.000339318884
  0.000811409081   0.000492204824   0.000851355796
  0.000356319635   0.002604330579   0.004989707275
 -0.000182383344  -0.000090310268   0.000182035514
  0.001368318083  -0.000174921923  -0.001413966518
  0.000207697372   0.000085368156   0.000009963582
 -0.000526322065   0.000279688796  -0.000229732759
 -0.000463851349   0.000153378061  -0.000531233793
 -0.000225996898  -0.000557340862  -0.000629852720
 -0.000189237882   0.000053600122  -0.000523547458
  0.000284861132  -0.000047068523  -0.000868570743
  0.000166708981  -0.000275047650  -0.000219463226
 -0.000201034968   0.000052149505   0.000290652159
 -0.000163987133  -0.000113551662   0.000261706956
  0.001672427636  -0.000463391408   0.000611776213
  0.000027227422   0.000034608337   0.000067625109
  0.012755612816  -0.001751326044   0.003097538436
 -0.000036911312   0.000047898788  -0.000194416188
 -0.000044267560   0.000103320473  -0.000314171757
  0.001779396928  -0.002070982259   0.005054502736
  0.000020539577  -0.000087128073  -0.000034472844
 -0.000220143458   0.000016121276   0.000968665220
  0.000974820980   0.002904404348   0.000090468561
 -0.000101929307  -0.000059243519  -0.000143709894
    9    2  0.0000  0.0150  0.0000
  0.001353057324  -0.000756283949  -0.001654865533
  0.000010349494  -0.000071701643  -0.000091774501
  0.000150619560   0.000209310479  -0.000121427047
  0.000178415715   0.000197045552  -0.000122722468
 -0.000228344300   0.000110569405  -0.000077793630
 -0.000128309375   0.000196793913   0.000011198054
 -0.001750642655   0.000892445600  -0.003074109172
 -0.000017070032  -0.000086714220  -0.000098396698
  0.000080072758  -0.020203737693   0.012014001542
  0.000012516734  -0.000081750386  -0.000187151042
 -0.000034015237   0.000006860504  -0.000257623442
  0.000020079869  -0.000747252416  -0.000170633082
  0.000004693618   0.000016098512  -0.000221793114
 -0.000182842425   0.003973083650   0.000271128376
  0.000252131330   0.000290693415   0.000280615150
 -0.000006664526  -0.000047062960  -0.000172959161
  0.000209898788  -0.000159701059  -0.000389289808
 -0.000325856335  -0.001264458528  -0.000509203937
  0.002950192265   0.000231464151   0.001930500066
  0.000048068721   0.000202092622  -0.000196820273
 -0.000039484063   0.003405037807  -0.001877411307
 -0.000183139481  -0.000050767491  -0.000216442945
  0.000139628171  -0.000976641442   0.000180416411
 -0.000100419241  -0.000379402379   0.000375667561
 -0.000989468677  -0.000514178604   0.001135435942
  0.000043568864  -0.000200425269   0.000569449436
 -0.000149325703   0.000208337076   0.000197451710
 -0.000037417954   0.000526078968  -0.000101744814
 -0.000130564321   0.000309047569   0.001009591754
  0.000501935987   0.000221448777   0.000301382791
 -0.000313851608   0.000348499472   0.000776599641
 -0.000014816999  -0.000069073408   0.000046310378
 -0.001615336269   0.003046669314  -0.000644275769
  0.000013615399  -0.000119246956   0.000263622604
 -0.000084294563  -0.000141349829   0.000434973417
 -0.001825170071   0.004482614655  -0.007376078554
 -0.000031315194   0.000071499283  -0.000150918913
 -0.000064739011  -0.001092143035  -0.000602556049
  0.002236729860   0.007979945238  -0.001780079626
  0.000047513586   0.000036255305   0.000297726052
    9    3  0.0000  0.0000  0.0150
 -0.003414129008  -0.001926878908   0.002664107756
  0.000052402132   0.000046574132   0.000755799963
  0.000381296672   0.000241815284   0.000900054169
 -0.000597480394  -0.000453635113   0.000910591253
 -0.000480712313   0.000115361325   0.000856277010
  0.000518224303  -0.000392833838   0.000711172560
  0.002200667240  -0.002925044184   0.002595798461
 -0.000052793798   0.000065453436   0.000778437355
 -0.010004463271   0.011943669986  -0.040722548492
 -0.000116443883   0.000196636210   0.001199782894
  0.000069076515   0.000244081441   0.001281447469
  0.000079689652  -0.000147984518  -0.001488478297
  0.000143243299  -0.000162184103   0.001226940677
  0.000110922392  -0.000256284556  -0.001677769386
 -0.000414466361  -0.000461337650  -0.002286351184
 -0.000133291625  -0.000165255984   0.001347191770
 -0.000499021080  -0.000615448583   0.001089690072
  0.000926575233   0.001411492717   0.003103283120
  0.005788114794   0.000874367143   0.001801036718
  0.000006043466  -0.000453971373   0.001471449363
 -0.000950139174   0.003301594835  -0.000562253525
  0.000488773127   0.000358533763   0.001312729063
  0.000248590694  -0.000421596311   0.002092123495
 -0.000525326480   0.000876244622   0.000337073551
 -0.000434989001  -0.000872602434   0.000124125622
 -0.000177163201   0.000248564815  -0.002173777471
 -0.000213138596   0.000441844348  -0.000834933744
  0.000213950919  -0.000821248908  -0.001645531387
  0.000155076656  -0.000173588149  -0.001079534639
 -0.000481200707  -0.000303868878  -0.001579072155
 -0.001181675692   0.000017675436   0.002769803322
  0.000018344844  -0.000109920186  -0.001172094751
  0.003613919891   0.000049176272   0.006547973747
 -0.000182635423   0.000314520127  -0.002423054182
  0.000174674881   0.000182078618  -0.002113754290
  0.005246015522  -0.008153271131   0.022107810247
  0.000095529277  -0.000097967555  -0.003059405587
  0.000338477222   0.000777619186   0.001612388613
 -0.000759019711  -0.002545767077   0.005586919669
 -0.000251519013  -0.000246614256  -0.002365448846
   17    1  0.0150  0.0000  0.0000
 -0.003071255368   0.002246236031  -0.003339962967
 -0.000164883134  -0.000034775687  -0.000225811048
  0.007454415406   0.000422252716   0.000905527523
  0.000051692668  -0.000051391050  -0.000159857419
 -0.004047122562  -0.003277829513   0.000320096991
 -0.000065036360  -0.000050278204  -0.000182221957
  0.004547915655   0.000891142501  -0.000326826005
  0.000151699862  -0.000023121598  -0.000180705853
  0.000345251432   0.000173132139  -0.000517905541
  0.000895057032  -0.000414041708  -0.001160468592
  0.000329372280  -0.002979267755   0.005841306886
 -0.000123815522  -0.000082959825  -0.000023093309
  0.001464799528  -0.000007415566  -0.001110648083
  0.000204605955  -0.000197596771  -0.000495662777
 -0.000453278940  -0.000190783946   0.000320349452
 -0.000420091047   0.000057139736   0.000549668001
 -0.082656579641   0.012005867551   0.022260186234
 -0.000139845431  -0.000096249794  -0.000280012399
  0.003858252171  -0.001784352467   0.003568114554
  0.000174599086  -0.000124356121  -0.000093846859
 -0.004563152764  -0.004541722255  -0.005747934987
 -0.000202703555  -0.000135407306  -0.000466854032
  0.011808038352   0.008183652343   0.002274391796
  0.000060871205   0.000003666969  -0.000282514787
  0.002403948730   0.000132984609  -0.003158898853
  0.000087268679  -0.000030931351   0.000143048288
  0.012542525962  -0.024835208606   0.006573559417
 -0.000041403141  -0.000008029701   0.000214293126
  0.042105093280  -0.002794464252  -0.009608327036
  0.000039896237  -0.000078896714   0.000261322330
 -0.001052308577   0.000558293857   0.001315148181
 -0.000105222392   0.000045711564   0.000406513132
 -0.000371173700  -0.000618427912  -0.001447147478
  0.000072276494   0.000132948282  -0.000252344434
  0.009307427112   0.019039744432  -0.018378376463
  0.000052326962   0.000058948757   0.000338273287
 -0.001304372655  -0.001583594791  -0.001971886264
  0.000014443824  -0.000054113956   0.000278215426
  0.000740748743   0.000159961704   0.003130765800
  0.000069718133  -0.000116466342   0.000710526720
   17    2  0.0000  0.0150  0.0000
  0.002045742070  -0.000211234995  -0.004763918006
 -0.000057423555  -0.000100996046  -0.000354783358
  0.004183594584   0.004284852440   0.001564344915
  0.000002882194   0.000133932226  -0.000274719336
 -0.002220866433   0.011657052420   0.001130501339
 -0.000131673013   0.000129989394  -0.000265130403
 -0.000796372481  -0.002095985123  -0.002236900953
 -0.000101138608  -0.000073587229  -0.000240734870
 -0.000098310436  -0.000061158771  -0.000692224510
  0.000546400914  -0.001267238328  -0.001842302453
 -0.002682594286   0.000330234483  -0.000719579598
  0.000028589130   0.000307652027  -0.000517181514
 -0.000165701448   0.003539806433   0.003518885013
  0.000015780379   0.000059899883  -0.000346037262
 -0.000329907114  -0.000864020934   0.000545358022
 -0.000241754270  -0.000264903405   0.000934908284
  0.013091200231  -0.118510321149   0.069233491162
 -0.000130105488  -0.000150671272  -0.000449639512
  0.001666362910   0.008416444491  -0.007228945390
  0.000024636446   0.000415533451  -0.000513572221
 -0.004544713537   0.001423051684  -0.000093595747
 -0.000170682728   0.000417637177  -0.000386991415
 -0.008230442643  -0.001767067316   0.002463138340
 -0.000107428659  -0.000002439136  -0.000452393639
 -0.001163197020  -0.005112557513  -0.004860989720
 -0.000052495504  -0.000117132442   0.000293852583
 -0.020678839555   0.052414921305  -0.013400393371
 -0.000081691265   0.000191099537   0.000487789092
 -0.003443241319   0.007949872371   0.002716350102
 -0.000048005162   0.000082490663   0.000376922116
  0.002409954954  -0.003168663330   0.002560526270
 -0.000100192509   0.000021301730   0.000767242705
 -0.000349783399  -0.001182111361   0.002772625474
 -0.000209991499   0.000411385156   0.000904973479
  0.020036878062   0.045803952910  -0.048616111571
 -0.000009202422   0.000126149733   0.000733102478
  0.001517921071  -0.003686809472  -0.003797212802
 -0.000020000986  -0.000013327520   0.000456091597
  0.000541753667   0.000420599604   0.000734382399
  0.000054058727   0.000112366223  -0.000141127718
   17    3  0.0000  0.0000  0.0150
 -0.002743536430  -0.003557451830   0.004841469200
  0.000174260566  -0.000054197521   0.000835300430
 -0.000649658727  -0.000226720907  -0.005912394260
  0.000071203153  -0.000082139726   0.000773722406
  0.000579069863  -0.000637563007  -0.006240584300
  0.000087320643  -0.000106775443   0.000762687726
  0.002573379155  -0.001252993669   0.000587255021
 -0.000019591357  -0.000034842848   0.000727724159
  0.000415814903  -0.000444472874   0.000975212958
 -0.000735969444   0.000440614202   0.003148999882
  0.005045651605  -0.002013173959   0.001401943993
 -0.000091742488  -0.000253755560   0.001434669765
 -0.001389585742  -0.002044190943  -0.000824353314
  0.000076505720   0.000090795563   0.001256196298
 -0.000139927279  -0.000294637471   0.002105445597
  0.000582425969   0.000293923591   0.000182578705
  0.018048733285   0.072440947940  -0.077464518305
  0.000350775858   0.000363596914   0.001310216008
  0.003683798004   0.007183358275  -0.002834042691
  0.000148702931  -0.000617745675   0.001289096952
 -0.005677770474  -0.000170800242   0.000929886596
  0.000563259382   0.000303054430   0.001530890237
  0.002395061601  -0.002581927522  -0.004695704807
  0.000349305921  -0.000550954934   0.001501665598
 -0.002228393031  -0.008059050105  -0.001131415711
 -0.000057028320   0.000163038577  -0.001520730349
  0.010976585812  -0.017608391708   0.014913484603
  0.000014280418  -0.000315122042  -0.001702237987
 -0.013286112139   0.003084569980   0.011878655612
  0.000005413952   0.000144934699  -0.001789404541
  0.000812744856  -0.001706585972   0.001633064705
  0.000052994951  -0.000355029710  -0.001987520375
 -0.000442238723  -0.001939198978  -0.001922256803
 -0.000065349178   0.000121652027  -0.002306856583
 -0.018621885332  -0.042411305528   0.060104645379
 -0.000133186427  -0.000448698735  -0.002292421781
 -0.001277154797   0.003268517653   0.004981889140
 -0.000143673255   0.000280277292  -0.002653445639
  0.000931649542   0.000244045580  -0.001219738453
 -0.000236134946  -0.000655599815  -0.002609075072
   25    1  0.0150  0.0000  0.0000
  0.000285046418  -0.001330633917  -0.000018989678
  0.000039281314   0.000051903944   0.000085615262
  0.000294117780  -0.000336579135   0.000555899915
 -0.000042675314   0.000051131436   0.000072018347
  0.002369843556  -0.001277988698   0.002644394616
  0.000066693072   0.000058186343   0.000100777576
  0.005312788717  -0.004940242967   0.000931779532
 -0.000020763160   0.000048045809   0.000075804218
 -0.000158784167  -0.000791379323  -0.000229493209
 -0.000125310006   0.000102659028   0.000153395779
  0.000275127849   0.000178316229  -0.000197647448
  0.000151952012   0.000074636174  -0.000220051648
 -0.000097651005  -0.000050265387   0.000193997726
 -0.000070274217   0.000468968307   0.000499015538
  0.001779096598   0.000332277192  -0.000929640731
  0.000059761267   0.000058410168   0.000013995552
  0.002384674087  -0.001005636547  -0.002244857730
  0.000091985897   0.000061059063   0.000157600385
  0.012672191287   0.021056215755   0.010958237325
 -0.000033715901   0.000056468223   0.000106107794
  0.042804348461  -0.003354172130  -0.013375700458
  0.000056575829   0.000075352197   0.000113674517
 -0.001056931906  -0.002349516702   0.000794478646
 -0.000096967729   0.000091605000   0.000050148323
 -0.111393621809  -0.023770048096   0.004659186081
 -0.000007844709   0.000051471385  -0.000042662451
  0.000022340816   0.000972282990  -0.000848056782
  0.000042797006   0.000023116766  -0.000124735281
  0.009377122396   0.006296858923   0.004332976338
 -0.000022118144   0.000049704825   0.000004065608
  0.023953674946   0.002444604533  -0.001517716489
  0.000022836560   0.000049304252  -0.000019847951
  0.001027124191   0.001699756039  -0.000455360669
 -0.000042068886   0.000063334475  -0.000035957153
 -0.001377661368   0.000084501790  -0.001191658849
 -0.000039111532   0.000102870592  -0.000133483265
  0.000267446436   0.001013645412   0.000152919963
  0.000176800133  -0.000101361109   0.000160649569
  0.011055784208   0.003664583718  -0.005125800776
 -0.000003910982   0.000026553442  -0.000105078043
   25    2  0.0000  0.0150  0.0000
 -0.000877649303  -0.004025074462   0.000600862508
  0.000083729656   0.000289901194  -0.000102671678
  0.000634174239   0.001841907739   0.000395514033
  0.000055994167   0.000361276812  -0.000107438728
 -0.001580477087   0.003110354896  -0.000759078856
  0.000067267707   0.000366775855  -0.000061925231
 -0.006218829404   0.006562848912  -0.000955172264
  0.000040684611   0.000282391345  -0.000090525554
 -0.000503062350  -0.000186762674  -0.000679951005
  0.000132523018   0.000158301994  -0.000265999991
  0.000043383075   0.000570890800  -0.000374030497
  0.000285219754   0.000770863270  -0.000761869936
  0.000088217152   0.000614485104  -0.000150255878
 -0.000005027665   0.000550065240   0.000340740354
  0.000481268146   0.000813669654   0.000349649586
  0.000039245094   0.000287776605  -0.000103911368
  0.000281224603  -0.004834320025  -0.007854716102
  0.000076815708   0.000130423649  -0.000210814625
  0.024923052494   0.052605890784   0.017515911578
  0.000027284293   0.000456718356  -0.000202949047
 -0.002731844958   0.008114568629   0.003244521183
  0.000017689212   0.000315843045  -0.000217209868
 -0.000511649846  -0.002912729519   0.001709510380
 -0.000022967098   0.000249499953  -0.000224357330
 -0.024099018565  -0.111235496679  -0.015394663579
  0.000072972613   0.000242088333   0.000296315921
 -0.000859992740   0.016074403264  -0.001965012802
  0.000085925681   0.000395249375   0.000207810412
  0.006398009521   0.004821982397   0.003815890882
  0.000055299872   0.000316617867   0.000383219263
 -0.002195736894   0.005312602678  -0.000481846963
  0.000079368845   0.000330818674   0.000305532552
  0.001796135055   0.013923121153   0.004189699295
  0.000104384452   0.000289564856   0.000445333312
 -0.000152777463   0.000062636603   0.001693634739
  0.000094764889   0.000265547364   0.000510400518
 -0.000211832890   0.000681597471  -0.000474957417
  0.000156603817   0.000369315204   0.000219371780
  0.003762931718   0.001287820320  -0.005124400292
  0.000086696872   0.000366563965   0.000339840715
   25    3  0.0000  0.0000  0.0150
  0.000275841264   0.000053050867   0.004033633812
  0.000008012128   0.000029990151  -0.000864427597
 -0.000232930785  -0.000019661800   0.004169997098
 -0.000091685164  -0.000044811310  -0.000831221432
  0.000499209726  -0.002039159936   0.005537084367
  0.000174392340  -0.000001014767  -0.000831078287
  0.000775864754  -0.001149858797   0.005301481045
  0.000048604270   0.000021199043  -0.000803011174
 -0.000654854969   0.001166909135   0.000123794658
  0.000531968580  -0.000538314000  -0.001987169334
 -0.000866957931  -0.000146933884  -0.000727713898
  0.000246350300  -0.000039061350  -0.001481073784
  0.000294492216   0.001089503072  -0.001052438690
 -0.000237673383  -0.000245091478  -0.001405626507
  0.000634895445  -0.000507240924   0.002151242867
 -0.000043791354   0.000115584071  -0.000996292727
 -0.003075930177  -0.004753429849  -0.000950567777
 -0.000158456939  -0.000251844523  -0.001276888428
  0.006597664585   0.013396302858   0.015087296346
 -0.000236519328   0.000573863628  -0.001473523999
 -0.009548368238   0.002826108259   0.012034890963
 -0.000284416819  -0.000340737102  -0.001565580687
  0.001377710538  -0.002497979269   0.001839506107
 -0.000445116693   0.000859373921  -0.001763045038
  0.005513765366  -0.015827098446  -0.054351537815
  0.000090034680  -0.000176611217   0.001682759654
 -0.000829269851   0.002136977370  -0.001242349213
  0.000180963811   0.000232707641   0.001787633873
  0.004429790122   0.003812153364  -0.000871215022
  0.000054301323  -0.000291889960   0.001808789350
 -0.001530733063   0.000614781755  -0.005507911461
  0.000064700393   0.000306371402   0.002133121403
  0.001162827232   0.005030643501   0.000372804007
  0.000228576223  -0.000206835315   0.002377370367
 -0.000075448719   0.000608522598   0.011287748739
  0.000195464409   0.000411064049   0.001892969457
  0.000020338138  -0.000367832745  -0.000067091579
  0.000344424057  -0.000376095101   0.003314676068
 -0.005702642597  -0.003956723720   0.000775667660
  0.000264604110   0.000493118808   0.002337296607
   33    1  0.0150  0.0000  0.0000
  0.008485767726  -0.003643607930   0.007400951823
 -0.000095348112  -0.000117196361   0.000123189602
  0.000409582557   0.000072265363   0.000211753027
 -0.000018364523  -0.000101231441   0.000084466486
 -0.000781246820   0.000025050263   0.000355626181
 -0.000131535500  -0.000079004700   0.000077881870
  0.004301300893   0.002125470702  -0.003061630909
 -0.000050294696  -0.000113929842   0.000118883148
  0.011068226269  -0.001725203447   0.002965710014
 -0.000067414749  -0.000095767119   0.000184323405
 -0.000082864415  -0.000031375885   0.000177405316
  0.002038081827   0.001565743614  -0.004759515459
 -0.000009586369  -0.000159686058   0.000118413137
 -0.000201559594  -0.000157143867  -0.000291027685
  0.000699227308  -0.002104128174  -0.000689842108
 -0.000133610997  -0.000182464560   0.000244582572
 -0.000416202315  -0.000396296981  -0.000516753249
  0.000001026976  -0.000266189892   0.000122263379
  0.009196108274  -0.020230371939  -0.018748932093
 -0.000009109740  -0.000176089710   0.000191108668
 -0.001373398700   0.001468577231  -0.001363117869
 -0.000061878763  -0.000070207209   0.000202186086
  0.000670431164  -0.000707027631   0.000821949641
  0.000013591266  -0.000248864410   0.000296105500
  0.000992768497   0.001638237822   0.001116536119
 -0.000104824697  -0.000076645054  -0.000231965026
 -0.001472098275   0.000100380663  -0.000061166412
 -0.000137964301  -0.000164700760  -0.000220080431
  0.000211437009  -0.000387191715  -0.000022639166
  0.000100433775  -0.000001299964  -0.000363796340
  0.011105741787  -0.003777873058  -0.005731107549
 -0.000079522108  -0.000143674192  -0.000273143146
 -0.053316523877   0.029329242096   0.023736069559
 -0.000096529700  -0.000069876920  -0.000314347188
  0.000010169536  -0.000136179923  -0.000103873440
  0.002393103431  -0.000022625628  -0.000108789150
 -0.000320376566  -0.000075591416  -0.000824314321
 -0.000400863564  -0.000303801405  -0.000469654447
  0.007781226632  -0.000397734033  -0.000042265506
 -0.000117106544  -0.000161986531  -0.000351444039
   33    2  0.0000  0.0150  0.0000
 -0.002860825696   0.002956970805  -0.001376760643
  0.000028617265   0.000129221982  -0.000233751187
  0.000044418699   0.000019283776  -0.000344118477
 -0.000146322478   0.000021979725  -0.000210669953
  0.000315872472   0.000159211867  -0.000457583510
  0.000136367603   0.000064756218  -0.000257438540
  0.002272824603   0.004202978433  -0.000831003102
  0.000001454350   0.000139562700  -0.000222809585
 -0.001493359002   0.003421689283   0.000133833932
  0.000052111053   0.000058636916  -0.000364853382
 -0.000043862282   0.000017145640  -0.000240162253
  0.002021774143   0.004796383603  -0.007558877655
 -0.000037823573   0.000257918339  -0.000225100937
 -0.000033663955  -0.000925046498  -0.000643371765
 -0.002539597617   0.007514063218   0.002192127555
  0.000053185708   0.000191767131  -0.000323166007
 -0.000575197900  -0.001123586176  -0.001875793974
  0.000167771757   0.000435445667  -0.000240289464
 -0.019200266690   0.045980503159   0.042649753555
 -0.000083070394   0.000179357526  -0.000351218467
 -0.001520910984  -0.003487891907   0.003360493021
  0.000013457472   0.000050695960  -0.000367953532
 -0.000239056521   0.000442584127  -0.000373998962
  0.000063940169   0.000212941517  -0.000606641191
  0.001640859572   0.013777966110   0.004735431692
  0.000007801216   0.000105954603   0.000215886943
  0.000017362609  -0.000104717604  -0.000770307572
 -0.000032422260   0.000069114054   0.000364805181
  0.000948986091   0.000453731514  -0.000609957213
 -0.000132080638   0.000200486784   0.000409411510
 -0.003688218535   0.001036658596   0.003858640028
  0.000034276607   0.000173253123   0.000414232518
  0.024543252847  -0.089923951452  -0.040479980396
  0.000061088793   0.000084734172   0.000473535196
  0.000019795933  -0.000033019590   0.000861794355
 -0.000065753865  -0.000629883666  -0.000549455819
  0.000062540525   0.000089477771   0.000721970722
 -0.000137107437   0.002993441816   0.000753459320
  0.000267257798   0.005818523628  -0.002128395498
  0.000054522541   0.000171657131   0.000498283555
   33    3  0.0000  0.0000  0.0150
  0.008530627367  -0.003131510404   0.012388782658
  0.000157601060  -0.000183249309  -0.001318209329
  0.000248810977  -0.000331667782  -0.000704781607
 -0.000170185575   0.000207846515  -0.001635720149
 -0.000449066248  -0.000806159397  -0.000951020069
  0.000152653643   0.000178178826  -0.001339619709
 -0.002190451251  -0.003691860901   0.008213022412
 -0.000094768094  -0.000173914379  -0.001285030004
  0.002889993521  -0.000789189655   0.006583901315
  0.000294914604  -0.000495102082  -0.002359120411
 -0.000333855012  -0.000701043311  -0.002085846763
 -0.004693052402  -0.007266008227   0.020805503697
 -0.000095923962  -0.000092406043  -0.003063604496
 -0.001012217860   0.000555382268   0.001479261074
  0.000253775204   0.001468147119   0.005675728669
  0.000243863966   0.000313642143  -0.002312347299
 -0.001328360766   0.002632976631  -0.001726948951
  0.000259998223  -0.001040761586  -0.002127534957
 -0.018636578386   0.048870312801   0.060533731805
 -0.000403050180   0.000642640208  -0.002025517426
 -0.001957890906  -0.003832253377   0.005121501529
 -0.000314247684  -0.000578427905  -0.002386908165
  0.003134325997  -0.000901081825  -0.001044115845
 -0.000746184374  -0.000236030625  -0.002433946329
 -0.000475359474   0.003973953443   0.000267122106
  0.000073910004  -0.000505390508   0.002421011602
 -0.001190767670  -0.001759676496   0.011198578577
  0.000166547061   0.000340189665   0.001907366791
  0.000079903625  -0.000606297384   0.000001509257
 -0.000127573401  -0.000244149215   0.003432119969
 -0.005189794818   0.005033645576   0.000642533983
  0.000145126519   0.000188123433   0.002378346135
  0.022289924778  -0.036992714603  -0.125693332770
  0.000318242512  -0.000591389197   0.003281720959
 -0.000072648944  -0.000935999347   0.003040929721
  0.000116629098  -0.000662643828   0.003249237779
 -0.000769690628   0.000600446872   0.003012919446
  0.000526724454  -0.000883511648   0.002789625116
  0.000019723946   0.002039416103  -0.007676471927
  0.000348371073   0.000387537429   0.003745621606
