4197297.584042946
3798211.4597958373
3423702.9799386477
3090492.2007240877
2830566.533354193
2586353.191559767
2362507.5745853516
2164323.7851895047
1976599.4931135685
1817105.4875904846
1668163.4986510384
1537258.1026910706
1425642.5469037304
1321474.2281632214
1218821.7852188954
1135108.2796793398
1057933.8607554594
982848.8848720805
923093.1490948108
862128.6603383506
809323.7611289886
760421.9039789565
720345.9436739711
683574.4325557249
645908.3096580228
613888.4300459798
584208.2350424923
557297.1850177441
535886.1226956806
512988.13952333643
490679.6478233235
471148.5785179511
453379.22606316104
438939.8397219749
423845.68899479706
410234.19345905725
396600.96958818426
383513.51590438443
371716.30425675877
360229.0098783554
350121.4115554981
339920.4864237291
330500.5730773438
321211.3390360178
311621.0507852038
303932.7831157765
295835.1766668454
288579.9009359744
283353.33340470924
277418.6411885366
271794.86696059944
266602.48153293156
262084.30657911347
256568.171192324
252455.24381984313
247653.42641997538
242131.76794871362
238808.34138196587
234308.34870553043
231287.12644393975
227994.2013812342
224993.8076560621
222461.12672369785
219262.90196669492
215907.10385920282
213132.604652511
210976.71163679718
208432.09696712607
206182.865476063
203838.4133490005
201133.98834691793
199613.88590117742
197732.2660945752
195731.0769963055
193844.00831989053
192456.92399577363
190329.3556980056
188529.5472611416
186253.8564426557
185089.82471873704
184089.31954894058
182903.6347997369
180856.99005332764
179879.04065848837
178650.15738665627
177245.127686615
175537.27855095934
174768.7784295924
173186.13595453373
171927.17323743115
170801.20028639617
169899.63323445932
168986.01994798012
168283.99270280666
167648.3558189989
166536.35302939167
165852.94866791883
165125.22022837115
164185.17276672562
163568.196304634
162864.3230655213
161890.1657708183
161123.55216819787
160340.26281090797
159128.92851232982
158462.86268502125
157116.14172297568
156456.44054519766
155704.1576992923
154796.81935938704
153871.92923848098
153384.441974829
152456.89106488478
151827.7566933173
151240.1515545102
150390.2961811278
149889.08932185784
149726.4439521263
149022.41450834044
148661.06380994958
148367.31708066916
148176.5923548972
148027.17866488628
147755.68582009492
147359.18146674728
146876.13884695113
146524.68989805004
146350.87802827032
146037.19915994792
145584.05825693003
145426.8839911382
145191.46283920604
145027.70934388693
144795.63101302925
144644.7890702072
144273.82945942
144183.38382904782
143727.8468940652
143584.2802262216
143361.93503188316
143123.44808405096
142884.72371983383
142462.71822625014
142171.44653104883
141952.13368253846
141748.17953355258
141619.927224668
141105.74103389445
140968.3331239915
140575.4172900975
140452.2592409948
140001.21930455242
139550.75619322693
139201.11197994792
139011.17081825415
138857.85304940777
138737.95993865185
138610.59651746735
138473.25284867545
138137.3900483543
137999.0509481897
137788.24934369102
137651.71759546825
137568.86033015818
137450.76605776994
137169.7909559576
137115.47246875265
137055.13012751265
136926.72343244695
136802.73314854212
136374.46461488312
136152.01388518687
136002.87827306794
135563.53245073624
135560.55407254738
135367.62537662382
135185.47038774
134991.93768759345
134662.8081935374
134615.03720967867
134499.40586950583
134176.67453540128
133896.05355153236
133777.64955014738
133665.52979358664
133374.82967505636
133257.8139097968
133157.73471081274
133048.12275797714
132959.65457322332
132911.08838566614
132790.6933183412
132577.23900744453
132410.80411379848
132373.91521986827
132145.33002670668
132139.1771117926
131954.4551348918
131811.82570036186
131709.2695857259
131651.21248008343
131388.65477782735
131322.13173177015
131183.4288082408
131103.43224890585
130925.3232660782
130808.50746217782
130608.85125150115
130580.37592980362
130409.8093234382
130246.36136518585
130164.5296354012
130074.13843584964
130052.95453128342
130050.22975451541
129954.13696389722
129860.2870062469
129736.65243513601
129527.58097956298
129456.68324853721
129368.79818977675
129336.30128767037
129281.91018335521
129130.46355581698
129120.97159262333
129060.78329556879
129058.59826281681
128944.98690196939
128896.90964857943
128858.23592427006
128813.65611566178
128762.57368886938
128601.05856860189
128559.21324789144
128479.31177716191
128479.67819976194
128457.95274169568
128334.90320893809
128327.352388516
128249.67160387401
128211.89281502529
128116.95053454733
128063.5067765873
128051.98743965958
128004.17592580948
127965.76191213653
127885.18574509257
127866.91421143927
127846.4409463983
127739.38915796217
127640.54482625777
127566.75490157517
127556.00607065676
127520.48547541749
127457.78326505396
127440.50609893049
127345.35240014309
127217.54638697006
127161.87624923365
126989.47061076928
126898.53160503235
126832.60871301284
126788.88297106535
126743.86682423772
126691.34067317692
126608.86873641335
126525.70869341507
126442.7655492925
126378.15363201892
126352.34572702224
126342.12998160241
126287.1222225493
126245.7359402771
126221.13827087094
126208.69210713863
126181.68294498825
126176.19730760253
126154.11535914909
126033.1699234797
125972.96487123589
125954.66842063822
125950.32840000858
125879.75905034682
125857.93778726377
125809.68357160928
125773.71368923367
125770.23858804669
125752.29734503079
125752.29734503079
125701.47751137867
125692.5247651921
125592.85100120786
125540.31056572372
125519.4786647489
125486.47878138434
125452.41016824717
125452.41016824717
125419.49987392046
125419.69611526353
125406.18642413395
125356.77666708521
125325.51214128704
125302.10253864969
125256.4547776306
125249.06062648905
125242.11965196184
125226.19949425718
125161.15193605085
125091.64588919061
125082.18767992813
125023.39592711421
125024.03341788126
124996.222651349
124934.93002924757
124912.65667074558
124859.38178325238
124859.38178325238
124857.62933481214
124852.32610352448
124853.19361285145
124775.26479673875
124733.06370358606
124719.55738199409
124688.01603844477
124610.56251479087
124558.7068917296
124490.20655391832
124450.17023136569
124427.25094565083
124421.04061282345
124377.69951086948
124348.78597754732
124248.01639405056
124216.67096345787
124213.9244026799
124173.51794081758
124143.24577755698
124129.23836676229
124117.02195392086
124071.8044783306
124007.00356432234
123962.24965421436
123931.11004611338
123858.22944193953
123858.22944193953
123798.78122821788
123770.1212096569
123727.94876136465
