4203190.112690633
3796326.8210827243
3444154.5084781707
3115522.8755493355
2836538.7891394524
2575288.188579307
2352148.0196457105
2156587.003076069
1962712.1330303093
1797247.8200265856
1662381.9716841693
1523901.8596911905
1406957.3663439448
1303267.7985624387
1217908.9417226468
1136271.806430087
1058132.7041957069
986426.8282625761
927975.0790104333
874152.7840420557
823806.7435283364
779483.3024611503
745777.633089381
716718.3740535616
679730.2649842958
642318.8791311189
613711.7423189073
589793.3619195337
562432.3533518586
539529.3612278824
514974.6132010346
494229.8644069398
476003.1290256749
458302.4878022516
440989.12874721905
427308.5184027888
410562.278657877
400112.19795258756
389771.8291849693
378318.7539058416
366141.5724828703
355891.2149248743
348297.15135313687
341135.990457117
333105.4146089024
325046.25401438854
315042.3345851182
308267.42974310706
301924.1142852004
295192.28592409054
288712.2418625623
282628.89386610006
276015.5961544414
271396.8436467807
266427.3473192996
261806.60495630733
256725.62516371513
251994.07803695038
248065.4703171525
243876.23853363184
241053.62484036808
237598.77372675942
233796.60546201057
231218.04519238914
228580.25355010637
224744.93177759627
221723.62277575862
219275.27750504567
216370.58472973574
214145.62084703764
210843.23130864208
207591.8000716228
205451.09971430368
203582.730547373
201984.9198641685
200360.3562669041
197528.36780262992
195266.26033485204
193740.70480628312
191924.3357488044
190209.78098427702
188948.84070050775
187655.7974025567
186403.97895746044
184906.45236977053
183591.74053052906
182934.84804743348
181642.17991507606
180410.14864001868
179328.2362867436
178057.1923498887
176464.85235891584
175208.74699065246
174063.94143102062
172586.08071422027
171346.9072006165
170407.2111514859
168974.25723426923
168292.37057292607
167713.15622769075
166790.88984513137
166054.34986974733
165191.4360151913
164178.6485360347
162887.59726914944
161947.60477248265
161248.71833075746
160529.95171863335
159871.99307504288
159462.25283369978
159075.3977619733
158112.7927258747
157242.8918380979
156791.98200277018
155907.5541978426
155323.1540773759
155038.0394489281
154596.23369895894
154028.3346503207
153687.85830505285
153311.90276816278
152853.61773183453
152538.36103156226
152121.51618998992
151651.78472129005
151382.1681150959
150928.86685934896
150456.46862835344
149785.92557544634
149184.843503983
148978.05044020043
148565.35380143352
148349.0091264481
147891.98839999287
147468.41837637915
147188.76966331142
146933.33575647126
146626.5148114931
146413.20148126606
146048.86166400323
145837.65287659943
145608.60861818588
145254.21867267686
144930.521642619
144457.8734807757
144206.71064720635
144059.6340022873
143945.039508345
143690.88060492516
143274.04032439308
142963.55594374775
142568.76934663806
142403.61574671784
142208.6432430091
141991.81429529813
141710.4379777721
141532.51158509852
141295.6495518108
140945.47242900578
140656.47366133909
140516.6218247885
140422.04286122686
140299.18367602734
140132.3816490185
139962.2137815778
139756.95915406803
139611.83616900706
139398.23953871714
139381.40559778237
139155.2398929338
138870.89252427945
138667.62644087235
138531.64084527863
138378.4151449307
138242.72227080973
137982.454344323
137907.3347725386
137803.65532288988
137635.4182947309
137395.5140156845
137266.0793542249
137064.3729481639
136974.3193301682
136688.89845547796
136519.33255410334
136489.03808611035
136339.60503311607
136185.41777243817
136048.87491438485
135977.826543159
135846.98115235596
135540.66855243384
135323.04310940282
135214.32907448366
135058.1229062535
134951.37778128363
134824.64914338966
134547.99997461314
134407.0240212964
134366.7591100474
134214.5029372564
133926.11924310512
133766.9812952183
133628.92061172466
133295.93750611937
133142.74940305663
133073.98776224517
132936.81245078193
132838.84808278235
132599.3459544225
132502.9459146473
132428.59705073587
132311.2118301759
132173.0774033388
132052.57200614043
131989.01335912224
131881.9567063613
131749.3283629382
131692.605700642
131678.7752892658
131609.05571315569
131526.93250003058
131310.47871776618
131244.48241471074
131186.31190348548
131115.58275767096
131011.37675807624
130915.06115662084
130862.91574327536
130741.7707029558
130725.92780546745
130631.28612367105
130547.79041388213
130418.7676803174
130353.28076868285
130291.17540773336
130225.96775860088
130099.0375354034
129995.24006235212
129960.52966098224
129799.78261783453
129604.00020488215
129429.06861855989
129328.16380072883
129270.7317521754
129216.95047899419
129199.22639387748
129150.61477959235
129075.16880165615
129039.32881356408
128990.03532606072
128987.96671926664
128960.64360853715
128948.20285226725
128863.31992531888
128857.48345885282
128773.23727509445
128653.97403348512
128388.4104480319
128286.03107806374
128201.99355694925
128064.98631412632
127962.31931961206
127922.68332538361
127804.24972936521
127753.44793582142
127652.85188746607
127535.56082447706
127418.4260290206
127392.68537104964
127364.51558528616
127255.0252134383
127173.47110863874
127124.02493584614
127089.89243166873
126995.10122055233
126991.62735589535
126944.12965387372
126873.74784040255
126856.84742992904
126774.7528606843
126666.92463897335
126541.79304542232
126536.36167539434
126425.32164078031
126386.03931933307
126372.3987224993
126291.75109210736
126253.66787800788
126238.17635013722
126180.78356769503
126072.0505029278
126039.52806042173
126003.8745504242
125959.23821594522
125884.22723175942
125810.56412723451
125771.00373452825
125624.58128814229
125560.77951544046
125532.66023649092
125521.1668661256
125490.82416913472
125401.85188154058
125397.69310889614
125366.30517410443
125311.21200205683
125294.36944108139
125286.82567289495
125276.05016870653
125222.57052848708
125211.22747209012
