4186800.060855636
3794534.3502033893
3439686.596024248
3125444.663659477
2838095.879169251
2575829.232972814
2353387.3651963454
2151019.8601245093
1963480.4837349434
1799826.0518160528
1665925.2375298957
1538516.0941321142
1420684.6722027252
1317485.9060570118
1224880.7756008713
1139728.7385894253
1064656.4010892967
990494.4567888626
929476.4841845203
870353.6412843831
819959.3757088875
775955.246967498
732976.2616016142
691417.9818190308
654513.5973610049
620305.4920882675
593085.6068471277
564413.3018757424
541293.3801979969
520655.9152865043
497060.2245071961
478264.24643960455
459448.06800343795
443934.8329566303
427373.23802964017
416029.2174328327
403627.9522880049
394432.2872735096
381670.55650440045
372003.09830915416
358559.3703809741
347790.5272446807
339332.706377638
329622.02877192164
322226.3642744805
313632.9516277054
305678.8858806301
298329.564914468
292545.07493384765
286653.3646081307
279020.7976246208
275127.252995835
269330.55888090306
264354.0604856934
259991.48673092487
256262.59964030865
250955.74854383382
247421.92188185736
243931.72568904355
239797.86344255664
237068.91058062663
234784.41617710888
229387.39731915234
226734.34677595992
224064.62347812694
221288.46523181908
218915.93548076926
216816.32770835928
213934.93619922685
211384.2412399799
208700.23674881674
206662.99535852252
204406.77312631265
201835.60888538358
199577.3259979719
197176.2277827983
194764.29990208521
192369.464595064
191038.31723239948
189155.17859945144
187632.8427016461
185944.19970852067
184500.10234438872
183193.99785613903
181183.04966697088
180133.03286684287
179482.07729832715
178695.56945573183
177376.63680223533
176219.62784358568
174946.35843386615
173205.5338445656
171750.95778709993
170104.55465137085
169097.00190432288
168147.80371809256
167372.59046942252
166704.07632086932
166129.49986887153
165150.40201148426
164341.43544306397
163961.69172066078
163112.6649574445
162076.69515931717
161232.56034000067
160521.45556021048
159661.8437399658
158954.59015938448
158039.38014034688
157624.14129255607
156932.25877284142
156665.1903158917
156233.69242507705
155848.1465453914
155193.19562720525
154456.39846081083
153921.97084791845
153617.3296752645
153244.19717694214
152880.10208857906
152586.22082865273
152171.01265294472
151646.6923632238
151114.13153373188
150338.86650657147
150113.3795033562
149608.51328485773
149052.79117815246
148782.05000482698
148377.20888804703
147907.76826964348
147440.97108187072
147291.51113985907
146886.94119774687
146485.30190505626
146175.0966996558
145537.1359914126
145203.17262122018
144713.48507953074
144462.19306154517
144095.09952051044
143557.62251909278
143218.26360092458
142977.6865094329
142627.34987865837
142442.85887194434
142048.46750956494
141722.6744359383
141410.45732249814
141289.26623364148
141045.9705966875
140897.25091110932
140811.61914526898
140634.33048675922
140449.67254157882
140176.83202611504
139868.17148696483
139732.27869976225
139576.03125965327
139446.292532768
139143.94466824672
138910.69563680023
138419.42575831185
138085.98495512048
137720.74480116877
137485.63032362633
137139.701748504
137082.2734571785
136734.9623373942
136345.19591499775
136160.64036521537
135760.20714685667
135638.3931330865
135403.84597288864
135132.1860778238
134979.22977571434
134721.5130049837
134488.25186314713
134308.17007437028
134183.8120960416
134095.69347627903
133956.81744101507
133825.902118469
133657.20376702058
133321.07880957163
133012.41034753187
132851.32848606855
132798.96194771625
132726.2516236786
132570.97030424332
132417.82895476275
132256.5923196338
132131.85421436495
132051.61836010322
131938.67052738948
131811.48841296195
131549.02429612126
131415.50666792534
131315.78568201032
131203.99972702865
130991.42636114405
130915.01910211696
130857.12740757462
130740.91955857968
130681.68630005297
130568.95729126837
130478.40617240229
130152.61854692259
130050.68321115666
129966.9005264205
129692.69666220999
129519.58486453246
129396.25043280104
129242.00603377708
129063.14602693051
129058.81794828182
129027.24206963931
128970.1597875741
128713.68196039772
128565.43502861928
128376.25790552468
128360.91214583156
128314.00647960743
128274.07052325587
128161.31444344662
128021.86352374444
127965.96235760197
127807.30968226015
127736.43698864742
127701.45275309702
127640.78107400541
127565.9006342359
127398.28449568886
127278.49791691377
127195.67554621791
127121.90721783107
127018.31206710264
126896.92728965628
126844.72365118687
126777.61188877665
126677.6689006761
126501.95929815192
126439.12101955347
126341.41568925595
126270.57381856463
126157.54558170692
126035.04559898446
125989.46885312963
125942.31106411915
125871.57605275729
125718.35142413889
125670.2931147819
125462.3299531537
125365.59944873325
125305.46308656082
125209.45559912163
125153.87721161952
125059.56572875372
124924.77791465887
124878.12305760464
124855.83507403961
124785.36390909116
124706.43983466466
124690.30286935696
124575.02090731137
124563.77547215851
124492.97469235625
124426.8570270394
124417.2390931122
124282.58268281983
124218.5861263724
124000.37685888063
123984.76553394232
123843.66809363314
123809.65775423401
123809.21261089073
123674.59482543288
123656.82659472956
123570.9125647865
123519.97725083481
123516.40920654949
123505.15620422104
123501.39482277783
123482.21885002998
123440.53532945942
123377.7838492175
123255.44815640476
123240.29897253086
123187.86235397824
123164.48330652739
123150.32242999699
123086.57784520226
123043.6684026977
122974.4693252538
122937.41625072458
122923.74715268805
122889.7676897189
122885.69933772247
122790.53814116152
122757.85259269844
122739.76419496533
122738.94731472674
122650.46154889718
122645.66317274538
122628.28849092894
122597.1115870965
122586.92772962539
122557.79548426761
122482.28031886069
122467.33862520673
122398.22219961155
122356.61344552832
122347.61425898083
122321.07861543822
122318.29996311887
122277.09710587037
122276.83032196606
122216.9884862579
122185.1436923041
122148.3393380541
122149.99614571557
122135.31125298975
122135.31125298975
122104.32917438951
122026.16101005547
122006.90831601898
121940.86045360815
121936.833336474
121901.20403435804
121879.38780612678
121828.85197504213
121820.09665115454
121806.35120297596
121793.88211195721
121790.39547699118
121781.53600326582
121764.21430533889
121742.9561795053
121742.9561795053
121732.80147748237
121734.51959515332
121721.5803555928
121669.15614533864
121568.62057435952
121550.03460270786
121547.36498362667
121544.45669531036
121544.45669531036
121501.75743167155
121482.24041590709
121482.24041590709
121482.54530323822
121482.22900720546
121469.66050498097
121402.6565610735
121399.3580250311
121289.53384458926
121246.77550435401
121243.0699687651
121243.0699687651
121209.40452315986
121209.40452315986
121207.77353002505
121185.2007654842
121146.70319798183
121119.67774588117
121119.67774588117
121119.67774588117
121063.52921670319
121062.03221033665
121033.93261085823
121029.12461850583
121025.18189987165
121022.08342525772
121018.34835442659
121005.16564202891
120964.13432332879
120958.38292358264
120957.91218958658
120954.0564830259
120907.43117984917
120897.52311479927
120895.41258158706
120882.67506523061
120878.85639286386
120837.28993486437
120817.37012822079
120763.86312450148
120754.3024446686
120753.85948756897
120698.64233611927
120698.64233611927
120622.92147814776
120600.1083107322
120596.59739233047
120573.89999849172
120570.73229139688
120570.73229139688
120536.37296389064
120520.01355271474
120520.01355271474
120490.54019197103
120487.32749746632
120487.32749746632
120473.67124654801
120448.28652402581
120423.26549163598
120423.64971555397
120413.2204413387
120406.10669473573
120381.30507730323
120293.89453273306
120284.9216113264
120284.9216113264
120284.9216113264
120264.2926531666
120260.1892730952
120217.8633746155
120217.8633746155
120193.4185016233
120147.99354598337
120147.99354598337
120124.88150069237
120086.72747548009
120060.14908734769
120060.94369690167
120053.45388194443
120024.98793240372
120023.85127634203
120013.90906847925
120013.90906847925
120014.35202557888
120011.02013155047
120011.02013155047
119975.00181369425
119973.83310434235
119953.53126257859
119936.70936116972
119842.95357627768
119826.02898237607
119823.99897053691
119807.4256877568
119807.4256877568
119788.24492345116
119717.58047132636
119712.61749610238
119712.3338331033
119658.12270329564
119658.12270329564
119613.8690859343
119578.52397598726
119578.52397598726
119574.22916265967
119550.10617351122
119550.10617351122
119545.56359759351
119545.56359759351
119530.79756371121
119530.79756371121
119530.79756371121
119528.97042494529
119526.7123934677
119526.7123934677
119522.86839482529
119522.86839482529
119523.01136087075
119492.44501529213
119480.23783147449
119465.13428298396
119464.11517384126
119464.11517384126
119461.44372160625
119461.44372160625
119461.36545872671
119461.36545872671
119461.36545872671
119461.98232431484
119461.98232431484
119434.65468770725
119434.65468770725
119432.54786421084
119429.32623342847
119364.0046716046
119364.0046716046
119364.0046716046
119320.08994047942
119277.8962617016
119277.8962617016
119277.8962617016
119277.8962617016
119277.8962617016
119278.02461942777
119278.02461942777
119278.02461942777
119272.97363453059
119272.97363453059
119273.82358824118
119272.00749322999
119272.00749322999
119272.00749322999
119251.13819682374
119249.60474039153
119249.60474039153
119136.11553013275
119134.81379609364
119134.81379609364
119134.81379609364
119134.81379609364
119134.81379609364
119134.81379609364
119122.1810754232
119122.1810754232
119120.87612911698
119114.55751638858
119113.28428683667
119102.16602915808
119069.76314509922
119069.76314509922
119069.76314509922
118995.90774504821
118996.29503132065
118972.80843975623
118972.80843975623
118939.34009218511
118939.34009218511
118939.95695777328
118939.56118018848
118925.4543099525
118924.50603952237
118919.8930918707
118919.8930918707
118919.8930918707
118919.10918269072
118910.09467641929
118910.09467641929
118910.09467641929
118910.09467641929
118910.09467641929
118889.62167450713
118889.62167450713
118889.62167450713
118889.62167450713
118888.94039438906
118888.94039438906
118888.94039438906
118863.99518693781
118802.98411359228
118802.98411359228
118802.98411359228
118799.61434196148
118799.61434196148
118799.61434196148
118799.61434196148
118800.56261239162
118784.14592957517
118784.14592957517
118784.14592957517
118783.52906398699
118784.15316000921
118784.15316000921
118784.15316000921
118771.2784688136
118771.83019640367
118771.83019640367
118771.78927074192
118771.78927074192
118764.53807494706
118764.53807494706
118759.8451441467
118750.39452954559
118731.3963368478
118728.69472778443
118728.69472778443
118690.15616699541
118690.15616699541
118662.97911995974
118662.97911995974
118662.48385036284
118662.48385036284
118662.48385036284
118662.55526772208
118662.55526772208
118623.52595824082
118623.52595824082
118623.52595824082
118623.52595824082
118595.27025894471
118597.4852112335
118595.00511572525
118592.79016343645
118590.24587393066
118590.24587393066
118590.24587393066
118590.24587393066
118534.85559739222
118534.85559739222
118534.85559739222
118534.85559739222
118534.85559739222
118523.06670468717
118523.06670468717
118523.52271951905
118524.63485470411
118524.63485470411
118524.63485470411
118524.17883987221
118524.17883987221
118524.17883987221
118524.17883987221
118524.17883987221
118522.46576092826
118496.85829802614
118496.85829802614
118463.95144824317
118460.73093752602
118460.11407193787
118460.11407193787
118460.11407193787
118455.3903434067
118455.3903434067
118426.2523274452
118425.44081342741
118426.36501274892
118426.36501274892
118426.36501274892
118426.36501274892
118427.0119905796
118427.82350459739
118428.50811031205
118428.50811031205
118428.25419791914
118420.28535384752
118420.28535384752
118410.4921221513
118410.4921221513
118410.4921221513
118411.73915004624
118411.2553879561
118408.15490470844
118383.03288077394
118383.03288077394
118363.09977853589
118340.87235075448
118332.6976222141
118306.05775708787
118296.33499466494
118296.33499466494
118251.81377733851
118251.81377733851
118252.43064292667
118252.43064292667
118241.60539821925
118241.60539821925
118234.14707384647
118233.53020825831
118233.53020825831
118233.53020825831
118234.14707384647
118234.14707384647
118233.80112337321
118188.92408470291
118188.92408470291
118169.99357515233
118170.61044074048
118170.61044074048
118170.6273588484
118155.6423060383
118155.6423060383
118142.32088396812
118142.32088396812
118142.32088396812
118142.32088396812
118142.32088396812
118142.32088396812
118135.43337796336
118135.43337796336
118135.43337796336
118135.41645985545
118135.14554474055
118135.42104214113
118135.42104214113
118135.42104214113
118135.60615301106
118101.70590804447
118101.70590804447
118101.70590804447
118101.70590804447
118104.06104659809
118103.78554919752
118104.51273646264
118093.25592542376
118060.72968623345
118035.14651410753
118022.40799680393
118022.40799680393
118019.37779000192
118019.37779000192
118019.37779000192
118006.61520104899
118006.61520104899
118006.61520104899
118006.61520104899
118008.83015333777
118008.83015333777
118008.83015333777
117998.2447786599
117996.02982637112
117993.6746878175
117993.6746878175
117993.6746878175
117994.97710870109
117994.97710870109
117994.97710870109
117950.68313345424
117949.95594618912
117950.36746585005
117950.36746585005
117950.36746585005
117950.36746585005
117950.36746585005
117950.36746585005
117950.36746585005
117950.36746585005
117947.28046064288
117947.28046064288
117935.50593930755
117934.4560291869
117934.4560291869
117925.53338378202
117925.53338378202
117925.45267329388
117925.53338378202
117925.53338378202
117925.12186412109
117926.53859070825
117924.06446672644
117924.06446672644
117924.06446672644
117924.06446672644
117894.9582706601
117894.9582706601
117894.9582706601
117872.36370786774
117853.80614295232
117853.80614295232
117850.93042219846
117850.93042219846
117839.47977305338
117839.47977305338
117839.47977305338
117829.26610630783
117829.26610630783
117829.26610630783
117820.61721792759
117807.00126259924
117785.92531899814
117785.92531899814
117785.92531899814
117785.92531899814
117787.84460546987
117787.84460546987
117787.84460546987
117787.84460546987
117787.84460546987
117787.84460546987
117787.84460546987
117770.6569620732
117755.5143292632
117755.5143292632
117754.2119083796
117753.82039550687
117752.01335160928
117698.6651420121
117698.6651420121
117698.6651420121
117698.6651420121
117698.6651420121
117699.28200760025
117699.28200760025
117699.28200760025
117699.28200760025
117699.28200760025
117699.28200760025
117700.58442848384
117699.67024755751
117649.305542813
117649.305542813
117649.305542813
117649.305542813
117649.305542813
117652.1047323171
117652.1047323171
117640.27927810187
117640.00836298696
117640.00836298696
117640.00836298696
117640.00836298696
117639.08426975488
117639.08426975488
117639.08426975488
117639.08426975488
117639.08426975488
117639.08426975488
117639.08426975488
117636.15279487327
117635.53592928514
117636.58583940579
117636.58583940579
117626.82431621171
117620.24506412426
117620.24506412426
117620.24506412426
117619.51787685914
117619.77355135966
117619.95481951439
117619.95481951439
117619.95481951439
117615.15496884914
117615.15496884914
117615.15496884914
117615.15496884914
117615.15496884914
117615.15496884914
117615.15496884914
117615.15496884914
117615.15496884914
117615.15496884914
117615.15496884914
117615.15496884914
117615.15496884914
117615.15496884914
117615.15496884914
117615.15496884914
117615.15496884914
117615.15496884914
117615.15496884914
117615.15496884914
117615.02268347162
117615.02268347162
117615.02268347162
117615.02268347162
117615.63954905976
117613.02872676385
117613.02872676385
117613.02872676385
117613.02872676385
117613.02872676385
117613.02872676385
117613.02872676385
117613.02872676385
117612.77305226332
117612.77305226332
117615.70452714493
117615.70452714493
117612.4007284193
117612.81621485893
117612.81621485893
117612.81621485893
117611.39948827178
117611.39948827178
117608.46801339017
117610.82315194378
117610.82315194378
117610.82315194378
117610.82315194378
117610.82315194378
117610.82315194378
117610.82315194378
117608.63658132554
117608.63658132554
117608.57016944629
117608.57016944629
117608.57016944629
117608.91988777276
117609.59181406406
117609.59181406406
117609.59181406406
117598.30298691048
117598.30298691048
117598.30298691048
117598.30298691048
117598.30298691048
117588.99098096967
117588.99098096967
117588.99098096967
117588.99098096967
117588.05737692198
117566.16228965981
117566.16228965981
117566.16228965981
117566.16228965981
117566.16228965981
117566.16228965981
117566.16228965981
117566.54101150595
117565.21785223046
117565.21785223046
117565.21785223046
117565.83471781861
117539.58802390535
117538.9711583172
117538.9711583172
117538.9711583172
117538.9711583172
117538.9711583172
117538.9711583172
117523.31034113734
117523.31034113734
117523.31034113734
117523.31034113734
117523.9272067255
117445.02420043503
117431.36638613507
117425.52039257139
117425.52039257139
117425.52039257139
117427.76533316096
117427.76533316096
117427.76533316096
117428.52731998492
117428.52731998492
117428.52731998492
117428.73520336831
117427.91045439677
117426.11322087134
117399.90789457959
117400.31941424053
117395.69365380431
117395.69365380431
117381.69911178936
117382.31597737753
117382.31597737753
117382.31597737753
117382.31597737753
117382.31597737753
117382.31597737753
117375.53138024648
117355.29610614516
117355.29610614516
117355.29610614516
117354.67924055702
117354.67924055702
117354.67924055702
117338.37415509214
117338.37415509214
117320.92813212739
117320.92813212739
117320.92813212739
117320.92813212739
117320.92813212739
117320.92813212739
117320.92813212739
117320.92813212739
117320.92813212739
117320.92813212739
117320.92813212739
117320.92813212739
117320.92813212739
117263.39154867464
117261.03641012101
117261.03641012101
117261.03641012101
117261.03641012101
117226.15935436756
117226.15935436756
117226.15935436756
117226.15935436756
117226.15935436756
117226.15935436756
117225.74783470662
117225.74783470662
117225.74783470662
117225.74783470662
117225.74783470662
117225.74783470662
117225.74783470662
117225.74783470662
117225.74783470662
117225.74783470662
117225.74783470662
117225.74783470662
117225.74783470662
117225.74783470662
117225.74783470662
117225.74783470662
117225.74783470662
117226.36470029477
117226.36470029477
117226.36470029477
117226.36470029477
117226.36470029477
117226.36470029477
117225.74783470662
117225.74783470662
117225.74783470662
117206.2435732361
117206.2435732361
117206.2435732361
117206.2435732361
117206.2435732361
117206.2435732361
117206.2435732361
117206.2435732361
117207.38652538243
117207.38652538243
117207.38652538243
117207.38652538243
117207.38652538243
117204.68968994473
117204.68968994473
117180.98237600467
117180.98237600467
117180.98237600467
117180.98237600467
117180.98237600467
117180.98237600467
117180.98237600467
117180.98237600467
117180.98237600467
117180.98237600467
117180.98237600467
117180.98237600467
117180.98237600467
117183.19732829345
117185.42047655425
117185.42047655425
117185.42047655425
117185.42047655425
117185.42047655425
117185.42047655425
117185.42047655425
117185.42047655425
117185.42047655425
117185.42047655425
117185.42047655425
117183.20552426549
117180.98237600467
117180.98237600467
117180.98237600467
117180.98237600467
117180.98237600467
117180.98237600467
117180.98237600467
117180.98237600467
117180.98237600467
117180.98237600467
117180.98237600467
117180.98237600467
117180.98237600467
117180.98237600467
117180.98237600467
117180.98237600467
117180.98237600467
117180.98237600467
117180.98237600467
117181.78253037453
117180.6395782282
117181.36676549332
117181.36676549332
117181.36676549332
117181.36676549332
117181.36676549332
117181.36676549332
117181.36676549332
117182.07784101575
117182.07784101575
117182.07784101575
117182.07784101575
117179.91041613338
117180.32193579432
117180.32193579432
117180.32193579432
117179.61086027187
117179.61086027187
117179.61086027187
117179.61086027187
117179.61086027187
117178.88367300676
117178.88367300676
117178.88367300676
117178.88367300676
117178.88367300676
117178.88367300676
117178.88367300676
117178.88367300676
117178.88367300676
117178.88367300676
117178.88367300676
117178.88367300676
117178.88367300676
117178.88367300676
117178.88367300676
117178.88367300676
117178.88367300676
117178.88367300676
117178.88367300676
117178.88367300676
117178.88367300676
117178.88367300676
117178.88367300676
117178.88367300676
117178.88367300676
117178.88367300676
117178.88367300676
117177.83376288612
117177.83376288612
117177.83376288612
117177.83376288612
117177.83376288612
117177.83376288612
117177.83376288612
117177.83376288612
117177.83376288612
117177.83376288612
117177.83376288612
117178.56095015124
117176.76910201929
117177.48017754171
117177.48017754171
117177.48017754171
117177.48017754171
117177.48017754171
117177.48017754171
117178.3535611421
117178.3535611421
117178.3535611421
117178.3535611421
117178.3535611421
117178.3535611421
117178.3535611421
117178.3535611421
117178.3535611421
117178.3535611421
117178.3535611421
117178.66602475566
117163.74136633563
