4283408.628873496
3891865.3616508124
3511043.126790186
3191235.0557270166
2899974.5154825095
2627650.722635395
2390176.348330557
2179069.2717413977
1999563.340461204
1834999.0689164465
1685507.7685620459
1549035.5418890899
1426838.7081261217
1322872.4759291315
1227758.142247946
1143095.8266842563
1070449.7982374737
1002619.6005148462
940558.0388435284
878669.8851156194
827232.3683777674
781327.9235611889
735305.4091643535
695833.1637455277
660734.6117618508
623563.0575585638
595606.2036030719
570142.453955792
544688.5621396838
523819.81417555764
503803.95144193305
487103.65618035104
474274.80611097394
456039.7276840285
439622.03624035156
425165.1613458656
409837.99841984705
396338.95535830315
382467.85985091777
370739.7322825139
361163.89474610274
354114.84532836976
344974.0603916685
336997.53779453126
327117.87679993885
320338.666701128
313575.90078452695
305717.1880334849
299242.14497278456
292809.5162736513
287657.79676429473
280860.43692586775
274009.8436918799
268048.7146582877
262299.9468358259
257247.0707967801
251314.4307860002
247914.4431205645
244643.60391602595
241340.77745004382
238265.96542434482
234216.08937726513
229636.17776078318
225930.4628099521
222203.15043468995
218282.28660429642
215539.61731275194
213553.27851301272
211628.02554985124
209003.14653291323
206428.4888499744
204396.7470932596
202353.98191558928
199873.43490783352
197588.28467497206
195591.97730955953
194325.31013247406
193318.17151722318
191489.39047401655
189612.20440016838
188315.57690717382
186153.14907643828
184857.10466351148
183800.24151444776
181828.66704754846
180728.23141596388
179513.42301643518
178114.43223740847
177023.79354940745
176224.5515613217
175035.90149016463
173960.4940403045
173359.7757416429
172876.16270346093
171713.34130917647
170877.48305603344
170335.840058951
169473.84663059196
168602.53897288567
167364.58390313585
166514.61524166033
165634.75061023244
164869.96696355205
163959.34611111152
163199.0864110493
162842.44768496472
161897.5652540228
160444.20180334314
159582.4371011885
158767.16878757253
158201.40804109187
157562.99746815726
156743.5549352748
155732.71783148323
155242.44536890314
154753.1534370677
154082.25892791295
153695.89499222947
153322.74736596167
152850.41851438477
152141.95741474713
151681.1588958343
151353.00602329924
150753.80588237726
150492.3102486115
150127.49024301767
149678.25505710734
148971.99591404243
148506.5411847879
148141.898383972
147676.42174396085
147247.79812818466
146728.0859536126
146503.41232084087
146245.21875714997
146016.03079318145
145766.92204926375
145297.86575342627
145000.93166278544
144702.18697069015
144418.64847317938
144198.0628505501
143821.99658691825
143543.91853338538
143147.1594608122
142919.30664318084
142593.19246268523
142350.77657401864
142125.5607493314
141945.9129475213
141635.88696029014
141377.25012048104
141206.02429299182
141072.28173014353
140899.76070955265
140763.1618294408
140537.5583548931
140257.168661183
139927.3494298113
139770.97775205778
139631.64466562937
139410.9645576642
139253.89423720195
139155.1758436513
138798.04252327897
138622.1296999255
138339.55507071654
138031.10123175784
137822.12785563982
137663.64951816443
137417.555592066
137327.28113088396
137184.7455476994
137132.9485328433
137008.18942537834
136660.96102401553
136576.523993342
136310.56332392275
136165.87620552117
136066.4500428323
135822.37355761294
135500.54649028895
135333.38466793415
135305.6348901788
135188.73454721592
134963.1280594035
134610.07393720414
134472.1629222916
134312.05810356824
134165.04834786974
134034.8820951314
133825.57105070417
133676.64250844705
133477.97196952326
133359.5363292694
133062.84373653695
133020.67570141467
132975.45854857468
132723.16268535025
132514.9220020894
132198.33503036713
131989.09423827604
131944.19098611016
131835.4336898665
131659.6048112411
131475.30649698965
131341.61598547036
130888.2327060712
130724.17918241833
130582.99372727264
130492.02636932206
130345.47323455365
130257.49760938092
130152.04398055957
129991.17013067911
129877.89065593528
129841.37003815432
129664.84256429574
129616.90185382236
129594.7064960799
129494.25343782049
