4208275.787447434
3801128.951226061
3462343.5145678297
3135205.6402415507
2842397.1391208563
2591787.4943097206
2366798.7838934674
2156696.9373554597
1975878.6826031788
1816270.4653898901
1665228.956835833
1533876.722424584
1417709.8806732846
1313928.2370435197
1217576.0815222492
1135941.0463414565
1057923.4819201366
988643.3456971121
922355.8367916974
867384.7572506857
812864.7103269077
767441.2624195155
726044.1743212842
689062.6345869601
653944.0159698603
621716.264634264
597471.9269472552
570341.149513836
543275.7712337797
522431.2635489538
502559.8410838002
486414.9162158147
466110.146338264
447973.19083393295
434006.4635762851
421133.1247837228
408069.109470017
396093.02210788947
383924.71098086913
374098.99199959275
364694.9706765542
353173.49153520877
342919.4177473944
335596.6085766157
327255.5378499934
318327.00741210097
310683.7253709611
303301.76100845716
295713.53236394527
290733.6580919279
284897.91649781005
278776.79166638455
271468.9663944448
265770.154044863
260736.37036179117
256221.57858787052
251424.03636488522
246546.3077489956
242408.2984954135
239825.01025978837
235885.21224535257
231847.3113179478
228436.33747285168
225521.35478920993
222851.00321651885
218810.49462291517
215764.7422003103
213018.32052193588
209963.06572696875
207163.00036305495
204765.95856343623
202367.21442101034
200320.1509440055
198530.75205901958
196429.63343607687
194737.65778840604
191830.7222545556
189940.49078163062
188183.56655492174
186466.6131793238
184966.79232693143
183600.64939680728
182168.47716554033
180639.04327515926
178933.72006273954
177409.1318139073
176007.49970634506
174479.37075640378
173340.57172895348
172273.94974266525
170849.18743256875
169972.57831784387
168752.25214156523
167708.5442244341
166638.84910233758
165481.705538347
164174.9591574716
162857.753017294
161813.13679300572
161156.8765001565
159641.5043680023
159324.60883049155
158528.76121974678
157887.12746950018
157316.58314613588
156232.14815265345
155502.39288697235
154885.66300914652
154295.10023135826
153500.37511813093
152975.83952281362
152657.825259704
152304.8275668741
151971.41455779466
151527.34039645185
150727.9524470856
150178.118595375
149550.7453486956
148982.51865043337
148849.3610407865
148450.5988060973
148136.49310698244
147817.79024485516
147651.0688543651
147470.5947774986
147235.07081607962
146736.40791669357
146311.8408505359
145862.21821822805
145677.3690887451
145452.26072919852
145019.75042303064
144587.22557962214
144275.2675557756
143879.8476091689
143604.83447611448
143476.63287602668
143300.3299397215
142622.68137934373
142152.22381087817
141866.320800283
141626.4853782421
141425.2533976321
141130.0328804962
140896.36853568337
140608.2063120188
140490.76459799276
139894.30539881924
139787.48210723588
139296.04883843154
139070.69862165797
138998.35987816687
138594.6666491222
138378.2218458737
137858.65281612024
137699.3711809988
137492.16610200395
137305.54224470395
137088.56078383088
136879.28446814173
136613.575610033
136512.9154005709
136331.81304734945
136112.31740651248
135973.58296285872
135752.8377535868
135638.78479174743
135437.5375507149
135301.0645608902
135181.43188949738
135110.2550929054
134950.9293734879
134907.5836389654
134723.48618544993
134583.129273097
134509.63923234813
134341.2572007968
134104.52799344953
133996.94410146595
133854.57739734784
133674.62831580557
133509.54275741667
133359.2715315826
133101.37129547793
132940.21131899912
132714.64812721015
132463.05554965272
132453.0888013075
132269.69736140786
132218.26448567404
132028.6337136313
131960.78774373708
131864.03283322393
131802.0023139437
131589.30269725574
131537.128865014
131435.44827103024
131382.2272441527
131337.6349404648
131278.73126511142
131144.9472091131
131042.20578149005
130947.10478087683
130840.68976638258
130716.05338463114
130489.54804235676
130422.12631628549
130369.91033626834
130327.31222677077
130225.9464935257
130128.71485110593
130049.74543533786
129994.59757069958
129805.71606637482
129744.114317051
129703.20244536824
129658.6333455604
129601.03777948683
129580.1313881287
129548.26074507723
129515.14080318989
129453.93104295542
129355.50251737125
129343.10274110097
129222.53746241756
129158.50057147707
129149.74176916068
128984.50438234203
128955.6582380693
128952.71023504485
128885.88736472008
128867.83198954922
128842.19952475754
128725.13448929321
128648.66958063334
128494.72144641448
128359.26413329487
128310.32042726208
128230.87548470133
128161.85628627797
128035.97194182227
128026.53849350929
127975.54407326583
127899.30836520107
127838.5354735713
127813.45019517082
127763.94462645054
127750.83398700581
127743.2036408537
127719.9267589169
127649.53943923139
127644.08763341213
127634.32872147442
127552.88927179974
127526.13303133482
127454.12566206625
127446.04748539871
127425.90473211656
127403.91367731409
127386.83645844979
127354.65433680717
