4146587.7874928256
3724642.8005941045
3396670.2014169926
3074344.9519429225
2782714.6713618236
2532983.3239680077
2310212.146724798
2117876.07904749
1940664.8447829052
1770138.483262551
1624552.9802525134
1494087.632037789
1377054.9263237128
1279927.5694817416
1180964.048132188
1094385.4199233497
1022304.3575240844
959460.8470495804
906192.0996668057
850579.5906968083
797692.7674460409
750735.2664318471
709456.116763865
673369.6025301439
642014.4546810198
610512.8019311028
583452.12247372
557501.1636524369
531940.5016843615
513279.08987998334
493071.5434414228
478260.08610649226
463701.67610064766
447514.1528852673
431693.6048527016
419076.01422722137
403334.8579857028
391786.41907133325
380292.3155565107
367984.76453711855
359164.8166303759
351426.1813654247
340509.22188433923
330609.56370743795
321785.23531994526
314068.9338955309
305698.9836824741
298675.33815510257
291507.5221146153
284904.5361599242
280384.0009321897
274651.5997697737
270743.50405776105
264509.6689193284
259645.2193890569
254330.41848233095
250282.12630150848
246648.66809703165
243190.37559232366
239302.2284167094
235335.7552427324
230868.27055864126
226520.27549027556
222940.89618414233
219826.25315801537
216822.62124901888
213811.990884548
211479.98422969645
209050.92797337443
205102.05722006474
202659.95763186214
199771.40076723875
197271.85364173143
194524.3117061558
193080.10630258563
190365.1302437046
188275.42356988695
186899.6906966124
184774.29563229275
183147.7051457693
181754.28483557072
179431.75505073153
178438.21101928933
176023.9512731571
174861.4961567471
173938.3339985191
172825.2305067515
171888.31712526813
171042.35475048155
169604.18351044087
168175.4933498402
167538.26840170502
166639.29527547298
165361.04303430594
164710.71932621812
163903.14962120532
162845.59050677894
162049.27897634517
161223.5913197574
160824.7739577151
160419.20776876528
159633.46127156704
158518.35248100484
157826.25181916368
157256.71645749797
156563.04228941412
156302.15328307936
155874.45126130508
155384.10666358023
154905.82089625785
154490.94642110696
153853.37083939838
153249.9216513288
152694.78105452412
152249.94184264133
151951.44675737896
151381.70898491965
150819.03415285202
150006.77673140474
149643.1534782558
149167.50123612367
148658.92900124722
148165.13643840526
147554.5295941403
146754.25995819503
146153.54483706827
145760.93409059354
145577.60202918906
145277.77470305498
144966.18549854602
144829.78949133266
144397.80510209128
144248.9355647345
143963.92581686785
143696.38575744425
143577.50926920338
143165.10601900722
142657.0193853855
142266.53459521738
141990.25569692612
141746.94078581722
141610.42045195424
141387.50738702144
141101.0791658596
140941.4790055488
140713.08269955925
140430.8187683496
140081.9896415499
139882.88197963696
139410.89979667106
139007.77253465788
138663.16335186208
138447.59601032105
138289.5864945717
138201.368909155
137894.24717755528
137530.27718692715
137357.88132534004
137204.89936851588
136986.0083179317
136709.46054882393
136564.51218788093
136353.15660088375
136186.8379929599
136085.9364736976
135858.12150712044
135664.14602332094
135523.4053972022
135217.94279124308
135077.26620315193
134945.73618555494
134751.9719371656
134682.82821785443
134582.08659556252
134388.2409505516
134363.82056154867
134020.26212453074
133965.8844951727
133836.04955081202
133636.98887173767
133547.64982007717
133313.66077195486
133221.69112210395
133112.59358012152
133009.48909914127
132865.69848490515
132790.72721765627
132651.91594168323
132420.93586553325
132298.6839163966
132213.3306130578
132074.86237698252
131740.05504170974
131714.1094294923
131621.29896495678
131263.49428309215
131120.4666364344
131065.5805714463
130909.58345775906
130819.8351064667
130719.94232858869
130661.55892154857
130584.9101507865
130509.76843128071
130380.33048478974
130277.0863007333
130139.49456928499
130056.32201962423
130014.791835622
129935.46615984365
129873.2460655545
129755.67168110338
129726.27296613123
129673.25072746337
129609.66430644941
129479.18751539047
129393.0176417419
129351.10028347751
129336.76101889732
129210.68908210288
129035.49516702694
129022.97149897952
128940.7687768068
128786.49485727213
128742.54827571045
128628.35324527057
128531.11300490628
128483.02863566403
128353.3153956072
128310.11208394625
128192.6696770531
128158.13232319061
128088.7707552173
127938.77220290332
127901.97700851003
127876.73642392542
127820.99501440802
127806.34558822315
127802.99121233023
127613.57019009607
127580.40254786078
127481.13712811485
127469.46922060063
127396.90148047234
127396.90148047234
127341.88868229042
127268.61098843066
127235.0315155732
127187.84245355986
127145.82952496492
127122.73089741763
127081.03883816765
127006.19668855726
126930.64777462363
126842.30766825867
126765.83919140269
126659.44822148347
126614.89951190303
126597.6384978253
126449.7307340484
126413.91826889296
126414.21556225794
126373.25966785669
126356.79534402699
126337.83880012855
126299.53493406743
126240.91007970893
126199.09196089399
126174.28971163518
126136.98391304433
126131.27657135035
126074.2694934344
125964.26420148718
125924.38665561652
125899.87773968498
125750.72783745552
125569.67153306204
125517.22239122831
125510.35598424193
125460.03375238397
125316.97212121374
125241.86263702698
125222.07901627844
125164.57757165935
125145.06876373739
125132.23063121445
125123.28942074419
125121.26598570956
125089.02805931297
125045.5542464627
124963.07425068927
124931.31632971256
124902.60496802178
124842.30620271282
124808.98845592483
124776.20350051767
124763.79807944794
124705.4585544467
124667.56517564069
124664.55833420219
124662.92784206974
124583.98412199208
124537.41596469583
124529.36138166579
124516.05618953469
124484.20190172805
124465.44008716027
124455.55156049473
124455.55156049473
124392.09663438305
124327.31690225772
124287.55959731898
124249.8180239099
124233.68379087438
124186.54074849703
124145.29045181452
124121.63467798622
124108.13993847535
124042.88348823503
124030.56362989909
123971.52074607788
123947.33488697125
123892.76359217288
123881.88463704046
123816.46073516748
123797.57680778964
123796.88879756312
123651.03076199736
123652.50871479968
123613.40429825003
123613.40429825003
123612.79901604578
123583.75376373602
123567.42614436179
123542.84899470757
123540.90732626794
123531.44501091124
123454.15471313361
123428.41584925249
123415.96706702412
123345.44517023303
123328.7144897334
123289.12565078455
123222.97655269448
123222.46496958833
123073.28053371135
123034.12033251287
122991.72184654773
122950.08922400081
122919.99886132729
122904.72420962693
122902.64261731904
122892.43385469969
