4124404.8331335885
3747165.185384933
3378609.717064677
3052900.8885310986
2771090.450258077
2509073.351465426
2286194.6342581077
2080761.0236185635
1901038.881539668
1741659.0639748764
1598545.767113233
1470625.3026183266
1349791.5486363382
1246097.3705658666
1163711.6452344512
1086732.371977616
1013707.0119601303
945103.0205436656
884194.3187295891
830457.4276701973
778984.1191501454
735703.6611880872
699447.0200417449
658754.1905940706
632589.0095748807
606762.0587376445
580671.7913356685
552483.5484979174
527049.546488108
506674.05128169537
488485.53941996273
472198.09464091586
452418.685193341
436423.3137685413
423605.51460546296
411196.9746306338
398026.9236381592
385693.8008930617
375518.6608778598
367306.82160929113
357560.92224117
348977.3776930168
340632.09996115847
332826.5633727809
323311.3429989057
316623.4891950721
308881.6284738811
301571.7156957884
294679.720100831
289086.7236413396
284263.00506623747
278594.63891925407
272273.2474931995
265915.02205260994
262410.89227015525
257168.7948076134
252882.08934981926
249148.1730180582
243931.47454309475
240274.50941720142
235748.57734118536
232824.5729966936
228318.42485727434
224403.3309714736
221452.253415316
218710.02329114583
215602.784100389
213046.83559609624
210670.8626716853
208859.22244098637
206680.03593323682
204247.919326847
201509.86275512612
200359.85068391924
199115.54245548628
196745.0101350935
195069.63037700116
193264.70525555583
192061.93480479007
190158.23084972592
188610.0084937783
186935.40832167258
185513.93055627355
184412.08812354773
182535.49361731595
181326.13687708968
179773.47187477912
178676.36798507633
177401.62888555112
176689.07154356348
175585.77279330115
174093.45149105176
173051.40099297068
172053.73591663674
171267.97924849845
170258.93932031028
169665.45794138912
168728.90827624273
168188.36346020387
167536.48924361836
166811.62443949384
165934.17343046307
164831.17508416082
163876.85474876934
163002.4814281937
162778.42093709906
161859.45347893523
160828.56043656485
160320.58192751888
159543.04234624433
158768.42610004655
157967.95999123802
157045.01298683626
156337.7692587985
155770.97849268117
154891.6436746406
154609.89904504613
154132.92253051331
153301.4169545639
152846.0088675816
152284.441702233
151905.21640568163
151394.9257777921
150913.0437339999
150524.95208847162
149892.14583231072
149499.63641162432
148952.64658457338
148394.39552672146
148012.59435872748
147730.85039472915
147014.06240999216
146713.21862723795
146051.1786219744
145952.48129744496
145592.5971332227
145427.48102178337
144872.1864715817
144527.46286273262
144262.76789324824
143970.1009215468
143610.1581306226
142868.67001485854
142361.82472882955
142078.04385764993
141784.3325729513
141547.80668074533
140782.1388469244
140639.29681756377
140391.50368167894
140243.62460978187
140024.38746151014
139873.09174758077
139663.81595139566
139602.3581701687
139507.28953680478
139007.59675340127
138818.59774911718
138670.5119082799
138616.0882958392
138458.54816057868
138279.25844933893
138100.33362269017
137886.8321053197
137575.90034214593
137430.60908768565
137249.3422703591
136922.2659456645
136607.95749270328
136229.29526280842
135876.15132575366
135642.4091497899
135520.50488867972
135375.81500294976
135179.78855506415
134988.56276402844
134874.2033838727
134697.72995848372
134525.80762931943
134437.69618479162
134221.17919105804
134141.17657458287
133877.3126450969
133730.86776102957
133675.0815965859
133556.3442159397
133495.70165486727
133382.1702315475
133311.12302909404
133229.7706443901
133162.48171818902
133013.9816237683
132902.19007290676
132686.03444353433
132513.40343327457
132315.566287282
132221.6463138143
132154.43776139326
132010.84239294502
131909.11458081572
131814.08175342716
131624.27958340978
131517.98671495236
131420.1368602942
131174.41134166069
131122.67085615153
131032.09533904042
130944.37585331767
130819.62909710832
130707.48965136701
130442.9804469544
130403.26834616481
130318.31504671027
130122.01748812816
130033.39151399885
130004.29497799904
129949.47467376105
129760.97439077955
129714.49180549211
129610.3811120294
129480.80863653202
129272.49593859976
129209.44066661387
129126.35224325182
129083.61761742953
129062.97653892456
128873.73119241309
128714.08804963288
128660.38352802464
128631.9894102455
128569.92990550843
128467.84250269546
128366.15798206047
128269.85023543634
128087.81152933373
128053.35511554258
127979.7198007411
127880.70078421233
127802.11340560677
127712.21601874166
127511.52794133408
127443.50582849683
127258.57661183074
127105.19405841654
127056.81989294117
126995.12882019977
126960.09699389497
126951.50046987826
126831.81085413457
126813.05620598797
126795.50694677273
126696.2654442126
126677.72210741356
126559.53306728142
126443.52016568645
126348.89125999436
126313.22225517496
126199.12178459999
126196.169232254
126137.85038127785
126044.07614891301
125963.89574204286
125915.69692536455
125699.4005561937
125630.38807271999
125512.81154736466
125461.68045242707
125342.78445210667
125337.29776616736
125232.62218174446
125084.70471742383
125066.58871316274
125030.39668365457
124982.22414624362
124889.96431296712
124868.13139266057
124820.68518266636
124762.9548395482
124676.15670080204
124649.94920904137
124623.06660256216
124587.15305381067
124551.28293473329
124497.34958848433
124458.99346593203
124382.733436269
124347.73599879237
124337.75734918474
124296.58521212189
124164.50138469078
124064.0550537335
123995.8025913788
123942.5098792614
123922.08781811183
123905.5079927526
123901.41414445796
123851.76250124522
123848.40091381111
123812.55339737076
123762.464299396
123750.44424888838
123722.5806656965
123719.68147328084
123704.98573612381
123704.98573612381
123637.24560792427
123636.96819980236
123623.1873700993
123623.50556926732
123607.31874944888
123554.00493758108
123514.84386716958
123504.9937986873
123499.2688184093
123383.38671981698
123300.553274281
123263.06330623766
123242.92738602414
123228.8577194095
123149.34855764886
123114.53819169616
123102.30260050182
123051.72746709356
122970.12519236421
122909.51949866056
122865.19313187637
122864.46458532866
122845.17850575846
122813.73271751677
122671.18726961072
122616.78634278811
122548.38167130772
122542.18015991307
122452.03034040725
122423.41880629296
122418.66577400116
122369.54698161205
122349.79991901653
122349.79991901653
122338.62714382482
122296.37477976864
122260.76285207222
122177.06031337124
122142.198275529
122105.89151419795
122078.14848044497
122039.42186050411
122038.76144849233
122036.32428884215
121913.35100546105
121893.9625611069
121838.1273510517
121771.16714312181
121735.59202191274
121686.3626739648
121620.22235630397
121562.80692004287
121529.72178151637
121478.55294571297
121450.74706047855
121424.22500064387
121417.87121792595
121368.05511675222
121299.31799626024
121297.26990339562
121290.15015115654
121275.76189242929
121268.81056130669
121248.39075783678
121239.68171263358
121200.82932589622
121139.75780631867
121121.27620259201
120987.5879859587
120987.5879859587
120937.47449778323
120929.34674849887
120918.63903066103
120859.52974543853
120853.28557772271
120764.55358494949
120731.95120525736
120706.29754505298
120631.60961745487
120628.02427467928
120553.49451842213
120505.01987289745
120480.8700510542
120472.75626531229
120426.92783272579
120421.12200032576
120412.71539491572
120337.5564727413
120321.14283814836
120286.1117179382
120284.56068098074
120274.03028052331
120254.78246787924
120234.90850563627
120231.57365486588
120186.69215314538
120182.80114829382
120136.45897279309
120136.45897279309
120134.37534657007
120112.61311888616
120112.61311888616
120110.13497162957
120110.13497162957
120022.53544346045
120022.53544346045
120022.53544346045
119991.21956420873
119991.21956420873
119960.6641486642
119939.32403320691
119938.31894387495
119937.4437906884
119893.52276351347
119875.34737345579
119875.07091871966
119841.20113886376
119807.47918333048
119805.1865908061
119790.94741907869
119766.3499790215
119761.86081129481
119755.70240462653
119731.11981034552
119716.8799876178
119656.66609818678
119655.48290734363
119655.1943435109
119649.21664254068
119621.43786134175
119588.01667642099
119579.41876526098
119544.25358113475
119535.52240518073
119534.9546101663
119532.985940337
119531.6953179151
119511.30153054846
119488.27248046847
119488.84027548291
119463.48598833536
119464.5286785466
119457.29368367346
119410.4020342177
119334.38659907207
119312.9244735245
119300.17014893702
119280.18326387982
119280.18326387982
119270.96931247486
119239.98076481634
119239.27495150459
119217.56224807163
119148.07307075866
119081.66494176319
119049.56085764569
119028.37445069283
119028.00829343198
118961.48475349924
118962.21623305668
118940.81257794143
118940.81257794143
118875.71319486838
118836.81383766897
118813.07990194492
118813.07990194492
118813.07990194492
118818.62148796913
118818.62148796913
118809.97387712277
118809.31643093402
118809.87138276748
118760.20897371075
118741.21294473764
118731.17890350519
118723.850843399
118723.850843399
118723.850843399
118723.2531968395
118723.2531968395
118723.2531968395
118695.18407384552
118695.18407384552
118679.8268250159
118672.43776460827
118672.43776460827
118642.928889428
118642.56552725172
118636.92713729196
118636.92713729196
118636.67564301757
118613.14401208237
118613.32508660818
118613.32508660818
118613.32508660818
118606.74611129393
118606.74611129393
118600.03479316266
118590.77477163222
118588.24109285325
118574.79420260583
118543.4838242709
118514.3085575941
118507.5017127293
118507.5017127293
118499.613186778
118499.613186778
118499.613186778
118501.6847532299
118453.64362284326
118437.08638119156
118401.67400123786
118394.40155052676
118394.40155052676
118390.7872647725
118382.57178541891
118369.55955043259
118294.87611326261
118292.14359870719
118282.37846904152
118282.37846904152
118282.37846904152
118240.20473603145
118233.78621838428
118205.37878925909
118205.37878925909
118205.04674443352
118205.04674443352
118204.47894941908
118204.47894941908
118170.92589366372
118165.70392229882
118165.70392229882
118165.11693570096
118166.47783133455
118152.1281863685
118152.1281863685
118152.1281863685
118115.0423769452
118111.27221909544
118101.05032371737
118101.05032371737
118098.22263743076
118098.22263743076
118086.50687740374
118089.24638606102
118088.85713051715
118092.74226306505
118094.49226039977
118094.49226039977
118094.49226039977
118009.92650578124
118009.92650578124
118009.92650578124
117992.92779991505
117992.92779991505
117992.96171170901
117980.37299204942
117970.6621998953
117938.93128266158
117938.93128266158
117937.10947537918
117919.0914848526
117913.76088812086
117914.3286831353
117913.29340853186
117913.29340853186
117913.29340853186
117888.52606268905
117888.52606268905
117888.52606268905
117883.06394673378
117882.72081112504
117834.56002581914
117834.5939376131
117810.19526028271
117810.16134848875
117810.16134848875
117809.645322667
117807.8672267801
117787.76797769833
117787.20018268388
117730.43712950088
117730.43712950088
117729.82404120814
117723.77551148349
117723.77551148349
117687.93020289781
117687.93020289781
117687.93020289781
117679.47661409067
117668.1470033523
117637.80391374353
117622.66086618864
117620.12805440757
117601.97946823228
117551.96266152238
117551.96266152238
117555.44183402928
117554.62302239827
117553.9366946602
117553.9366946602
117557.26015065487
117549.4319447347
117549.4319447347
117549.4319447347
117546.66669644235
117543.02306323932
117443.03407998131
117443.33717471415
117443.33717471415
117443.33717471415
117438.8036268817
117438.8036268817
117438.8036268817
117435.01751305065
117397.15563498574
117398.12242788487
117398.12242788487
117398.12242788487
117398.12242788487
117387.19817421152
117387.19817421152
117387.19817421152
117376.47534297754
117376.47534297754
117376.47534297754
117373.30770066641
117373.07380941551
117361.83263515044
117361.11293815164
117361.11293815164
117337.40687409679
117338.82499024553
117338.82499024553
117338.82499024553
117338.82499024553
117338.82499024553
117338.82499024553
117334.83717955329
117334.26938453883
117334.26938453883
117331.46251808088
117330.78634197018
117331.27426579615
117330.66429976346
117330.66429976346
117330.89819101436
117332.97871198927
117321.26127241897
117321.26127241897
117320.89550328204
117320.89550328204
117322.54785164521
117321.3754212
117321.3754212
117316.7770909147
117316.7770909147
117316.7770909147
117310.58827079274
117310.0333024138
117310.0333024138
117310.0333024138
117310.0333024138
117310.0333024138
117310.0333024138
117310.0333024138
117310.0333024138
117310.0333024138
117282.34129236915
117281.9510338304
117245.71034977848
117246.27814479293
117245.35691877647
117243.89500289332
117243.7050433931
117243.7050433931
117243.2615462786
117243.2615462786
117243.67122011361
117243.67122011361
117243.53274962524
117243.53274962524
117241.32522245511
117240.07181279044
117244.22892111055
117244.22892111055
117244.22892111055
117235.55710416914
117235.55710416914
117235.55710416914
117235.55710416914
117235.55710416914
117235.54620328858
117235.54620328858
117235.54620328858
117240.32769643434
117236.23135502606
117235.88729023462
117236.94698673945
117237.36440949407
117183.54832529172
117183.54832529172
117183.54832529172
117177.98865907114
117177.98865907114
117168.84921042284
117168.84921042284
117150.63339890813
117145.76990676248
117145.76990676248
117145.76990676248
117145.76990676248
117140.64721776286
117140.64721776286
117100.16187731258
117099.75220347758
117099.75220347758
117093.39305408765
117070.0646638398
117070.0646638398
117070.27578097713
117069.35455496066
117065.99012948952
117062.88721105049
117062.88721105049
117062.88721105049
117062.88721105049
117062.88721105049
117062.88721105049
117062.31097427272
117062.31097427272
117063.3783428955
117062.8183645345
117062.8183645345
117039.49509398613
117039.49509398613
117039.39996144283
117040.70824584785
117040.70824584785
117019.18445425462
117019.16738406115
117019.16738406115
117017.29130464167
117017.29130464167
117017.29130464167
117011.41427247335
117011.41427247335
116992.9394094364
116992.84902473798
116992.84902473798
116989.98227448965
116989.98227448965
116986.75899302785
116987.50338559641
116987.80691155868
116987.80691155868
116987.80691155868
116987.80691155868
116971.40828529824
116971.40828529824
116971.40828529824
116971.40828529824
116971.40828529824
116970.59121716925
116969.81589680951
116970.15996160093
116970.15996160093
116971.05511390298
116971.05511390298
116967.48362416629
116963.47176357481
116963.47176357481
116963.47176357481
116969.55510970215
116968.79629449145
116964.12200476331
116960.33706481515
116961.68957740607
116963.47779863901
116963.47779863901
116963.47779863901
116962.93930006493
116962.93930006493
116962.93930006493
116962.93930006493
116955.01546188105
116954.53546088599
116954.44766686662
116954.44766686662
116911.11719398503
116911.11719398503
116911.11719398503
116910.37280141647
116910.37280141647
116910.37280141647
116910.37280141647
116910.37280141647
116910.37280141647
116909.49879943092
116909.49879943092
116909.49879943092
116909.49879943092
116909.49879943092
116883.64206898848
116888.59644471214
116878.90160642828
116846.68086304315
116846.2863444562
116845.8960859174
116845.8960859174
116845.8960859174
116845.8960859174
116851.07449155315
116851.07449155315
116851.07449155315
116851.07449155315
116851.07449155315
116851.21953503287
116854.37023070242
116854.37023070242
116854.79134864858
116856.45994397608
116856.45994397608
116856.45994397608
116847.23995164962
116847.23995164962
116845.37987799986
116845.37987799986
116845.77013653863
116844.64420305644
116844.64420305644
116844.64420305644
116844.8990083074
116844.8990083074
116838.5613713153
116838.5613713153
116838.5613713153
116838.5613713153
116838.5613713153
116838.5613713153
116840.27780507343
116840.27780507343
116840.27780507343
116839.00913191626
116839.00913191626
116839.00913191626
116839.00913191626
116839.00913191626
116839.00913191626
116839.00913191626
116839.00913191626
116839.57692693069
116839.18666839192
116839.18666839192
116842.30842835802
116846.17539334513
116846.17539334513
116845.6075983307
116842.9590329774
116842.9590329774
116836.5212611511
116836.5212611511
116834.15618833595
116834.72398335038
116831.21294973613
116796.85144792461
116796.85144792461
116793.72789117935
116783.47384280822
116783.47384280822
116781.01057588545
116780.49977323339
116728.54086262235
116727.9730676079
116722.87748537885
116665.33909721821
116660.66380420624
116660.66380420624
116660.66380420624
116663.41402512798
116660.66380420626
116660.66380420626
116659.70768131549
116644.54638512629
116644.54638512629
116643.90714724972
116643.90714724972
116643.90714724972
116643.90714724972
116644.47494226416
116644.47494226416
116644.88488725679
116644.31709224235
116644.31709224235
116644.08320099144
116644.08320099144
116642.41476805502
116632.40154539113
116632.40154539113
116632.40154539113
116632.4565187279
116632.4565187279
116632.4565187279
116626.27815376245
116623.55092945992
116623.55092945992
116623.55092945992
116623.55092945992
116623.55092945992
116623.55092945992
116623.55092945992
116601.86558824216
116596.47388500869
116593.58279904298
116593.58279904298
116592.56093853927
116592.56093853927
116597.23153374827
116597.23153374827
116597.23153374827
116597.23153374827
116597.23153374827
116597.23153374827
116596.7515327532
116596.7515327532
116596.7515327532
116596.41791852849
116596.98571354293
116592.31511833394
116592.31511833394
116592.31511833394
116590.40039282576
116586.64068664191
116586.07289162747
116573.1066025419
116573.1066025419
116573.67439755636
116573.67439755636
116573.67439755636
116573.67439755636
116576.45878609856
116576.45878609856
116576.13025694419
116571.5397287096
116571.5397287096
116536.42897624604
116536.28132350513
116536.28132350513
116536.28132350513
116539.56364863901
116539.56364863901
116539.56364863901
116540.13144365346
116540.87583622203
116539.1594024639
116539.1594024639
116540.80154309387
116536.87268101497
116532.50467096202
116530.86253033206
116530.86253033206
116532.46769498618
116532.46769498618
116532.46769498618
116532.46769498618
116532.46769498618
116530.1839683498
116530.1839683498
116530.1839683498
116503.56000906922
116503.56000906922
116503.56000906922
116503.56000906922
116502.9922140548
116501.60969789422
116501.60969789422
116501.60969789422
116501.60969789422
116501.60969789422
116502.2489357708
116502.2489357708
116502.2489357708
116502.2489357708
116499.14820285086
116502.44747439434
116500.59602316353
116480.6030692539
116480.6030692539
116480.6030692539
116480.6030692539
116487.37550348233
116487.96828294208
116487.96828294208
116487.22389037351
116488.52357559267
116488.52357559267
116488.53982046331
116487.90058258674
116487.90058258674
116489.13167358159
116489.1527113656
116489.1527113656
116486.80109565651
116486.80109565651
116486.80109565651
116480.23209921842
116480.23209921842
116480.23209921842
116474.9690395084
116481.74048425155
116481.74048425155
116481.74048425155
116481.74048425155
116480.67393401187
116480.67393401187
116480.67393401187
116480.67393401187
116481.41076082186
116481.92981259084
116484.2816898745
116485.11369298722
116485.07319600768
116485.07319600768
116485.07319600768
116478.16054614974
116475.03971851929
116475.03971851929
116472.47058153724
116469.71013063195
116469.71013063195
116468.87812751923
116468.87812751923
116466.45803408205
116466.45803408205
116448.5898213618
116443.41941390376
116443.41941390376
116443.41941390376
116443.41941390376
116443.41941390376
116443.41941390376
116443.41941390376
116443.41941390376
116437.87228311611
116437.87228311611
116437.87228311611
116437.87228311611
116437.87228311611
116437.87228311611
116437.87228311611
116437.87228311611
116437.87228311611
116437.87228311611
116437.87228311611
116408.01874205997
116408.12299314608
116408.12299314608
116408.12299314608
116358.16441167424
116360.86768277605
116350.70863721239
116350.70863721239
116350.70863721239
116348.04153713142
116348.04153713142
116348.04153713142
116348.04153713142
116348.04153713142
116348.04153713142
116348.04153713142
116348.04153713142
116348.04153713142
116348.04153713142
116348.04153713142
116348.68077500799
116345.92339394354
116346.17819919452
116346.74599420896
116346.74599420896
116346.74599420896
116346.74599420896
116345.774849043
116326.42945640786
116327.74077324782
116327.74077324782
116327.74077324782
116327.74077324782
116327.74077324782
116307.78518866055
116307.78518866055
116309.69400171777
116309.69400171777
116312.89783463979
116312.89783463979
116315.35505535768
116314.0437385177
116315.44170382594
116315.44170382594
116315.44170382594
116316.03276800865
116315.46497299422
116315.46497299422
116314.73395003252
116314.73395003252
116306.01044740701
116306.01044740701
116305.60034933602
116279.68424653244
116279.68424653244
116281.5487856386
116281.5487856386
116279.43513568235
116279.43513568235
116279.43513568235
116280.07437355892
116282.86568637866
116248.23388664851
116248.23388664851
116238.31858095842
116238.31858095842
116239.062973527
116238.68162850142
116236.24069139818
116137.32686747512
116137.32686747512
116137.32686747512
116137.32686747512
116131.63587248203
116131.63587248203
116131.63587248203
116127.78841842918
116129.1008981273
116127.94779178411
116127.94779178411
116127.94779178411
116064.48699972028
116052.29493845181
116036.61775905949
116036.61775905949
116036.61775905949
116032.26442994777
116031.27424784673
116029.81943801965
116029.81943801965
116029.81943801965
116029.81943801965
116032.29767399651
116032.70609565599
116029.02082678812
116029.02082678812
116029.02082678812
116018.76857302527
116007.8369643949
116007.8369643949
116007.8369643949
116007.8369643949
116007.8369643949
116007.8369643949
116007.8369643949
116007.8369643949
116007.08575647676
116008.14978280044
116008.14978280044
116008.14978280044
116008.63937011802
116008.63937011802
116007.32342265034
116007.32342265034
116007.32342265034
116007.32342265034
116007.89121766479
116007.89121766479
116005.37614139871
116006.83683931973
116000.03565300317
116000.03565300317
115970.39057634638
115970.39057634638
115972.94288858867
115972.94288858867
115972.94288858867
115972.94288858867
115973.8168905742
115973.8168905742
115973.8168905742
115973.8168905742
115970.98949918468
115970.98949918468
115936.13735972944
115936.13735972944
115935.26335774391
115935.26335774391
115935.26335774391
115935.90259562047
115935.90259562047
115936.732040549
115936.732040549
115937.29983556346
115936.732040549
115934.17972830673
115933.46480977042
115917.67346956604
115862.93241698758
115862.93241698758
115863.47091556169
115863.143223663
115863.143223663
115863.71101867745
115863.71101867745
115863.71101867745
115863.71101867745
115865.07517308836
115865.07517308836
115865.07517308836
115848.30956353978
115848.30956353978
115846.98789959276
115846.98789959276
115846.98789959276
115846.98789959276
115846.98789959276
115846.98789959276
115841.06463576967
115844.46590656668
115844.46590656668
115843.63646163815
115843.0686666237
115751.26795294716
115751.26795294716
115751.26795294716
115750.95620428261
115750.95620428261
115750.08220229708
115750.79549319178
115750.79549319178
115750.79549319178
115750.79549319178
115739.58574977807
115739.58574977807
115739.58574977807
115738.94651190151
115738.94651190151
115738.94651190151
115738.94651190151
115738.94651190151
115738.94651190151
115738.23322100681
115738.23322100681
115738.23322100681
115739.77425372972
115739.77425372972
115740.41447096191
115740.41447096191
115740.41447096191
115740.98226597637
115740.98226597637
115740.98226597637
115739.23314802689
115727.78851678633
115727.78851678633
115726.45069257192
115723.93537578582
115724.50317080026
115724.50317080026
115724.50317080026
115724.50317080026
115724.50317080026
115723.93537578582
115723.93537578582
115723.93537578582
115723.93537578582
115723.93537578582
115723.93537578582
115723.93537578582
115723.93537578582
115723.93537578582
115723.94512478638
115723.94512478638
115723.94512478638
115723.94512478638
115723.40662621225
115723.40662621225
115723.94512478638
115723.94512478638
115723.94512478638
115723.94512478638
115723.40662621225
115724.11991710695
115724.11991710695
115724.11991710695
115724.11991710695
115724.11991710695
115724.11991710695
115724.11991710695
115724.11991710695
115724.11991710695
115723.47969987475
115723.47969987475
115724.01819844886
115724.01819844886
115724.10918875075
115724.10918875075
115724.10918875075
115724.10918875075
115724.10918875075
115724.10918875075
115724.10918875075
115724.10918875075
115724.10918875075
115724.10918875075
115724.10918875075
115724.10918875075
115724.10918875075
115724.98319073631
115724.98319073631
115725.52168931041
115725.02076978667
115725.02076978667
115725.02076978667
115724.30747889198
115724.92611500858
115724.92611500858
115724.92611500858
115724.92611500858
115724.77332250381
115724.77332250381
115724.77332250381
115724.19297910445
115714.1245426044
115716.11925334395
115716.11925334395
115684.00379619209
115684.00379619209
115683.32962612074
115683.32962612074
115683.32962612074
115682.75806398678
115683.32585900124
115680.85139014389
115680.47253903582
115681.91072167184
115681.91072167184
115686.01842272525
115686.01842272525
115686.01842272525
115687.85074517582
115687.85074517582
115687.85074517582
115687.85074517582
115687.85074517582
115687.6037325465
115687.6037325465
115687.85074517582
115687.85074517582
115686.22128009927
115686.22128009927
115686.22128009927
115688.2985054531
115688.2985054531
115688.2985054531
115690.10263740139
115690.10263740139
115690.10263740139
115690.10263740139
115691.9228089288
115691.12666948413
115693.77015007572
115693.77015007572
115692.41629055639
115653.68174016043
115653.68174016043
115653.68174016043
115651.10970243094
115651.10970243094
115651.10970243094
115651.10970243094
115651.10970243094
115647.92721715762
115651.72452749033
115651.72452749033
115651.72452749033
115651.72452749033
115626.67239627002
115626.67239627002
115626.67239627002
115626.29354516196
115626.29354516196
115626.29354516196
115626.29354516196
115626.29354516196
115626.29354516196
115629.01051855378
115629.01051855378
115624.9879914491
115624.9879914491
115624.9879914491
115624.62076828296
115620.83742993682
115620.83742993682
115620.83742993682
115620.83742993682
115620.83742993682
115620.83742993682
115621.20465310296
115618.79491014703
115618.79491014703
115618.79491014703
115586.65354633814
115586.65354633814
115586.65354633814
115586.31836101899
115585.95113785286
115585.15339071298
115585.15339071298
115583.65496958644
115583.65496958644
115583.40795695712
115575.44317620658
115575.44317620658
115575.44317620658
115575.44317620658
115578.74076337321
115579.07594869236
115579.69568712881
115577.50962153847
115577.50962153847
115578.07741655293
115578.07741655293
115567.42453852865
115567.60113608277
115567.60113608277
115567.60113608277
115567.60113608277
115567.60113608277
115567.60113608277
115567.60113608277
115567.60113608277
115567.60113608277
115567.60113608277
115567.60113608277
115566.85674351419
115566.85674351419
115571.6965203974
115571.07678196096
115565.62672796336
115524.70698332193
115524.70698332193
115524.70698332193
115524.70698332193
115525.30679699389
115525.30679699389
115524.02515469985
115456.46809544519
115456.46809544519
115456.46809544519
115456.46809544519
115456.46809544519
115456.46809544519
115456.13291012605
115451.99406240653
115451.99406240653
115451.99406240653
115451.99406240653
115451.99406240653
115451.99406240653
115450.6221025685
115450.6221025685
115450.6221025685
115450.6221025685
115450.86911519781
115446.80676962281
115446.80676962281
115445.80382751337
115445.80382751337
115445.70459952689
115445.70459952689
115445.70459952689
115445.12701646017
115445.12701646017
115444.41372556548
115445.4622017793
115445.4622017793
115445.4622017793
115445.4622017793
115445.4622017793
115445.4622017793
115445.4622017793
115444.16301511289
115444.16301511289
115444.26224309938
115444.58583484383
115444.58583484383
115426.7659006039
115426.7659006039
115426.7659006039
115426.7659006039
115426.16969904926
115426.16969904926
115427.45327191247
115427.12968016801
115426.3870976759
115426.3870976759
115426.3870976759
115426.3870976759
115426.3870976759
115425.44560850994
115425.44560850994
115425.44560850994
115426.9573473386
115426.9573473386
115426.9573473386
115426.9573473386
115427.52514235306
115427.52514235306
115427.52514235306
115427.52514235306
115427.52514235306
115427.52514235306
115426.9573473386
115426.71033470928
115426.71033470928
115426.11413315461
115426.11413315461
115426.11413315461
115423.13536182634
115423.13536182634
115423.13536182634
115423.13536182634
115423.7031568408
115423.7031568408
115421.73465104523
115421.76305758544
115421.76305758544
115421.05405572755
115421.05405572755
115421.05405572755
115420.25637781942
115420.25637781942
115420.25637781942
115420.82417283386
115423.46308921443
115423.46308921443
115423.46308921443
115423.46308921443
115423.79827453358
115423.23047951913
115424.6629952897
115423.40681776445
115423.40681776445
115423.40681776445
115423.40681776445
115423.9746127789
115423.9746127789
115423.9746127789
115423.9746127789
115423.33537490234
115423.33537490234
115422.76757988789
115423.088362273
115423.088362273
115424.10222029447
115424.10222029447
115424.10222029447
115423.53442528003
115424.9119566119
115424.9119566119
115424.9119566119
115426.91619932694
115432.55489170479
115413.87268517152
115413.28130883598
115413.28130883598
115413.28130883598
115413.84910385043
115413.84910385043
115413.91625290929
115413.91625290929
115413.91625290929
115418.82415019767
115418.82415019767
115418.82415019767
115416.90095413222
115416.90095413222
115416.90095413222
115416.90095413222
115416.20875760453
115416.92204849923
115416.92204849923
115416.92204849923
115416.92204849923
115416.92204849923
115416.35425348475
115416.35425348475
115417.69778933283
115417.69778933283
115420.13110793091
115416.98449843813
115416.98449843813
115416.98449843813
115415.64096259006
115415.64096259006
115415.429227419
115413.98194117201
115413.98194117201
115413.98194117201
115410.291326749
115410.291326749
115410.291326749
115410.291326749
115410.53661723816
115411.29243648247
115411.29243648247
115411.25888116437
115411.25888116437
115411.25888116437
115417.75475307115
115417.75475307115
115417.75475307115
115417.75475307115
115419.1870239856
115418.17316596414
115413.9829985131
115413.9829985131
115414.09349838871
115414.09349838871
115414.09349838871
115414.09349838871
115414.09349838871
115414.09349838871
115414.09349838871
115414.09349838871
115414.09349838871
115414.02634932988
115414.02634932988
115414.02634932988
115415.6547140613
115414.67057494383
115413.23988833683
115405.99956714996
115406.98370626743
115406.98370626743
115406.98370626743
115406.98370626743
115407.55150128188
115407.55150128188
115407.55150128188
115407.55150128188
115408.56712651
115410.05415300516
115410.05415300516
115409.4143689628
115408.81816740814
115408.81816740814
115408.81816740814
115408.81816740814
115407.70710274947
115407.70710274947
115407.70710274947
115407.70710274947
115407.70710274947
115408.39929927715
115408.39929927715
115412.78472391593
115412.78472391593
115413.4820016392
115413.4820016392
115411.27799598005
115411.27799598005
115412.5341735053
115412.5341735053
115388.23645222589
115387.53917450263
115388.1353760573
115386.70286028672
115382.31743564794
115382.31743564794
115382.95721969029
115381.06312117318
115381.77641206788
115381.77641206788
115381.77641206788
115381.77641206788
115382.60084059814
115382.60084059814
115381.77641206788
115381.77641206788
115380.14804733646
115380.14804733646
115380.14804733646
115380.72563040318
115380.72563040318
115380.72563040318
115380.71383658492
115380.71383658492
115380.71383658492
115380.94378871034
115380.94378871034
115380.71383658492
115380.71383658492
115380.71383658492
115380.07459870836
115380.07459870836
115380.07459870836
115380.63426103015
115380.63426103015
115380.63426103015
115381.2020560446
115381.2020560446
115381.2020560446
115381.2020560446
115381.2020560446
115380.62447297788
115381.09591449732
115381.09591449732
115383.96974288308
115383.96974288308
115383.96974288308
115383.96974288308
115383.96974288308
115383.96974288308
115383.96974288308
115383.96974288308
115385.5981076145
115385.5981076145
115363.56005351464
115362.99225850019
115362.99225850019
115362.99225850019
115362.99225850019
115362.99225850019
115365.86923308608
115365.86923308608
115365.86923308608
115360.66377448446
115361.56675481805
115361.23156949891
115361.23156949891
115360.66377448446
115360.66377448446
115360.66377448446
115360.66377448446
115362.07790481835
115362.07790481835
115362.07790481835
115369.12745842598
115369.12745842598
115369.69525344043
115369.69525344043
115369.69525344043
115369.69525344043
115369.69525344043
115369.69525344043
115369.69525344043
115369.13149640748
115368.89888671218
115368.89888671218
115368.89888671218
115368.89888671218
115368.89888671218
115368.56370139304
115368.56370139304
115368.56370139304
115368.56370139304
115368.56370139304
115366.96487930558
115366.96487930558
115366.96487930558
115364.91263601831
115362.00611878847
115361.31392226079
115361.31392226079
115361.31392226079
115361.31392226079
115361.31392226079
115361.31392226079
115361.31392226079
115361.31392226079
115361.31392226079
115361.31392226079
115361.31392226079
115361.31392226079
115361.31392226079
115361.31392226079
115361.31392226079
115361.31392226079
115361.31392226079
115359.30967954575
115359.30967954575
115359.30967954575
115359.30967954575
115359.30967954575
115359.8734365787
115360.46407771518
115360.46407771518
115360.46407771518
115362.02015943457
115362.02015943457
115362.02015943457
115362.02015943457
115362.02015943457
115361.45640240163
115361.56690227725
115358.85842358973
115362.2076674676
115362.2076674676
115362.2076674676
115362.2076674676
115361.63987245316
115361.63987245316
115360.97976867577
115360.97976867577
115361.63987245316
115361.63987245316
115361.63987245316
115361.63987245316
115361.63987245316
115361.63987245316
115361.63987245316
115361.63987245316
115364.89331816537
115369.92076794879
115372.1458771959
115367.11842741248
115367.11842741248
115366.20158356967
115366.77916663638
115366.77916663638
115366.38653414304
115364.92962490219
115364.92962490219
115364.36182988774
115365.05402641543
115365.05402641543
115365.05402641543
115365.86771253316
115367.79419093487
115369.56905314203
115369.56905314203
115369.56905314203
115371.86285351115
115368.40310975764
115368.40310975764
115369.20024513782
115368.60111218656
115368.60111218656
115368.60111218656
115368.60111218656
115366.30731181744
115366.3651091411
115366.47560901672
115366.47560901672
115364.41818088606
115364.41818088606
115364.41818088606
115359.39851228766
115358.58482616993
115359.68593223102
115359.68593223102
115359.68593223102
115359.68593223102
115359.68593223102
115359.68593223102
115355.07754743051
115355.07754743051
115355.07754743051
115356.81623467454
115356.81623467454
115356.81623467454
115356.24843966009
115356.24843966009
115356.24843966009
115356.24843966009
115359.83349365002
115359.83349365002
115359.83349365002
115356.09348710213
115356.09348710213
115355.88175193104
115356.09348710213
115356.09348710213
115356.35592338943
115356.35592338943
115356.35592338943
115353.40581347281
115328.14918025391
115327.9446042704
115327.9446042704
115327.9446042704
115327.9446042704
115327.9446042704
115327.87745521156
115327.9989857219
115327.9989857219
115327.9989857219
115327.9989857219
115327.9989857219
115329.69983621138
115329.69983621138
115331.11396654526
115331.00346666964
115331.07061572847
115331.07061572847
115303.42874094087
115303.42874094087
115303.42874094087
115303.42874094087
115303.42874094087
115303.42874094087
115299.58827850883
115299.58827850883
115299.58827850883
115299.58827850883
115299.58827850883
115299.58827850883
115299.9801364175
115299.9801364175
115299.9801364175
115299.9801364175
115299.9801364175
115299.9801364175
115299.9801364175
115300.0881556134
115300.0881556134
115300.65595062783
115303.2075527457
115303.87574665307
115303.87574665307
115305.11043533208
115311.43694490293
115311.43694490293
115311.43694490293
115311.74448196846
115310.69951572054
115310.69951572054
115310.69951572054
115310.69951572054
115309.919985535
115309.08043252978
115309.08043252978
115310.90055970885
115309.55785183395
115308.51888354006
115308.51888354006
115308.51888354006
115308.51888354006
115308.51888354006
115309.79014855284
115309.79014855284
115309.79014855284
115309.79014855284
115309.79014855284
115309.79014855284
115309.68147121415
115249.2808229806
115249.2808229806
115211.47708037049
115210.7637894758
115210.7637894758
115211.33158449025
115212.31572360772
115212.31572360772
115210.29534514432
115211.03973771288
115211.03973771288
115210.9928412131
115210.9928412131
115212.66584800024
115212.66584800024
115212.66584800024
115212.66584800024
115210.84572082118
115210.84572082118
115210.84572082118
115210.84572082118
115210.84572082118
115210.84572082118
115212.70741321846
115211.29328288458
115211.29328288458
115205.45692493647
115205.45692493647
115209.30327162692
115207.751337495
115207.751337495
115208.59089050023
115207.751337495
115207.751337495
115207.751337495
115208.85302325754
115208.85302325754
115203.23029666144
115203.23029666144
115203.23029666144
115203.23029666144
115204.16241409499
115204.16241409499
115204.16241409499
115204.16241409499
115204.16241409499
115204.16241409499
115204.3272941064
115204.3272941064
115204.3272941064
115203.75949909196
115203.75949909196
115203.75949909196
115203.75949909196
115203.75949909196
115203.75949909196
115204.3272941064
115204.3272941064
115204.3272941064
115204.3272941064
115204.3272941064
115203.96297168732
115203.96297168732
115203.96297168732
115203.39517667286
115203.39517667286
115203.39517667286
115170.3968390673
115170.96463408176
115170.96463408176
115170.96463408176
115170.96463408176
115170.96463408176
115170.96463408176
115170.96463408176
115170.96463408176
115170.96463408176
115161.83879765763
115161.83879765763
115161.83879765763
115160.6750362648
115160.7676674028
115160.7676674028
115160.87816727842
115161.26970162679
115161.26970162679
115160.87816727842
115161.26970162679
115161.26970162679
115161.26970162679
115152.67990937506
115144.86988738424
115143.7292008745
115143.7292008745
115143.7292008745
115144.4424917692
115144.4424917692
115144.4424917692
115139.9361150006
115126.66604488216
115126.66604488216
115126.66604488216
115127.2366180955
115126.32331864667
115126.89111366111
115127.0926185167
115126.9821186411
115127.31730396024
115127.31730396024
115127.31730396024
115129.42865787273
115128.86086285829
115128.86086285829
115128.86086285829
115128.86086285829
115128.86086285829
115128.86086285829
115131.81784286047
115131.81784286047
115130.79629702687
115132.73965052248
115132.73965052248
115129.14570584527
115129.14570584527
115128.7541714969
115128.7541714969
115128.7541714969
115128.7541714969
115128.7541714969
115128.7541714969
115128.7541714969
115128.7541714969
115128.7541714969
115125.96230861639
115125.60769602406
115125.60769602406
115124.81888328768
115124.81888328768
115121.94889588034
115121.94889588034
115121.94889588034
115121.94889588034
115123.41947026517
115123.41947026517
115124.26535152283
115124.26535152283
115124.26535152283
115123.93016620367
115123.93016620367
115123.93016620367
115123.93016620367
115123.93016620367
115124.04336666697
115124.04336666697
115124.37855198613
115125.79268232
115126.36047733444
115126.36047733444
115126.36047733444
115126.0252920153
115124.61116168143
115124.96577427376
115126.17526973033
115126.17526973033
115126.17526973033
115126.17526973033
115126.17526973033
115126.17526973033
115126.17526973033
115126.17526973033
115126.17526973033
115125.60747471589
115125.69748669333
115125.80798656895
115125.80798656895
115126.37578158338
115126.37578158338
115126.37578158338
115130.07321068327
115129.42295090036
115128.85515588592
115128.96835634921
115067.87917920192
115067.87917920192
115067.87917920192
115067.87917920192
115067.87917920192
115067.87917920192
115067.87917920192
115027.05244684369
115027.05244684369
114957.81966176594
114957.72127298835
114957.72127298835
114957.72127298835
114957.4194943632
114957.4194943632
114957.4194943632
114957.4194943632
114957.4194943632
114957.4194943632
114956.20999890662
114956.20999890662
114956.20999890662
114956.20999890662
114956.20999890662
114956.20999890662
114956.20999890662
114956.20999890662
114956.66905849779
114956.66905849779
114956.66905849779
114955.8646903905
114955.8646903905
114955.8646903905
114956.43248540495
114955.8646903905
114956.75594229455
114959.90294667351
114959.90294667351
114959.20142819625
114959.20142819625
114959.4455917967
114959.4455917967
114959.4455917967
114960.00927310713
114960.00927310713
114960.00927310713
114956.86226872817
114956.86226872817
114956.86226872817
114955.851329444
114955.851329444
114955.851329444
114955.851329444
114955.99163973564
114957.20113519223
114957.20113519223
114955.41496459996
114957.80879711555
114958.81973639972
114958.81973639972
114958.81973639972
114957.78728256472
114957.32063246593
114957.32063246593
114957.32063246593
114957.32063246593
114955.56603782691
114955.56603782691
114958.54043418047
114957.0528957382
114957.09606908036
114957.09606908036
114961.09092262693
114962.65908454165
114962.65908454165
114962.65908454165
114963.96001441222
114964.00691091202
114964.00691091202
114964.00691091202
114964.00691091202
114964.00691091202
114964.00691091202
114964.00691091202
114950.95030259844
114933.01026122246
114933.01026122246
114932.96336472267
114932.96336472267
114932.56071435576
114932.56071435576
114932.56071435576
114932.56071435576
114931.34127677085
114931.34127677085
114931.34127677085
114931.34127677085
114931.67646208999
114931.67646208999
114902.80385297071
114902.80385297071
114902.80385297071
114903.37164798516
114902.8038529707
114902.16461509414
114902.16461509414
114897.91214790728
114897.91214790728
114897.91214790728
114893.6697459009
114893.6697459009
114894.30898377748
114862.63715159331
114862.23909375531
114862.23909375531
114861.67129874087
114859.4194031813
114859.4194031813
114859.4194031813
114859.4194031813
114859.4194031813
114859.4194031813
114859.4194031813
114859.4194031813
114859.4194031813
114859.4194031813
114859.4194031813
114859.4194031813
114859.4194031813
114859.4194031813
114859.4194031813
114861.00825737884
114839.70093066235
114838.28680032848
114839.12368079137
114840.4913199455
114840.4913199455
114840.4913199455
114840.28131578921
114840.28131578921
114839.71352077475
114841.35831560599
114841.35831560599
114839.71352077475
114818.56093845473
114817.19980436366
114817.19980436366
114817.7675993781
114817.7675993781
114817.91798591784
114817.91798591784
114819.05308935627
114819.05308935627
114819.05308935627
114817.34530389123
114817.34530389123
114817.34530389123
114816.77750887678
114816.77750887678
114786.34633794922
114786.34633794922
114786.34633794922
114786.34633794922
114785.73281520492
114785.73281520492
114785.73281520492
114785.73281520492
114785.73281520492
114785.73281520492
114783.65624647331
114784.43404564404
114784.43404564404
114784.43404564404
114784.43404564404
114784.43404564404
114786.52402575721
114786.52402575721
114786.52402575721
114787.09182077167
114786.52402575721
114786.77043795848
114786.77043795848
114790.26661577172
114790.83441078618
114790.26661577172
114789.01123976006
114789.01123976006
114789.01123976006
114789.01123976006
114789.01123976006
114789.01123976006
114789.01123976006
114788.76482755883
114788.76482755883
114788.76482755883
114788.76482755883
114758.80559440561
114758.80559440561
114759.14077972475
114759.14077972475
114759.14077972475
114759.14077972475
114759.14077972475
114759.14077972475
114759.14077972475
114759.14077972475
114759.14077972475
114759.14077972475
114759.14077972475
114759.14077972475
114762.48664201793
114762.48664201793
114762.48664201793
114762.48664201793
114762.48664201793
114762.48664201793
114762.48664201793
114762.48664201793
114759.70808814873
114759.70808814873
114759.70808814873
114759.70808814873
114759.70808814873
114761.07572730287
114761.07572730287
114761.07572730287
114761.07572730287
114760.74054198373
114759.17678332463
114759.87830180189
114760.44609681635
114760.44609681635
114759.80685893977
114762.40364317695
114763.04288105352
114763.04288105352
114768.13195491578
114766.99685147735
114766.99685147735
114766.99685147735
114766.99685147735
114765.026724145
114766.44085447889
114764.76784769174
114763.56081480072
114763.56081480072
114763.56081480072
114763.56081480072
114764.26403799235
114764.26403799235
114764.26403799235
114764.26403799235
114766.2341653247
114766.2341653247
114766.87340320127
114766.87340320127
114759.01588494501
114759.01588494501
114759.01588494501
114759.01588494501
114759.01588494501
114757.95731992811
114762.68682586202
114762.68682586202
114762.68682586202
114762.68682586202
114762.68682586202
114762.68682586202
114763.82192930045
114765.63838819091
114765.63838819091
114765.63838819091
114765.63838819091
114765.63838819091
114761.33978667198
114761.33978667198
114761.33978667198
114761.33978667198
114761.33978667198
114761.33978667198
114761.33978667198
114761.33978667198
114761.33978667198
114761.33978667198
114761.33978667198
114761.33978667198
114760.58189279841
114760.58189279841
114760.58189279841
114760.58189279841
114755.49281893615
114754.79130045889
114754.79130045889
114754.79130045889
114752.6160810994
114752.6160810994
114753.18387611385
114753.75597436246
114753.75597436246
114753.75597436246
114754.96546981906
114754.96546981906
114754.96546981906
114755.83661388743
114755.83661388743
114755.268818873
114755.268818873
114755.268818873
114755.268818873
114755.268818873
114755.83661388743
114755.83661388743
114763.2054922915
114761.79136195761
114761.15212408104
114760.28707381664
114760.28707381664
114760.28707381664
114760.28707381664
114759.15197037821
114758.5798721296
114758.5798721296
114758.5798721296
114758.68778893881
114759.25988718742
114759.899125064
114759.899125064
114759.79120825478
114759.79120825478
114759.79120825478
114759.79120825478
114759.95383758136
114759.38173933273
114759.38173933273
114759.38173933273
114759.38173933273
114758.17224387615
114758.17224387615
114758.17224387615
114758.17224387615
114758.17224387615
114758.17224387615
114758.17224387615
114758.17224387615
114758.17224387615
114758.17224387615
114757.60444886172
114755.5671747079
114736.70871802648
114736.70871802648
114736.70871802648
114736.70871802648
114736.70871802648
114737.57376829088
114737.57376829088
114737.57376829088
114738.14156330533
114738.14156330533
114731.77509196513
114731.77509196513
114731.07357348787
114730.50577847342
114729.57380820028
114729.57380820028
114728.95202571548
114728.95202571548
114728.95202571548
114728.95202571548
114728.95202571548
114731.73397972468
114731.73397972468
114731.73397972468
114731.73397972468
114731.73397972468
114731.73397972468
114731.86364540373
114731.86364540373
114731.86364540373
114731.86364540373
114731.86364540373
114731.86364540373
114731.86364540373
114731.86364540373
114731.86364540373
114731.86364540373
114732.66380340813
114731.29616425399
114731.29616425399
114731.29616425399
114731.00236230242
114731.00236230242
114731.00236230242
114731.00236230242
114731.00236230242
114732.40654406222
114732.40654406222
114732.40654406222
114732.40654406222
114733.09392450009
114733.09392450009
114734.00950893646
114734.00950893646
114734.00950893646
114734.57730395091
114734.57730395091
114734.57730395091
114734.57730395091
114734.57730395091
114735.27882242817
114735.27882242817
114735.27882242817
114735.27882242817
114734.36323799181
114734.36323799181
114734.36323799181
114734.36323799181
114733.79544297734
114733.17366049254
114734.08924492891
114735.37115636974
114736.0336133125
114735.4609312859
114736.72692088467
114735.32273912487
114735.32273912487
114735.32273912487
114735.32273912487
114735.89053413933
114735.89053413933
114735.89053413933
114735.89053413933
114737.25817329346
114737.25817329346
114737.25817329346
114737.25817329346
114738.86614834022
114740.26465248106
114741.67878281494
114741.67878281494
114737.291581692
114733.6407079857
114733.6407079857
114733.53279117649
114733.53279117649
114733.78767330185
114733.78767330185
114733.78767330185
114732.17969825509
114732.17969825509
114732.17969825509
114732.17969825509
114732.17969825509
114732.17969825509
114731.61190324063
114731.61190324063
114735.24094420072
114731.06048605067
114731.06048605067
114728.37414034671
114728.37414034671
114728.48205715592
114727.11441800179
114727.11441800179
114727.11441800179
114727.11441800179
114727.11441800179
114727.75365587836
114727.75365587836
114727.75365587836
114727.75365587836
114725.98835685552
114725.98835685552
114725.98835685552
114725.98835685552
114725.88044004631
114725.88044004631
114726.44823506076
114726.44823506076
114726.44823506076
114725.80899718418
114725.80899718418
114725.80899718418
114725.80899718418
114725.80899718418
114726.60658297283
114726.03878795839
114726.03878795839
114726.03878795839
114726.03878795839
114727.81086378777
114727.81086378777
114728.37865880222
114728.37865880222
114728.37865880222
114728.37865880222
114728.37865880222
114727.81086378776
114727.81086378776
114727.81086378776
114727.81086378776
114728.1460491069
114728.44354376625
114728.44354376625
114728.44354376625
114728.44354376625
114728.44354376625
114729.01133878069
114729.01133878069
114730.43562646027
114730.43562646027
114730.43562646027
114730.43562646027
114730.43562646027
114728.76261967311
114728.46512501378
114728.12993969463
114728.12993969463
114728.12993969463
114728.12993969463
114728.12993969463
114726.71580936076
114726.71580936076
114728.28531497085
114726.86102729126
114726.86102729126
114728.28531497085
114728.28531497085
114728.28531497085
114728.45019498226
114728.45019498226
114728.45019498226
114728.45019498226
114728.45019498226
114728.45019498226
114728.45019498226
114728.45019498226
114728.45019498226
114728.45019498226
114728.45019498226
114728.45019498226
114729.217285244
114728.86267265165
114728.86267265165
114726.13339403033
114727.1443333145
114728.56862099408
114727.1443333145
114727.1443333145
114726.44111012286
114733.47929690918
114733.11512165048
114733.11512165048
114687.21215567348
114687.21215567348
114687.5763309322
114687.5763309322
114687.5763309322
114687.5763309322
114687.5763309322
114687.5763309322
114687.5763309322
114687.5763309322
114687.87382559152
114687.87382559152
114687.87382559152
114686.90190776656
114686.90190776656
114686.90190776656
114686.6470256412
114685.37545971575
114685.37545971575
114685.37545971575
114685.37545971575
114685.0402743966
114687.11731004035
114688.74278650638
114688.74278650638
114688.74278650638
114689.315468533
114689.315468533
114688.74278650638
114688.74278650638
114688.74278650638
114688.74278650638
114688.74278650638
114688.74278650638
114688.74278650638
114688.74278650638
114688.74278650638
114688.74278650638
114688.74278650638
114688.74278650638
114689.38202438295
114689.38202438295
114687.75654791693
114687.75654791693
114687.75654791693
114687.75654791693
114687.75654791693
114687.75654791693
114687.75654791693
114687.75654791693
114687.75654791693
114687.75654791693
114686.01469759233
114687.0972613926
114687.0972613926
114687.0972613926
114687.0972613926
114687.52897489557
114687.52897489557
114687.52897489557
114687.52897489557
114687.78385702093
114687.78385702093
114687.44867170179
114687.44867170179
114688.01646671622
114688.01646671622
114688.01646671622
114688.01646671622
114688.01646671622
114688.01646671622
114687.44867170177
114687.44867170177
114687.44867170177
114687.44867170177
114687.44867170177
114688.81631085591
114688.81631085591
114688.81631085591
114688.81631085591
114688.81631085591
114688.38459735292
114688.38459735292
114688.38459735292
114688.38459735292
114689.35529354337
114689.35529354337
114689.35529354337
114689.35529354337
114688.38459735292
114688.38459735292
114689.3565151779
114689.6961108302
114691.3966330922
114691.96442810664
114693.3895050742
114693.3895050742
114693.3895050742
114693.3895050742
114693.3895050742
114694.80363540808
114694.80363540808
114694.80363540808
114694.80363540808
114694.80363540808
114694.80363540808
114699.97092547585
114699.97092547585
114699.97092547585
114697.8036938957
114697.8036938957
114697.16445601912
114695.75032568525
114693.4489820323
114693.4489820323
114693.4489820323
114700.41927573651
114690.55965168163
114640.47785033521
114588.63337793975
114588.63337793975
114588.63337793975
114588.63337793975
114588.63337793975
114589.0836058036
114589.0836058036
114589.0836058036
114587.71596664944
114587.71596664944
114546.54551410394
114508.10852311226
114508.10852311226
114508.10852311226
114508.10852311226
114507.11604622778
114507.11604622778
114507.11604622778
114506.66581836394
114506.66581836394
114506.66581836394
114506.66581836394
114506.71271486374
114506.71271486374
114508.1268451976
114508.1268451976
114508.1268451976
114506.70255751803
114511.73000730146
114506.13476250359
114506.13476250359
114506.13476250359
114465.63078520293
114465.63078520293
114466.2700230795
114433.94767220462
114433.94767220462
114433.94767220462
114433.94767220462
114433.94767220462
114356.54682197548
114356.99704983932
114356.54682197548
114356.54682197548
114356.54682197548
114356.54682197548
114356.54682197548
114356.54682197548
114356.54682197548
114355.80962604817
114355.80962604817
114225.09209674463
114224.52430173018
114224.52430173018
114224.52430173018
114224.52430173018
114224.52430173018
114224.52430173018
114224.52430173018
114224.52430173018
114224.52430173018
114224.52430173018
114221.18681342184
114221.18681342184
114221.18681342184
114219.32881963349
114219.32881963349
114219.22090282428
114219.22090282428
114219.22090282428
114220.95057563606
114219.53644530219
114219.53644530219
114219.53644530219
114219.53644530219
114219.53644530219
114219.53644530219
114219.53644530219
114219.53644530219
114219.93461472553
114220.10424031665
114220.10424031665
114218.37456750486
114218.37456750486
114218.37456750486
114218.709752824
114218.709752824
114218.07051494742
114218.513531295
114218.513531295
114218.17834597584
114218.17834597584
114219.58252773566
114218.17834597584
114218.24978883797
114218.24978883797
114218.24978883797
114218.24978883797
114218.24978883797
114218.24978883797
114218.24978883797
114218.35770564718
114218.35770564718
114218.35770564718
114218.35770564718
114218.35770564718
114218.35770564718
114218.35770564718
114218.35770564718
114219.77183598107
114219.77183598107
114219.77183598107
114219.77183598107
114219.77183598107
114219.66391917186
114219.66391917186
114219.66391917186
114219.66391917186
114227.14701269685
114227.7148077113
114227.7148077113
114227.7148077113
114227.7148077113
114227.7148077113
114227.7148077113
114227.7148077113
114227.7148077113
114227.14701269686
114219.66391917187
114219.66391917187
114219.66391917187
114219.66391917187
114219.66391917187
114219.66391917187
114219.66391917187
114220.23171418629
114220.23171418629
114219.66391917187
114219.66391917187
114219.66391917187
114219.66391917187
114219.66391917187
114219.66391917187
114219.66391917187
114219.66391917187
114219.66391917187
114219.66391917187
114219.999104491
114221.36674364514
114221.36674364514
114221.36674364514
114221.36674364514
114221.36674364514
114221.36674364514
114221.36674364514
114222.84204781926
114222.84204781926
114222.84204781926
114222.84204781926
114222.50686250011
114222.50686250011
114221.86762462354
114221.86762462354
114221.86762462354
114221.86762462354
114221.86762462354
114221.69799903242
114221.69799903242
114221.69799903242
114221.69799903242
114220.22269485831
114220.39232044943
114220.39232044943
114220.39232044943
114220.72750576858
114220.39232044943
114220.39232044943
114220.39232044943
114220.39232044943
114220.39232044943
114220.39232044943
114220.39232044943
114220.50023725865
114220.50023725865
114220.50023725865
114220.50023725865
114220.50023725865
114223.21210228687
114223.21210228687
114225.89844799081
114225.45543164323
114225.45543164323
114225.45543164323
114225.45543164323
114225.45543164323
114225.45543164323
114226.02322665768
114226.02322665768
114226.02322665768
114225.24069445695
114225.24069445695
114225.24069445695
114225.24069445695
114225.24069445695
114225.24069445695
114225.24069445695
114225.24069445695
114225.24069445695
114221.56949479408
114221.23430947492
114218.69352073892
114218.69352073892
114221.65514826895
114221.65514826895
114221.65514826895
114221.65514826895
114221.65514826895
114221.65514826895
114224.9130947166
114224.9130947166
114226.1629183884
114226.1629183884
114226.1629183884
114226.1629183884
114226.1629183884
114226.0550015792
114223.38656323467
114223.38656323467
114223.38656323467
114223.38656323467
114223.38656323467
114222.81876822023
114222.81876822023
114221.45112906609
114219.05729655051
114219.37533226438
114219.37533226438
114219.37533226438
114219.37533226438
114215.8791544511
114215.8791544511
114215.8791544511
114217.24679360524
114217.98398953257
114217.98398953257
114217.98398953257
114217.98398953257
114217.98398953257
114217.98398953257
114218.00468747882
114218.6439253554
114218.6439253554
114219.4440833598
114218.68618948622
114218.68618948622
114218.68618948622
114216.71781892446
114215.30368859059
114215.30368859059
114215.30368859059
114215.30368859059
114215.30368859059
114213.63068180344
114214.19847681788
114214.19847681788
114214.19847681788
114214.9356727452
114214.9356727452
114214.9356727452
114214.9356727452
114214.9356727452
114214.9356727452
114214.36787773075
114214.36787773075
114214.36787773075
114213.00023857661
114213.00023857661
114213.00023857661
114213.70175705387
114212.96456112657
114212.26304264931
114212.26304264931
114212.26304264931
114212.26304264931
114212.26304264931
114212.26304264931
114212.26304264931
114212.26304264931
114213.2954964843
114213.2954964843
114213.2954964843
114213.2954964843
114214.0326924116
114214.0326924116
114214.0326924116
114214.0326924116
114214.0326924116
114214.0326924116
114214.0326924116
114214.0326924116
114214.0326924116
114216.00106297337
114220.74196556406
114220.10272768748
114220.10272768748
114220.10272768748
114220.10272768748
114218.13435712573
114218.13435712573
114218.13435712573
114218.13435712573
114218.18125362552
114219.21610445797
114219.21610445797
114221.81620699965
114221.64680608678
114217.23218675471
114220.37919113366
114220.37919113366
114220.37919113366
114220.37919113366
114217.77908859198
114217.77908859198
114217.77908859198
114217.77908859198
114220.17292110756
114220.17292110756
114220.17292110756
114220.17292110756
114220.17292110756
114220.17292110756
114220.17292110756
114220.81215898413
114224.19465987978
114224.19465987978
114224.19465987978
114224.19465987978
114225.7991295104
114225.44451691805
114225.44451691805
114230.77092555987
114230.77092555987
114230.77092555987
114230.77092555987
114231.10611087902
114231.10611087902
114231.10611087902
114234.68403195817
114234.68403195817
114234.68403195817
114234.34884663901
114226.80491624176
114226.80491624176
114226.23712122734
114226.80491624179
114226.80491624179
114228.18704040037
114228.18704040037
114228.18704040037
114228.18704040037
114227.61924538593
114227.61924538593
114226.62516626783
114226.62516626783
114226.28998094867
114227.38231572846
114227.71750104759
114227.71750104759
114227.71750104759
114229.53450905593
114230.42033978422
114230.42033978422
114230.42033978422
114228.70929404578
114226.3154615302
114225.26852269075
114227.31113406637
114227.31113406637
114227.99003993298
114227.99003993298
114227.99003993298
114227.99003993298
114228.28753459231
114227.96949887846
114227.96949887846
114228.41251522602
114228.73055093987
114228.73055093987
114228.73055093987
114225.56992440803
114225.56992440803
114225.56992440803
114225.56992440803
114226.0289839992
114222.53280618595
114214.25136580905
114214.25136580905
114214.25136580905
114217.7475436223
114217.98015331759
114217.98015331759
114217.98015331759
114217.98015331759
114217.66211760374
114217.36462294441
114216.79682792998
114216.79682792998
114216.63194791855
114216.63194791855
114211.04927788433
114213.44311039991
114214.01090541432
114221.75721421417
114221.18941919974
114221.18941919974
114221.18941919974
114221.5074549136
114221.58163115775
114222.86648440122
114222.86648440122
114220.82128270526
114219.53642946179
114218.89719158522
114218.89719158522
114218.89719158522
114218.15999565792
114218.15999565792
114218.15999565792
114218.15999565792
114218.15999565792
114218.15999565792
114218.15999565792
114216.92210339404
114216.92210339404
114216.92210339404
114216.92210339404
114216.92210339404
114216.92210339404
114216.92210339404
114217.48989840847
114214.01194152897
114214.01194152897
114214.01194152897
114214.01194152897
114215.7467543969
114215.7467543969
114215.7467543969
114193.9366466256
114196.79826003787
114194.14717240797
114191.2855589957
114191.85824102232
114191.85824102232
114191.85824102232
114191.85824102232
114191.85824102232
114190.12773138857
114190.12773138857
114190.12773138857
114190.12773138857
114190.12773138857
114190.12773138857
114187.47034010611
114188.03813512053
114188.03813512053
114188.03813512053
114155.2925511936
114155.2925511936
114155.2925511936
114155.2925511936
114155.2925511936
114152.11851983104
114152.11851983104
114151.10074392226
114151.10074392226
114151.10074392226
114151.10074392226
114148.70691140667
114148.70691140667
114148.70691140667
114148.70691140667
114148.70691140667
114148.70691140667
114148.70691140667
114148.70691140667
114135.3772393968
114135.3772393968
114135.77753442964
114135.77753442964
114137.4505412168
114137.66773742708
114135.99473063993
114135.75723393244
114136.29793159573
114136.29793159573
114136.29793159573
114136.29793159573
114136.29793159573
114136.29793159573
114136.59542625505
114136.59542625505
114135.89390777779
114135.13601390421
114135.13601390421
114135.89390777779
114135.89390777779
114136.33692412538
114133.52238851626
114133.52238851626
114133.52238851626
114132.25082259081
114132.25082259081
114132.25082259081
114132.25082259081
114132.81861760525
114132.4183225724
114132.4183225724
114132.4183225724
114131.85052755797
114131.85052755797
114131.85052755797
114132.41832257241
114132.41832257241
114132.92427866338
114132.92427866338
114135.59271700788
114136.59476146966
114136.59476146966
114136.59476146966
114136.59476146966
114101.08454467509
114100.51674966064
114100.51674966064
114100.51674966064
114100.51674966064
114100.51674966064
114100.51674966064
114100.51674966064
114100.51674966064
114086.430933134
114069.82473866065
114069.82473866065
114069.82473866065
114066.38376219574
114067.16352150924
114067.16352150924
114062.00313875497
114062.00313875497
114062.00313875497
114062.00313875497
114061.66795343583
114061.66795343583
114061.66795343583
114061.66795343583
114061.71484993561
114061.71484993561
114061.71484993561
114062.05003525477
114055.55872393656
114055.55872393656
114055.55872393656
114055.2235386174
114055.2235386174
114055.55872393656
114055.55872393656
114055.55872393656
114055.55872393656
114055.55872393656
114054.99092892211
114055.55872393656
114055.39384392512
114055.39384392512
114055.03923133278
114055.03923133278
114056.40036542385
114055.03923133278
114055.03923133278
114055.03923133278
114055.67846920935
114055.67846920935
114055.67846920935
114055.67846920935
114055.11067419489
114055.11067419489
114055.11067419489
114055.11067419489
114055.11067419489
114055.11067419489
114055.11067419489
114055.81219267215
114055.81219267215
114055.81219267215
114055.81219267215
114056.16680526448
114056.16680526448
114056.16680526448
114056.16680526448
114056.16680526448
114056.16680526448
114056.73460027894
114056.73460027894
114056.03308180168
114053.5859844574
114053.5859844574
114053.5859844574
114053.5859844574
114053.5859844574
114053.5859844574
114053.01818944294
114053.01818944294
114053.01818944294
114052.97129294314
114052.97129294314
114054.33242703421
114054.33242703421
114054.33242703421
114054.33242703421
114054.33242703421
114054.90022204867
114054.90022204867
114054.33242703423
114054.33242703423
114052.97129294316
114052.97129294316
114052.97129294316
114053.5390879576
114053.20390263846
114053.20390263846
114053.20390263846
114053.20390263846
114053.20390263846
114053.20390263846
114053.20390263846
114053.5390879576
114052.3320550666
114051.99686974745
114051.99686974745
114051.99686974745
114051.99686974745
114051.99686974745
114051.99686974745
114051.99686974745
114051.99686974745
114051.99686974745
114051.99686974745
114054.81140535657
114056.21558711637
114054.81140535657
114056.1790445107
114058.12343205957
114058.12343205957
114060.76122526109
114060.76122526109
114061.67784366525
114059.73345611639
114059.73345611639
114059.73345611639
114059.73345611639
114059.73345611639
114059.73345611639
114060.37269399295
114060.37269399295
114060.37269399295
114060.37269399295
114060.37269399295
114060.3469368401
114060.17753592721
114059.60974091278
114059.60974091278
114059.60974091278
114059.60974091278
114059.60974091278
114055.99354419636
114024.54490154234
114015.30909080422
114015.88177283083
114015.88177283083
114015.88177283083
114015.30909080422
114015.30909080422
114015.88177283083
114015.88177283083
114014.5141336767
114014.5141336767
114014.5141336767
114014.5141336767
114014.5141336767
114014.5141336767
114014.5141336767
114013.94145165008
114011.63884376772
114011.63884376772
114011.68574026752
114010.92784639394
114010.92784639394
114009.51371606006
114012.97345981355
114012.97345981355
114012.40566479911
114012.40566479911
114012.40566479911
114012.40566479911
114012.40566479911
114012.40566479911
114012.35876829931
114012.35876829931
114012.35876829931
114012.35876829931
114013.71990239038
114013.71990239038
114015.8919670044
114015.48723351592
114015.48723351592
114016.45915134091
114016.45915134091
114018.13215812805
114018.13215812805
114018.13215812805
114019.38198179986
114019.38198179986
114019.38198179986
114017.20991718586
114017.20991718586
114013.59569817188
114014.96333732601
114014.96333732601
114014.96333732601
114014.96333732601
114014.96333732601
114014.96333732601
114014.96333732601
114014.96333732601
114014.96333732601
114014.96333732601
114014.96333732601
114014.96333732601
114014.96333732601
114013.59569817188
114013.91373388574
114013.91373388574
114015.28137303988
114015.28137303988
114009.68989829952
114009.68989829952
114009.68989829952
114009.68989829952
114009.68989829952
114009.68989829952
114009.68989829952
114009.68989829952
114009.68989829952
114009.68989829952
114010.00793401338
114009.20808987369
114009.20808987369
114009.20808987369
114008.87290455456
114010.09697200262
114009.52917698817
114009.52917698817
114008.1048893086
114009.51901964248
114009.51901964248
114009.51901964248
114009.51901964248
114009.51901964248
114009.51901964248
114009.51901964248
114009.51901964248
114009.51901964248
114009.51901964248
114009.51901964248
114009.51901964248
114009.51901964248
114009.51901964248
114009.51901964248
114009.85420496162
114008.48656580749
114008.48656580749
114008.48656580749
114008.48656580749
114008.48656580749
114008.48656580749
114008.48656580749
114008.48656580749
114008.48656580749
114008.48656580749
114009.22376173479
114009.22376173479
114008.88857641564
114008.88857641564
114008.88857641564
114008.88857641564
114008.88857641564
114008.88857641564
114008.88857641564
114009.45637143009
114009.45637143009
114009.45637143009
114009.45637143009
114009.45637143009
114009.45637143009
114009.45637143009
114012.39994326603
114012.39994326603
114012.73512858518
114012.73512858518
114017.77098724173
114016.0979804546
114016.0979804546
114016.0979804546
114016.0979804546
114015.36078452726
114015.36078452726
114015.36078452726
114015.36078452726
114015.36078452726
114015.02559920814
114015.59828123476
114015.59828123476
114015.93346655389
114015.93346655389
114010.89760789735
114010.89760789735
114010.89760789735
114010.89760789735
114010.89760789735
114010.89760789735
114007.95403606139
114010.89760789735
114010.89760789735
114010.89760789735
114010.89760789735
114010.89760789735
114010.5624225782
114010.5624225782
114011.24445123554
114011.24445123554
114011.81224625
114013.17988540413
114012.61209038971
114012.61209038971
114012.61209038971
114012.61209038971
114012.61209038971
114012.03940836308
114010.21550220413
114010.21550220413
114010.53353791797
114010.21550220413
114010.21550220413
114010.21550220413
114010.21550220413
114010.55068752327
114010.55068752327
114010.55068752327
114010.55068752327
114010.55068752327
114010.55068752327
114006.82134187999
114011.31914608156
114011.31914608156
114011.31914608156
114011.886941096
114011.31914608156
114011.31914608156
114011.31914608156
114011.31914608156
114010.98396076242
114011.03085726222
114011.03085726222
114011.03085726222
114009.66321810808
114009.66321810808
114009.66321810808
114009.66321810808
114009.66321810808
114009.66321810808
114009.66321810808
114009.66321810808
114009.66321810808
114009.02398023152
114009.02398023152
114009.02398023152
114008.66936763917
114009.42726151276
114009.42726151276
114009.42726151276
114010.33024184633
114010.33024184633
114010.33024184633
114007.5157062372
114007.5157062372
114007.5157062372
114007.5157062372
114007.5157062372
114007.5157062372
114007.5157062372
114007.18052091807
114007.18052091807
114007.18052091807
114007.18052091807
114007.18052091807
114004.044117257
114004.044117257
114004.044117257
114004.044117257
114004.044117257
114004.044117257
114004.044117257
114004.044117257
114004.044117257
114003.47632224255
114003.81150756171
114003.81150756171
114004.60693645076
114004.60693645076
114004.60693645076
114004.60693645076
114004.60693645076
114004.60693645076
114004.60693645076
114004.9109890082
114004.9109890082
114004.9109890082
114005.24617432733
114005.24617432733
114003.99635065554
114004.43936700311
114004.43936700311
114005.00716201754
114005.00716201754
114004.4393670031
114003.46744917812
114003.82206177045
114003.82206177045
114005.18970092459
114004.85451560546
114005.4223106199
114005.4223106199
114005.4223106199
114004.85451560546
114004.85451560546
114000.35671140387
114000.35671140387
113999.55686726418
113999.55686726418
113999.55686726418
113999.55686726418
113999.55686726418
113999.55686726418
113999.55686726418
113999.55686726418
113999.55686726418
113999.11385091659
113999.11385091659
113999.11385091659
113999.11385091659
113999.11385091659
114000.08576874158
114000.08576874158
113999.29033985254
113999.29033985254
113999.62552517166
113999.05773015723
113999.05773015723
113999.05773015723
113999.05773015723
113999.05773015723
113999.62552517166
113999.62552517166
113999.62552517166
113999.62552517166
113999.62552517166
113999.29033985254
113998.93572726019
113998.93572726019
113998.93572726019
113998.93572726019
113998.93572726019
113998.93572726019
113998.93572726019
113998.93572726019
113999.29033985254
113999.29033985254
113999.29033985254
113999.29033985254
113999.29033985254
113999.29033985254
113998.72254483809
113998.72254483809
113998.72254483809
113998.72254483809
113998.72254483809
113998.72254483809
113998.72254483809
113998.72254483809
113998.72254483809
113998.72254483809
113999.97236850989
113999.97236850989
113999.61775591754
114000.35495184486
114000.35495184486
114001.24078257316
114001.09721086708
114003.42593268059
114001.09721086708
114001.09721086708
114001.09721086708
114001.09721086708
114001.45182345941
114000.02753577984
114000.02753577984
113999.29033985254
113999.29033985254
113999.29033985254
113999.29033985254
113999.29033985254
113999.6255251717
113999.6255251717
113999.6255251717
113999.05773015725
113999.05773015725
113999.05773015725
113999.05773015725
113999.63041218385
113999.63041218385
113999.63041218385
113999.63041218385
113999.63041218385
113999.63041218385
114000.93260470979
114000.57799211745
114000.57799211745
114000.57799211745
114000.57799211745
114000.57799211745
114000.57799211745
114001.1457871319
114001.1457871319
114001.1457871319
114001.1457871319
114001.1457871319
114001.98217387726
114001.98217387726
114001.98217387726
114002.99311316144
114002.65792784229
114002.65792784229
114002.65792784229
114001.25374608251
114001.25374608251
114000.55052289087
114000.55052289087
114000.55052289087
114000.55052289087
114000.55052289087
114000.55052289087
114000.55052289087
114000.55052289087
114001.11831790532
114001.11831790532
114001.11831790532
114001.11831790532
114001.11831790532
114001.11831790532
114001.11831790532
114001.11831790532
114001.11831790532
114001.11831790532
114001.11831790532
114001.11831790532
113999.5786050659
113999.5786050659
113999.5786050659
113999.5786050659
113999.5786050659
113999.5786050659
114000.93153718555
114000.93153718555
114000.93153718555
114000.93153718555
114001.21562084017
114001.21562084017
114001.21562084017
114001.21562084017
114004.75902300577
114006.86676965417
114006.86676965417
114006.86676965417
114006.86676965417
114006.86676965417
114006.86676965417
114004.69224953082
114005.49394297219
114005.49394297219
114006.00959962184
114004.80256673082
114005.13775204997
114005.13775204997
114006.45516313156
114006.45516313156
114005.62685258486
114005.62685258486
114004.41735712827
114004.41735712827
114004.41735712827
114004.41735712827
114004.41735712827
114004.41735712827
114003.80284061337
114003.2350455989
114004.03047448798
114004.03047448798
114003.56714240035
114003.56714240035
114003.56714240035
114003.56714240035
114003.56714240035
114003.52024590055
114003.52024590055
114003.52024590055
114003.52024590055
114003.52024590055
114003.52024590055
114003.52024590055
114003.52024590055
114003.52024590055
114003.52024590055
114003.52024590055
114003.52024590055
114003.52024590055
114003.52024590055
114003.52024590055
114004.08804091501
114004.08804091501
114004.08804091501
114004.08804091501
114004.08804091501
114004.08804091501
114004.08804091501
114004.08804091501
114004.08804091501
114004.08804091501
114004.08804091501
114003.52024590057
114003.52024590057
114003.52024590057
114004.08804091503
114004.08804091503
114004.08804091503
114003.52024590055
114003.52024590055
114003.52024590055
114003.52024590055
114003.52024590055
114002.7248170115
114002.7248170115
114003.18814909912
114003.18814909912
114003.18814909912
114003.75594411357
114003.75594411357
114003.75594411357
114003.75594411357
114003.75594411357
114003.75594411357
114003.75594411357
114002.78402628857
114002.78402628857
114002.78402628857
114002.78402628857
114002.78402628857
114002.78402628857
114002.78402628857
114002.78402628857
114001.41638713445
114002.2527738798
114003.22469170479
114003.22469170479
114003.22469170479
114001.82050994498
114001.82050994498
114001.82050994498
114001.82050994498
114002.11717980061
114002.11717980061
