4099102.86198372
3688953.220165181
3335058.26848388
3020853.197971176
2737122.001620594
2490911.7180724083
2270904.6706064986
2069138.5101099326
1881877.4188760845
1721625.7240346842
1569860.1555881181
1451104.2643202406
1355875.673301232
1256379.009866882
1158073.545051537
1079222.515470817
1016934.7674195275
948889.5403031737
891333.3347729759
837696.9323774849
786066.7768329676
746378.1870297182
709210.5572994929
669050.8971679136
639801.742854177
614578.3995797237
586866.6799798475
566529.0500371737
541487.8335783461
521083.5540162
501985.0314899422
483752.35891447053
467453.26191473624
448129.15368938196
434120.69441427675
420228.2856950914
405900.81090829277
395524.64577390894
383019.1224701522
373549.12699175935
361842.13875881105
353356.3053550326
344857.6678706729
336371.66597703344
328249.97121097834
319203.19613889407
312190.1405675405
304431.3384328038
298366.96550837555
292070.3780155917
286790.97514475253
281954.11169170385
277496.6083069423
272907.16313074355
268542.9240819684
263163.44713696896
257952.3916759611
252872.04684143836
248199.54624018708
244939.78553762927
241450.1501700601
237934.74968363284
234960.96394309227
230930.75606758054
226807.52931846204
224219.23601577486
221363.305231863
218582.10519648192
216278.2470749769
213863.00132745455
211388.43114887766
208606.1536763381
206574.15323506846
204344.5126846218
202443.25211434742
200716.26503283874
198800.78177195037
197275.09654544282
195795.50573303437
194113.6119938707
192812.12782650482
190823.72140494516
189489.90161940886
188206.5388490626
187356.3210282426
185625.17944508384
184258.33385829773
183128.47450223396
181604.86298656376
180252.1618820572
178629.01082501982
176794.76369431347
175603.81467967245
174812.0310181982
173748.61800111868
172834.43401679426
171789.04186670488
170698.835318894
170052.06946295366
168997.856254087
168456.37728075933
167349.55424330774
166091.95820977597
164699.64619188747
164092.75538870494
163214.1677485266
162298.4531649246
161476.73809690095
160842.02908698982
160342.10120646545
159731.0430897464
159228.35674308622
158912.32617977704
158211.9732935685
157323.52846399898
156640.58206970495
155862.78224592775
155292.35036851375
154439.2242403223
153526.91419874917
153113.6583186877
152791.50835821457
152490.66908273468
151838.90062200784
151537.65309536838
151079.6683761345
150704.8444161871
150045.67795252742
149621.44256024616
148953.9768411687
148613.29370094358
148075.71588230616
147785.29656937462
147560.8360048876
147145.57163681852
146581.44993925688
146114.94593413477
145872.3957092609
145512.17873258336
145028.2442166622
144599.29468971817
144264.60480282464
144166.2391531755
143894.81984574837
143584.1728573052
143371.97296784716
143036.3020970488
142768.75520947063
142645.75369726168
142482.79312949593
142217.34648289136
141849.43791740114
141728.78901020644
141398.01098433704
141372.03458552907
141047.36253917843
140724.376416886
140517.76155448065
140454.46104974742
140125.51793851567
139938.30164832762
139420.3111159049
139224.24249645998
139023.67639378525
138954.70018089103
138803.9141611947
138559.53499106388
138445.22646962118
138146.68855747976
137786.0515872251
137681.27003690912
137491.7002145334
137253.01588963828
137015.73390366705
136873.15473657835
136760.22772716172
136536.46178412618
136056.78513571806
135977.12856091885
135870.82792142342
135570.795078283
135480.93706188578
135458.8144897364
135393.39922989218
135297.87710089545
135210.1405927336
135050.59793353712
134762.28257679532
134643.87723134318
134433.2815862453
134329.89381894964
134255.6721868186
134135.351549217
133934.09313280016
133844.8139137997
133801.41957798676
133754.99307271035
133511.157078284
133474.73882712843
133290.6748295843
133181.53317093686
133148.65759515233
133046.08852160533
132956.7502641825
132898.0899299457
132737.37585997113
132620.38214663873
132487.48054690936
132372.98025009647
132274.25180641477
132217.31303464374
132115.4280970443
132076.3148308291
132037.5010130133
131849.6268029914
131757.89305044626
131695.9466230453
131616.11252096918
131602.20344145922
131468.9490299777
131385.76603092405
131338.44425311172
131303.65606718953
131279.5063660393
131235.10793609018
131139.78805103112
131083.42230978745
130948.73526508511
130770.42831906499
130689.28162095982
130544.49356057169
130416.17977599133
130381.47524964642
130317.59418264432
130238.43536581352
130184.01833745172
130129.78153763592
129990.89448367499
129854.437411391
129782.80408944256
129736.15728617625
129711.34919941021
129676.04687261372
129602.48295567633
129492.45921326007
129429.78157050446
129421.49094640849
129328.22252766872
129285.29449083906
129257.56889336462
129247.31365628396
129109.19883776334
129046.00334900226
129042.99474955413
129028.8974621062
128993.12826898145
128887.8103700875
128868.5132080352
128815.20880846793
128783.45080418652
128629.50281565441
128592.44642079249
128543.3740710685
128419.31382789099
128273.4232480707
128267.72205540184
128245.62240865437
128130.56970210509
128130.56970210509
128093.22785955842
128067.75970806729
128009.58791967455
127985.35424642515
