4183956.948937322
3757335.162428174
3380229.5537413214
3072768.555471656
2803069.159936888
2534188.2359579955
2312648.515040266
2110535.889240271
1940395.681900451
1786254.9417478344
1636028.6108054323
1509371.1803660975
1397298.2693466027
1298146.4927673251
1207910.8678457374
1125057.0341734164
1051195.997435156
976769.9379342033
914789.7955955656
860215.7012228246
809579.5287615894
761883.8575646388
715675.6601403827
683591.2974699968
644929.4799846836
613449.8716126275
586733.0424678631
562018.3445308821
537514.1243692578
515232.4226977552
495363.01104644686
476404.71451346495
460980.1834727211
446791.4199104754
427760.85714822356
413324.0971312297
402623.15476081846
390866.2214191734
380519.7359859145
370677.71979034203
358589.15721334587
348437.4277021865
339825.7497388618
332849.0872725765
324142.5727991889
315395.24008801824
308815.0540886029
302193.8604507594
295285.28864115063
289951.5739722203
282445.30786277005
277249.44987161167
271880.71294542705
266486.7930821298
262449.7587283546
257971.58067746996
253722.2476235712
248952.44021209943
244890.3599583073
240990.81071909206
237289.34669709246
233538.941386114
229679.67515181113
225930.39734477046
222736.95431522292
219673.15494127036
216307.8909006255
213447.3847051377
210535.85329721138
207725.34364967392
206040.82684142917
203019.24059620884
200925.77482641142
198500.38427924484
195953.67791812937
194185.1619992925
192342.22148559534
190667.68033882833
189374.46082598378
187744.88980389768
186635.5688236751
185384.52365080328
184197.8825299031
183128.03472675872
181505.5329297721
179816.30165308405
178568.52024888727
177637.62579697408
176177.93882484268
174881.176437088
173623.69453015208
172856.74897991848
171871.82222357712
171385.02181309357
170080.59065830917
168991.7349109354
167605.3722167162
166875.77117249084
166104.92434421054
165117.0029132248
163329.80717421946
161907.13715215202
161207.7961311363
160478.06777554925
159307.53769273823
158948.87588622948
158177.85330431402
157452.78153516163
156740.96331294594
156213.94842294368
155729.48090407226
154555.23944155884
154026.4391282577
153493.92163888976
152845.2322576478
152199.49421762544
151857.80369262013
151305.8948151201
150997.9478674946
150652.4970559894
150136.7289268206
149837.77887574292
149488.5391105832
149050.6147115478
148663.1868002736
148080.16107943078
147501.42710607185
147047.0290119845
146638.97821565493
146362.45055959845
146025.2427416441
145587.03370953482
145208.09752805857
144837.24154337667
144583.59967464829
144281.33409466158
144097.65877853846
143679.05362066324
143392.88471020196
143162.9214718839
142547.66987154714
142164.5355227213
142027.62932413426
141790.12195471823
141605.77019272864
141488.0506531329
141283.11029266738
141014.14189218136
140481.0414829505
140114.85770810055
139985.88736430957
139826.11434577964
139734.73551733512
139606.64020317004
139517.02138062328
139401.47475916846
139227.47096142688
138887.60756026988
138604.71484711036
138502.32327172605
138396.53246252774
138200.53452698252
137870.03535767848
137649.45511583507
137445.52465058537
137204.28697087016
136682.57138464242
136395.76448447595
136261.5773256657
135963.6252060409
135883.93625623977
135774.53822883358
135634.33987338233
135522.83176705113
135251.36643504625
135181.75572869464
134992.12027166714
134848.47703561417
134700.2651173562
134640.06829103627
134608.83323704015
134576.48543641774
134527.26203974057
134490.39202759118
134386.42996843514
134325.39233572886
134159.92684561654
134108.03282214515
133942.72031683428
133807.88125628588
133713.99459674116
133603.51496711018
133590.96122754223
133524.51435743656
133342.56628039098
133300.2773946574
133280.68963678175
133074.69438981602
133001.24471376045
132956.18041858758
132832.97871318704
132807.92241813178
132658.4401699421
132581.85957602336
132415.74932921203
132311.71727640007
132209.855720327
131980.04293922856
131926.36110838281
131848.97783040995
131679.93338711502
131624.95865649657
131561.03721646368
131425.50951599758
131410.083301999
131232.99200152472
131053.50221510435
131009.91098114406
130879.14771906938
130817.2900341543
130691.8405880006
130598.95665356162
130503.18571877692
130478.08566544404
130422.63800457565
130416.75787534312
130405.42158787002
130309.00450852273
130203.14713712274
130160.38788749086
129970.45548805513
129883.59250526901
129804.52105348039
129748.16319263843
129673.10507437265
129616.85207686467
129490.88418080454
129468.46508962744
129395.84484283518
129347.70544377613
129259.63942042299
129087.8713643334
128975.67314567562
128888.80017902574
128851.0754996009
128838.65343174823
128779.41279837588
128716.10424525317
128610.68000350581
128565.663619192
128489.098280868
128401.33788120913
128364.533159503
128331.1646065856
128313.39222706843
128269.20369683791
128269.20369683791
128178.89414081327
128111.20571798633
128067.02045347395
128055.50391231607
128028.9632499119
127992.41159307669
127984.0621307141
127942.4702142679
127884.5020959934
127804.73573177002
127737.53913001087
127686.67665774214
127682.89872145929
127654.23640658926
127641.72627437316
127641.72627437316
127542.27424831415
127530.25352192516
127380.50713196008
127314.95202712153
127303.25029763924
127258.51501103098
127258.02914265155
127212.78129404987
127193.57153743079
127030.65593620173
127004.29474042731
127004.29474042731
126985.63120819366
126977.8145648373
126975.70740346865
126973.42903069987
126941.25822776166
126929.40562534537
126927.12762250466
126919.17721970398
126892.97085419233
126819.85830925053
126804.58364782846
126737.89660293306
126709.06181941651
126665.7959863361
126636.48470671466
126628.1541114958
126624.78524078654
126624.29867274835
126538.41731912152
126525.31310555381
126508.6760568247
126474.95648149544
126465.03395958473
126429.9278729005
126429.9278729005
126390.63408648822
126313.29279752725
126284.57692041437
126259.8558671121
126174.32449472803
126117.5528832488
126033.67612312142
125898.52186337992
125867.93774971056
125849.17375304818
125845.4572349177
125810.00428014017
125773.30597381762
125745.39374636277
125644.61896875905
125632.68787088037
125627.55458384253
125605.80443350198
125602.21162602399
125455.6382118317
125448.13710365935
125431.13543958103
125427.15051766456
125426.94500065024
125412.2910927406
125393.24722464674
125393.2016806099
125393.2016806099
125362.89994986859
125335.5227603431
125300.76060087858
125284.31661997206
125209.42994900643
125097.86461705597
125093.89410084879
125065.48120427047
125018.67167153905
125002.43029775826
124923.1272393793
124875.47177510697
124858.74003618496
124808.59922150802
124713.76378316479
124685.17230852143
124676.47646160312
124608.19694470984
124597.15627049711
124591.7763887516
124580.3491443182
124577.07542246039
124570.28627906056
124570.28627906056
124570.28627906056
124570.28627906056
124508.96604034262
124457.88644222255
124457.57328711587
124448.01558080508
124445.00876407773
124445.00876407773
124445.00876407773
124445.17143038483
124441.12931623381
124393.93517082979
124362.540246823
124348.1745135288
124287.63023323871
124287.6440050372
124281.69884076186
124281.69884076186
124262.620291987
124260.36685062497
124248.51488380344
124225.83388013886
124225.83388013886
124222.52112125288
124222.52112125288
124134.74824237055
124106.24357891984
124106.24357891984
124103.02398450748
124103.02398450748
124099.91129510336
124095.19544799461
124095.19544799461
124095.19544799461
124095.19544799461
124095.19544799461
124055.82185180875
124042.20023287035
124029.60325970138
124029.60325970138
124029.60325970138
124029.60325970138
124008.97870671844
124008.97870671844
124008.97870671844
124008.28509638621
124008.28509638621
123974.36400098239
123945.41143693667
123890.18975828365
123873.77181518925
123846.09734792027
123833.0813773055
123822.54226179342
123794.86679365934
123794.86679365934
123792.67114487103
123791.97990100652
123749.18818506942
123739.82587592238
123736.21657215778
123695.68098191547
123695.39816368025
123650.86037451468
123611.87485706726
123611.87485706726
123605.8852333886
123603.98241711165
123603.98241711165
123603.98241711165
123595.28031567576
123595.28031567576
123564.2408375578
123552.15028079078
123551.98761448369
123515.02599037782
123496.92623738188
123496.92623738188
123472.12336720206
123472.12336720206
123472.12336720206
123449.70891085264
123449.70891085264
123431.43589470815
123431.43589470815
123343.84904607583
123332.07282712497
123327.3874835519
123312.73206010286
123249.38925465083
123227.31203354057
123220.50619013417
123206.99581045783
123204.9962235675
123201.72159125094
123186.06569124607
123183.70627121176
123183.70627121176
123166.21973195701
123166.21973195701
123166.35120219659
123166.35120219659
123160.55531654977
123146.86319689729
123082.20411730742
123082.20411730742
123082.20411730742
123082.20411730742
123073.35855023263
123073.35855023263
123073.35855023263
123064.53392115692
123062.40023998264
123034.71139929793
123034.71139929793
123020.78692158932
123020.06735630818
123020.06735630818
123020.06735630818
123009.2276630388
123009.2276630388
123008.56896446171
123008.56896446171
123008.56896446171
123008.56896446171
123008.56896446171
123008.56896446171
122974.32183159422
122967.31298283515
122957.21397547948
122945.69240695165
122871.27987183277
122847.5030780261
122790.97216654895
122790.97216654895
122716.54141789097
122677.55974205656
122677.55974205656
122638.16190356994
122625.14986035746
122625.14986035746
122625.14986035746
122593.37086690651
122586.36386729116
122576.88636847172
122572.53350783355
122572.53350783355
122559.16378133095
122525.0344546387
122450.58412098777
122441.84196947474
122405.00254608536
122405.00254608536
122377.79251015
122377.79251015
122374.34586994848
122369.4823467853
122369.4823467853
122364.02735452584
122358.78739605295
122358.78739605295
122346.40028111111
122331.07652153881
122315.66081308515
122304.71541062988
122297.44040218016
122297.44040218016
122293.17171548304
122293.00904917593
122248.08108196122
122248.08108196122
122248.24374826832
122248.24374826832
122248.24374826832
122244.43143255392
122244.43143255392
122222.21152511517
122215.0094322314
122210.01646088761
122210.47942825443
122210.47942825443
122210.47942825443
122179.64075421763
122179.64075421763
122179.64075421763
122165.80094335106
122165.80094335106
122147.4159738053
122147.4159738053
122147.4159738053
122147.4159738053
122147.4159738053
122147.4159738053
122147.4159738053
122147.2533074982
122147.3718939969
122147.3718939969
122147.3718939969
122147.3718939969
122146.7734325866
122124.545653501
122121.7226541664
122121.7226541664
122121.7226541664
122121.55998785932
122121.55998785932
122121.55998785932
122121.55998785932
122099.57417667122
122099.57417667122
122099.57417667122
122099.57417667122
122099.57417667122
122100.57104543224
122046.78449745377
122037.4364868004
122035.72271059989
122035.66005156703
122032.58001813432
122032.65936481
122009.29416158657
122004.79168961635
122004.79168961635
122004.79168961635
122004.79168961635
122004.15587405137
122001.4284687694
122001.5911350765
121965.00859760321
121965.00859760321
121965.00859760321
121965.00859760321
121949.46400698282
121949.46400698282
121932.43519392441
121925.57666739567
121925.57666739567
121925.57666739567
121925.57666739567
121925.57666739567
121925.57666739567
121925.57666739567
121925.57666739567
121925.57666739567
121925.57666739567
121925.57666739567
121925.57666739567
121925.57666739567
121925.57666739567
121911.54801976109
121911.54801976109
121911.54801976109
121903.02108960754
121903.02108960754
121903.02108960754
121903.02108960754
121903.02108960754
121903.02108960754
121902.02422084652
121902.02422084652
121902.02422084652
121902.02422084652
121902.02422084652
121902.12889534418
121899.92525515638
121878.19527051007
121875.42707574033
121875.42707574033
121875.42707574033
121875.42707574033
121875.42707574033
121875.42707574033
121875.32240124268
121875.68168612814
121875.68168612814
121875.68168612814
121875.68168612814
121874.0964271119
121874.0964271119
121874.0964271119
121864.68001796186
121864.68001796186
121864.68001796186
121864.84268426895
121864.84268426895
121864.84268426895
121864.84268426895
121864.52832713054
121864.52832713054
121858.76652957118
121851.62783122371
121834.55817369418
121834.47882701851
121829.76921686875
121824.41161566995
121822.30656580784
121822.46923211492
121822.46923211492
121822.46923211492
121812.99709163158
121812.99709163158
121812.99709163158
121812.99709163158
121812.51131481591
121795.93573970243
121795.93573970243
121795.93573970243
121791.8851165096
121783.42563878151
121783.55781948596
121756.75256453516
121756.3932796497
121746.42747507393
121746.42747507393
121742.30692914143
121742.30692914143
121742.30692914143
121742.33225696342
121742.33225696342
121742.33225696342
121736.62525226336
121736.62525226336
121710.95218774433
121710.95218774433
121707.9789822915
121707.9789822915
121707.9789822915
121707.9789822915
121707.9789822915
121707.9789822915
121707.9789822915
121707.9789822915
121707.9789822915
121707.9789822915
121707.21048702415
121707.21048702415
121707.21048702415
121707.21048702415
121706.08968233275
121706.08968233275
121706.08968233275
121701.65132780746
121701.65132780746
121696.81631354822
121696.97897985531
121696.97897985531
121696.97897985531
121696.97897985531
121696.97897985531
121684.84193961565
121684.84193961565
121684.72447281714
121684.88713912423
121684.88713912423
121684.88713912423
121684.88713912423
121683.35487449127
121683.19220818419
121683.19220818419
121683.19220818419
121683.19220818419
121683.19220818419
121683.19220818419
121683.19220818419
121683.19220818419
121683.19220818419
121683.19220818419
121664.35180396434
121664.35180396434
121664.35180396434
121664.35180396434
121664.35180396434
121664.35180396434
121664.35180396434
121664.35180396434
121664.35180396434
121664.35180396434
121664.24712946668
121664.24712946668
121664.24712946668
121624.08869746716
121624.08869746716
121611.20017253626
121611.20017253626
121610.91889428359
121610.91889428359
121610.91889428359
121610.91889428359
121608.8966564574
121606.11862480955
121606.11862480955
121604.184890768
121604.184890768
121604.184890768
121604.184890768
121604.184890768
121604.184890768
121604.184890768
121604.184890768
121604.184890768
121604.3202085272
121575.82792790318
121576.13874128248
121576.13874128248
121575.95304329557
121575.95304329557
121575.95304329557
121575.95304329557
121575.95304329557
121575.95304329557
121575.95304329557
121575.95304329557
121575.95304329557
121575.95304329557
121574.66162070315
121574.49895439605
121574.49895439605
121574.49895439605
121574.49895439605
121573.65723440825
121573.65723440825
121573.47648499625
121573.47648499625
121573.47648499625
121573.47648499625
121573.47648499625
121573.47648499625
121573.47648499625
121573.47648499625
121573.47648499625
121573.47648499625
121573.47648499625
121573.47648499625
121573.47648499625
121573.47648499625
121573.47648499625
121573.83576988171
121573.83576988171
121573.83576988171
121573.16741254437
121573.33007885145
121573.33007885145
121573.33007885145
121573.33007885145
121573.49038736874
121573.49038736874
121573.33007885145
121573.11617663183
121573.01150213416
121536.02912130582
121536.02912130582
121535.88373863998
121535.88373863998
121535.7210723329
121535.7210723329
121535.7210723329
121535.50717011327
121535.50717011327
121534.68131738277
121534.68131738277
121535.35381287875
121532.20134374418
121532.28108516955
121532.28108516955
121532.44375147666
121532.44375147666
121532.44375147666
121532.44375147666
121532.44375147666
121532.44375147666
121532.28108516957
121532.28108516957
121532.28108516957
121531.29812131893
121531.29812131893
121531.29812131893
121531.29812131893
121531.29812131893
121531.29812131893
121531.46078762601
121531.29812131892
121531.29812131892
121531.29812131892
121502.19222814227
121502.19222814227
121502.19222814227
121502.19222814227
121502.19222814227
121502.19222814227
121502.19222814227
121499.91078791118
121499.91078791118
121500.07345421828
121500.07345421828
121500.07345421828
121500.07345421828
121500.07345421828
121500.07345421828
121500.07345421828
121499.9962975297
121499.9962975297
121499.9962975297
121499.9962975297
121499.9962975297
121499.9962975297
121499.9962975297
121451.99057816654
121451.99057816654
121451.99057816654
121451.99057816654
121451.99057816654
121451.82791185947
121451.82791185947
121451.82791185947
121451.66760334217
121451.66760334217
121451.66760334217
121396.53587264814
121396.53587264814
121396.53587264814
121396.53587264814
121396.53587264814
121396.53587264814
121396.53587264814
121396.53587264814
121396.53587264814
121396.53587264814
121396.53587264814
121396.53587264814
121396.53587264814
121396.53587264814
121396.53587264814
121390.81006747214
121390.91474196978
121390.91474196978
121390.91474196978
121390.15285276488
121390.15285276488
121390.15285276488
121390.15285276488
121390.15285276488
121390.15285276488
121388.70750284093
121388.70750284093
121388.70750284093
121376.1960192933
121375.36386584958
121375.36386584958
121375.36386584958
121375.36386584958
121374.36672465262
121374.36672465262
121374.36672465262
121374.36672465262
121374.36672465262
121374.52939095971
121374.52939095971
121374.52939095971
121374.52939095971
121374.52939095971
121374.52939095971
121374.52939095971
121374.52939095971
121374.52939095971
121355.01097154843
121354.84830524134
121354.84830524134
121354.84830524134
121354.84830524134
121354.84830524134
121354.84830524134
121355.49344271666
121355.49344271666
121352.84127162924
121352.84127162924
121352.84127162924
121352.84127162924
121351.14632728245
121351.14632728245
121351.14632728245
121351.14632728245
121351.14632728245
121351.14632728245
121351.14632728245
121351.14632728245
121343.25141017961
121343.25141017961
121343.4140764867
121342.1110083964
121342.1110083964
121342.1110083964
121342.1110083964
121342.1110083964
121342.1110083964
121342.1110083964
121342.1110083964
121342.1110083964
121342.1110083964
121342.1110083964
121342.1110083964
121342.1110083964
121342.1110083964
121342.1110083964
121342.1110083964
121341.8764071216
121341.8764071216
121341.8764071216
121342.00858782606
121342.00858782606
121342.00858782606
121341.9039133284
121342.06657963549
121342.06657963549
121342.06657963549
121342.06657963549
121342.06657963549
121342.06657963549
121342.06657963549
121342.06657963549
121342.06657963549
121342.06657963549
121342.06657963549
121344.95353985869
121344.95353985869
121344.95353985869
121344.95353985869
121344.95353985869
121344.95353985869
121344.95353985869
121344.95353985869
121344.30840238338
121344.17622167892
121344.17622167892
121344.17622167892
121344.17622167892
121344.17622167892
121344.17622167892
121344.01355537183
121344.01355537183
121344.01355537183
121344.01355537183
121344.01355537183
121344.01355537183
121344.01355537183
121344.01355537183
121344.01355537183
121344.01355537183
121344.01355537183
121344.01355537183
121344.08549033954
121344.08549033954
121312.11158109858
121299.93881235126
121299.93881235126
121299.93881235126
121299.93881235126
121299.93881235126
121299.50788164912
121299.50788164912
121299.34521534202
121299.18264270553
121299.18264270553
121299.18264270553
121296.95399216958
121296.95399216958
121296.95399216958
121296.95399216958
121296.95399216958
121296.95399216958
121296.95399216958
121296.95399216958
121296.95399216958
121296.95399216958
121296.95399216958
121296.95399216958
121296.95399216958
121296.95399216958
121296.95399216958
121296.95399216958
121296.95399216958
121296.95399216958
121296.95399216958
121297.27286980106
121297.27286980106
121296.59836496375
121276.09378711927
121276.09378711927
121275.93757579489
121275.93757579489
121276.4489603363
121276.4489603363
121276.4489603363
121276.4489603363
121276.4489603363
121276.4489603363
121276.28629402921
121276.28629402921
121276.28629402921
121276.4489603363
121276.4489603363
121277.09409781163
121277.09409781163
121277.09409781163
121277.09409781163
121277.09409781163
121277.09409781163
121277.09409781163
121277.09409781163
121277.09409781163
121277.28166041529
121277.28166041529
121277.28166041529
121277.28166041529
121277.09409781163
121277.09409781163
121277.09409781163
121277.09409781163
121277.09409781163
121276.58271327021
121276.42004696312
121258.92895253228
121259.09161883937
121259.09161883937
121259.09161883937
121259.09161883937
121259.09161883937
121259.09161883937
121259.09161883937
121259.09161883937
121259.09161883937
121259.09161883937
121259.09161883937
121259.09161883937
121259.09161883937
121259.09161883937
121259.09161883937
121259.09161883937
121259.09161883937
121259.09161883937
121259.09161883937
121259.09161883937
121259.40365069325
121258.75851321792
121258.75851321792
121258.75851321792
121258.44648136405
121258.44648136405
121258.44648136405
121258.44648136405
121258.81306020322
121258.81306020322
121258.81306020322
121258.81306020322
121258.81306020322
121258.81306020322
121258.81306020322
121258.81306020322
121258.81306020322
121258.81306020322
121258.81306020322
121258.65039389613
121258.65039389613
121258.65039389613
121258.65039389613
121258.65039389613
121258.65039389613
121258.81306020322
121258.81306020322
121258.81306020322
121258.81306020322
121258.81306020322
121258.81306020322
121258.81306020322
121259.7227955365
121259.7227955365
121259.7227955365
121259.7227955365
121259.7227955365
121259.7227955365
121259.5601292294
121259.5601292294
121259.5601292294
121259.5601292294
121259.5601292294
121259.5601292294
121259.5601292294
121259.5601292294
121259.5601292294
121258.65039389613
121258.65039389613
121258.65039389613
121258.54571939848
121258.54571939848
121258.54571939848
121258.03370294895
121258.03370294895
121258.03370294895
121258.03370294895
121258.03370294895
121258.03370294895
121258.13837744662
121258.81288228394
121258.81288228394
121258.81288228394
121258.97554859103
121258.97554859103
121258.81288228394
121258.81288228394
121258.65039389615
121258.65039389615
121258.65039389615
121258.65039389615
121258.65039389615
121258.65039389615
121258.65039389615
121258.65039389615
121258.65039389615
121258.65039389615
121258.65039389615
121258.81306020325
121258.81306020325
121258.81306020325
121258.81306020325
121258.81306020325
121258.81306020325
121258.81306020325
121258.81306020325
121258.94524090769
121258.94524090769
121258.94524090769
121258.94524090769
121258.94524090769
121258.94524090769
121258.94524090769
121258.94524090769
121258.94524090769
121258.94524090769
121258.94524090769
121258.94524090769
121258.94524090769
121258.94524090769
121258.94524090769
121258.94524090769
121258.94524090769
121258.57866206851
121258.57866206851
121258.57866206851
121258.57866206851
121258.57866206851
121258.57866206851
121259.22379954383
121259.22379954383
121259.22379954383
121259.37316509061
121259.37316509061
121259.76771342458
121259.76771342458
121257.06135834097
121257.06135834097
121257.06135834097
121257.06135834097
121257.06135834097
121257.06135834097
121257.75962984789
121257.75962984789
121257.92229615498
121257.92229615498
121257.06135834097
121257.06135834097
121257.06135834097
121257.06135834097
121257.06135834097
121257.22402464805
121257.22402464805
121257.22402464805
121257.22402464805
121257.22402464805
121257.22402464805
121257.0918439436
121257.0918439436
121257.22402464805
121257.22402464805
121257.22402464805
121257.22402464805
121257.22402464805
121257.06135834097
121257.06135834097
121257.06135834097
121257.06135834097
121257.06135834097
121257.06135834097
121257.06135834097
121257.06135834097
121257.06135834097
121257.06135834097
121257.06135834097
121257.06135834097
121257.06135834097
121257.06135834097
121257.06135834097
121257.06135834097
121257.06135834097
121257.22402464807
121257.22402464807
121257.22402464807
121257.59060348725
121257.59060348725
121257.59060348725
121258.05544003723
121258.05544003723
121258.05544003723
121257.89277373014
121256.73562333305
121256.73562333305
121256.73562333305
121256.73562333305
121256.73562333305
121256.73562333305
121256.73562333305
121256.73562333305
121256.73562333305
121256.73562333305
121256.73562333305
121256.73562333305
121256.73562333305
121256.73562333305
121256.73562333305
121256.73562333305
121254.47644487635
121254.47644487635
121254.10986603715
121254.10986603715
121254.10986603715
121254.27253234424
121254.27253234424
121254.27253234424
121254.27253234424
121254.10986603715
121254.27253234424
121254.27253234424
121254.27253234424
121254.27253234424
121254.27253234424
121251.47109166786
121251.47109166786
121251.47109166786
121251.47109166786
121251.47109166786
121251.3389109634
121251.3389109634
121251.3389109634
121251.3389109634
121251.3389109634
121251.3389109634
121251.3389109634
121250.85824579315
121250.85824579315
121250.85824579315
121250.85824579315
121250.85824579315
121250.85824579315
121250.85824579315
121250.85824579315
121250.85824579315
121250.85824579315
121250.85824579315
121250.85824579315
121250.85824579315
121250.85824579315
121250.85824579315
121250.85824579315
121250.85824579315
121250.85824579315
121250.85824579315
121250.85824579315
121250.85824579315
121250.85824579315
121250.85824579315
121250.85824579315
121227.42073503051
121227.42073503051
121227.31606053284
121227.31606053284
121227.31606053284
121227.31606053284
121227.31606053284
121227.6753454183
121227.6753454183
121227.6753454183
121227.51267911121
121227.51267911121
121227.51267911121
121227.51267911121
121227.51267911121
121227.51267911121
121227.51267911121
121227.51267911121
121227.51267911121
121227.51267911121
121227.51267911121
121227.51267911121
121227.51267911121
121227.51267911121
121227.51267911121
121227.51267911121
121227.64485981567
121227.64485981567
121227.80752612276
121227.31133829351
121227.31133829351
121224.65468556304
121224.65468556304
121224.65468556304
121224.65468556304
121224.65468556304
121224.65468556304
121224.65468556304
121224.65468556304
121224.65468556304
121224.65468556304
121224.65468556304
121224.65468556304
121224.65468556304
121224.65468556304
121224.65468556304
121224.65468556304
121224.65468556304
121224.65468556304
121224.65468556304
121224.49201925595
121221.56421841035
121202.1265679248
121202.1265679248
121202.1265679248
121202.1265679248
121202.1265679248
121202.1265679248
121202.1265679248
121202.1265679248
121202.2892342319
121202.15705352745
121202.15705352745
121202.15705352745
121202.15705352745
121202.15705352745
121202.15705352745
121202.15705352745
121202.15705352745
121202.15705352745
121200.9351815311
121200.9351815311
121200.9351815311
121188.98746098092
121188.98746098092
121188.98746098092
121188.98746098092
121189.68573248782
121189.68573248782
121189.68573248782
121189.68573248782
121189.68573248782
121189.68573248782
121189.68573248782
121189.68573248782
121189.68573248782
121189.68573248782
121189.52306618073
121189.52306618073
121189.52306618073
121189.52306618073
121189.52306618073
121189.52306618073
121189.52306618073
121189.52306618073
121189.52306618073
121189.52306618073
121189.52306618073
121189.52306618073
121189.52306618073
121189.52306618073
121190.03508263026
121190.03508263026
121190.03508263026
121190.03508263026
121190.03508263026
121190.03508263026
121190.03508263026
121190.03508263026
121190.03508263026
121188.65253144165
121188.65253144165
121188.65253144165
121188.78471214611
121188.78471214611
121188.9473784532
121188.9473784532
121188.43536200369
121188.43536200369
121188.43536200369
121188.43536200369
121188.43536200369
121188.43536200369
121188.43536200369
121188.27269569659
121188.27269569659
121188.27269569659
121188.27269569659
121188.27269569659
121188.27269569659
121188.27269569659
121188.27269569659
121188.27269569659
121188.27269569659
121188.27269569659
121188.27269569659
121188.27269569659
121188.27269569659
121188.27269569659
121188.27269569659
121188.27269569659
121188.27269569659
121188.27269569659
121188.27269569659
121184.93220452356
121184.93220452356
121184.93220452356
121184.93220452356
121184.93220452356
121184.93220452356
121184.93220452356
121184.93220452356
121184.93220452356
121184.93220452356
121184.93220452356
121184.93220452356
121184.93220452356
121184.93220452356
121184.93220452356
121184.93220452356
121185.09487083065
121185.09487083065
121185.09487083065
121185.09487083065
121185.09487083065
121185.09487083065
121185.09487083065
121185.09487083065
121185.09487083065
121185.09487083065
121185.09487083065
121185.09487083065
121185.09487083065
121185.09487083065
121185.09487083065
121185.09487083065
121185.09487083065
121185.09487083065
121185.09487083065
121185.09487083065
121185.09487083065
121185.09487083065
121185.09487083065
121185.09487083065
121185.09487083065
121185.09487083065
121185.09487083065
121185.09487083065
121185.09487083065
121185.09487083065
121185.09487083065
121185.09487083065
121185.09487083065
121185.09487083065
121185.09487083065
121185.09487083065
121185.09487083065
121185.09487083065
121185.09487083065
121185.09487083065
121185.09487083065
121185.09487083065
121185.09487083065
121185.09487083065
121185.09487083065
121185.09487083065
121185.09487083065
121185.09487083065
121184.93220452356
121184.93220452356
121184.93220452356
121184.93220452356
121184.93220452356
121184.93220452356
121184.93220452356
121184.93220452356
121184.93220452356
121184.93220452356
121184.80002381912
121184.80002381912
121184.80002381912
121184.80002381912
121184.96269012621
121184.96269012621
121184.96269012621
121184.80002381912
121184.80002381912
121184.80002381912
121184.80002381912
121184.80002381912
121184.80002381912
121184.80002381912
121184.80002381912
121184.80002381912
121184.80002381912
121184.96269012621
121184.96269012621
121184.80002381912
121184.80002381912
121184.80002381912
121184.80002381912
121184.80002381912
121184.80002381912
121184.80002381912
121184.80002381912
121184.80002381912
121184.80002381912
121184.80002381912
121184.80002381912
121184.80002381912
121184.80002381912
121184.80002381912
121184.80002381912
121184.80002381912
121184.80002381912
121184.80002381912
121184.80002381912
121184.80002381912
121184.80002381912
121184.93220452356
121184.80002381912
121185.31204026863
121185.31204026863
121185.31204026863
121185.31204026863
121185.31204026863
121185.31204026863
121185.31204026863
121185.31204026863
121185.31204026863
121185.31204026863
121185.44422097309
121185.44422097309
121185.44422097309
121185.44422097309
121185.54889547074
121185.54889547074
121185.54889547074
121185.54889547074
121185.03687902124
121185.03687902124
121185.03687902124
121185.03687902124
121185.03687902124
121185.03687902124
121185.03687902124
121185.03687902124
121185.03687902124
121185.03687902124
121185.54889547074
121185.54889547074
121185.54889547074
121185.54889547074
121185.54889547074
121185.54889547074
121185.54889547074
121185.54889547074
121185.54889547074
121185.54889547074
121185.54889547074
121185.54889547074
121185.54889547074
121185.54889547074
121185.54889547074
121185.54889547074
121185.54889547074
121185.54889547074
121185.54889547074
121185.54889547074
121185.71156177783
121185.71156177783
121185.71156177783
121185.71156177783
121188.35591426371
121188.35591426371
121188.35591426371
121188.35591426371
121188.35591426371
121188.35591426371
121188.35591426371
121188.22373355927
121188.22373355927
121188.22373355927
121188.22373355927
121188.22373355927
121188.22373355927
121185.57938107339
121185.57938107339
121185.57938107339
121185.57938107339
121185.57938107339
121185.57938107339
121185.57938107339
121185.57938107339
121185.57938107339
121185.57938107339
121185.57938107339
121185.57938107339
121185.57938107339
121179.41306541616
121179.41306541616
121179.41306541616
121179.30839091848
121178.8435543685
121178.8435543685
121178.8435543685
121178.8435543685
121177.6138645281
121177.6138645281
121177.6138645281
121177.6138645281
121177.6138645281
121177.6138645281
121177.6138645281
121177.6138645281
121177.6138645281
121177.6138645281
121177.6138645281
121177.45119822101
121177.45119822101
121177.45119822101
121177.45119822101
121177.10184807859
121177.10184807859
121177.10184807859
121176.93918177151
121176.93918177151
121177.30576061067
121177.30576061067
121177.46842691777
121177.57310141542
121177.57310141542
121177.57310141542
121177.57310141542
121177.57310141542
121178.0391203746
121178.0391203746
121178.0391203746
121177.005038078
121177.005038078
121177.005038078
121177.005038078
121163.25879476892
121163.25879476892
121163.25879476892
121163.25879476892
121163.15412027127
121116.43100022011
121116.26833391303
121116.26833391303
121116.26833391303
121116.43100022011
121116.43100022011
121116.43100022011
121116.43100022011
121116.43100022011
121099.92023016956
121099.75756386248
121099.75756386248
121099.75756386248
121099.75756386248
121099.88974456693
121099.88974456693
121099.88974456693
121099.88974456693
121099.88974456693
121079.5437528626
121079.5437528626
121079.5437528626
121079.5437528626
121060.46357393515
121060.46357393515
121060.46357393515
121060.46357393515
121029.88034100106
121029.88034100106
121029.88034100106
121029.88034100106
121029.88034100106
121014.05933579401
121014.16401029166
121014.16401029166
121014.16401029166
121014.16401029166
121014.32667659875
121014.32667659875
121014.32667659875
121014.16401029167
121014.32667659875
121014.32667659875
121014.32667659875
121014.32667659875
121014.32667659875
121014.32667659875
121014.32667659875
121014.32667659875
121014.32667659875
121014.32667659875
121014.32667659875
121014.32667659875
121014.32667659875
121014.16401029166
121014.16401029166
121014.16401029166
121014.16401029166
121014.16401029166
121014.16401029166
121014.16401029166
121014.32667659875
121014.32667659875
121014.1944958943
121014.1944958943
121014.2261157316
121014.2261157316
121014.2261157316
121014.73813218111
121014.73813218111
121014.73813218111
121014.57546587403
121014.57546587403
121015.20296873112
121015.20296873112
121015.20296873112
121015.20296873112
121015.20296873112
121015.20296873112
121014.73813218111
121014.73813218111
121014.73813218111
121014.73813218111
121014.73813218111
121014.73813218111
121014.73813218111
121014.73813218111
121014.73813218111
121014.73813218111
121014.73813218111
121014.87031288557
121014.87031288557
121014.87031288557
121014.87031288557
121014.87031288557
121014.70764657849
121014.70764657849
121014.70764657849
121014.87031288557
121014.87031288557
121014.87031288557
121014.6760267412
121014.30944790202
121014.30944790202
121014.47211420911
121014.30944790202
121014.47211420911
121014.47211420911
121014.47211420911
121014.47211420911
121014.47211420911
121014.47211420911
121014.47211420911
121014.47211420911
121014.33993350467
121014.33993350467
121014.33993350467
121014.33993350467
121014.17726719758
121014.17726719758
121014.17726719758
121014.17726719758
121014.17726719758
121014.17726719758
121014.17726719758
121014.17726719758
121014.17726719758
121014.17726719758
121014.20888703485
121014.20888703485
121014.20888703485
121014.17726719758
121014.17726719758
121014.17726719758
121014.17726719758
121014.17726719758
121015.82646054027
121015.95864124472
121016.1213075518
121016.1213075518
121016.1213075518
121016.01663305415
121016.01663305415
121016.1213075518
121016.1213075518
121016.1213075518
121016.1213075518
121016.1213075518
121016.1213075518
121016.1213075518
121015.52956053065
121015.56118036792
121015.56118036792
121015.56118036792
121015.56118036792
121003.2319460951
121003.69678264509
121003.69678264509
121003.69678264509
121003.69678264509
121003.69678264509
121003.69678264509
121003.69678264509
121003.69678264509
120999.70098246289
120999.70098246289
120999.70098246289
120999.70098246289
120999.86364876998
120981.48685486139
120981.38218036373
120981.38218036373
120981.38218036373
120981.38218036373
120981.38218036373
120981.38218036373
120981.38218036373
120981.38218036373
120981.38218036373
120981.74875920289
120981.74875920289
120981.85343370057
120981.85343370057
120981.85343370057
120981.85343370057
120973.56772472218
120973.56772472218
120973.08705955192
120973.08705955192
120973.08705955192
120973.08705955192
120973.08705955192
120973.08705955192
120973.08705955192
120973.08705955192
120973.08705955192
120973.08705955192
120973.08705955192
120970.93356714863
120971.41423231889
120971.30955782122
120971.30955782122
120971.30955782122
120971.30955782122
120971.30955782122
120971.30955782122
120971.30955782122
120971.30955782122
120971.30955782122
120971.30955782122
120971.30955782122
120971.30955782122
120970.84472127123
120970.84472127123
120970.84472127123
120970.84472127123
120970.84472127123
120970.68205496414
120970.68205496414
120970.68205496414
120970.68205496414
120970.68205496414
120970.68205496414
120970.68205496414
120970.68205496414
120970.84472127123
120970.84472127123
120970.84472127123
120970.68205496416
120970.47814243205
120970.47814243205
120970.47814243205
120970.47814243205
120970.47814243205
120970.47814243205
120970.47814243205
120970.58281692973
120970.58281692973
120970.58281692973
120970.42015062264
120970.31547612496
120970.31547612496
120970.31547612496
120970.31547612496
120970.31547612496
120970.31547612496
120970.31547612496
120970.78031267496
120970.78031267496
120970.78031267496
120970.78031267496
120970.78031267496
120970.78031267496
120970.78031267496
120970.78031267496
120970.78031267496
120970.78031267496
120970.78031267496
120970.78031267496
120970.78031267496
120970.78031267496
120970.78031267496
120968.03225051152
120968.03225051152
120968.03225051152
120968.03225051152
120968.03225051152
120968.03225051152
120968.19491681861
120968.19491681861
120968.19491681861
120968.19491681861
120968.19491681861
120968.19491681861
120968.19491681861
120968.19491681861
120968.19491681861
120968.19491681861
120968.19491681861
120968.19491681861
120968.19491681861
120968.06273611415
120968.06273611415
120968.06273611415
120968.06273611415
120960.1029378903
120960.1029378903
120960.1029378903
120960.1029378903
120960.1029378903
120960.1029378903
120959.94027158321
120959.94027158321
120959.94027158321
120959.94027158321
120959.94027158321
120959.94027158321
120959.94027158321
120959.94027158321
120959.94027158321
120959.94027158321
120959.94027158321
120959.94027158321
120959.94027158321
120959.94027158321
120959.94027158321
120960.1029378903
120960.1029378903
120960.1029378903
120960.1029378903
120960.1029378903
120960.1029378903
120960.1029378903
120960.1029378903
120960.1029378903
120960.1029378903
120960.1029378903
120960.1029378903
120960.1029378903
120960.1029378903
120952.65434016364
120952.65434016364
120952.65434016364
120953.92359704892
120953.44293187867
120953.44293187867
120953.44293187867
120953.44293187867
120953.44293187867
120953.60559818576
120953.60559818576
120953.60559818576
120953.60559818576
120954.29079961887
120954.77146478914
120954.77146478914
120954.77146478914
120954.77146478914
120954.30662823914
120954.30662823914
120954.30662823914
120954.30662823914
120954.30662823914
120954.30662823914
120955.9020496599
120955.9020496599
120955.9020496599
120921.36934077612
120921.36934077612
120905.16396248575
120905.00129617866
120888.46769473197
120888.46769473197
120888.46769473197
120888.46769473197
120888.46769473197
120888.46769473197
120888.46769473197
120888.63036103906
120888.46769473195
120888.46769473195
120888.46769473195
120888.46769473195
120888.46769473195
120888.46769473195
120888.46769473195
120878.2255939444
120878.2255939444
120878.2255939444
120877.01881855405
120877.01881855405
120877.01881855405
120877.01881855405
120877.01881855405
120877.01881855405
120877.01881855405
120877.01881855405
120877.01881855405
120877.01881855405
120877.01881855405
120877.01881855405
120877.01881855405
120877.01881855405
120877.01881855405
120877.01881855405
120876.33361712095
120876.33361712095
120876.33361712095
120876.33361712095
120876.33361712095
120876.33361712095
120876.33361712095
120876.33361712095
120876.33361712095
120876.33361712095
120876.33361712095
120876.33361712095
120876.33361712095
120876.33361712095
120876.33361712095
120875.26972359882
120875.26972359882
120875.26972359882
120875.26972359882
120875.26972359882
120875.43238990591
120875.43238990591
120875.43238990591
120875.43238990591
120875.26972359882
120875.26972359882
120875.26972359882
120875.26972359882
120875.26972359882
120875.26972359882
120875.26972359882
120875.26972359882
120875.26972359882
120875.26972359882
120875.26972359882
120875.26972359882
120875.26972359882
120875.26972359882
120875.26972359882
120875.26972359882
120875.26972359882
120875.26972359882
120876.19228742641
120876.19228742641
120876.19228742641
120876.3549537335
120876.19228742641
120876.3549537335
120876.3549537335
120849.24945859447
120849.24945859447
120849.24945859447
120849.08679228737
120849.24945859447
120849.24945859447
120849.08679228737
120849.08679228737
120837.91530963543
120837.91530963543
120837.91530963543
120837.91530963543
120838.07797594252
120838.07797594252
120832.36124618581
120832.36124618581
120832.36124618581
120832.36124618581
120832.36124618581
120832.36124618581
120832.49342689027
120832.49342689027
120832.49342689027
120832.49342689027
120832.49342689027
120832.49342689027
120832.49342689027
120832.49342689027
120832.49342689027
120832.49342689027
120832.49342689027
120832.49342689027
120832.36124618581
120832.36124618581
120832.19857987872
120832.19857987872
120832.19857987872
120832.19857987872
120832.19857987872
120832.19857987872
120832.19857987872
120832.19857987872
120832.88378131182
120825.98684748476
120825.98684748476
120825.98684748476
120825.98684748476
120825.98684748476
120825.98684748476
120825.98684748476
120825.98684748476
120825.98684748476
120821.98544997389
120821.98544997389
120821.98544997389
120821.98544997389
120821.98544997389
120821.98544997389
120821.98544997389
120821.98544997389
120821.98544997389
120821.98544997389
120821.98544997389
120821.98544997389
120821.98544997389
120821.98544997389
120821.98544997389
120821.98544997389
120821.98544997389
120821.98544997389
120821.98544997389
120821.98544997389
120821.98544997389
120821.98544997389
120821.98544997389
120821.98544997389
120821.98544997389
120821.98544997389
120822.77399472432
120822.77399472432
120822.77399472432
120822.77399472432
120821.98544997389
120821.98544997389
120821.98544997389
120822.148116281
120822.148116281
120822.148116281
120822.148116281
120822.148116281
120822.148116281
120822.148116281
120822.148116281
120822.148116281
120822.148116281
120822.148116281
120822.148116281
120822.148116281
120822.148116281
120822.148116281
120822.148116281
120822.148116281
120822.148116281
120822.148116281
120821.98544997389
120821.98544997389
120821.98544997389
120821.98544997389
120821.98544997389
120821.98544997389
120821.98544997389
120821.98544997389
120821.98544997389
120821.98544997389
120821.98544997389
120821.98544997389
120821.98544997389
120821.98544997389
120821.98544997389
120822.14811628098
120822.14811628098
120822.14811628098
120822.14811628098
120822.14811628098
120822.14811628098
120822.14811628098
120822.14811628098
120822.14811628098
120822.14811628098
120822.14811628098
120822.14811628098
120821.98544997389
120821.98544997389
120821.98544997389
120821.98544997389
120821.98544997389
120822.70840665768
120822.70840665768
120822.70840665768
120822.70840665768
120822.70840665768
120822.70840665768
120822.70840665768
120822.70840665768
120822.70840665768
120822.81174997502
120822.81174997502
120822.81174997502
120822.81174997502
120822.81174997502
120822.81174997502
120822.81174997502
120822.97441628212
120822.97441628212
120822.97441628212
120822.97441628212
120822.97441628212
120822.97441628212
120822.81174997502
120822.81174997502
120822.81174997502
120822.81174997502
120822.81174997502
120822.81174997502
120822.81174997502
120822.81174997502
120822.81174997502
120822.81174997502
120822.81174997502
120822.81174997502
120822.81174997502
120822.81174997502
120822.81174997502
120822.81174997502
120822.97441628212
120822.97441628212
120822.97441628212
120822.97441628212
120822.97441628212
120822.97441628212
120822.97441628212
120822.97441628212
120822.97441628212
120822.25145959832
120822.25145959832
120822.25145959832
120822.25145959832
120822.25145959832
120822.25145959832
120822.25145959832
120822.38364030278
120822.38364030278
120822.38364030278
120822.38364030278
120822.38364030278
120822.38364030278
120822.38364030277
120822.38364030277
120822.38364030277
120822.38364030277
120822.38364030277
120822.38364030277
120822.38364030277
120822.38364030277
120822.38364030277
120822.38364030277
120822.22097399567
120822.22097399567
120822.22097399567
120822.22097399567
120822.22097399567
120822.38364030277
120822.38364030277
120822.38364030277
120822.38364030277
120822.38364030277
120822.38364030277
120822.38364030277
120822.38364030277
120822.38364030277
120822.38364030277
120822.38364030277
120822.38364030277
120822.38364030277
120822.38364030277
120821.59509555233
120821.43242924524
120821.43242924524
120821.43242924524
120821.43242924524
120821.43242924524
120821.43242924524
120821.43242924524
120821.43242924524
120821.30024854079
120821.46291484789
120821.82949368705
120821.82949368705
120821.66682737996
120821.30024854079
120821.30024854079
120821.30024854079
120821.30024854079
120821.30024854079
120821.30024854079
120821.30024854079
120821.30024854079
120821.30024854079
120821.30024854079
120821.30024854079
120821.30024854079
120821.30024854079
120821.30024854079
120821.30024854079
120821.30024854079
120821.30024854079
120821.30024854079
120821.30024854079
120821.46291484789
120821.46291484789
120821.46291484789
120821.46291484789
120821.46291484789
120821.46291484789
120821.46291484789
120821.46291484789
120821.46291484789
120821.82949368705
120821.82949368705
120821.82949368705
120821.82949368705
120821.82949368705
120821.82949368705
120821.82949368705
120821.82949368705
120821.82949368705
120821.66682737996
120821.66682737996
120821.66682737996
120821.66682737996
120821.66682737996
120821.66682737996
120821.66682737996
120821.66682737996
120821.66682737996
120821.66682737996
120821.66682737996
120821.66682737996
120821.66682737996
120821.66682737996
120821.82949368705
120821.82949368705
120821.82949368705
120821.82949368705
120821.82949368705
120821.82949368705
120821.82949368705
120821.82949368705
120821.82949368705
120821.82949368705
120821.82949368705
120821.82949368705
120821.82949368705
120821.66682737996
120821.66682737996
120821.66682737996
120821.82949368705
120821.82949368705
120821.82949368705
120821.82949368705
120821.82949368705
120821.82949368705
120821.66682737996
120821.66682737996
120821.66682737996
120821.66682737996
120821.66682737996
120821.66682737996
120821.66682737996
120821.66682737996
120821.66682737996
120821.82949368705
120821.82949368705
120821.82949368705
120821.82949368705
120821.82949368705
120821.82949368705
120821.82949368705
120821.82949368705
120821.82949368705
120821.82949368705
120821.82949368705
120821.82949368705
120821.82949368705
120821.82949368705
120821.82949368705
120821.82949368705
120821.82949368705
120821.82949368705
120821.82949368705
120821.82949368705
120821.82949368705
120821.82949368705
120821.82949368705
120821.82949368705
120821.82949368705
120821.66682737996
120821.66682737996
120821.66682737996
120821.66682737996
120821.66682737996
120821.66682737996
120821.66682737996
120821.66682737996
120822.91498911494
120822.91498911494
120823.07765542205
120823.07765542205
120823.07765542205
120823.07765542205
120823.07765542205
120823.07765542205
120823.07765542205
120822.91498911496
120822.91498911496
120822.91498911496
120822.91498911496
120822.91498911496
120823.07765542204
120823.07765542204
120823.07765542204
120822.91498911497
120822.91498911497
120822.91498911497
120823.04716981942
120823.04716981942
120823.04716981942
120823.04716981942
120823.04716981942
120823.04716981942
120823.04716981942
120823.04716981942
120823.04716981942
120823.04716981942
120823.04716981942
120823.04716981942
120823.04716981942
120823.04716981942
120823.04716981942
120823.04716981942
120823.04716981942
120823.04716981942
120823.04716981942
120823.04716981942
120823.04716981942
120823.04716981942
120823.04716981942
120823.04716981942
120823.04716981942
120823.04716981942
120823.04716981942
120821.7990080844
120822.58755283486
120822.22097399567
120822.22097399567
120822.22097399567
120821.43242924524
120821.43242924524
120821.43242924524
120821.43242924524
120821.43242924524
120821.43242924524
120821.30024854079
120821.30024854079
120821.30024854079
120821.30024854079
120821.30024854079
120821.30024854079
120821.30024854079
120821.30024854079
120821.30024854079
120821.30024854079
120821.30024854079
120821.30024854079
120821.30024854079
120821.30024854079
120821.30024854079
120821.30024854079
120821.30024854079
120821.30024854079
120821.46291484787
120821.30024854078
120823.5136521584
120823.5136521584
120823.5136521584
120823.5136521584
120823.5136521584
120823.5136521584
120823.5136521584
120823.5136521584
120823.5136521584
120823.5136521584
120821.30024854079
120821.30024854079
120821.30024854079
120821.30024854079
120821.30024854079
120821.30024854079
120821.30024854079
120821.30024854079
120821.30024854079
120821.30024854079
120821.30024854079
120821.30024854079
120821.30024854079
120821.30024854079
120821.30024854079
120821.30024854079
120821.30024854079
120821.46291484789
120821.46291484789
120821.30024854079
120821.30024854079
120821.30024854079
120821.30024854079
120821.30024854079
120821.30024854079
120821.30024854079
120821.30024854079
120821.30024854079
120821.30024854079
120821.30024854079
120821.30024854079
120821.30024854079
120821.30024854079
120821.30024854079
120821.30024854079
120821.30024854079
120821.30024854079
120821.30024854079
120821.30024854079
120821.30024854079
120821.30024854079
120821.30024854079
120821.30024854079
120821.30024854079
120822.08879329122
120822.08879329122
120822.08879329122
120822.08879329122
120822.08879329122
120822.08879329122
120822.08879329122
120822.08879329122
120822.25145959831
120822.25145959831
120822.25145959831
120822.25145959831
120822.25145959831
120822.25145959831
120822.25145959831
120822.25145959831
120822.25145959831
120822.25145959831
120822.25145959831
120822.25145959831
120822.25145959831
120822.25145959831
120822.25145959831
120822.25145959831
120822.25145959831
120822.25145959831
120822.25145959831
120822.25145959831
120822.25145959831
120822.08879329122
120822.08879329122
120822.08879329122
120822.08879329122
120822.08879329122
120822.08879329122
120822.08879329122
120822.08879329122
120822.08879329122
120821.30024854078
120821.46291484787
120821.46291484787
120821.46291484787
120821.46291484787
120821.46291484787
120821.30024854079
120821.30024854079
120821.30024854079
120822.4904912227
120821.46291484789
120821.46291484789
120821.46291484789
120821.46291484789
120821.46291484789
120821.46291484789
120821.46291484789
120821.46291484789
120821.46291484789
120821.46291484789
120821.46291484789
120821.46291484789
120821.30024854079
120821.30024854079
120821.30024854079
120821.46291484787
120821.46291484787
120821.46291484787
120821.30024854079
120821.30024854079
120821.30024854079
120821.30024854079
120821.30024854079
120821.30024854079
120821.30024854079
120821.46291484789
120821.46291484789
120821.46291484789
120821.46291484789
120821.30024854079
120821.30024854079
120821.30024854079
120821.30024854079
120821.30024854079
120822.08879329123
120822.08879329123
120822.45537213041
120822.45537213041
120822.45537213041
120822.45537213041
120822.45537213041
120822.45537213041
120822.45537213041
120822.45537213041
120822.45537213041
120823.1405735635
120823.1405735635
120823.1405735635
120823.1405735635
120822.45537213041
120822.45537213041
120822.45537213041
120822.45537213041
120822.45537213041
120822.45537213041
120822.45537213041
120822.45537213041
120822.45537213041
120822.45537213041
120822.61803843749
120823.34099512128
120823.34099512128
120823.34099512128
120823.34099512128
120823.34099512128
120823.34099512128
120823.34099512128
120823.34099512128
120823.17832881419
120823.17832881419
120823.17832881419
120823.17832881419
120823.17832881419
120823.34099512128
120823.34099512128
120823.34099512128
120823.34099512128
120823.34099512128
120823.34099512128
120823.34099512128
120823.34099512128
120823.34099512128
120823.34099512128
120823.47317582573
120822.68463107529
120822.68463107529
120822.68463107529
120822.68463107529
120822.68463107529
120822.68463107529
120822.68463107529
120822.68463107529
120822.68463107529
120822.68463107529
120822.68463107529
120822.68463107529
120822.68463107529
120822.68463107529
120822.68463107529
120822.3180522361
120822.3180522361
120822.3180522361
120822.3180522361
120822.3180522361
120822.15538592903
120822.15538592903
120822.15538592903
120822.15538592903
120822.15538592903
120822.02320522457
120822.02320522457
120822.02320522457
120822.02320522457
120822.02320522457
120821.30024854079
120821.30024854079
120821.30024854079
120821.30024854079
120821.46291484787
120821.30024854078
120821.30024854078
120821.30024854078
120821.30024854078
120821.30024854078
120821.30024854078
120821.30024854078
120821.30024854078
120821.30024854078
120821.30024854078
120821.30024854078
120821.30024854078
120821.30024854078
120821.30024854078
120821.46291484787
120821.46291484787
120821.46291484787
120821.46291484787
120821.46291484787
120821.46291484787
120821.46291484787
120821.46291484787
120821.46291484787
120821.46291484787
120821.46291484787
120821.46291484787
120821.30024854078
120821.30024854078
120821.30024854078
120821.30024854078
120821.30024854078
120821.30024854078
120821.30024854078
120821.30024854078
120821.30024854078
120821.30024854078
120821.43242924524
120821.43242924524
120821.59509555233
120821.59509555233
120821.59509555233
120821.43242924524
120821.43242924524
120821.43242924524
120821.43242924524
120821.43242924524
120821.43242924524
120821.43242924524
120821.43242924524
120821.59509555233
120821.59509555233
120821.59509555233
120821.43242924524
120821.43242924524
120821.43242924524
120821.43242924524
120821.43242924524
120821.43242924524
120821.43242924524
120821.43242924524
120821.43242924524
120821.59509555233
120821.59509555233
120821.59509555233
120821.59509555233
120821.59509555233
120821.59509555233
120821.59509555233
120821.59509555233
120821.43242924524
120821.43242924524
120821.43242924524
120821.43242924524
120821.43242924524
120821.43242924524
120821.43242924524
120821.43242924524
120821.43242924524
120821.43242924524
120821.43242924524
120821.59509555233
120821.59509555233
120821.59509555233
120821.59509555233
120821.59509555233
120821.59509555233
120821.59509555233
120821.59509555233
120821.59509555233
120821.59509555233
120821.59509555233
120821.59509555233
120821.59509555233
120821.59509555233
120821.43242924524
120821.59509555233
120821.59509555233
120821.59509555233
120821.59509555233
120821.59509555233
120821.43242924524
120821.43242924524
120821.43242924524
120821.43242924524
120821.59509555233
120821.59509555233
120821.59509555233
120821.59509555233
120821.43242924524
120821.43242924524
120821.43242924524
120821.43242924524
120821.43242924524
120821.43242924524
120821.43242924524
120821.43242924524
120821.43242924524
120821.43242924524
120821.43242924524
120821.43242924524
120821.43242924524
120821.43242924524
120821.43242924524
120822.11763067835
120822.11763067835
120822.11763067835
120822.11763067835
120822.11763067835
120822.11763067835
120822.11763067835
120822.28029698542
120822.28029698542
120822.28029698542
120822.28029698542
120822.11763067833
120822.11763067833
120822.11763067833
120822.28029698542
120822.28029698542
120822.28029698542
120822.28029698542
120822.11763067833
120822.11763067833
120822.11763067833
120822.11763067833
120822.11763067833
120822.11763067833
120822.11763067833
120822.11763067833
120822.11763067833
120822.11763067833
120822.11763067833
120822.28029698542
120822.28029698542
120822.28029698542
120822.28029698542
120822.28029698542
120822.28029698542
120822.28029698542
120822.28029698542
120822.28029698542
120822.28029698542
120822.28029698542
120822.28029698542
120822.28029698542
120822.28029698542
120822.28029698542
120822.28029698542
120822.28029698542
120822.28029698542
120822.28029698542
120822.28029698542
120822.28029698542
120822.11763067835
120822.11763067835
120822.11763067835
120822.11763067835
120822.11763067835
120822.11763067835
120822.11763067835
120822.11763067835
120822.11763067835
120822.11763067835
120822.11763067835
120821.43242924524
120821.43242924524
120821.43242924524
120821.43242924524
120821.43242924524
120821.59509555233
120821.59509555233
120821.59509555233
120821.59509555233
120821.59509555233
120821.59509555233
120821.59509555233
120821.59509555233
120822.3180522361
120822.3180522361
120822.3180522361
120822.3180522361
120822.3180522361
120822.15538592903
120822.15538592903
120822.15538592903
120822.15538592903
120822.15538592903
120822.15538592903
120822.15538592903
120822.15538592903
120822.15538592903
120822.15538592903
120822.15538592903
120822.15538592903
120822.15538592903
120822.15538592903
120822.15538592903
120822.15538592903
120822.15538592903
120822.15538592903
120822.15538592903
120822.15538592903
120822.15538592903
120822.15538592903
120822.15538592903
120822.15538592903
120822.15538592903
120822.15538592903
120822.15538592903
120822.15538592903
120822.15538592903
120822.15538592903
120822.15538592903
120822.3180522361
120822.3180522361
120822.3180522361
120822.3180522361
120822.3180522361
120822.3180522361
120822.3180522361
120822.3180522361
120822.15538592903
120822.15538592903
120822.15538592903
120822.15538592903
120822.15538592903
120822.3180522361
120822.3180522361
120822.3180522361
120822.3180522361
120822.15538592903
120822.3180522361
120822.15538592903
120822.15538592903
120822.15538592903
120822.15538592903
120822.15538592903
120822.15538592903
120822.15538592903
120822.15538592903
120822.15538592903
120822.15538592903
120822.15538592903
120822.15538592903
120822.15538592903
120822.15538592903
120822.15538592903
120821.43242924524
120821.43242924524
120821.43242924524
120821.43242924524
120821.43242924524
120821.43242924524
120821.43242924524
120821.43242924524
120821.43242924524
120822.11763067835
120822.11763067835
120822.11763067835
120822.11763067835
120822.28029698542
120822.28029698542
120822.28029698542
120822.28029698542
120822.11763067833
120822.11763067833
120822.11763067833
120822.11763067833
120822.11763067833
120822.11763067833
120822.11763067833
120822.11763067833
120822.11763067833
120822.11763067833
120822.11763067833
120822.11763067833
120822.11763067833
120822.11763067833
120822.11763067833
120822.11763067833
120822.11763067833
120824.35570588855
120824.35570588855
120824.35570588855
120824.35570588855
120824.35570588855
120823.67050445545
120823.83317076255
120823.83317076255
120823.67050445545
120823.67050445545
120823.67050445545
120823.67050445545
120823.67050445545
120823.67050445545
120823.67050445545
120823.67050445545
120823.67050445545
120823.67050445545
120821.43242924524
120821.43242924524
120821.43242924524
120822.15538592901
120822.15538592901
120822.15538592901
120822.15538592901
120822.15538592901
120822.15538592901
120822.15538592901
120822.84058736212
120822.84058736212
120822.84058736212
120822.84058736212
120822.84058736212
120822.84058736212
120822.84058736212
120822.84058736212
120822.84058736212
120822.84058736212
120822.84058736212
120822.70840665768
120822.70840665768
120822.70840665768
120822.70840665768
120822.70840665768
120822.70840665768
120822.70840665768
120822.70840665768
120822.70840665768
120822.02320522457
120822.02320522457
120822.02320522457
120822.02320522457
120822.02320522457
120822.02320522457
120822.02320522457
120822.02320522457
120822.02320522457
120822.02320522457
120822.02320522457
120822.02320522457
120822.02320522457
120822.02320522457
120822.02320522457
120822.02320522457
120822.02320522457
120822.02320522457
120822.02320522457
120822.02320522457
120822.02320522457
120822.02320522457
120822.02320522457
120822.02320522457
120822.02320522457
120822.02320522457
120822.02320522457
120822.02320522457
120822.02320522457
120822.02320522457
120822.02320522457
120822.18587153166
120822.18587153166
120822.18587153166
120822.18587153166
120822.18587153166
120822.18587153166
120822.18587153166
120822.18587153166
120822.18587153166
120822.18587153166
120822.18587153166
120822.18587153166
120822.18587153166
120822.18587153166
120822.18587153166
120822.18587153166
120822.18587153166
120822.87107296476
120822.87107296476
120822.87107296476
120822.87107296476
120822.87107296476
120822.87107296476
120822.87107296476
120822.87107296476
120822.87107296476
120822.87107296476
120822.87107296476
120822.87107296476
120822.87107296476
120822.87107296476
120824.24585737009
120824.40852367716
120824.24585737009
120824.40852367716
120824.24585737009
120824.24585737009
120824.24585737009
120824.24585737009
120824.24585737009
120824.24585737009
120824.24585737009
120824.24585737009
120824.24585737009
120824.24585737009
120824.24585737009
120824.24585737009
120824.24585737009
120822.70840665768
120822.87107296476
120822.87107296476
120822.87107296476
120822.87107296476
120822.87107296476
120822.87107296476
120822.87107296476
120822.87107296476
120822.87107296476
120822.87107296476
120822.87107296476
120822.18587153166
120822.18587153166
120822.18587153166
120822.18587153166
120822.18587153166
120822.18587153166
120822.18587153166
120822.18587153166
120822.18587153166
120821.46291484787
120821.46291484787
120821.46291484787
120821.46291484787
120821.46291484787
120822.25145959831
120822.25145959831
120822.25145959831
120822.25145959831
120822.25145959831
120822.25145959831
120822.25145959831
120822.25145959831
120822.38364030275
120822.38364030275
120822.22097399567
120822.22097399567
120822.22097399567
120822.22097399567
120822.22097399567
120822.22097399567
120822.22097399567
120822.22097399567
120822.38364030275
120822.22097399567
120822.38364030275
120822.38364030275
120822.38364030275
120822.38364030275
120822.38364030275
120822.38364030275
120822.38364030275
120822.38364030275
120822.38364030275
120822.38364030275
120822.38364030275
120822.38364030275
120822.38364030275
120822.38364030275
120822.38364030275
120822.38364030275
120822.38364030275
120822.38364030275
120822.38364030275
120822.22097399567
120822.22097399567
120822.22097399567
120822.38364030275
120822.38364030275
120822.38364030275
120822.38364030275
120822.22097399567
120822.22097399567
120822.22097399567
120822.22097399567
120822.22097399567
120822.22097399567
120822.22097399567
120822.22097399567
120822.22097399567
120822.22097399567
120822.22097399567
120822.22097399567
120822.38364030275
120822.38364030275
120821.59509555233
120821.43242924524
120821.43242924524
120821.43242924524
120821.43242924524
120821.43242924524
120821.43242924524
120821.43242924524
120821.43242924524
120821.43242924524
120821.43242924524
120821.43242924524
120821.43242924524
120821.43242924524
120821.43242924524
120821.43242924524
120821.43242924524
120821.43242924524
120821.59509555233
120821.59509555233
120821.46291484787
120821.46291484787
120821.46291484787
120821.46291484787
120821.46291484787
120821.30024854079
120821.30024854079
120821.30024854079
120821.30024854079
120821.30024854079
120821.30024854079
120821.30024854079
120821.30024854079
120821.30024854079
120821.30024854079
120821.30024854079
120821.30024854079
120821.30024854079
120821.30024854079
120821.30024854079
120821.30024854079
120821.30024854079
120821.30024854079
120821.30024854079
120821.30024854079
120823.14875333727
120823.31141964436
120823.14875333729
120823.14875333729
120823.14875333729
120823.14875333729
120823.14875333729
120823.14875333729
120823.14875333729
120823.14875333729
120823.14875333729
120823.87171002108
120823.87171002108
120823.87171002108
120823.87171002108
120824.03437632814
120824.03437632814
120824.03437632814
120824.03437632814
120824.03437632814
120824.03437632814
120824.8229210786
120824.8229210786
120824.8229210786
120824.8229210786
120824.8229210786
120824.8229210786
120824.8229210786
120824.8229210786
120824.8229210786
120824.8229210786
120824.8229210786
120825.50812251169
120825.50812251169
120825.50812251169
120825.50812251169
120824.8229210786
120824.8229210786
120824.8229210786
120824.8229210786
120824.8229210786
120824.8229210786
120824.0999643948
120824.0999643948
120824.0999643948
120824.0999643948
120824.0999643948
120824.23214509926
120824.23214509926
120824.23214509926
120824.23214509926
120824.23214509926
120824.23214509926
120824.23214509926
120824.59872393843
120824.59872393843
120824.59872393843
120824.59872393843
120824.59872393843
120824.59872393843
120824.59872393843
120824.59872393843
120824.59872393843
120824.59872393843
120824.59872393843
120824.59872393843
120824.59872393843
120824.59872393843
120824.59872393843
120824.59872393843
120824.59872393843
120824.59872393843
120824.59872393843
120824.43605763133
120824.43605763133
120824.43605763133
120824.43605763133
120824.43605763133
120824.43605763133
120824.43605763133
120824.43605763133
120824.43605763133
120824.43605763133
120824.43605763133
120824.43605763133
120824.59872393843
120824.59872393843
120824.59872393843
120822.58755283486
120822.58755283486
120822.58755283486
120822.58755283486
120822.58755283486
120822.58755283486
120822.58755283486
120822.58755283486
120822.58755283486
120822.58755283486
120822.58755283486
120822.58755283486
120822.58755283486
120822.58755283486
120822.75021914195
120822.58755283486
120822.58755283486
120822.58755283486
120822.58755283486
120822.58755283486
120822.58755283486
120823.27275426796
120823.43542057506
120822.6468758246
120822.6468758246
120822.6468758246
120822.48420951753
120822.48420951753
120822.48420951753
120822.48420951753
120822.6468758246
120822.6468758246
120822.6468758246
120822.6468758246
120822.6468758246
120822.6468758246
120822.6468758246
120822.6468758246
120822.6468758246
120822.48420951753
120822.48420951753
120822.48420951753
120822.48420951753
120822.6468758246
120822.6468758246
120822.6468758246
120822.6468758246
120822.6468758246
120824.2065897701
120824.2065897701
120824.2065897701
120822.6468758246
120822.6468758246
120822.6468758246
120822.6468758246
120822.6468758246
120822.6468758246
120822.6468758246
120822.6468758246
120821.9616743915
120821.9616743915
120821.7990080844
120821.7990080844
120821.7990080844
120821.7990080844
120821.43242924524
120821.43242924524
120821.59509555233
120821.59509555233
120821.59509555233
120821.59509555233
120821.59509555233
120821.59509555233
120821.59509555233
120821.59509555233
120821.59509555233
120821.59509555233
120821.43242924524
120821.43242924524
120821.43242924524
120821.43242924524
120821.43242924524
120821.43242924524
120821.43242924524
120821.43242924524
120821.43242924524
120821.43242924524
120821.43242924524
120821.43242924524
120821.43242924524
120821.59509555233
120821.59509555233
120821.59509555233
120821.59509555233
120821.59509555233
120821.59509555233
120821.59509555233
120821.59509555233
120821.59509555233
120821.59509555233
120821.59509555233
120821.59509555233
120821.59509555233
120821.59509555233
120822.3180522361
120822.3180522361
120822.3180522361
120822.18587153166
120822.18587153166
120822.18587153166
120822.3180522361
120822.3180522361
120822.3180522361
120822.3180522361
120822.3180522361
120822.18587153166
120822.18587153166
120822.18587153166
120822.18587153166
120822.18587153166
120822.18587153166
120822.18587153166
120822.18587153166
120822.18587153166
120822.18587153166
120822.18587153166
120822.18587153166
120822.18587153166
120822.18587153166
120822.18587153166
120822.18587153166
120822.18587153166
120822.18587153166
120822.18587153166
120822.18587153166
120822.18587153166
120822.18587153166
120822.18587153166
120822.18587153166
120822.18587153166
120822.18587153166
120822.18587153166
120822.18587153166
120822.18587153166
120822.18587153166
120822.18587153166
120822.18587153166
120822.18587153166
120822.18587153166
120822.18587153166
120822.18587153166
120822.3180522361
120822.3180522361
120822.3180522361
120822.3180522361
120822.3180522361
120822.3180522361
120822.3180522361
120822.3180522361
120822.3180522361
120822.3180522361
120822.3180522361
120822.3180522361
120822.3180522361
120822.3180522361
120822.3180522361
120822.3180522361
120822.3180522361
120822.3180522361
120822.3180522361
120822.3180522361
120822.3180522361
120822.3180522361
120822.3180522361
120822.3180522361
120822.3180522361
120822.3180522361
120822.15538592903
120822.15538592903
120822.15538592903
120822.15538592903
120822.15538592903
120822.15538592903
120822.15538592903
120822.15538592903
120823.58291917006
120823.58291917006
120823.58291917006
120823.58291917006
120823.58291917006
120823.74558547715
120823.74558547715
120823.74558547715
120823.74558547715
120823.58291917006
120823.58291917006
120823.58291917006
120823.58291917006
120823.58291917006
120823.74558547715
120823.74558547715
120822.3180522361
120822.3180522361
120822.3180522361
120822.3180522361
120822.15538592903
120822.15538592903
120822.15538592903
120822.15538592903
120822.15538592903
120822.15538592903
120822.15538592903
120822.15538592903
120822.15538592903
120822.15538592903
120822.15538592903
120822.15538592903
120822.15538592903
120822.15538592903
120822.15538592903
120822.15538592903
120822.15538592903
120822.15538592903
120822.15538592903
120822.15538592903
120822.15538592903
120822.15538592903
120822.15538592903
120822.15538592903
120822.15538592903
120822.15538592903
120822.15538592903
120822.3180522361
120822.3180522361
120822.3180522361
120822.3180522361
120822.3180522361
120822.3180522361
120822.3180522361
120822.3180522361
120822.3180522361
120822.3180522361
120822.3180522361
120822.3180522361
120822.3180522361
120822.3180522361
120822.3180522361
120822.3180522361
120822.3180522361
120822.3180522361
120822.3180522361
120822.3180522361
120822.3180522361
120822.3180522361
120822.3180522361
120822.3180522361
120822.3180522361
120822.3180522361
120821.59509555233
120821.59509555233
120821.59509555233
120821.59509555233
120821.43242924524
120821.43242924524
120821.43242924524
120821.43242924524
120821.43242924524
120821.43242924524
120821.43242924524
120821.43242924524
120821.43242924524
120821.43242924524
120821.43242924524
120821.43242924524
120821.43242924524
120821.43242924524
120821.43242924524
120821.43242924524
120821.43242924524
120821.43242924524
120821.43242924524
120821.43242924524
120821.43242924524
120821.43242924524
120821.43242924524
120821.7990080844
120821.7990080844
120821.7990080844
120821.7990080844
120821.7990080844
120821.7990080844
120821.7990080844
120821.7990080844
120821.9616743915
120821.9616743915
120821.59509555233
120821.59509555233
120821.46291484787
120821.46291484787
120821.46291484787
120821.46291484787
120821.46291484787
120821.46291484787
120821.46291484787
120821.46291484787
120821.46291484787
120821.46291484787
120821.30024854079
120821.30024854079
120821.30024854079
120821.30024854079
120821.30024854079
120821.46291484787
120821.46291484787
120821.46291484787
120821.30024854079
120821.30024854079
120821.30024854079
120821.30024854079
120821.46291484789
120821.46291484789
120821.46291484789
120821.46291484789
120821.46291484789
120821.46291484789
120821.46291484789
120821.46291484789
120821.46291484789
120821.46291484789
120821.46291484789
120821.46291484789
120821.46291484789
120821.46291484789
120821.46291484789
120821.46291484789
120821.30024854079
120821.46291484789
120821.46291484789
120821.46291484789
120821.46291484789
120821.46291484789
120821.46291484789
120821.46291484789
120822.25145959831
120822.08879329123
120822.08879329123
120822.08879329123
120822.08879329123
120822.08879329123
120822.08879329123
120822.08879329123
120822.25145959831
120822.25145959831
120822.25145959831
120822.25145959831
120822.25145959831
120822.25145959831
120822.25145959831
120822.25145959831
120822.25145959831
120821.46291484789
120822.18587153166
120822.81174997502
120822.81174997502
120822.81174997502
120822.81174997502
120822.81174997502
120822.81174997502
120822.81174997502
120824.18569142366
120822.81174997502
120822.81174997502
120822.81174997502
120824.6783350362
120824.6783350362
120824.6783350362
120824.6783350362
120824.6783350362
120824.6783350362
120824.6783350362
120822.81174997502
120822.81174997502
120822.81174997502
120822.81174997502
120822.81174997502
120822.81174997502
120822.81174997502
120822.81174997502
120822.9744162821
120822.9744162821
120822.9744162821
120822.9744162821
120822.9744162821
120822.81174997502
120823.49695140812
120823.49695140812
120823.49695140812
120822.81174997502
120822.81174997502
120822.81174997502
120822.81174997502
120822.81174997502
120822.81174997502
120822.81174997502
120822.81174997502
120822.81174997502
120822.81174997502
120822.81174997502
120822.81174997502
120822.81174997502
120822.81174997502
120822.81174997502
120822.81174997502
120822.81174997502
120822.81174997502
120824.34920068743
120824.34920068743
120824.34920068743
120823.62624400362
120823.62624400362
120823.62624400362
120822.08879329122
120822.08879329122
120823.33695502621
120823.33695502621
120823.33695502621
120823.46913573067
120823.46913573067
120823.46913573067
120823.46913573067
120823.46913573067
120823.46913573067
120823.46913573067
120823.46913573067
120823.46913573067
120823.46913573067
120823.46913573067
120823.46913573067
120823.46913573067
120823.46913573067
120823.83571456985
120823.83571456985
120823.83571456985
120823.83571456985
120823.83571456985
120823.83571456985
120823.83571456985
120823.83571456985
120823.83571456985
120823.83571456985
120823.83571456985
120823.83571456985
120823.20983612648
120823.0471698194
120823.0471698194
120823.0471698194
120823.0471698194
120823.0471698194
120823.0471698194
120823.0471698194
120823.0471698194
120823.0471698194
120823.0471698194
120823.0471698194
120823.0471698194
120823.0471698194
120823.0471698194
120823.0471698194
120823.0471698194
120822.68059098022
120822.68059098022
120823.0471698194
120823.0471698194
120823.0471698194
120823.0471698194
120823.0471698194
120823.0471698194
120823.0471698194
120823.0471698194
120823.0471698194
120823.20983612648
120823.20983612648
120823.20983612648
120823.20983612648
120823.20983612648
120822.84325728731
120822.84325728731
120822.84325728731
120822.84325728731
120822.71107658287
120822.54841027578
120822.54841027578
120822.54841027578
120822.71107658287
120822.71107658287
120822.71107658287
120822.71107658287
120822.71107658287
120822.71107658287
120822.71107658287
120822.71107658287
120822.71107658287
120822.54841027578
120822.54841027578
120822.54841027578
120822.54841027578
120822.54841027578
120822.54841027578
120822.54841027578
120822.54841027578
120822.54841027578
120822.54841027578
120822.54841027578
120822.54841027578
120822.54841027578
120822.54841027578
120822.54841027578
120822.54841027578
120822.54841027578
120822.91498911494
120822.91498911494
120822.91498911494
120822.91498911494
120822.91498911494
120822.91498911494
120822.91498911494
120822.91498911494
120822.91498911494
120822.91498911494
120823.07765542204
120823.07765542204
120823.07765542204
120823.07765542204
120823.07765542204
120823.07765542204
120823.07765542204
120823.07765542204
120823.07765542204
