4246859.528290741
3852863.981421743
3489596.3427842106
3161638.4531485485
2866756.9088677326
2607820.2127604093
2377235.4638049277
2171150.0160963433
1983039.0647071474
1814397.5111596575
1659718.8859079462
1533297.9422148396
1415397.3794653178
1319258.310271063
1219329.7537132408
1131042.7043753187
1049019.5977805723
983311.1464125998
915824.9023940773
858257.4896164354
808074.375562763
759953.0231728439
721660.3176233582
680388.4935366693
645493.2925937711
610246.5923380306
587031.8000892203
559761.1782621159
536726.5492983197
516677.24688761146
496152.79668594484
477930.8155363416
462457.1923753643
447918.3448766625
431762.3706056833
414394.8964614584
399865.7625386035
387993.3718668276
375574.30529814423
364477.17035101465
354030.73886469175
342903.7150742555
334846.78461908526
326943.97612565587
318580.3636433751
310590.47162712493
303243.63298816275
296491.8640177018
289803.95744948013
283787.7876806407
277332.55687292374
271668.0168167765
267238.1754367018
261695.46008789807
256971.08033403673
251197.84711775504
246609.64526352758
242319.3372012611
239190.42227578233
235221.75839288067
231758.38330059103
228442.32698286956
225555.60316169783
222318.8477568825
218473.7683162166
214926.4158701774
211976.08201630943
209469.11148249678
206588.6891785918
203783.03400631563
202465.25734443357
200121.7473991863
198012.28465097828
195901.761260484
194650.82207587254
192142.8373189955
190488.9312052679
188042.72053734976
186612.77370562096
185615.64790982116
183555.45367434056
181841.39596551
179890.8366437045
179187.11944602936
177685.65795938805
176309.57730710442
175436.66154617124
174011.89891063812
172410.81644695636
171162.14051455288
169460.54405474063
168195.42591054057
167506.12042698424
166118.79614533408
164833.2506264607
164092.67580424427
163308.3348304847
162527.96093972464
161900.32129221724
160644.27749090077
159878.56897320098
159098.92076531614
158488.74127672537
157371.6510436299
156561.5889476238
155842.0429206749
154913.25598080977
154265.5046808045
153707.6460783616
153280.18941768695
152117.72041648635
151110.37903847056
150662.87671427111
150248.45434207213
149801.69396396668
149379.94403430406
148685.79048883164
148279.4979163168
148000.00687729922
147193.90632699983
146770.6093546616
146623.05972422648
146254.4581363437
145573.0232395478
145172.43716456232
144912.0124079556
144783.75964153453
144401.18518318093
144188.3780302442
143854.5578583855
143559.0659841017
143145.03487644764
142842.82278057357
142612.12591507274
142198.91983265753
141908.4624114032
141692.84944743232
141581.01375322748
141310.2636804037
140964.37676102488
140561.0412756832
139947.96993310103
139639.54721023765
139218.44062863954
138958.00174088078
138815.2045379922
138598.0397253064
138484.91285108592
138317.08770472644
138056.90848373863
137933.06951118272
137648.66098838433
137519.95559965086
137405.60282758102
137248.8095708484
137027.6257905673
136755.80971909454
136410.94391865272
136203.54815478274
135934.05846680538
135562.0217905813
135359.73190804606
135267.33881977442
134807.40565167402
134592.48841864197
134436.2563241984
134241.6076975304
134035.77978369966
133854.3025201786
133502.57647639944
133314.39640486977
133265.09877231653
133031.47349956306
132920.36023705231
132822.55891427828
132587.7824718686
132501.8919946007
132412.80427356577
132349.75028118858
132287.71277365732
132069.4623472307
132016.61090503383
131699.5169293041
131565.8671317997
131447.6500012935
131386.2393488846
131267.0209540896
131085.719303757
130951.28351406706
130705.82458028143
130527.3437960874
130460.47820693119
130385.96921354445
130309.31099350103
130226.4655132117
130158.98332587973
130086.35970447311
129919.14477239124
129793.3133290029
129693.63742296341
129560.91907137388
129475.13779174845
129304.76373135761
129139.34607433724
129048.74251498948
128905.48342258963
128727.37578653352
128697.36200212804
128654.5753167384
128571.83248762038
128420.82249496438
128341.6956886232
128268.23890612226
128233.52730289882
128211.48135439146
128171.63576960152
128062.63505465763
127977.79041049982
127909.34767994033
127846.27906196534
127786.32366313777
127669.67958300687
127597.01042264127
127590.38228455576
127536.44873751071
127395.0491794424
127333.32193893602
127309.6830615302
127264.48247628534
127171.79018918457
127068.64165428844
126963.7646396286
126928.64842612598
126837.4246357753
126656.47896723397
126429.4608522184
126364.69043946857
126075.24984893163
126001.22031940744
125749.29739821127
125713.75327948798
125679.62807019099
125616.59504720576
125570.05655579505
125436.9910350433
125400.63764948286
125256.9434457784
125184.39798031026
125174.51410121575
125126.37825920965
125102.44910536049
125071.59823242832
124913.91268201075
124904.25776077938
124865.43857867505
124809.94876526178
124789.382144981
124704.58882950872
124658.76742322296
124593.30298606947
124507.23063658629
124454.1193505233
124393.63262293731
124294.89532533848
124198.33142820749
124150.9637686326
124126.02036413614
124100.90532019762
124031.63707338217
123964.87619830604
123905.52174670853
123858.79922518523
123787.47838470445
123738.89824535575
123669.98012440694
123640.42845546841
123561.93694479787
123526.8397710841
123476.31984093007
123455.32587680983
123361.67847118006
123289.20978598174
123232.69042660219
123131.69668566759
123102.87695825257
123047.87293849567
122899.92069878682
122880.00015135625
122742.5877997099
122741.75945425546
122668.55461047584
122607.65066747405
122562.41601640033
122561.01267933473
122547.6694656749
122519.70064823044
122507.46011958363
122507.46011958363
122507.46011958363
122414.31785273249
122401.99507964468
122365.58651095335
122310.0786726258
122210.25267641684
122142.71895838287
122128.9911644221
122123.89480953765
122097.16083812556
122076.90999751975
121941.32758427097
121931.08554401746
121904.14873592227
121835.02993867737
121829.39164684364
121810.92991765114
121807.9356542157
121749.89934012495
121751.80320274664
121750.81530336423
121751.11355874946
121659.3725386679
121659.51913571486
121648.55425382551
121642.9330137564
121642.9330137564
121623.3639039076
121607.86366318268
121491.71482892465
121462.78412084913
121455.52021013829
121453.68198970234
121433.3803499913
121424.81800069037
121424.81800069037
121336.34123392258
121334.50247863928
121215.34213229868
121192.21241153943
121124.85545227688
121089.78553825284
121087.16656437567
121085.54486210327
121065.33253244704
121064.50207252317
121019.20624781951
120941.93149595286
120941.93149595286
120939.45930533635
120919.83006466534
120891.61661722265
120890.89311996044
120892.57282715978
120838.15169098729
120779.85292037233
120774.79387429148
120764.00892469789
120745.49629402683
120743.59243140517
120729.81263561519
120724.25728898402
120709.47709948565
120707.74675158426
120706.05407598187
120700.18983389167
120662.76224444245
120655.17320740537
120653.3467320393
120653.22980078365
120576.91700953065
120576.0950279396
120572.89321687387
120568.57237931032
120566.23016246222
120553.21788292727
120495.79724844208
120474.86798321769
120429.04667353776
120417.90761485015
120329.75467777615
120322.62820530804
120268.24936039787
120260.73066921884
120216.81488456015
120216.81488456015
120205.45884328573
120179.90053787542
120166.34147487038
120108.61451035416
120087.9033365017
120066.22742573306
120041.86295504765
120041.86295504765
120028.35669264881
120024.93975617361
120004.41760349122
120000.27270737689
120000.27270737689
120000.94158867205
119981.5796012443
119968.03488214855
119955.42852468559
119900.7398379718
119861.80133543396
119861.80133543396
119846.57813875114
119829.57339963998
119828.2086194134
119828.2086194134
119828.2086194134
119792.41501244232
119759.57742537184
119759.57742537184
119759.02936635748
119759.02936635748
119738.60135932518
119737.76884278792
119739.76965553538
119681.49555394186
119680.28557243278
119680.28557243278
119675.35762132157
119632.89337455263
119632.89337455263
119625.19648184691
119619.18356893299
119618.49671951169
119617.88005020641
119605.13523355924
119593.91934803381
119593.5158217097
119583.02582477924
119509.19691903172
119463.2241639414
119457.190433161
119439.08978424923
119421.40956368993
119376.4362538871
119360.49967461047
119250.67347959673
119217.33490738794
119180.75410304118
119182.70676984225
119171.82453616167
119138.27621028753
119093.32832749232
119038.4712901822
119038.84396945176
118973.25348909163
118970.79081970807
118962.77175228119
118962.28076821787
118956.23215826615
118950.41895840001
118936.70182593391
118862.94882478748
118862.94882478748
118852.49519994775
118852.49519994775
118850.93505572295
118848.72896919966
118848.72896919966
118827.25252406774
118824.6592797357
118824.6592797357
118814.16577463862
118813.67482433532
118788.56332312661
118691.01309001376
118691.01309001376
118669.3275000633
118672.50183433323
118649.06601183851
118633.99560738055
118632.55624161022
118610.39798735574
118602.53259384602
118568.81803701687
118552.78548356815
118547.66747338128
118549.89270770042
118497.97470038944
118494.99021337286
118495.17543485356
118495.17543485356
118472.3299196478
118472.3299196478
118472.3299196478
118470.84764580648
118448.77471322828
118447.36315980903
118440.4426884363
118440.4426884363
118441.64626186028
118436.02729740742
118431.32904580061
118397.71260437823
118390.07666680487
118389.89353186407
118389.89353186407
118342.57466611135
118342.57466611135
118304.38706844405
118304.38706844405
118304.38706844405
118302.51348994674
118270.1113682262
118270.1113682262
118270.1113682262
118230.5712297543
118230.5712297543
118225.92054200522
118226.83928912939
118135.01374170354
118122.32443729087
118121.61754352672
118063.17891504131
118063.17891504131
118056.61864701666
118050.24421152094
118050.24421152094
118050.24421152094
118048.42183114991
118048.42183114991
118045.11863263606
118026.15638547338
118023.21539192967
118006.9227367104
118003.9710140985
118003.9710140985
117965.98622336754
117965.98622336754
117965.98622336754
117965.98622336754
117965.98622336754
117965.4952393042
117950.44643382239
117950.44643382239
117949.0980137938
117949.42284618862
117949.42284618862
117949.42284618862
117949.42284618862
117949.42284618862
117949.42284618862
117949.42284618862
117949.42284618862
117949.42284618862
117949.42284618862
117949.42284618862
117950.78566295451
117950.78566295451
117950.78566295451
117943.82110893438
117943.82110893438
117945.50279593247
117945.50279593247
117945.50279593247
117945.50279593247
117915.12639363673
117915.1579081546
117915.1579081546
117902.53521685157
117892.37178492078
117892.37178492078
117886.76275215241
117886.76275215241
117886.76275215241
117888.446190786
117887.88380799505
117887.0159958301
117887.0159958301
117887.27908510962
117887.27908510962
117872.50429520436
117871.14147843847
117861.8080472442
117861.8080472442
117861.8080472442
117862.64036434975
117862.64036434975
117862.64036434975
117862.64036434975
117862.64036434975
117859.20046285747
117858.3681457519
117854.18671840374
117854.18671840374
117846.35302335084
117834.14124380937
117833.62138695124
117797.46661767835
117760.37442974915
117760.37442974915
117760.37442974915
117754.31544370417
117754.42835937528
117731.80070257673
117729.91658062456
117729.91658062456
117690.05433328188
117690.05433328188
117689.11388947928
117667.80899884296
117668.64161825305
117668.64161825305
117642.77721841462
117633.09917548299
117634.18300191996
117634.18300191996
117604.69825710659
117604.69825710659
117604.69825710659
117604.69825710659
117604.82882594955
117600.30326591217
117592.46959541252
117592.46959541252
117591.8973872851
117551.92264712608
117551.92264712608
117551.92264712608
117549.62478698668
117549.62478698668
117549.62478698668
117506.85356274928
117506.85356274928
117506.85356274928
117503.70322546977
117503.70322546977
117503.70322546977
117492.60204721654
117492.60204721654
117492.60204721654
117492.60204721654
117492.60204721654
117492.60204721654
117492.76045480472
117492.76045480472
117492.76045480472
117492.76045480472
117492.76045480472
117493.67620615383
117476.43167794272
117471.23266025641
117471.13616606864
117449.72799061252
117449.96247803554
117449.96247803554
117436.16007003527
117436.16007003527
117433.09653969416
117433.09653969416
117422.93396914288
117422.93396914288
117403.14391267188
117403.14391267188
117403.14391267188
117403.14391267188
117384.49673947238
