4054815.8031517826
3653769.362483765
3303908.947582338
2986014.9580747536
2719551.7664505183
2480030.189775336
2268755.282246586
2063377.2743139984
1880865.1736273137
1726128.0351409712
1602659.3996070423
1474048.01018207
1349579.3337429431
1255340.5675542024
1171235.834494565
1088444.3858154588
1017911.0627683401
947178.6518946211
891278.0482513369
844888.2927500422
796312.1739352541
752540.3256728195
710145.6472328943
669163.3376117051
639001.2554300687
611403.7117825921
581781.8433398246
549370.7189058149
523368.22957856045
504478.1785062341
486831.23842705577
467013.6083523925
449049.84959699766
430477.4966454158
419129.7024869855
408339.37547043164
396476.89187970525
386059.0205686261
373362.94610319834
362392.1555239202
353433.29171921284
341193.49201733805
331583.9150594275
322991.2828836756
314627.89562904096
307654.071684269
298484.2549933675
292749.5358294642
287452.044943144
280487.5216839962
275684.8523286609
270338.3420987432
265721.3145401887
261084.71665309597
256646.997818577
251301.12400049876
246210.4627149321
242342.1188628751
238074.10266948407
233787.41819083903
230277.272991375
226635.40372122172
223144.7222001812
220565.9445376427
218191.82502896624
214949.66188292863
212903.86099811335
210416.19124199363
208827.58329944673
207069.8482237599
205214.93371921
202367.7222920232
199936.82130306517
197668.140995681
195778.0533466371
193389.0752943385
191414.4583628389
190243.43238837502
188786.101109783
186451.8961428036
184940.67445565792
183717.6813536431
182296.42550649407
181330.11768131395
179176.53375950642
177806.25137897488
176779.48228284525
175447.33899880343
174211.30923471774
172739.26465179055
171025.7095372581
169982.91753941955
169016.5052267249
167915.02077203718
167165.43553822706
166603.32887956427
165659.19738173706
164747.07761252965
163487.23647975788
162980.7078641125
162135.0740373829
161480.8706279646
160794.14929372224
160379.71890733598
159300.10817355753
158709.21445716955
157761.08271603473
157095.55743927584
156403.84072552863
155417.5088828561
154995.045491795
154421.26029399544
153894.24422368384
153490.49351364298
152664.11745126313
152402.23218964628
152185.10892963863
151817.28096112216
151466.4737661292
151148.19202471996
150481.24743891854
150216.81485143834
150039.32186714938
149711.90692842437
149300.17148358343
149178.40584039688
148943.33657768226
148514.83204475534
148063.5095742204
147740.00608497352
147688.46105220923
147376.86647499521
146955.84299985255
146605.09305911802
146243.20949029643
145956.9656319237
145589.27249438927
145260.17271809344
144896.53397000526
144512.96229996477
143840.02673689096
143365.50836613326
143088.79640884107
142981.2887955218
142564.50846973917
142363.42828679993
142067.3388034128
141510.4382064518
140760.2329203796
140468.62469389552
140180.36435022322
140048.4924278427
139882.63225668122
139707.0624856534
139499.15442388772
138955.8735517967
138686.42040494777
138578.74902975594
138472.03941694248
138038.68301736598
137899.18716666778
137749.47360375535
137446.57220858097
137357.62546924013
137214.25146527856
136767.09495420766
136420.07290828106
136052.2137098069
135762.95039603568
135715.95277044852
135522.29898308683
135320.43250437436
135281.0913451651
135174.5686761159
135030.64738740795
134887.97304481486
134463.66219158695
134317.16106097455
134244.4168476116
134152.03679826745
134096.4821097671
133880.84275054015
133621.8790205125
133453.4260534258
133200.05342513334
132970.73403867526
132912.99498853507
132771.9508505502
132577.06272831277
132467.14317019668
132383.33477741663
132104.54929307135
132010.41642230347
131896.31637088483
131840.11967943306
131613.20931781107
131600.46619927877
131450.26313542828
131328.18788752318
131294.84447591603
131114.72969589103
131032.85695113539
130983.6936564659
130885.80816462706
130885.80816462706
130786.02232257673
130781.05847886406
130661.17220033042
130488.0147068834
130389.84140190005
130313.10831716724
130156.87774582929
130095.39137240879
129955.30100137531
129804.71231418752
129737.62710471844
129628.07694210208
129577.73871103826
129477.31287531364
129427.83733305162
129383.0903531106
129224.60472464334
129098.65346094398
129071.18023697795
129006.42543220738
128996.20655257146
128935.44905723845
128879.15593590157
128694.721768033
128542.66653269756
128462.56685497958
128377.44429774514
128292.3872645249
128201.07621924918
128161.724147388
128148.16186068878
128087.74819084225
128043.50715584731
128027.45107175631
127953.73354238596
127886.35552862413
127856.055202039
127762.20480861288
127692.8160457785
127654.52094692682
127607.44752810408
127586.21361747595
127534.57245829902
127484.91103818224
127455.18623745677
127425.66487837478
127336.67875027843
127301.62104346663
127195.07529795384
127130.21011044772
126999.04131926553
126843.75749951917
126707.85197080817
126657.94242865649
126555.64090061409
126523.1063711737
126494.28629010664
126472.46869007823
126402.88722119477
126341.01482048332
126284.4050584202
126153.23492340933
125957.35844417108
125897.04754517874
125807.51512689676
125686.0272331921
125681.88056203345
125680.7117513167
125590.27059951233
125409.8059351467
125338.07999814153
125338.07999814153
125315.90830418906
125288.94440086317
125256.39354772237
125215.84078500561
125202.29001158949
125138.4942618787
125095.35397003937
125056.13685860316
125011.51804652545
124990.3156915018
124965.7641661741
124923.52685509881
124894.78178332471
124847.38718549984
124796.48665667768
124784.39425673001
124736.48567131505
124725.59825451809
124663.96745088045
124634.7128780286
124568.01217187222
124496.8035533216
124495.33064655766
124417.82294406489
124374.72612699344
124341.2530859421
124339.65128588027
124278.12005450306
124249.39408236556
124224.3695038688
124224.3695038688
124068.206684511
123974.99470241464
123970.10311908106
123885.15163434649
123884.98181684405
123837.51008145131
123772.25895721374
123727.78957402098
123718.23067701103
123694.9986338562
123690.25540236087
123689.73372493911
123668.2270409111
123636.65367927718
123609.60838509827
123565.59145945769
123554.45966483731
123547.16587753627
123535.36690462433
123466.18082707388
123426.46123675638
123401.85207703832
123395.30469524008
123378.72021877285
123325.11342110854
123283.63031828517
123273.10018743238
123224.29881243012
123205.38471555398
123147.54015676264
123137.2196333488
123136.05612198492
123068.21645610026
123048.0547387811
123031.94230618648
123003.92967352239
122907.0207640236
122881.30545778267
122839.18489425797
122828.58030516902
122802.80753056143
122793.26625359463
122766.0080650827
122763.89097455895
122739.86072023318
122635.34291419576
122595.68602555996
122573.6275779678
122562.74874129366
122558.78174025868
122558.78174025868
122551.8733041764
122505.26460222376
122428.01574163322
122410.64951459684
122401.51345573564
122358.06510998667
122336.90193744673
122268.02524329573
122244.42671709627
122210.92111669497
122201.4032068048
122064.32580446554
122064.15598696307
122052.74969191954
121958.09543437637
121958.09543437637
121940.06180293378
121923.65537798486
121887.21743920186
121860.27878576072
121835.91083429311
121785.49685689659
121768.52098861735
121768.52098861735
121734.01403415899
121725.50065273241
121725.12729029142
121725.12729029142
121720.8266761075
121672.14899995411
121664.01011793654
121649.75160755441
121649.75160755441
121629.79022451614
121629.79022451614
121629.79022451614
121629.79022451614
121609.72240033577
121608.16980299892
121608.16980299892
121601.16395750939
121600.27479954822
121600.27479954822
121582.60654703624
121582.60654703624
121582.60654703624
121582.60654703624
121580.25770766406
121565.14554548476
121539.6884925303
121534.24548683484
121504.08497492057
121504.08497492057
121502.72348448928
121502.72348448928
121479.5116159229
121465.29670236402
121443.73529230377
121443.73529230377
121429.72029821888
121428.28880703171
121402.07071183904
121402.07071183904
121402.07071183904
121401.13790851658
121396.3871107258
121396.3871107258
121396.3871107258
121388.83841447392
121370.89437219767
121370.89437219767
121347.59733743512
121347.76715493757
121313.37205678571
121288.67724520009
121288.67724520009
121217.3214129766
121217.3214129766
121217.3214129766
121217.3214129766
121208.65219878822
121207.40040835712
121207.40040835712
121207.40040835712
121178.08065305583
121169.83187456078
121169.83187456078
121150.02350370254
121150.02350370254
121150.02350370254
121149.85368620008
121149.85368620008
121139.51916029722
121139.51916029722
121129.39346107552
121129.39346107552
121089.54370927648
121086.34828402237
121085.82922635
121066.21838880327
121066.21838880327
121040.18609590232
121040.78689581758
121037.55184179734
121028.85226416952
121003.41954136643
120944.56527853217
120918.62842525746
120918.62842525746
120918.62842525746
120888.93188323552
120879.53323326148
120879.53323326148
120879.53323326148
120879.53323326148
120879.24950272325
120878.74221735932
120879.40669683064
120879.40669683064
120879.40669683064
120862.61803425469
120777.20364276183
120758.65733873006
120756.6819563943
120741.27071348208
120741.19635299945
120741.19635299945
120734.75310793637
120734.75310793637
120729.23911787449
120729.23911787449
120678.18265215868
120678.18265215868
120662.18330007538
120662.18330007538
120659.89145378474
120659.89145378474
120659.89145378474
120658.60765780642
120658.69714752806
120658.69714752806
120658.69714752806
120627.1177872566
120627.1177872566
120627.1177872566
120627.1177872566
120618.39879710946
120618.39879710946
120603.31511614325
120603.31511614325
120600.53893994274
120575.887504632
120567.21898186157
120565.23339754497
120561.23254501252
120555.29490751267
120555.29490751267
120555.29490751267
120555.29490751267
120555.29490751267
120555.29490751267
120547.20318715833
120543.81420728099
120542.54333613001
120540.77247073184
120474.88090298441
120474.88090298441
120459.62939149616
120459.62939149616
120455.4817702602
120429.15773813933
120424.81236326246
120424.81236326246
120411.57514179294
120399.59132943742
120397.85909807996
120397.68928057751
120395.7860150207
120395.7860150207
120395.7860150207
120343.31260231434
120300.20970729488
120300.37952479733
120300.37952479733
120296.87750766857
120296.87750766857
120296.7509340682
120279.10591429287
120249.20824684
120244.45267424062
120244.45267424062
120243.3504043281
120243.13181039353
120242.82844681355
120243.3504043281
120243.3504043281
120236.10306215867
120236.10306215867
120236.10306215867
120226.45541433025
120191.86349310903
120191.86349310903
120182.73779557519
120166.2474306735
120164.96245328628
120132.24235843419
120132.24235843419
120124.78987461783
120118.40716628412
120115.47813639027
120099.23841485387
120099.23841485387
120092.79249452693
120092.79249452693
120092.79249452693
120071.58579372431
120071.75561122675
120071.58579372431
120071.58579372431
120072.40526700468
120072.40526700468
120072.40526700468
120061.30989601932
120061.50829102594
120061.50829102594
120061.50829102594
120061.50829102594
120060.79214746233
120060.5937524557
120045.81414618969
120042.36676999985
120042.36676999985
120042.36676999985
120042.36676999985
120021.08886112302
120018.29540919949
120018.29540919949
120018.29540919949
120018.29540919949
120012.73375453264
120003.80146172133
120003.80146172133
120001.1235490151
120001.1235490151
120001.1235490151
120001.1235490151
120001.1235490151
120001.1235490151
120001.1235490151
120000.60062207823
120000.60062207823
120000.60062207823
119987.04136276426
119987.04136276426
119987.04136276426
119987.04136276426
119987.04136276426
119986.50120059385
119986.50120059385
119986.50120059385
119986.50120059385
119983.46784024645
119983.46784024645
119898.46177254122
119898.46177254122
119898.46177254122
119892.2760395547
119892.2760395547
119892.2760395547
119892.31485818091
119889.8105815815
119890.3335085184
119890.3335085184
119890.62564308636
119890.62564308636
119890.62564308636
119890.62564308636
119890.62564308636
119889.94113990023
119889.94113990023
119891.92768002625
119859.98202105393
119859.98202105393
119843.79423623541
119843.79423623541
119800.97300783082
119800.71318825753
119800.71318825753
119799.31284650293
119777.37617035212
119776.85324341523
119776.85324341523
119776.85324341523
119776.85324341523
119776.85324341523
119776.56110884727
119738.74715146073
119720.06459244956
119712.45123792396
119712.74337249191
119712.83286221353
119711.62712686771
119711.62712686771
119692.54960880232
119692.54960880232
119692.47970890369
119690.8396470554
119688.90893234787
119680.91108550839
119680.91108550839
119680.91108550839
119671.50329735909
119671.50329735909
119667.74369293547
119667.74369293547
119667.74369293547
119667.74369293547
119667.74369293547
119667.74369293547
119637.50541742303
119637.50541742303
119620.77200030873
119620.77200030873
119620.77200030873
119620.77200030873
119620.77200030873
119620.77200030873
119574.14184169815
119572.33878404334
119549.67676532989
119549.31752344241
119549.31752344241
119549.31752344241
119550.30217246973
119550.30217246973
119550.30217246973
119540.21845813545
119540.21845813545
119483.41215582179
119483.41215582179
119481.13274366464
119481.13274366464
119481.04325394303
119477.14756185444
119477.14756185444
119476.6342088357
119476.72369855733
119476.71423531005
119476.71423531005
119476.71423531005
119474.69815446547
119474.69815446547
119474.78764418708
119474.78764418708
119474.78764418708
119472.31276722628
119472.31276722628
119446.42095037336
119432.70314976547
119430.38589973343
119430.38589973343
119430.38589973343
119414.92400764134
119414.95186957557
119414.92400764134
119391.3898260878
119391.3898260878
119391.3898260878
119391.3898260878
119391.3898260878
119391.3898260878
119391.3003363662
119391.93564293656
119391.93564293656
119391.08843577025
119391.08843577025
119391.08843577025
119391.17792549185
119391.17792549185
119391.08843577025
119391.08843577025
119391.08843577025
119391.08843577025
119383.46611099117
119375.886259107
119362.12627761778
119360.3187809535
119353.07538721198
119337.62757441925
119330.25623494948
119329.86951242207
119329.86951242207
119329.86951242207
119330.06790742872
119328.60848102733
119328.43866352485
119324.8799082642
119324.8799082642
119324.8799082642
119325.04972576667
119320.77507701848
119300.30710893945
119300.30710893945
119300.30710893945
119300.30710893945
119285.49035998431
119285.49035998431
119285.12214747522
119285.12214747522
119285.12214747522
119285.12214747522
119285.12214747522
119285.12214747522
119285.12214747522
119272.26497130576
119272.63487500812
119272.63487500812
119272.63487500812
119272.63487500812
119272.63487500812
119272.63487500812
119272.63487500812
119272.63487500812
119245.45388347344
119245.45388347344
119236.83324522886
119203.46519801248
119202.94073597228
119189.45887846759
119189.45887846759
119179.48593750557
119179.48593750557
119179.48593750557
119179.48593750557
119179.48593750557
119175.46329199552
119175.46329199552
119175.46329199552
119172.99841884169
119168.80439991878
119168.80439991878
119168.80439991878
119168.80439991878
119168.80439991878
119167.46916696349
119167.63898446594
119167.72847418756
119167.72847418756
119167.63898446594
119138.79043871979
119139.03993483924
119139.03993483924
119139.03993483924
119112.83364581315
119095.35653607413
119095.35653607413
119092.52568370383
119092.72407871048
119092.5599365028
119087.33840923355
119087.33840923355
119079.03930592429
119079.03930592429
119079.03930592429
119079.03930592429
119079.03930592429
119014.43123889594
119002.68875040169
118979.1143748533
118979.31276985994
118979.31276985994
118979.31276985994
118977.58471354871
118977.58471354871
118977.58471354871
118977.58471354871
118914.86197537972
118892.87972632446
118892.17352467048
118867.55785607171
118867.72767357415
118867.81716329578
118867.81716329578
118837.27182085856
118829.38747759984
118826.50201686291
118826.50201686291
118826.50201686291
118826.41979934578
118785.78423470329
118785.78423470329
118785.78423470329
118785.86645222042
118785.86645222042
118785.86645222042
118786.64709634574
118786.64709634574
118786.64709634574
118750.77878793998
118750.77878793998
118750.77878793998
118752.46341192143
118751.59327807449
118751.59327807449
118751.59327807449
118751.59327807449
118706.25050171051
118706.25050171051
118706.25050171051
118706.08068420806
118703.76940272938
118703.59958522691
118703.59958522691
118703.76940272936
118703.76940272936
118703.68718521221
118688.84383615496
118688.93332587658
118688.93332587658
118688.93332587658
118688.47273691479
118688.47273691479
118688.47273691479
118688.47273691479
118688.47273691479
118688.47273691479
118688.47273691479
118686.78811293334
118686.78811293334
118686.87033045049
118686.87033045049
118686.87033045049
118686.87033045049
118686.87033045049
118686.87033045049
118686.87033045049
118686.87033045049
118686.87033045049
118686.87033045049
118686.87033045049
118686.87033045049
118686.87033045049
118686.92528098944
118686.87033045049
118686.78084072887
118686.78084072887
118686.78084072887
118686.78084072887
118685.20385648633
118685.20385648633
118685.20385648633
118685.20385648633
118685.29334620797
118685.29334620797
118685.29334620797
118685.29334620797
118685.20385648633
118685.00546147971
118685.00546147971
118685.09495120133
118685.09495120133
118685.09495120133
118685.00546147971
118685.00546147971
118685.00546147971
118685.00546147971
118686.15690910668
118686.15690910668
118687.04303468403
118687.04303468403
118686.87321718158
118686.87321718158
118686.87321718158
118686.87321718158
118686.87321718158
118686.92816772053
118686.92816772053
118686.92816772053
118686.92816772053
118687.12656272715
118686.66597376535
118686.56945584767
118686.56945584767
118686.56945584767
118686.56945584767
118686.56945584767
118686.56945584767
118686.56945584767
118686.65894556929
118686.56945584767
118686.56945584767
118686.56945584767
118685.79969184208
118685.91160116962
118685.91160116962
118685.91160116962
118685.91160116962
118685.91160116962
118685.91160116962
118685.72105929401
118685.55124179156
118685.55124179156
118686.32100579714
118686.32100579714
118687.01370367495
118685.86875696307
118682.75386630118
118682.75386630118
118682.75386630118
118681.295275182
118681.295275182
118681.295275182
118681.295275182
118681.45347110079
118681.34456581579
118681.34456581579
118681.34456581579
118681.34456581579
118681.34456581579
118680.45844023844
118680.45844023844
118680.45844023844
118680.3689505168
118679.21750288983
118679.21750288983
118679.21750288983
118679.21750288983
118679.41589789647
118670.99114235424
118670.99114235424
118668.0168754677
118668.45402184535
118668.45402184535
118668.10636518933
118668.10636518933
118668.10636518933
118668.10636518933
118668.10636518933
118668.10636518933
118668.90109391339
118668.74289799458
118670.85983469451
118670.85983469451
118670.85983469451
118670.85983469451
118670.85983469451
118670.85983469451
118670.85983469451
118670.85983469451
118670.85983469451
118670.85983469451
118670.06510597045
118670.06510597045
118670.06510597045
118667.94816927053
118662.11997357443
118662.11997357443
118662.27816949322
118662.27816949322
118662.27816949322
118661.50840548764
118661.35020956885
118661.35020956885
118661.54860457548
118661.70680049427
118661.70680049427
118661.70680049427
118661.70680049427
118661.70680049427
118661.70680049427
118659.38755201416
118659.38755201416
118659.38755201416
118659.38755201416
118659.38755201416
118659.38755201416
118659.38755201416
118659.38755201416
118659.38755201416
118659.38755201416
118659.38755201416
118659.38755201416
118659.38755201416
118659.18915700752
118659.18915700752
118659.18915700752
118660.14960029573
118660.14960029573
118660.14960029573
118660.06011057411
118660.06011057411
118660.06011057411
118659.73209715285
118659.73209715285
118659.73209715285
118659.73209715285
118659.73209715285
118654.67794001426
118656.3625639957
118653.54683146023
118653.54683146023
118653.54683146023
118653.54683146023
118653.54683146023
118653.7166489627
118653.7166489627
118653.80613868433
118653.80613868433
118653.80613868433
118653.7166489627
118654.10534927173
118653.93553176927
118653.93553176927
118653.93553176927
118653.93553176927
118653.93553176927
118653.93553176927
118653.93553176927
118653.93553176927
118654.10534927173
118654.10534927173
118654.35303491214
118654.70069156817
118654.70069156817
118614.04233260831
118614.04233260831
118613.95284288669
118611.1929107436
118611.1929107436
118611.1929107436
118611.1929107436
118611.1929107436
118611.1929107436
118611.1929107436
118611.02309324115
118611.02309324115
118611.02309324115
118611.02309324115
118611.02309324115
118610.67543658512
118610.87383159174
118610.87383159174
118610.87383159174
118610.87383159174
118611.04364909421
118605.86771652033
118605.86771652033
118605.86771652033
118605.86771652033
118605.86771652033
118605.86771652033
118605.86771652033
118605.86771652033
118586.48505533577
118586.48505533577
118587.27978405982
118587.27978405982
118586.31934077162
118586.31934077162
118577.37474413576
118577.37474413576
118577.17634912912
118577.17634912912
118577.17634912912
118576.84396854049
118576.84396854049
118576.84396854049
118576.68577262171
118578.48981879037
118578.48981879037
118578.48981879037
118578.48981879037
118578.00423283147
118578.00423283147
118578.00423283147
118578.00423283147
118578.00423283147
118578.00423283147
118578.00423283147
118567.18718778374
118567.3570052862
118567.3570052862
118567.3570052862
118567.7405928681
118567.7405928681
118567.7405928681
118567.7405928681
118567.7405928681
118566.26520327828
118566.26520327828
118566.26520327828
118566.26520327828
118564.80496359852
118562.56275956087
118562.56275956087
118562.56275956087
118562.67370356417
118562.67370356417
118562.67370356417
118562.67370356417
118562.67370356417
118562.6527197354
118562.6527197354
118562.6527197354
118562.48290223294
118562.48290223294
118562.48290223294
118562.48290223294
118562.48290223294
118553.63480919847
118553.63480919847
118553.63480919847
118553.63480919847
118553.63480919847
118553.63480919847
118553.63480919847
118553.63480919847
118553.63480919847
118553.63480919847
118553.56630330562
118553.56630330562
118553.56630330562
118553.54484902394
118553.54484902394
118553.54484902394
118553.54484902394
118553.7146665264
118553.7146665264
118553.7146665264
118553.72531771114
118553.72531771114
118553.72531771114
118553.72531771114
118553.72531771114
118553.72531771114
118553.72531771114
118553.54484902394
118553.55550020868
118553.55550020868
118553.55550020868
118553.55550020868
118553.55550020868
118553.55550020868
118553.55550020868
118553.55550020868
118553.55550020868
118553.55550020868
118552.55795964075
118552.55795964075
118552.55795964075
118548.52089976397
118546.54388562875
118546.54388562875
118546.02065569203
118546.02065569203
118546.02065569203
118546.02065569203
118545.66047947478
118545.66047947478
118546.02065569203
118546.02065569203
118546.02065569203
118546.54388562874
118546.54388562874
118546.54388562874
118547.10740118675
118547.10740118675
118547.10740118675
118546.58417125004
118546.58417125004
118546.58417125004
118546.58417125004
118546.58417125004
118546.58417125004
118546.58417125004
118546.58417125004
118546.58417125004
118546.58417125004
118546.58417125004
118535.45272311012
118535.45272311012
118535.45272311012
118535.45272311012
118534.71856435807
118534.71856435807
118534.54874685561
118534.15504880008
118534.15504880008
118534.15504880008
118534.32486630254
118534.32486630254
118534.32486630254
118534.32486630254
118534.32486630254
118534.15504880008
118534.15504880008
118534.17650308175
118534.17650308175
118534.17650308175
118532.49187910031
118532.49187910031
118532.49187910031
118532.49187910031
118532.66169660278
118532.49187910031
118532.49187910031
118521.7559411538
118503.31061458777
118503.31061458777
118503.31061458777
118503.31061458777
118503.31061458777
118503.31061458777
118503.31061458777
118503.31061458777
118503.48043209023
118503.31061458777
118503.31061458777
118503.31061458777
118499.08529814417
118499.08529814417
118499.28369315079
118499.67739120635
118499.4789961997
118499.4789961997
118499.4789961997
118499.4789961997
118499.4789961997
118499.4789961997
118499.4789961997
118498.28166437836
118498.28166437836
118498.28166437836
118498.28166437836
118498.28166437836
118498.28166437836
118498.28166437836
118497.8879663228
118497.8879663228
118498.05778382526
118499.01822711344
118499.01822711344
118499.01822711344
118499.01822711344
118499.01822711344
118499.01822711344
118499.01822711344
118499.01822711344
118498.05778382526
118498.05778382526
118498.05778382526
118498.05778382526
118498.05778382526
118499.7424078067
118499.7424078067
118499.7424078067
118499.7424078067
118499.7424078067
118499.7424078067
118499.83189752833
118499.83189752833
118499.83189752833
118499.83189752833
118499.83189752833
118499.38223158945
118499.21241408699
118499.38223158945
118497.42894219043
118497.42894219043
118497.42894219043
118497.42894219043
118497.42894219043
118497.59875969289
118497.59875969289
118497.59875969289
118497.59875969289
118497.59875969289
118497.59875969289
118497.88664442115
118497.88664442115
118497.88664442115
118498.82174027056
118498.82174027056
118498.82174027056
118498.82174027056
118500.34995943296
118500.34995943296
118500.34995943296
118474.8135818714
118474.8135818714
118474.8135818714
118474.8135818714
118474.8135818714
118474.8135818714
118474.72409214979
118474.72409214979
118474.72409214979
118474.72409214979
118474.55427464732
118472.86965066587
118471.06536283492
118471.23518033739
118471.23518033739
118471.23518033739
118471.23518033739
118471.30321577733
118471.30321577733
118471.30321577733
118471.30321577733
118471.32467005902
118471.32467005902
118471.23518033739
118471.23518033739
118471.23518033739
118471.23518033739
118471.23518033739
118471.06536283492
118471.06536283492
118471.06536283492
118471.06536283492
118471.06536283492
118471.06536283492
118471.06536283492
118471.06536283492
118471.06536283492
118471.06536283492
118471.06536283492
118471.06536283492
118471.06536283492
118471.06536283492
118471.06536283494
118471.06536283494
118471.06536283494
118471.06536283494
118471.06536283494
118471.36980267875
118471.36980267875
118471.36980267875
118471.36980267875
118471.36980267875
118471.36980267875
118471.36980267875
118471.36980267875
118471.36980267875
118471.36980267875
118471.36980267875
118471.36980267875
118472.08933724312
118472.08933724312
118472.08933724312
118472.08933724312
118472.08933724312
118472.08933724312
118472.08933724312
118472.08933724312
118472.08933724312
118472.08933724312
118472.08933724312
118472.25915474555
118472.25915474555
118472.25915474555
118472.25915474555
118472.25915474555
118472.25915474555
118472.21683167969
118472.21683167969
118472.21683167969
118471.98862735825
118471.8188098558
118471.8188098558
118471.8188098558
118464.59663854618
118465.91454390023
118465.91454390023
118465.91454390023
118465.72465450589
118465.82446534367
118465.82446534367
118465.82446534367
118465.82446534367
118465.82446534367
118455.64450586849
118455.64450586849
118455.64450586849
118456.11605563645
118449.94683483355
118450.03632455517
118449.5647747872
118449.5647747872
118449.38383660307
118447.2614135682
118447.09159606573
118447.09159606573
118447.09159606573
118447.09159606573
118447.2168569589
118447.2168569589
118447.38667446135
118444.93446769843
118444.93446769843
118438.56503680427
118430.30318961962
118430.30318961962
118430.30318961962
118430.30318961962
118430.30318961962
118430.30318961962
118430.30318961962
118430.30318961962
118430.30318961962
118430.30318961962
118430.63557020825
118430.63557020825
118430.54608048665
118430.54608048665
118430.54608048665
118430.54608048665
118430.54608048665
118430.54608048665
118430.54608048665
118430.54608048665
118430.54608048665
118424.96924944551
118425.05405060144
118425.05405060144
118425.05405060144
118425.05405060144
118425.05405060144
118425.05405060144
118425.14354032306
118425.14354032306
118425.14354032306
118425.14354032306
118425.14354032306
118425.14354032306
118425.14354032306
118425.05873916711
118425.05873916711
118424.96924944551
118425.05873916711
118425.05873916711
118425.05873916711
118425.05873916711
118425.05873916711
118424.96924944551
118424.96924944551
118424.96924944551
118424.96924944551
118425.53028893509
118425.53028893509
118425.53028893509
118425.53028893509
118425.53028893509
118425.44079921345
118425.44079921345
118425.44079921345
118425.44079921345
118425.44079921345
118425.44079921345
118425.44079921345
118425.44079921345
118425.44079921345
118425.44079921345
118425.44079921345
118425.44079921345
118425.27612993795
118425.27612993795
118425.27612993795
118425.27612993795
118425.27612993795
118425.27612993795
118425.27612993795
118425.27612993795
118425.27612993795
118425.4459474404
118425.53543716202
118425.53543716202
118425.53543716202
118424.63495171945
118424.54546199783
118424.2416427774
118424.2416427774
118424.2416427774
118424.2416427774
118424.2416427774
118424.2416427774
118424.2416427774
118424.2416427774
118424.2416427774
118424.2416427774
118424.2416427774
118425.04984453105
118425.04984453105
118425.04984453105
118425.04984453105
118424.88002702862
118424.88002702862
118424.88002702862
118424.88002702862
118424.88002702862
118424.88002702862
118424.88002702862
118424.88002702862
118424.88002702862
118425.04984453105
118425.04984453105
118425.04984453105
118425.04984453105
118425.04984453105
118425.04984453105
118425.04984453105
118425.04984453105
118425.04984453105
118425.04984453105
118425.04984453105
118425.04984453105
118425.04984453105
118425.04984453105
118424.71746394243
118424.71746394243
118424.71746394243
118424.71746394243
118424.71746394243
118424.71746394243
118424.71746394243
118424.71746394243
118424.40022930066
118424.40022930066
118424.37877501897
118424.37877501897
118424.37877501897
118424.69600966074
118424.78549938236
118424.78549938236
118424.78549938236
118424.78549938236
118424.80695366404
118424.80695366404
118424.80695366404
118424.80695366404
118424.71746394242
118424.71746394242
118424.71746394242
118424.71746394242
118424.54764643997
118419.845971075
118419.845971075
118419.845971075
118419.845971075
118421.1351064468
118421.1351064468
118421.1351064468
118421.1351064468
118421.1351064468
118421.1351064468
118421.1351064468
118421.1351064468
118421.1351064468
118421.1351064468
118421.1351064468
118421.1351064468
118421.1351064468
118419.845971075
118419.845971075
118419.845971075
118419.845971075
118419.845971075
118419.845971075
118419.845971075
118420.01578857745
118420.10058973338
118420.0791354517
118420.0791354517
118422.64766015501
118422.64766015501
118422.64766015501
118422.64766015501
118422.73714987663
118422.64766015501
118422.64766015501
118422.64766015501
118421.76375943315
118421.4307377692
118421.4307377692
118421.4307377692
118421.4307377692
118421.4307377692
118421.52022749084
118421.4307377692
118421.4307377692
118421.52022749084
118421.52022749084
118419.83560350939
118419.83560350939
118419.83560350939
118419.83560350939
118419.85705779109
118419.85705779109
118419.53982314932
118419.53982314932
118419.51836886763
118419.51836886763
118419.51836886763
118419.51836886763
118419.51836886763
118419.51836886763
118419.51836886763
118419.51836886763
118419.51836886763
118419.51836886763
118419.428879146
118420.64580153179
118420.64580153179
118420.64580153179
118420.64580153179
118420.64580153179
118420.64580153179
118420.47598402936
118420.47598402936
118420.64580153179
118420.64580153179
118420.64580153179
118423.37659461319
118423.37659461319
118423.37659461319
118423.37659461319
118423.37659461319
118423.37659461319
118423.37659461319
118423.37659461319
118423.37659461319
118423.37659461319
118423.37659461319
118423.37659461319
118423.29179345726
118423.29179345726
118423.29179345726
118422.20579934426
118422.20579934426
118422.20579934426
118422.20579934426
118422.20579934426
118422.37561684672
118422.37561684672
118422.37561684672
118422.37561684672
118422.37561684672
118422.39707112839
118422.39707112839
118422.39707112839
118422.48656085003
118422.48656085003
118423.04529346894
118423.04529346894
118423.04529346894
118423.04529346894
118422.95580374732
118422.95580374732
118407.88284528998
118407.88284528998
118404.65888147017
118404.65888147017
118404.4890639677
118404.4890639677
118404.4890639677
118404.4890639677
118404.4890639677
118404.4890639677
118404.4890639677
118404.4890639677
118404.4890639677
118404.4890639677
118404.4890639677
118404.4890639677
118404.4890639677
118404.4890639677
118404.57386512363
118404.57386512363
118404.57386512363
118404.57386512363
118404.57386512363
118404.57386512363
118404.18966008912
118404.18966008912
118404.18966008912
118404.18966008912
118404.18966008912
118403.6309274702
118404.6706280855
118404.6706280855
118404.6706280855
118404.6706280855
118404.6706280855
118404.6706280855
118404.6706280855
118399.3960664199
118370.5108813651
118370.5108813651
118370.5108813651
118370.5108813651
118353.0574473299
118353.0574473299
118353.0574473299
118353.0574473299
118353.0574473299
118353.0574473299
118353.0574473299
118353.0574473299
118353.0574473299
118353.0574473299
118353.0574473299
118353.0574473299
118354.74207131134
118354.9118888138
118353.49439457491
118353.32457707246
118353.49439457491
118353.5158488566
118353.5158488566
118353.5158488566
118353.5158488566
118353.5158488566
118353.5158488566
118353.5158488566
118353.5158488566
118353.5158488566
118353.60533857821
118347.72807716465
118347.72807716465
118347.72807716465
118347.72807716465
118347.72807716465
118347.72807716465
118347.72807716465
118347.72807716465
118347.72807716465
118347.72807716465
118347.63858744301
118347.63858744301
118347.63858744301
118347.63858744301
118347.63858744301
118347.63858744301
118347.72807716465
118347.72807716465
118347.72807716465
118347.63858744301
118347.46876994056
118347.46876994056
118347.63858744301
118347.63858744301
118347.63858744301
118348.19732006194
118348.19732006194
118348.19732006194
118348.28680978357
118348.28680978357
118348.19732006194
118348.19732006194
118348.19732006194
118348.19732006194
118348.19732006194
118348.19732006194
118302.67637339275
118302.67637339275
118302.84619089522
118302.84619089522
118299.94558031135
118299.94558031135
118299.94558031135
118299.94558031135
118299.94558031135
118299.94558031135
118299.7757628089
118299.7757628089
118299.94558031135
118299.94558031135
118299.94558031135
118298.2609563299
118296.72351878468
118296.72351878468
118296.72351878468
118296.72351878468
118296.72351878468
118296.72351878468
118296.72351878468
118296.72351878468
118296.72351878468
118296.55370128222
118296.55370128222
118296.55370128222
118296.55370128222
118294.99280842909
118294.99280842909
118294.99280842909
118291.20623200448
118291.20623200448
118291.20623200448
118291.20623200448
118289.63052421971
118289.63052421971
118289.63052421971
118289.80034172218
118289.77888744048
118290.13198498677
118290.13198498677
118290.13198498677
118289.96216748432
118289.96216748432
118289.96216748432
118289.96216748432
118289.96216748432
118289.96216748432
118289.96216748432
118289.96216748432
118289.96216748432
118289.96216748432
118289.96216748432
118289.96216748432
118289.96216748432
118289.60906993803
118289.60906993803
118289.60906993803
118289.60906993803
118289.60906993803
118289.60906993803
118289.60906993803
118289.60906993803
118289.60906993803
118289.60906993803
118290.36034766253
118290.36034766253
118290.36034766253
118289.88364966764
118289.88364966764
118289.88364966764
118289.88364966764
118289.88364966764
118289.88364966764
118289.88364966764
118289.88364966764
118289.88364966764
118290.23674721393
118290.3073940718
118290.3073940718
118271.24326730431
118271.57564789293
118271.47583705516
118271.47583705516
118273.16046103659
118273.16046103659
118273.16046103659
118272.04381693367
118272.04381693367
118272.04381693367
118272.04381693367
118272.04381693367
118272.04381693367
118272.04381693367
118272.04381693367
118272.04381693367
118261.7353851182
118261.7353851182
118261.7353851182
118261.7353851182
118262.26328435054
118262.26328435054
118261.55210507437
118262.73382364702
118262.82331336864
118263.30889932753
118263.30889932753
118263.30889932753
118263.30889932753
118263.30889932753
118262.15746611352
118262.15746611352
118262.15746611352
118262.15746611352
118262.15746611352
118262.15746611352
118246.46144418868
118246.46144418868
118246.46144418868
118246.46144418868
118246.46144418868
118246.46144418868
118246.46144418868
118244.81559393882
118244.81559393882
118244.5025005978
118244.5025005978
118243.87196511416
118243.87196511416
118243.87196511416
118243.87196511416
118243.87196511416
118243.87196511416
118243.87196511416
118243.87196511416
118243.87196511416
118243.87196511416
118242.39425474641
118242.13494752234
118242.13494752234
118242.13494752234
118233.97897883749
118233.64659824886
118219.24716849616
118219.24716849616
118219.24716849616
118218.19558704684
118219.84143729671
118219.84143729671
118219.84143729671
118180.37466671722
118180.37466671722
118176.52724310309
118176.52724310309
118176.52724310309
118176.52724310309
118176.52724310309
118176.52724310309
118176.52724310309
118176.69706060554
118167.84289627592
118167.84289627592
118167.84289627592
118167.5883832234
118167.5883832234
118166.89109464735
118166.89109464735
118166.89109464735
118164.99195849159
118164.33244340344
118164.33244340344
118162.88498816022
118162.88498816022
118162.68659315357
118162.68659315357
118162.68659315357
118162.68659315357
118162.68659315357
118162.68659315357
118162.59710343197
118162.59710343197
118162.68659315359
118162.68659315359
118162.68659315359
118162.68659315359
118162.68659315359
118162.68659315359
118162.68659315359
118162.68659315359
118162.59710343197
118162.59710343197
118162.59710343197
118162.59710343197
118162.59710343197
118162.59710343197
118162.59710343197
118162.42728592952
118162.42728592952
118162.42728592952
118162.42728592952
118162.42728592952
118162.42728592952
118162.42728592952
118162.42728592952
118162.42728592952
118162.42728592952
118162.42728592952
118162.40583164783
118162.40583164783
118162.40583164783
118162.40583164783
118162.40583164783
118162.40583164783
118162.40583164783
118162.40583164783
118162.40583164783
118162.57564915027
118162.57564915027
118162.40583164783
118163.2161815686
118163.2161815686
118163.2161815686
118163.2161815686
118163.2161815686
118163.2161815686
118163.2161815686
118163.2161815686
118163.2161815686
118163.2161815686
118163.2161815686
118163.2161815686
118163.87569665675
118163.87569665675
118163.87569665675
118163.87569665675
118163.87569665675
118163.70925142788
118163.70925142788
118163.70925142788
118163.70925142788
118163.04973633973
118164.00970019017
118160.7216273268
118160.7216273268
118160.7216273268
118160.7216273268
118160.7216273268
118160.7216273268
118160.7216273268
118160.7216273268
118160.7216273268
118158.65439134513
118158.65439134513
118158.65439134513
118157.7733945665
118157.7733945665
118157.7733945665
118157.7733945665
118157.7733945665
118157.7733945665
118157.7733945665
118157.7733945665
118157.7733945665
118157.7733945665
118157.7733945665
118157.7733945665
118157.7733945665
118157.7733945665
118157.7733945665
118157.7733945665
118157.7733945665
118157.7733945665
118157.7733945665
118157.94321206893
118157.94321206893
118157.94321206893
118157.94321206893
118157.94321206893
118157.77339456648
118157.77339456648
118157.77339456648
118157.77339456648
118157.94321206893
118157.94321206893
118155.91835925865
118155.91835925865
118155.74854175618
118155.74854175618
118155.74854175618
118156.0809223448
118156.0809223448
118149.44528264675
118149.44528264675
118149.44528264675
118149.44528264675
118149.44528264675
118149.44528264675
118149.44528264675
118149.44528264675
118149.44528264675
118149.44528264675
118149.44528264675
118149.44528264675
118149.44528264675
118149.44528264675
118149.44528264675
118149.44528264675
118149.44528264675
118151.49158973873
118151.49158973873
118151.49158973873
118151.49158973873
118151.49158973873
118128.51310928652
118126.82848530509
118126.82848530509
118126.82848530509
118126.97684852584
118126.8070310234
118126.97684852584
118126.2920479796
118126.3815377012
118126.3815377012
118126.3815377012
118126.3815377012
118126.3815377012
118126.3815377012
118126.3815377012
118126.3815377012
118126.3815377012
118126.3815377012
118126.3815377012
118126.3815377012
118126.3815377012
118126.3815377012
118126.3815377012
118126.3815377012
118126.3815377012
118126.3815377012
118126.3815377012
118126.3815377012
118126.3815377012
118126.3815377012
118126.3815377012
118126.3815377012
118126.3815377012
118126.3815377012
118126.4521845591
118126.4521845591
118126.4521845591
118126.36269483747
118126.36269483747
118126.19287733502
118126.19287733502
118126.19287733502
118126.19287733502
118126.19287733502
118126.19287733502
118126.19287733502
118126.19287733502
118126.19287733502
118126.19287733502
118126.19287733502
118126.19287733502
118126.19287733502
118126.19287733502
118126.19287733502
118126.19287733502
118126.4467558018
118125.48679195135
118125.48679195135
118125.48679195135
118125.48679195135
118125.48679195135
118125.48679195135
118125.48679195135
118125.48679195135
118125.48679195135
118125.48679195135
118125.48679195135
118125.48679195135
118125.48679195135
118125.48679195135
118127.98474680843
118127.98474680843
118127.98474680843
118127.98474680843
118127.98474680843
118127.98474680843
118127.98474680843
118127.98474680843
118127.98474680843
118127.98474680843
118127.98474680843
118127.98474680843
118127.98474680843
118127.98474680843
118127.65236621982
118125.73798816123
118125.73798816123
118125.73798816123
118123.26148758583
118123.26148758583
118123.26148758583
118123.26148758583
118123.26148758583
118123.43130508828
118123.43130508828
118123.43130508828
118123.43130508828
118123.43130508828
118123.43130508828
118123.43130508828
118123.43130508828
118123.43130508828
118123.43130508828
118123.43130508828
118123.43130508828
118123.43130508828
118123.43130508828
118123.43130508828
118123.52079480991
118123.52079480991
118123.52079480991
118123.52079480991
118123.52079480991
118123.52079480991
118123.52079480991
118123.52079480991
118123.71918981653
118123.71918981653
118123.71918981653
118123.62970009493
118123.62970009493
118125.59869563761
118125.59869563761
118125.59869563761
118125.59869563761
118125.42887813515
118125.42887813515
118125.42887813515
118125.42887813515
118125.42887813515
118125.42887813515
118125.42887813515
118125.42887813515
118125.59869563761
118125.59869563761
118125.59869563761
118125.42887813515
118125.42887813515
118127.20778994632
118127.20778994632
118127.20778994632
118127.20778994632
118127.20778994632
118127.20778994632
118127.20778994632
118127.20778994632
118127.87887449516
118127.87887449516
118128.04869199762
118128.04869199762
118128.04869199762
118128.13818171923
118128.13818171923
118128.13818171923
118128.04869199762
118128.04869199762
118128.04869199762
118128.04869199762
118128.04869199762
118128.04869199762
118128.04869199762
118128.04869199762
118128.04869199762
118127.87887449516
118127.87887449516
118127.87887449516
118127.87887449516
118127.87887449516
118127.87887449516
118127.87887449516
118128.00490207926
118128.00490207926
118092.45650799872
118089.33941594361
118089.33941594361
118089.33941594361
118087.64596390867
118087.64596390867
118087.81578141113
118087.61331737909
118087.44349987664
118087.44349987664
118087.44349987664
118087.44349987664
118087.44349987664
118087.44349987664
118087.44349987664
118087.44349987664
118087.44349987664
118087.44349987664
118087.44349987664
118087.44349987664
118087.44349987664
118087.6133173791
118087.6133173791
118087.6133173791
118078.68275888829
118078.68275888829
118078.68275888829
118078.68275888829
118078.68275888829
118078.68275888829
118078.68275888829
118078.68275888829
118078.68275888829
118078.68275888829
118078.68275888829
118078.68275888829
118067.73389550718
118067.73389550718
118052.66112331464
118052.85951832129
118053.24595440949
118053.24595440949
118053.24595440949
118053.15646468787
118053.15646468787
118053.15646468787
118052.95979024589
118052.78997274343
118052.78997274343
118050.46473805263
118050.07830196442
118048.10930642173
118048.10930642173
118048.10930642173
118047.51877549457
118047.8511560832
118047.8511560832
118047.8511560832
118047.82257857904
118025.13534084003
118018.09748978924
118018.09748978924
118018.09748978924
118018.09748978924
118018.2125288769
118018.2125288769
118016.96828543583
118017.05777515745
118017.05777515745
118017.05777515745
118017.05777515745
118017.05777515745
118016.96828543581
118016.96828543581
118016.96828543581
118016.96828543581
118016.63590484718
118016.63590484718
118016.72539456881
118016.72539456881
118016.72539456881
118016.72539456881
118016.72539456881
118016.70394028713
118016.70394028713
118016.70394028713
118016.70394028713
118016.70394028713
118012.50351426625
118012.50351426625
118012.50351426625
118012.50351426625
118012.50351426625
118012.50351426625
118012.50351426625
118012.50351426625
118012.50351426625
118012.50351426625
118012.50351426625
118012.50351426625
118012.50351426625
118012.50351426625
118012.50351426625
118012.50351426625
118012.50351426625
118012.50351426625
118012.50351426624
118012.50351426624
118012.50351426624
118012.50351426624
118007.83688172823
118007.83688172823
118007.83688172823
118007.83688172823
118007.83688172823
118007.83688172823
118007.83688172823
118007.83688172823
118007.83688172823
118007.83688172823
118007.83688172823
118007.83688172823
118007.74739200663
118007.74739200663
118007.74739200663
118007.74739200663
118007.74739200663
118007.74739200663
118007.74739200663
118007.76884628832
118007.76884628832
118009.80067685622
118009.80067685622
118005.98835136126
117993.66276656721
117993.75225628883
117993.75225628883
117993.75225628883
117993.75225628883
117993.75225628883
117993.66276656721
117993.66276656721
117993.66276656721
117993.66276656721
117993.66276656721
117993.66276656721
117993.49294906476
117990.89550950007
117990.89550950007
117990.89550950007
117990.89550950007
117990.89550950007
117990.89550950007
117990.89550950007
117990.89550950007
117990.89550950007
117990.89550950007
117990.89550950007
117990.89550950007
117988.8946629054
117988.8946629054
117988.8946629054
117988.8946629054
117988.11458788019
117988.11458788019
117988.20407760183
117988.20407760183
117988.20407760183
117988.20407760183
117958.35923397509
117958.35923397509
117958.35923397509
117958.35923397509
117957.5400358067
117957.5400358067
117957.5400358067
117957.5400358067
117960.03090269478
117960.03090269478
117961.05731166947
117961.05731166947
117961.05731166947
117956.02936821542
117954.38351796556
117954.38351796556
117954.38351796556
117954.38351796556
117954.38351796556
117954.38351796556
117954.29402824392
117954.29402824392
117909.99906107647
117909.99906107647
117909.99906107647
117909.99906107647
117909.99906107647
117910.0885507981
117910.0885507981
117910.0885507981
117910.0885507981
117907.59768391002
117907.6353645845
117907.6353645845
117907.6353645845
117907.6353645845
117906.5875013281
117905.65915454808
117905.65915454808
117905.65915454808
117905.65915454808
117905.65915454808
117905.65915454808
117905.65915454808
117905.56966482646
117905.56966482646
117905.56966482646
117905.56966482646
117905.56966482646
117905.56966482646
117905.56966482646
117905.56966482646
117905.53198415198
117905.53198415198
117905.36216664953
117905.36216664953
117905.36216664953
117905.36216664953
117905.36216664953
117905.36216664953
117905.36216664953
117905.36216664953
117905.36216664953
117905.36216664953
117905.36216664953
117905.36216664953
117905.36216664953
117905.36216664953
117905.36216664953
117905.36216664953
117905.36216664953
117905.36216664953
117905.399847324
117905.399847324
117905.399847324
117905.399847324
117905.399847324
117905.399847324
117905.399847324
117905.399847324
117905.399847324
117905.399847324
117905.36216664955
117905.36216664955
117905.36216664955
117905.531984152
117905.55343843368
117905.531984152
117905.531984152
117905.95385446223
117905.95385446223
117905.95385446223
117905.95385446223
117905.95385446223
117905.95385446223
117905.95385446223
117905.95385446223
117905.95385446223
117906.63954467178
117906.63954467178
117906.63954467178
117906.46972716929
117906.46972716929
117906.46972716929
117906.46972716929
117906.46972716929
117906.46972716929
117906.46972716929
117906.46972716929
117906.46972716929
117906.46972716929
117906.46972716929
117906.46972716929
117906.46972716929
117906.46972716929
117906.46972716929
117906.46972716929
117905.69454723815
117905.69454723815
117905.71600151985
117905.71600151985
117905.71600151985
117905.38362093121
117905.38362093121
117905.38362093121
117905.38362093121
117905.38362093121
117904.58909612909
117904.75891363155
117904.75891363155
117904.75891363155
117904.75891363155
117904.75891363155
117904.75891363155
117904.75891363155
117904.75891363155
117904.84840335316
117880.8195694111
117879.73639542033
117879.73639542033
117879.73639542033
117879.56657791787
117879.56657791787
117879.56657791787
117879.56657791787
117879.56657791787
117879.73639542033
117879.73639542033
117879.71494113865
117879.71494113865
117880.70862540782
117880.72486171736
117868.92788910815
117868.92788910815
117868.92788910815
117868.92788910815
117868.83839938653
117868.92788910815
117867.69712896371
117867.69712896371
117867.69712896371
117867.69712896371
117867.69712896371
117867.69712896371
117867.6076392421
117867.6076392421
117867.6076392421
117867.6076392421
117867.6076392421
117843.68612610972
117843.68612610972
117843.68612610972
117843.7075803914
117843.87739789387
117843.9668876155
117843.9668876155
117843.9668876155
117843.9668876155
117843.87739789387
117843.9668876155
117843.9668876155
117843.9668876155
117843.9668876155
117843.9668876155
117843.9668876155
117843.9668876155
117843.9668876155
117843.87739789388
117841.94564235679
117841.94564235679
117841.94564235679
117836.80186823769
117836.80186823769
117836.80186823769
117836.80186823769
117836.80186823769
117836.80186823769
117836.80186823769
117836.80186823769
117836.80186823769
117836.80186823769
117836.80186823769
117836.87251509557
117836.87251509557
117836.87251509557
117821.23735677515
117821.23735677515
117821.23735677515
117816.87695903979
117816.87695903979
117816.87695903979
117816.87695903979
117816.87695903979
117816.87695903979
117816.87695903979
117816.87695903979
117816.87695903979
117816.87695903979
117816.87695903979
117816.87695903979
117816.87695903979
117816.87695903979
117816.87695903979
117816.87695903979
117816.87695903979
117816.78746931817
117816.78746931817
117816.87695903977
117816.87695903977
117816.87695903977
117816.87695903977
117816.87695903977
117816.87695903977
117816.87695903977
117816.87695903977
117816.78746931817
117816.78746931817
117816.78746931817
117816.78746931817
117816.78746931817
117816.78746931817
117816.6176518157
117816.6176518157
117816.6176518157
117816.6176518157
117816.6176518157
117816.6176518157
117816.95003240433
117816.95003240433
117816.85793126476
117816.85793126476
117816.85793126476
117816.85793126476
117816.85793126476
117816.85793126476
117816.85793126476
117816.85793126476
117816.85793126476
117816.85793126476
117816.85793126476
117816.85793126476
117813.56375133271
117813.56375133271
117813.56375133271
117814.35267726649
117814.35267726649
117814.35267726649
117814.35267726649
117814.35267726649
117814.35267726649
117804.88942382405
117804.88942382405
117805.7230194862
117805.7230194862
117805.7230194862
117805.7230194862
117805.55320198377
117805.55320198377
117805.55320198377
117805.55320198377
117805.55320198377
117805.55320198377
117805.22082139514
117807.88344226967
117807.88344226967
117807.88344226967
117807.88344226967
117807.88344226967
117807.88344226967
117807.88344226967
117805.57522268657
117805.57522268657
117805.57522268657
117805.57522268657
117805.57522268657
117805.57522268657
117805.57522268657
117805.57522268657
117797.23930476644
117794.23537918885
117793.16488433117
117793.16488433117
117793.16488433117
117793.16488433117
117793.16488433117
117793.14343004947
117793.14343004947
117793.14343004947
117792.05143339983
117792.05143339983
117792.05143339983
117792.05143339983
117792.05143339983
117792.05143339983
117791.10643596623
117791.10643596623
117792.17780158811
117792.34761909058
117792.34761909058
117792.34761909058
117792.34761909058
117792.34761909058
117792.34761909058
117792.34761909058
117792.34761909058
117792.34761909058
117792.34761909058
117769.04833755142
117769.04833755142
117750.02256631298
117750.02256631298
117750.02256631298
117749.82587349226
117749.82587349226
117749.82587349226
117749.85274881052
117749.85274881052
117749.85274881052
117749.85274881052
117749.85274881052
117719.70564094983
117719.70564094983
117719.70564094983
117719.70564094983
117719.70564094983
117720.03802153846
117708.81419513666
117708.81419513666
117708.48181454802
117708.48181454802
117708.48181454802
117708.48181454802
117708.48181454802
117709.26964619845
117709.46633901917
117710.95427017988
117710.95427017988
117708.45976462189
117708.45976462189
117708.45976462189
117708.45976462189
117708.28994711943
117708.28994711943
117708.28994711943
117707.21858149755
117707.21858149755
117707.21858149755
117707.21858149755
117707.21858149755
117706.43074984712
117706.43074984712
117704.33876303189
117704.40940988978
117704.40940988978
117704.40940988978
117704.40940988978
117704.40940988978
117704.40940988978
117704.40940988978
117704.40940988978
117704.40940988978
117704.40940988978
117704.40940988978
117704.76324476008
117704.76324476008
117704.76324476008
117704.6031081806
117704.6031081806
117704.6031081806
117704.6925979022
117705.62094468225
117705.28856409361
117687.08253992573
117687.08253992573
117687.08253992573
117687.08253992573
117687.85771985687
117687.85771985687
117687.85771985687
117687.85771985687
117687.85771985687
117687.76823013525
117687.76823013525
117687.76823013525
117687.76823013525
117687.59841263278
117687.59841263278
117687.59841263278
117687.59841263278
117687.59841263278
117687.59841263278
117670.49498061968
117670.49498061968
117670.49498061968
117670.49498061968
117670.49498061968
117670.49498061968
117670.49498061968
117670.86319312878
117670.86319312878
117670.86319312878
117670.86319312878
117670.86319312878
117670.86319312878
117670.86319312878
117670.66479812216
117670.66479812216
117670.66479812216
117670.66479812216
117670.66479812216
117670.4949806197
117670.4949806197
117670.4949806197
117670.4949806197
117670.4949806197
117670.4949806197
117670.4949806197
117670.4949806197
117670.4949806197
117655.91576782108
117655.91576782108
117655.91576782108
117655.91576782108
117656.08558532354
117656.08558532354
117656.08558532354
117656.08558532354
117656.08558532354
117656.08558532354
117656.08558532354
117656.08558532354
117656.06413104186
117656.06413104186
117656.06413104186
117655.8943135394
117655.8943135394
117655.8943135394
117648.09710823008
117648.09710823008
117648.26692573255
117648.26692573255
117648.26692573255
117648.26692573255
117648.26692573255
117648.26692573255
117648.26692573255
117648.26692573255
117648.26692573255
117648.26692573255
117648.26692573255
117648.26692573255
117648.26692573255
117648.26692573255
117648.26692573255
117648.26692573255
117648.26692573255
117647.16876145007
117647.16876145007
117647.16876145007
117647.16876145007
117647.16876145007
117647.16876145007
117647.16876145007
117647.19021573175
117647.19021573175
117647.19021573175
117647.69241382285
117647.69241382285
117647.69241382285
117647.69241382285
117647.69241382285
117647.36003323422
117647.44952295584
117647.44952295584
117647.44952295584
117647.44952295584
117647.44952295584
117647.44952295584
117647.44952295584
117647.44952295584
117647.44952295584
117647.44952295584
117647.36003323422
117647.44952295584
117647.52016981371
117647.52016981371
117647.52016981371
117647.52016981371
117647.52016981371
117647.52016981371
117647.52016981371
117647.52016981371
117647.52016981371
117647.4306800921
117647.4306800921
117647.4306800921
117647.76306068074
117647.76306068074
117647.76306068074
117647.76306068074
117647.76306068074
117647.76306068074
117647.76306068074
117647.76306068074
117647.76306068074
117647.76306068074
117647.76306068074
117647.76306068074
117647.76306068074
117647.85255040234
117647.85255040234
117647.85255040234
117647.69241382285
117647.69241382285
117647.69241382285
117647.69241382285
117647.69241382285
117648.5734106015
117648.5734106015
117648.5734106015
117648.5734106015
117648.40359309904
117647.5225963204
117649.84129879056
117649.84129879056
117650.0396937972
117650.0396937972
117650.0396937972
117650.0396937972
117650.0396937972
117650.0396937972
117650.0396937972
117649.84129879056
117649.84129879056
117649.84129879056
117649.84129879056
117649.84129879056
117649.84129879056
117649.84129879056
117649.84129879056
117649.84129879056
117649.84129879056
117649.84129879056
117649.84129879056
117649.84129879056
117649.84129879056
117649.84129879056
117649.50891820196
117649.50891820196
117649.50891820196
117649.67873570442
117649.67873570442
117649.67873570442
117649.67873570442
117649.76822542603
117649.76822542603
117649.76822542603
117650.10060601466
117650.10060601466
117650.01111629303
117650.01111629303
117650.01111629303
117649.84129879058
117649.84129879058
117594.8271983535
117594.8271983535
117594.8271983535
117595.02559336013
117595.02559336013
117594.6932127715
117594.6932127715
117594.52339526905
117594.52339526905
117594.52339526905
117594.52339526905
117594.52339526905
117591.58482770974
117588.78253118452
117588.78253118452
117588.78253118452
117588.78253118452
117586.18554990152
117572.40106327583
117572.40106327583
117572.57088077828
117572.37248577166
117572.37248577166
117572.37248577166
117572.2026682692
117572.2026682692
117572.2026682692
117572.2026682692
117572.2026682692
117572.2026682692
117572.2026682692
117572.37248577166
117572.37248577166
117572.37248577166
117572.46197549328
117572.46197549328
117572.46197549328
117572.46197549328
117572.32798991127
117572.32798991127
117572.23850018965
117572.23850018965
117572.23850018965
117572.04010518301
117572.12959490463
117572.04010518301
117572.01865090133
117572.01865090133
117572.01865090133
117572.01865090133
117572.04010518301
117572.04010518301
117572.04010518301
117571.87028768055
117571.87028768055
117571.87028768055
117571.87028768055
117571.84883339886
117571.84883339886
117571.84883339886
117571.84883339886
117571.84883339886
117571.84883339886
117571.87028768055
117571.87028768055
117571.87028768055
117571.87028768055
117571.87028768055
117571.87028768055
117571.87028768055
117571.87028768055
117572.79863446057
117572.79863446057
117572.79863446057
117572.79863446057
117572.79863446057
117572.79863446057
117572.79863446057
117572.79863446057
117572.79863446057
117572.79863446057
117572.96845196304
117572.96845196304
117572.96845196304
117572.96845196304
117572.96845196304
117572.96845196304
117572.96845196304
117572.96845196304
117572.96845196304
117572.79863446059
117572.79863446059
117572.7771801789
117572.7771801789
117572.7771801789
117572.7771801789
117571.84883339888
117571.84883339888
117572.01865090133
117572.01865090133
117572.01865090133
117572.01865090133
117572.01865090133
117572.01865090133
117572.04010518301
117572.04010518301
117572.04010518301
117572.04010518301
117572.04010518301
117572.04010518301
117572.04010518301
117572.04010518301
117572.04010518301
117572.04010518301
117572.04010518301
117572.04010518301
117572.12959490465
117572.12959490465
117572.12959490465
117572.12959490465
117572.12959490465
117572.12959490465
117572.12959490465
117572.12959490465
117572.04010518301
117572.04010518301
117572.04010518301
117572.04010518301
117572.0892977592
117572.0892977592
117572.0892977592
117572.0892977592
117572.0892977592
117572.0892977592
117571.91948025675
117571.91948025675
117571.91948025675
117571.91948025675
117571.91948025675
117571.91948025675
117571.94093453843
117571.94093453843
117571.94093453843
117571.94093453843
117571.94093453843
117571.94093453843
117571.94093453843
117571.94093453843
117571.94093453843
117571.94093453843
117571.94093453843
117571.94093453843
117571.94093453843
117571.94093453843
117571.94093453843
117571.94093453843
117571.94093453843
117571.94093453843
117571.94093453843
117571.94093453843
117571.94093453843
117571.94093453843
117572.13932954507
117572.13932954507
117572.30914704752
117572.30914704752
117572.30914704752
117572.30914704752
117572.30914704752
117572.30914704752
117572.30914704752
117572.30914704752
117572.30914704752
117572.30914704752
117572.30914704752
117572.28769276584
117572.28769276584
117572.28769276584
117572.37718248747
117572.37718248747
117572.32798991128
117572.32798991128
117572.66037049991
117572.66037049991
117572.66037049991
117572.66037049991
117572.66037049991
117572.73101735779
117572.73101735779
117572.73101735779
117572.73101735779
117572.73101735779
117572.64152763615
117572.64152763615
117572.40106327583
117572.40106327583
117572.40106327583
117572.40106327583
117572.40106327583
117572.40106327583
117572.40106327583
117572.40106327583
117572.40106327583
117572.40106327583
117572.40106327583
117574.73000187264
117574.73000187264
117574.73000187264
117574.89981937509
117574.89981937509
117574.89981937509
117574.89981937509
117574.89981937509
117574.89981937509
117574.89981937509
117574.89981937509
117574.73000187264
117574.73000187264
117574.73000187264
117574.73000187264
117574.73000187264
117572.40106327581
117572.40106327581
117572.40106327581
117572.40106327581
117572.40106327581
117572.40106327581
117572.40106327581
117572.40106327581
117572.40106327581
117572.40106327581
117572.40106327581
117572.40106327581
117572.40106327581
117572.40106327581
117572.40106327581
117572.40106327581
117572.40106327581
117572.40106327581
117572.40106327581
117572.40106327581
117572.40106327581
117572.40106327581
117572.40106327581
117572.40106327581
117572.40106327581
117572.40106327581
117572.40106327581
117572.40106327581
117572.40106327581
117572.40106327581
117572.40106327581
117572.40106327581
117572.40106327581
117572.40106327581
117572.40106327581
117572.40106327581
117572.40106327581
117572.40106327581
117572.40106327581
117572.40106327581
117572.40106327581
117572.40106327581
117572.40106327581
117572.40106327581
117572.40106327581
117572.40106327581
117572.40106327581
117572.40106327581
117572.40106327581
117572.40106327581
117572.40106327581
117572.40106327581
117572.40106327581
117572.40106327581
117572.2026682692
117572.2026682692
117572.2026682692
117572.2026682692
117572.2026682692
117572.2026682692
117572.2026682692
117572.2026682692
117572.2026682692
117572.2026682692
117572.2026682692
117572.2026682692
117572.2026682692
117572.37248577166
117572.37248577166
117572.37248577166
117572.37248577166
117572.37248577166
117572.37248577166
117572.37248577166
117572.37248577166
117572.37248577166
117572.37248577166
117572.37248577166
117572.37248577166
117572.37248577166
117572.37248577166
117572.37248577166
117572.37248577166
117572.46197549326
117572.46197549326
117572.46197549326
117572.46197549326
117572.46197549326
117572.46197549326
117572.46197549326
117572.46197549326
117572.46197549326
117572.46197549326
117572.46197549326
117572.46197549326
117572.46197549326
117572.46197549326
117572.37248577166
117572.46197549326
117572.46197549326
117572.46197549326
117572.46197549326
117572.46197549326
117572.46197549326
117572.46197549326
117572.46197549326
117572.53262235114
117572.53262235114
117572.53262235114
117572.53262235114
117572.53262235114
117572.44313262952
117572.44313262952
117572.44313262952
117572.44313262952
117572.44313262952
117572.44313262952
117572.27331512707
117572.27331512707
117572.27331512707
117572.27331512707
117572.27331512707
117572.27331512707
117572.27331512707
117572.27331512707
117572.27331512707
117572.27331512707
117572.27331512707
117572.27331512707
117572.27331512707
117572.27331512707
117572.27331512707
117572.27331512707
117572.27331512707
117572.27331512707
117572.27331512707
117572.27331512707
117572.27331512707
117572.27331512707
117572.27331512707
117572.27331512707
117572.27331512707
117572.4717101337
117572.4717101337
117572.4717101337
117572.4717101337
117572.4717101337
117572.4717101337
117572.4717101337
117572.4717101337
117572.4717101337
117572.4717101337
117572.4717101337
117572.4717101337
117572.4717101337
117572.4717101337
117572.4717101337
117572.4717101337
117572.4717101337
117572.27331512707
117572.27331512707
117572.27331512707
117572.27331512707
117572.27331512707
117572.27331512707
117572.27331512707
117572.27331512707
117572.27331512707
117572.27331512707
117572.27331512707
117572.27331512707
117572.27331512707
117572.27331512707
117572.25186084538
117572.25186084538
117572.25186084538
117572.25186084538
117572.25186084538
117572.25186084538
117572.25186084538
117572.25186084538
117572.27331512707
117572.27331512707
117572.27331512707
117572.27331512707
117572.27331512707
117572.27331512707
117572.27331512707
117572.27331512707
117572.27331512707
117572.27331512707
117572.27331512707
117572.27331512707
117572.25186084538
117572.25186084538
117572.25186084538
117572.25186084538
117572.25186084538
117572.25186084538
117572.25186084538
117572.25186084538
117572.25186084538
117572.25186084538
117572.25186084538
117572.25186084538
117572.25186084538
117572.25186084538
117572.25186084538
117572.25186084538
117572.25186084538
117572.25186084538
117572.25186084538
117572.25186084538
117573.18020762541
117573.18020762541
117573.18020762541
117573.18020762541
117573.18020762541
