4259489.40846652
3875627.6080682273
3507961.627662168
3175957.7408752157
2881095.879573522
2618666.27430088
2384758.126647008
2149437.792182241
1963390.9194991123
1804998.9015298528
1663348.7230922375
1524105.9111158475
1408885.316109242
1301811.3223880893
1217494.2522106771
1137419.337544129
1068130.398391563
1007147.7898718191
935069.4713065741
872785.903741521
823132.3149958765
773320.6978878793
730203.4132093493
695763.0460442532
658314.664860241
625211.887785093
598785.7533321452
574584.4602032326
552283.8258222985
529645.9872088202
506323.8588691612
489514.8266835804
470797.2938343906
455009.883186113
441744.2372162305
425368.4185111968
410752.9191122848
399478.81912248663
387699.2544728866
378134.04185118666
366970.2025756655
356441.9520547433
345262.2189917245
336338.82478132803
328346.82682594185
320427.6192003216
313146.5594494196
306896.03426000034
300073.8820982479
293576.2815349934
288506.8314557356
282299.6594385286
277008.7051119794
272187.21972266486
268076.14341954846
263035.42955168127
258302.31564088856
254156.6398616626
250689.7683651278
247172.53375087667
241689.5638192273
237411.01644313545
232672.65691657935
228709.5338660812
225248.18137195538
221898.34184667518
219393.14389370361
215883.67026476172
212391.24390313105
210210.09141712042
207318.51112686112
204423.7259264465
202028.6604584708
198949.5072784576
196221.84499985716
194598.59012696525
193413.13600292563
191788.14755113178
190238.19852168948
189112.49308606895
187999.0244866745
186813.78702106
185236.6627848707
183627.25049759808
181792.29458434175
180292.5285035299
178362.4755054159
176706.92312866953
175643.61686803968
174895.39760627635
173738.7190218253
172876.2817969157
171105.32696529993
169716.8761005581
168966.9949199197
168015.48916335014
167241.04458096123
166084.78760166818
165702.2923841194
164807.8124248925
163927.9737085632
163078.5581708603
162229.76700201508
161603.79063700998
161084.9642444285
160191.72625099611
159024.69262392048
158492.33846898976
157962.5024403902
157386.76067289768
156528.84617632325
155914.50240610598
155533.73477247386
155128.74104036676
154391.23161096196
154017.79722220858
153348.92176775032
152935.4757211333
152306.74926084655
151494.76527549175
150813.03803353533
150452.34086843667
149709.2820982143
149201.3404090195
149005.82716597704
148495.396148549
148106.1085947388
147567.07830019607
146928.08469173248
146645.10485932452
146184.489935757
145816.42489182256
145309.0012913532
144907.8395183598
144555.61488087242
144513.84744270996
143814.3104698516
143567.1314489035
143375.70529957674
143071.42581061524
142772.1853042037
142588.62526142108
142491.54818149703
142258.04694475105
141802.53411731118
141612.93910309812
141392.26548886765
141175.30795681523
140751.61343630572
140517.71699464374
140324.88777097283
140199.98551646026
139958.28292937297
139676.15840575984
139303.84881680447
138531.92675916693
138394.71822656377
138269.89385808515
138072.72084681626
137919.81176065237
137745.92735643178
137529.73303100362
137174.62874644398
136917.6023338822
136673.4874806804
136458.9882897701
136417.66604460502
136313.7497717214
136114.05356531817
135712.9120571692
135588.01104580562
135522.13517561305
135311.64468409424
135203.84946310645
134927.72109207703
134773.5037223651
134659.18407244043
134551.68771497352
134522.30108852475
134400.6973728893
134245.6251422831
134171.41926122832
133812.25574467145
133534.5729360339
133518.59123161156
133330.37068973476
133250.94286662395
133173.31283501294
133096.73052405292
132947.8303701955
132809.90252385265
132766.225817769
132709.5188478695
132640.6559774348
132592.39534200728
132434.45808110124
132268.7309318061
132141.42126693594
131977.86470903218
131822.22225702065
131699.36259670468
131627.10161808788
131580.7830184684
131550.89440832275
131502.44342261707
131354.82176343357
131350.18974243113
131203.4770034449
131099.4071029161
131014.46974797288
130931.00023957732
130920.09043290299
130742.79907612296
130627.22085377917
130537.0280561929
130451.91931875682
130391.96232079329
130297.55380816772
130252.11273210269
130141.60367961109
130086.54196005937
130054.32718627874
129991.51564446546
129905.57193117987
129814.67401898591
129783.1713972707
129677.26108765278
129633.52602291756
129583.50129099723
129543.69157338701
129498.88006353946
129455.58376436122
129279.82891162914
129247.10573575072
129194.66471745576
129088.60107001929
129020.1657154016
128946.98766113409
128929.4335420792
128796.79855515415
128722.78132155453
128717.16928823237
128632.1870569818
128554.3682602038
128498.28544908429
128474.76809125624
128458.74722413358
128370.27605330698
128363.76570428416
128297.31733811124
128146.8814172621
128109.5810778608
128099.14151127945
128079.12324191624
128075.92771257604
128059.93646690056
