4156307.786191369
3749041.5613456126
3395082.395922763
3066428.458272197
2803572.4940393018
2561903.7160987537
2322498.4383777673
2124719.065247329
1934623.294477325
1771268.0670218028
1632862.2897842727
1497273.6894865436
1374454.834300742
1283151.0184898484
1190065.0942139064
1108704.8946368322
1029452.3059549835
964463.4155254747
903162.6514821275
842857.100088641
794457.397241035
755914.9672393104
717075.5439416419
681009.1999736603
648837.1589790408
619953.2725828984
596130.783894418
569393.618223153
544245.6571459349
523596.84221295826
501924.08396233944
483527.1219081315
469560.8271710566
452576.1636088692
435975.42558463133
422620.24879907665
408801.78441602027
397798.4677699744
383432.36419155274
371699.2360109929
361889.581510387
350852.14279960765
339355.5927396681
332201.5094466952
322969.86984495947
314704.26102933346
307248.5407233693
300587.17688231054
294057.33415912243
288024.2731054891
282804.5683542597
276224.03869851085
271071.34259223705
266391.61786756775
262301.61534120113
257758.1835534433
253006.88172035984
247939.57095554884
243480.4345915336
239148.78245407817
235616.62096675183
232342.25108422793
229572.3285463085
225752.8422116653
222170.1051251106
218649.11822593046
215934.1961483386
212569.62931702024
210246.9994118993
208304.17225372588
206243.6790861056
203649.80051834055
200826.76903991017
198929.73490443447
196338.61324321674
193886.2909106117
192451.10423718696
190167.2321316126
187660.93881865195
186316.98521220987
185022.85170782288
184241.38022893298
182060.51631668222
180732.89313122391
178909.1858447943
177486.32964980224
175842.9225112896
174719.32233199073
173634.25459498464
172385.751066032
171064.75057749503
169700.52431120817
168798.96414414427
168012.72483619745
166764.23346121487
165709.12240232833
165016.76467807806
164143.93361272875
163497.6754468598
162518.4294664109
161806.14334463477
161191.84782781138
160420.0422545544
159562.01393928178
159122.19871136307
158638.0037183744
157785.13601651604
156944.9058851277
156569.92468990182
155750.33403618008
155338.70879055874
154846.48082812093
154482.98583735977
153812.69180606358
153186.91538859514
152644.29870050357
152141.66632355656
151953.7642251931
151653.189157139
151385.07921143807
151058.9702243266
150452.6432233705
150111.8738640678
149768.60608149867
149245.73853529492
148935.85660393437
148696.8540240987
148404.20397790562
147879.2884697549
147513.605381905
147216.25129058573
146565.45586225024
146306.9647529415
146101.80048912854
145671.5789900652
144979.95123494978
144652.76356052177
144186.0563885663
143985.4038932656
143572.96410479775
143315.10085988676
142974.42633196266
142750.12375296833
142470.5695195142
142267.08187151686
142176.51903790934
142036.39170964775
141706.26541289163
141545.05473063077
141311.01410026962
141086.38012474746
140828.09998121654
140476.39054851374
140301.79671407246
140161.3583473711
140028.93209125975
139755.79373954338
139409.18960421166
139234.86608610782
139194.646727211
138968.19567841984
138792.65713438235
138668.68868292533
138514.20756314212
138237.6706929925
137949.24876245772
137692.2350596864
137522.02310563048
137328.25364359858
137150.53855169905
136845.1397189475
136446.20039581304
136359.53501056554
136048.4095153213
135957.51453240972
135791.32409062271
135624.97124478396
135416.87777004117
135357.4578259567
135304.08860246287
135159.14558824245
134856.78602344694
134713.50115875262
134633.67846149733
134482.9562609831
134226.53921256334
134124.0028154757
133899.96531236073
133819.2120459061
133622.24191609793
133412.04758334297
133274.49569049734
133067.34596712302
133012.30042317437
132791.47645444114
132667.6799055715
132558.08438203158
132522.8480817906
132462.16748246946
132249.44896090764
132131.61772666025
131963.11779492986
131777.5058287272
131593.44614189386
131374.84131129802
131273.5610002553
131164.7181056691
131109.6470883101
130971.00012196631
130908.6764162701
130761.03085991711
130586.48640591306
130504.85466542345
130480.59781223196
130386.96547101253
130290.41811379456
130227.5230634173
130065.30211434796
129957.51449224964
129905.59869297117
129812.91228422915
129769.78402983551
129746.19924152551
129647.93229747134
129564.45801101608
129537.19413861404
129526.13062388806
129469.54400452474
129275.72445143954
129262.45900538101
129218.5533694769
129072.62145992501
129020.1965439654
128999.80885218827
128954.44162169957
128910.39970744716
128801.07607468776
128630.09297031799
128599.88614649631
128571.87669275465
