    3   28   13
 22.990121.750 32.066
    1    1  0.0150  0.0000  0.0000
 -0.030688925819  -0.002316010220   0.002361025037
  0.001343437963  -0.000883859953   0.000222951314
 -0.000054560354   0.000009916610   0.000094025950
  0.000546955951  -0.000059576717  -0.000768938737
  0.000416251590  -0.000161714999   0.000005455887
 -0.001406092110  -0.000097592168   0.000294330384
  0.006508421924   0.000567713785   0.002505977901
 -0.000539791770  -0.002158654404   0.000192562148
  0.001006287460   0.001975858769  -0.001997353434
  0.000329205603  -0.000624186479  -0.000409952235
 -0.000246316493   0.000248334422   0.000623204639
  0.001686513857   0.000104566534   0.000891027804
  0.000666792441   0.006936492156  -0.006914307787
  0.000128217293  -0.002067681935  -0.005683867544
  0.002569812738   0.001594611406   0.001145305709
  0.000525668632  -0.001440308477   0.000602765371
  0.000442888483  -0.002154669845   0.001639391079
  0.001075517652  -0.000919165922   0.001143988350
  0.004283335205   0.000134432542   0.000051229183
  0.000455802622   0.001367314006   0.000359131870
  0.010352908403  -0.001642928443   0.001230823078
 -0.002106949641   0.000268946527   0.001239487140
 -0.000188235159  -0.000126879139  -0.000141494661
 -0.000357390755   0.000093950154  -0.000253711047
  0.001600027166   0.000827233095   0.000060451243
  0.002368360072  -0.000051299336   0.001953102695
  0.000146038422   0.000483363979   0.000000016649
 -0.000864181378   0.000091794051  -0.000446627984
    5    1  0.0150  0.0000  0.0000
  0.000322891581  -0.000055360980   0.000156493760
 -0.001451416579   0.000142181018   0.000538452067
  0.006336040760   0.000263401922   0.002172239335
 -0.000575704351  -0.002491557914  -0.000092054496
 -0.026719898216   0.003622166974  -0.003587812627
  0.000898700501  -0.000591783704  -0.000289985079
 -0.000159303970  -0.000408794824   0.000077743111
  0.000448141507  -0.000097312901  -0.000807226469
  0.000684062141   0.001067705943  -0.001054301433
 -0.000046373786   0.000070792349  -0.000942032287
  0.001646851107   0.000911895338   0.000628610798
 -0.000383210917  -0.000062215439   0.000275943670
  0.000921371597   0.000919567896  -0.000741350146
 -0.002185722181  -0.005457598081  -0.000202267439
  0.000389827943   0.000402947683   0.003248014311
  0.003431193630  -0.002867375061   0.006021874685
  0.000147138434  -0.000075032807   0.000155506583
 -0.000208179204  -0.000041782444   0.000218262691
 -0.001338340787  -0.000287917037  -0.000117114190
  0.001318099438   0.002673058636  -0.000048163633
  0.000431980528   0.000659578358   0.000258684125
  0.003934447859   0.001751628632   0.000575911051
  0.002042143509  -0.000684597912   0.001130612902
  0.001893403660  -0.000013573694  -0.001898534222
 -0.001479838336   0.000048397213  -0.000016664018
 -0.000508611796   0.001548072271  -0.000346270536
  0.008043597901  -0.001522881964  -0.004365631080
  0.002166708028   0.000576390527  -0.000948941432
    9    1  0.0150  0.0000  0.0000
  0.000949099388   0.001985169071  -0.001952238287
  0.000261951133   0.000858168520   0.000225023269
 -0.000300996104  -0.000379031449  -0.000015026992
  0.001571912826  -0.000613166550  -0.000646869414
  0.000696714695   0.001062346962  -0.001085319118
  0.000019955567   0.000243982182   0.000953672402
  0.001678663909  -0.000950785025   0.000067211585
 -0.000348260512  -0.000639388008   0.000047428425
 -0.014471078653   0.000855227130  -0.000795947240
  0.000685738971  -0.000024772138   0.000335082240
 -0.000025851696   0.000434458003   0.000023200251
  0.000111076492  -0.000102394291   0.000100867088
  0.000111255977  -0.000011931897  -0.000150835908
 -0.001204111640  -0.001437950604  -0.001137427409
 -0.002393334000   0.001458105483   0.001134524420
  0.012115356099  -0.004811254860  -0.001074720750
 -0.000334605241   0.000208971565  -0.000087789706
 -0.000257496428  -0.000242490320   0.000403531647
  0.000270095186  -0.000099475476  -0.000085031321
  0.000595197806  -0.000424553707   0.000337547917
  0.001816632166   0.000237824071   0.000446328568
 -0.000178743168   0.000090421238   0.000153079054
  0.000385866175  -0.000284144781  -0.000217814847
  0.000910690352  -0.000585117392  -0.000097039937
  0.002634768650   0.000110708920   0.001059107669
 -0.001376193645   0.002827036828   0.000217441026
 -0.000478417094   0.000226507678  -0.000007235243
 -0.003445887211   0.000007528846   0.001849250610
   13    1  0.0150  0.0000  0.0000
  0.000579944369   0.006859804505  -0.006926366112
  0.000259995838   0.000654325726   0.001509596759
  0.002500421733  -0.005543589046   0.001328168305
  0.000550036088  -0.001039647887  -0.002084942435
  0.001037339880   0.000767118980  -0.000989839007
 -0.002094827551   0.005986928425   0.000414968681
  0.000471882910  -0.000143504189   0.002693095667
  0.003530006642  -0.003124149753  -0.005430165002
  0.000205394729   0.000256217246  -0.000108392849
 -0.001068426482  -0.001164742927   0.001467661346
 -0.002412896194  -0.001061971493   0.004802826541
  0.012307455441  -0.000986915596  -0.001468111768
 -0.157006325188  -0.002215114415   0.002511038314
  0.006667267025  -0.000893112505   0.003687290084
  0.003320695866   0.003815973943  -0.000393503236
  0.000039715264   0.000349936969  -0.001025009640
  0.015886782519  -0.015742658953   0.002291840275
  0.017605637610  -0.002397501842  -0.020117245922
  0.108090583419   0.018757874998   0.016661562285
 -0.000912793549   0.000264438743  -0.002405484927
 -0.003032559177  -0.000175432230  -0.001580344156
 -0.004585358948   0.000134793005   0.002720951567
 -0.003673401820  -0.002773698474   0.000025251135
 -0.001933155747  -0.001116864499   0.000940858721
  0.000027999493   0.000299296632   0.000401435547
  0.001275507793  -0.002395577659  -0.000775470399
  0.002306127823   0.001526750189   0.002917799940
  0.000056950214   0.001101022108  -0.001069469712
   17    1  0.0150  0.0000  0.0000
  0.000570046122  -0.000045176545   0.000675037643
  0.000385436186  -0.000409054159   0.000111969116
 -0.000436374499   0.001350019562  -0.000558619336
  0.002307714270  -0.000016963511  -0.001874098361
  0.000118726700   0.000122196458  -0.000032707884
  0.001465983552  -0.000865208675   0.000200998742
  0.001970829778   0.000622082129   0.001694332736
 -0.000671588240   0.000025363189   0.000754149394
 -0.000489856928   0.000166263969   0.000246946193
  0.000506234804   0.001881214373  -0.000617571869
  0.000336296033   0.000184571233  -0.000282423303
 -0.001403552459  -0.001008293217   0.000172023582
  0.015891466916  -0.016725205912   0.002440111119
 -0.001100798754  -0.000954234752  -0.001256235293
 -0.003945753327   0.002902916292  -0.001566765343
  0.001184308142  -0.000487383450  -0.000277894666
 -0.033603663527   0.026685675022  -0.002720826197
 -0.001672336534  -0.003829683989  -0.002549045182
  0.005301271678  -0.010737559646   0.003869071619
  0.000824624393   0.000662729223   0.000303229538
  0.002686051263   0.000792832459   0.003146431374
 -0.000149365209   0.001509127285  -0.001821038933
  0.000964939463  -0.001695417373  -0.000266626695
  0.003376968074  -0.001725329859  -0.000260228427
  0.007546355749   0.001534654075  -0.000519060816
  0.000050495126   0.000508726253  -0.000108355081
 -0.001045723621   0.000548496873   0.000359033799
 -0.000968735152  -0.000997357306   0.000738162534
   17    2  0.0000  0.0150  0.0000
 -0.002284655307   0.004067772713   0.001221994258
 -0.001305441482  -0.001420204637  -0.000179055077
  0.000154979562  -0.002631488625  -0.000061941650
 -0.000070379761   0.001350711291  -0.001181518218
  0.000071126722  -0.001787772363   0.000211193249
 -0.002598200403   0.001994427226  -0.001869913449
  0.000777072659   0.003779068627   0.004545381492
  0.001697116701  -0.001933893163  -0.000192167277
  0.000249231283   0.000080242116   0.000396787034
  0.000458085791  -0.003773999282  -0.000083885864
  0.000262133819  -0.000527831341   0.000060430514
  0.002984510956   0.002485223366  -0.000430363169
 -0.016118877807   0.107792224315  -0.019791495487
 -0.000244234993  -0.000325630625   0.001062518771
  0.002823306334  -0.004889723148  -0.003077598069
 -0.002469919770  -0.000254502680   0.001472475817
  0.027194978350  -0.122359059815   0.008690256156
 -0.002594565483   0.005117681083   0.012372694695
 -0.012380434343  -0.003806564893  -0.002489472856
 -0.000619919567   0.001252732695  -0.000273974800
  0.000160500648  -0.001152825958  -0.000367571103
  0.001641024600  -0.000635561625  -0.000203129961
  0.001784949073   0.006568756195   0.001378338548
 -0.002982991880  -0.000300951479   0.001623641722
  0.000981704077   0.002670659621  -0.000414392515
  0.000495909506  -0.001219216280  -0.000192146914
  0.001552732385   0.007417530008   0.000936805284
  0.000380258329   0.002442196658  -0.003163891131
   17    3  0.0000  0.0000  0.0150
  0.001385976416  -0.000126200117   0.001078855129
 -0.000474594772  -0.000109307545  -0.000495014242
 -0.000169105978   0.000199189487   0.000061018315
 -0.002203384118   0.000869877588   0.010645551062
  0.000128794500   0.000172129468  -0.000355458243
  0.000203323937  -0.000445736542   0.001901063787
  0.001320947828   0.001738059804   0.008353327819
  0.000431046173   0.000066032916   0.000450128786
 -0.000124099532   0.000092801097  -0.000315684904
 -0.000417517923  -0.000102109031   0.000881758543
 -0.000276637959   0.000071005970  -0.000702302625
 -0.000247242354   0.000131289746   0.001802835601
  0.002457321385  -0.018614136429   0.017619871555
  0.002363798901  -0.001094985716  -0.002170154870
  0.000102221135   0.000036088011   0.002342473153
  0.000747065860   0.000282318575  -0.003317128011
 -0.002758563895   0.008752523006  -0.047342611158
 -0.001522610277   0.010807097132  -0.003636086537
  0.002658162751  -0.001509726613  -0.001646833353
 -0.000334936150  -0.000272306397   0.000570288204
  0.001911677450   0.001055910791   0.002670647520
 -0.003061452287  -0.001019452720   0.003409912584
 -0.000266910941  -0.001422756278  -0.000831783696
 -0.001019730116   0.001451785468  -0.000469996628
 -0.001569843825  -0.000638844746  -0.001054334706
  0.000039850841   0.000171671476   0.005007706863
  0.000588557691   0.001425613541   0.002848290910
  0.000107885261  -0.001967831943   0.002693659141
