    3    8   14
 22.990121.750 32.066
    1    1  0.0150  0.0000  0.0000
 -0.022828394869   0.013630307262   0.001358140159
  0.002624235423   0.000355987310  -0.000012440693
  0.002728723396   0.000507169333  -0.002099128854
  0.008118946066   0.002014566951   0.000229009807
  0.006546927210  -0.016303757133   0.000526566146
  0.000894950467  -0.000480325285  -0.000601930707
  0.001353266227   0.000237215096   0.000162237285
  0.000561346079   0.000038836466   0.000437546856
    1    2  0.0000  0.0000  0.0150
  0.001311401719   0.000632294557  -0.019842912306
 -0.000053079588  -0.000025592413   0.000877650236
 -0.001366905551  -0.000659055824   0.001511973322
 -0.001089455804  -0.000525282959   0.005318186176
  0.000425564884   0.000205186829  -0.000313963139
  0.000286005779   0.000137898170   0.012397689901
 -0.000329365459  -0.000158804113   0.000197885653
  0.000815834020   0.000393355753  -0.000146509843
    3    1  0.0150  0.0000  0.0000
  0.002985658199  -0.000234809313  -0.002072864446
  0.008313712463   0.001247992884  -0.001827720775
 -0.055969946277  -0.011107242389   0.001484017280
  0.012096384626   0.002955707499   0.027325827178
  0.004076493784  -0.002847303036  -0.013582780580
  0.013384814650   0.002015932576  -0.006780290792
  0.008763536044  -0.002486754855  -0.001556233465
  0.006349346512   0.010456476633  -0.002989954399
    3    2  0.0000  0.0000  0.0150
 -0.002501392546  -0.001206050647   0.002326737255
 -0.000147522325  -0.000071128139   0.006097506138
 -0.000982475397  -0.000473702175  -0.150642704954
  0.027654837326   0.013333826600  -0.000676726185
  0.004567780647   0.002202363166   0.008168780470
 -0.011920965925  -0.005747713887   0.008166101698
 -0.007315668817  -0.003527262096   0.107478273170
 -0.009354592964  -0.004510332823   0.019082032407
    5    1  0.0150  0.0000  0.0000
  0.006303187617  -0.016472609636   0.000178599990
  0.001134029465   0.000422089365  -0.000587901847
  0.003224849753  -0.002252238397   0.004785547376
  0.008251295750  -0.001694751316  -0.006998127668
 -0.051911481572   0.005439737932   0.005780438593
  0.015272776396   0.004775846954   0.000104199135
  0.011682622262   0.005489499629  -0.009206965194
  0.006042720328   0.004292425470   0.005944209613
    5    2  0.0000  0.0000  0.0150
  0.000082103677   0.000039586427  -0.000736434320
 -0.000189998743  -0.000091608215  -0.000294437644
 -0.013176362634  -0.006353005535   0.006896517236
 -0.001261983275  -0.000608467371   0.106319116275
  0.007256012550   0.003498498726  -0.121104722996
  0.009539592311   0.004599530571   0.008466086355
 -0.009367972260  -0.004516783673   0.001724166351
  0.007118608374   0.003432249070  -0.001270291257
    6    1  0.0150  0.0000  0.0000
  0.001342364923  -0.000289343022   0.000208294671
  0.000948434071   0.000220237221   0.000710383811
  0.013440768877   0.002900040611  -0.011641123971
  0.006586126629   0.011488537078  -0.009103804848
  0.015894322837   0.004925998998   0.009983637000
 -0.058810281485  -0.028831510538   0.001478351682
  0.006676770012   0.004473380118   0.007553322880
  0.013921494136   0.005112659534   0.000810938775
    6    2  0.0000  0.0000  0.0150
 -0.000441391721  -0.000212817765   0.012999217843
  0.000520256941   0.000250842764   0.000563934613
 -0.005932134996  -0.002860188924   0.008090282451
 -0.002043205540  -0.000985135007   0.019093468857
  0.000446329869   0.000215198701   0.009723306844
  0.000210750742   0.000101613827  -0.050641513926
  0.006229723199   0.003003671579  -0.000038365076
  0.001009671506   0.000486814825   0.000209668394
