4126123.4524333216
3728871.6973551204
3383112.84334774
3050710.7959323484
2765458.5370618333
2506553.481101472
2282440.012483818
2077115.5400032736
1903052.038406238
1740000.5442680912
1592179.1702990707
1467423.498606896
1352283.6859393492
1254542.5757681206
1166323.6161692832
1078067.0520589587
1010555.4053379064
946997.2563820335
889313.5856539274
836776.7318789484
787573.9685041318
739468.7999354732
702008.5096572919
665539.6431846408
633087.8712443977
601514.102210965
577510.2580649798
547320.1564105789
525976.0970258892
506084.6799246025
486597.8854494828
467462.85282829753
450110.8570856313
438636.8806548924
425314.93360900896
411999.21866122144
398737.0043467971
387876.36472520477
377702.4804803035
367261.15820453153
358116.0043271466
349632.21500645345
339085.92076176696
330068.09134178277
321950.5428435668
315228.936347961
307831.25773150986
301379.3493275711
295086.1002425958
287857.63098087796
283056.15699049114
277174.0211624858
272806.99863932736
266934.40020704037
261812.2834215972
257595.5894967815
254617.61392742625
249044.16932085203
246111.35368445594
241824.77423834626
238636.22320665524
236148.6493608668
232339.15444796495
229357.8022889277
226413.97801057185
223810.00393896736
221431.1005197292
218492.779744733
215447.7724284975
213014.45472282392
210629.78683338332
207988.68889785226
206207.6291108484
203870.65854426473
201920.31509543417
199226.29969406498
197058.3083139808
194650.07687083428
192658.20800522016
190736.98223546258
189115.06015778607
187843.3767656764
185484.32179689972
184040.88773254788
182908.49181515726
181122.17955813563
180086.39631640314
178732.48615180817
176981.33500949753
176195.7305650502
175145.70638985425
174153.52284325042
172945.71104248922
171383.31139377065
169873.87071245187
168304.64784061338
166874.2894611443
165348.48202303846
164309.76864706786
163248.03299010356
162511.71193065186
161397.987033107
160193.6547866402
158995.9867716034
158342.59291640128
157514.1745838077
156996.99102095852
156764.4769817163
156386.1315857394
155945.67765517085
154755.1775019035
154043.93598722958
153588.95883680077
153053.20840740128
152293.14216396812
151786.60471367388
151451.7220952555
150912.33862392826
150230.53371119447
149715.03298765092
149542.95828089444
149309.8084288107
148635.49054720512
148014.61177317938
147398.66769998494
147056.78623483452
146466.82093403948
146013.5784997883
145837.06323220595
145571.34486469385
145310.2145191849
145059.76872640636
144555.03695004364
144353.04654882653
144172.21148267406
143926.371836541
143749.15242359016
143441.20240954036
143123.7434469973
142806.63803868304
142653.52702757908
142303.06401456974
142180.06592637504
141978.46232580813
141822.0094214448
141506.85442480425
141055.586315396
140889.94765888856
140508.16509892943
140125.51455910198
139740.88061705674
139370.42039695053
139104.58714331943
138860.6779960342
138647.63986356542
138368.10183174768
137859.9124228284
137505.12313859153
137397.05858234834
137184.83497082212
137081.2247129231
136843.21560137242
136728.51176516528
136435.71102626988
136111.96530594333
135823.58838370134
135699.31712204282
135413.03067243937
135213.23210894677
134991.29317813177
134635.351587356
134408.83008819315
134304.20648080594
134092.92508594858
133837.40976666106
133695.5180012901
133566.82603741344
133365.36940670665
133252.52655607177
133194.90578328405
133027.98190061637
132969.38051427272
132939.76933283714
132719.94359676776
132665.96029842296
132629.69207943865
132517.20041198528
132436.26966902718
132252.92925441306
132048.19972304668
131916.98092705675
131710.4274864368
131601.3148851567
131488.1014871179
131309.8213702054
131235.3799604699
130995.25449150738
130835.32017635851
130680.25295424697
130611.49895753048
130562.34055279892
130313.34323326583
130258.12997106128
130246.15234295884
130184.97481072927
130101.94112032156
130021.17573340645
129978.82482096353
129930.62942429654
129751.55353486791
129718.03243281797
129595.43834274853
129546.74992048556
129479.96205893297
129402.2882523982
129311.35658924248
129180.1289821484
129152.66438967414
129126.04426309855
129080.55343069935
128918.16232152426
128850.79956718517
128826.826715264
128768.93771899506
128712.70664063205
128645.74616736207
128592.47522579903
128535.55780702496
128421.44262862543
128390.81657176079
128384.87026124675
128252.76979181067
128199.5521737505
128137.54943857991
128089.46579217754
127984.61984857559
127873.94876122827
127762.09864967418
127715.17938449925
127517.81085576554
127452.87544389084
127360.47625637276
127318.34184846075
127299.0130044576
127197.16011286093
127153.30954842229
127016.78861768692
127010.15709316908
126840.13233710502
126813.3269449525
126718.7711815664
126588.5653281942
126570.1289007123
126522.47473698643
126490.73438583987
126452.94214868815
126408.96384022327
126387.18616724286
126374.84384101747
126325.67980467077
126300.86250348634
126272.98934696044
126190.14582297934
126121.12623664591
126109.4327862063
126023.71628734295
125985.05909789162
125921.3149656162
125850.38238137332
125768.40309467599
125737.32683014017
125726.77438513609
125623.84243492315
125585.10696319793
125556.45275981624
125542.44505689839
125498.37695605117
125475.92427020942
125398.59215195442
125362.96470443803
125339.37159201619
125291.52873716492
125231.46955465071
125183.72872736522
125100.51700211133
125056.70937610806
125054.59899848304
125001.75710219773
