4223222.34192644
3807548.291384462
3430570.2495548627
3106215.049689791
2832419.4829569645
2582899.1291869027
2351510.083370693
2152290.3866607305
1970347.8967803207
1812716.2047616332
1663096.7537633942
1528767.2116410132
1421109.840374034
1304352.2670527273
1210964.9726572107
1123017.5915669957
1056631.358299234
985421.6630785665
919837.2459272589
865195.2094495371
817743.9309601972
772532.4633470307
728942.6154367155
693835.191441119
655254.7552498714
623235.4867993814
597466.2284153805
572458.6158424795
546748.0735154345
524335.8903846359
499749.74466744025
483653.8619480224
462898.5593965984
448469.2601938069
431273.6416435529
419653.4683074587
403051.47755699814
391089.49040188186
380894.810053415
370880.8550377046
361363.00099481083
352200.07542663236
344233.6441907981
336221.81067923846
327510.5301374676
322070.4142009
314166.3596202257
306581.4269449793
299429.45471320476
294198.43376206624
288696.39833822916
284019.7770323722
279598.41941272304
273316.37720637815
269208.2650131405
264871.24926901684
259850.01519897569
254856.46830894845
249746.7386893841
245954.50957212696
242790.17469707708
238702.4029608484
234422.30869058648
230721.78253301687
227989.38881178392
224991.78692459638
221512.77992732418
218001.874284459
215094.34834072826
212436.0202858234
210335.82608677036
208069.29051196264
205757.75439540314
204116.57619442575
202123.08283273998
200032.97956386165
197577.88315318298
194789.2790209951
192105.65451492925
190570.14681606257
188866.14589507817
186966.68416405702
185152.5752138739
183342.6275783353
181374.25633479698
180447.0599392217
179205.1006593281
178534.30224163173
177702.11440167867
176687.3121076561
175143.54110067716
173857.8362914761
173245.6107168892
172262.44132224697
171122.42789721466
169608.4123054494
168329.1465256116
167798.0235890028
166989.64845651633
165684.67935303113
164682.8442885403
163679.82549359222
163129.31099545286
162319.38962088362
161742.92573960975
161194.08825499518
160219.9264113265
159728.6883587
159256.34951956393
158555.78193554864
157934.19725449232
157251.631267765
156564.7167343307
155680.63208194126
154913.01761108442
154527.94173722956
154051.70979621273
153373.175177771
153097.15520672497
152658.80671435536
152271.52684620547
151421.44228800715
150910.83570113586
150144.71391414147
149975.90809186647
149647.84182177938
148994.30706348957
148589.17745784868
148330.2992185576
148131.40305281366
147785.57338293578
147499.37062832562
147128.07107733097
146790.5207729904
146321.83166388102
145898.78742426616
145741.64025596186
145199.37428058183
144775.74890082603
144403.45756886687
143978.15748563205
143721.01356436475
143383.3518098683
142872.5709855752
142500.78872598798
142041.62229857064
141703.0438426687
141569.76617547113
141396.54824422536
141136.18654229696
140914.30030015958
140562.66177828878
140465.71829760596
140240.95747528056
140053.5995284046
139865.19682381302
139615.6239478034
139380.5817899152
139184.49050323054
138981.256274626
138733.07561593637
138621.2870864654
138468.8391040709
138401.70631132642
138326.9917558299
138053.74751265376
137653.92987159686
137470.51686115083
137351.10862620152
137192.3901652944
137036.74337767737
136769.8657543611
136467.10515817575
136290.80317327887
136230.90556523018
136095.4644477687
135980.69889498138
135777.38439612402
135548.2983097147
135453.89776281253
135346.8948564615
135161.66264254547
135112.00250511672
134998.70854182733
134951.906661459
134748.5807524468
134474.34951748987
134359.8275804932
134198.37402963132
134018.85718648118
133785.52646686687
133580.6681488379
133379.5054745757
133224.64209976423
133074.2724262402
133004.41085586583
132758.41023563704
132697.27594694128
132616.5964948769
132357.16337769112
132306.250038349
132230.2818873598
132086.41947154506
132058.81980479995
131908.6980049805
131828.05422928388
131574.82685516053
131511.78346014363
131463.6163641322
131345.70657979636
131189.32282967895
131100.14465546433
130895.13650182795
130801.66777432559
130670.41425707452
130583.11645557046
130376.82418404454
130334.12198147405
130260.77475971486
130186.51746181853
130153.74492675468
130117.62106422792
129974.00857964788
129789.92092811494
129581.75899143101
129554.14129448417
129454.39263708805
129324.18163407344
129228.1327902673
129208.27033452087
129159.87172502428
129145.31099487828
129079.76668422994
128881.85516547684
128789.76088682096
128721.1780740513
128623.38512717096
128565.7135458095
128504.0881083527
128434.4570778042
128326.92584686646
128278.12882301037
128139.28318122603
128001.80820051947
127828.83478569475
127617.52324329704
127567.86324289977
127457.61045056232
127419.96191734727
127365.42963217077
127280.26161949175
127169.00387234814
127094.33383202244
127090.57111005513
127060.35225771548
127017.2107510701
127014.81234845144
126995.62024883924
126936.05259567413
126898.94962840888
126891.17226717705
126815.62946731049
126815.62946731049
126796.00027147688
126745.09242378184
126694.87080213876
126605.52350247801
126424.1233470673
126415.21139559784
126357.97757791792
126254.70085867532
126156.94114300738
126140.15274458198
126070.95092919996
125986.20790571946
125877.72429556047
125858.07864665028
125801.93251148773
125792.31141340769
125606.51710464263
125562.18253420516
125503.43793517441
125495.82321678603
125466.00944811018
125372.90417981954
125343.93518170055
125333.77607285712
125105.55874053453
125086.90972289158
125012.18902312039
124774.58187498446
124713.09839538875
124618.57209076479
124608.27431529303
124601.40116551763
124555.2142451705
124555.02936610271
124526.8887615172
124522.9037597604
124455.99332405586
124351.98307140634
124290.41910263227
124268.37853198522
124208.72169205919
124156.66553093685
124120.54873255023
124087.48993425076
124043.18997297135
124018.1409160519
123979.02102175367
123947.69292453263
123940.89823776143
123901.3766327448
123860.44354930411
123832.51411353178
123832.78006055865
123779.14170456261
123736.24047796357
123705.41099947553
123705.41099947553
123705.2927033319
123652.19991354723
123641.60428367121
123575.56139162651
123528.44244568999
123490.27078593776
123487.31276043749
123473.02127283183
123392.27198953793
123325.7469289219
123325.7469289219
123306.58506767047
123256.02986734074
123235.05470439424
123192.67637505682
123184.97714545611
123184.97714545611
123184.97714545611
123116.57854454315
123090.99291017433
123072.68803238758
123030.68862919293
123029.92851623298
122971.18409865501
122971.18409865501
122962.19027831504
122957.62903256212
122957.62903256212
122878.54928270489
122878.28333567802
122852.50443453444
122779.2842925325
122749.61652476873
122743.58733749227
122733.55272068977
122709.53540721661
122706.09465679733
122675.65422669926
122617.2130290749
122566.03342513822
122566.03342513822
122566.03342513822
122550.24760334296
122550.24760334296
122550.24760334296
122528.97697612323
122520.5991778824
122517.89423487545
122488.78707873766
122414.9652897264
122408.33986063456
122378.00739372801
122379.24346493617
122375.50321619655
122375.50321619655
122374.81445149856
122375.08039852543
122337.587362594
122297.70169249357
122211.24539691396
122170.60398697547
122170.60398697547
122166.92530851398
122157.40398208416
122157.40398208416
122112.13453833753
122077.9505711912
122076.12875550662
122071.6154531007
122071.07168315364
122066.42354463453
122058.07715435882
122058.07715435882
121992.08269563355
121985.8167837729
121979.15106684947
121979.15106684947
121964.5373060916
121957.46477025494
121955.54442522014
121941.73044128637
121886.49029896274
121833.37130354266
121800.69328628431
121800.69328628431
121799.71797528816
121799.71797528816
121760.79348371744
121718.0143675477
121708.50890233487
121708.94275537341
121673.25571597155
121633.50675931523
121572.3413427721
121527.9542306165
121507.20117510148
121486.19593532286
121481.6515515388
121475.47562199342
121468.32087433347
121422.90548794714
121400.03851594863
121388.11598515582
121387.20045293355
121387.20045293355
121386.8294793343
121298.73473777896
121254.15544852658
121252.43096763028
121227.23600021322
121220.9907940309
121213.87892934403
121205.94220404887
121203.57434482317
121200.7253852995
121183.92746307963
121182.83095525234
121137.6481453435
121115.18079312518
121057.79220272077
121057.54963472039
121027.36133278342
121008.05260769108
120967.50110548022
120952.7928893996
120946.85253083208
120946.85253083208
120945.32726830346
120945.32726830346
120941.41113551472
120941.41113551472
120904.77416691976
120898.19752276698
120882.30256521748
120858.53973653585
120851.10480076185
120835.29852887953
120821.71518637953
120821.71518637953
120797.76002248202
120797.02460360009
120798.12823397608
120793.21298600858
120791.4619486423
120779.17099986412
120773.77341566046
120760.54719869158
120734.03661317742
120734.03661317742
120731.96842607725
120712.41588153534
120678.18122696188
120678.18122696188
120662.94369596851
120657.79421490431
120657.79421490431
120657.79421490431
120657.79421490431
120639.76339929273
120633.75053858274
120633.75053858274
120618.12764819388
120604.78303724978
120595.33058455051
120594.26055578815
120545.44360459565
120543.89137313576
120533.90466206297
120533.90466206297
120533.90466206297
120533.62135326864
120518.67087737414
120499.35758978996
120479.03738114671
120478.9559333294
120459.71672005592
120457.44415693458
120438.3335343269
120438.06943140604
120438.06943140604
120438.06943140604
120393.89710453138
120393.89710453138
120393.89710453138
120393.89710453138
120389.2102693763
120389.2102693763
120384.6785824243
120383.36682558514
120311.80440339354
120309.95390187766
120264.9079044007
120249.09987193614
120232.52455922632
120229.16353245616
120229.16353245616
120200.55309229418
120193.24277375915
120189.420043167
120182.96843982892
120177.10291534671
120174.82917942143
120174.82917942143
120158.82954478759
120158.82954478759
120124.32584878514
120118.85934156625
120118.85934156625
120095.4539305922
120094.12920221705
120094.12920221705
120094.12920221705
120092.42891131103
120075.3185474163
120075.05260038945
120035.19298874497
120022.47052200612
120022.12224782133
120022.48988594249
119946.39263668658
119945.90373450838
119945.90373450838
119926.77816640711
119926.77816640711
119920.79308079008
119920.79308079008
119920.79308079008
119920.79308079008
119915.7442986858
119911.14694560217
119911.14694560217
119911.54303645343
119911.54303645343
119911.54303645343
119911.54303645343
119911.54303645343
119909.17721298884
119894.65870573596
119894.65870573596
119855.54314184454
119855.54314184454
119854.30414049195
119854.30414049195
119853.06140965488
119853.06140965488
119852.79546262801
119830.42515768443
119830.42515768443
119830.34317221562
119826.6868472893
119812.01450068699
119810.897832674
119802.50385168342
119802.50385168342
119802.3563825714
119801.37218778669
119800.81582480631
119800.44977095255
119782.74606213643
119760.5933383049
119745.0070747145
119743.30547366769
119743.30547366769
119733.96758159177
119734.23352861864
119648.2457473528
119645.92115166326
119644.46886805247
119644.46886805247
119627.32026326374
119627.32026326374
119618.22730619325
119607.13731768794
119607.13731768794
119606.2418295767
119606.2418295767
119600.99069586543
119577.20518161485
119577.20518161485
119570.95450474248
119555.28695139059
119555.28695139059
119554.12964866229
119546.79922544087
119547.06517246776
119543.75563607682
119543.75563607682
119475.22093964941
119475.22093964941
119475.22093964941
119453.41685697247
119453.41685697247
119452.76464286658
119452.76464286658
119450.1967941483
119448.02927619306
119439.81510806928
119439.81510806928
119432.56305241678
119428.77940152975
119397.76878694468
119397.76878694468
119397.76878694468
119397.76878694468
119397.54870355668
119397.54870355668
119397.54870355668
119346.75102287601
119320.02795910527
119285.14672737822
119285.14672737822
119285.14672737822
119285.14672737822
119285.14672737822
119284.85489894765
119285.8928386509
119285.8928386509
119285.8928386509
119285.8928386509
119285.8928386509
119281.06541414699
119278.33244894759
119278.33244894759
119278.33244894759
119274.31001974702
119274.31001974702
119255.92279336418
119246.7488105665
119246.11251665585
119247.49176364028
119247.49176364028
119237.27727155034
119231.38246102682
119196.08923549316
119196.08923549316
119176.41618208481
119176.68212911166
119176.68212911166
119147.92065565826
119147.92065565826
119147.92065565826
119134.19018521585
119134.19018521585
119134.19018521585
119133.92423818899
119134.41314036719
119134.41314036719
119134.1310059979
119112.5091323027
119110.54725057396
119110.54725057396
119069.35233931054
119069.35233931054
119069.35233931054
119069.28677004151
119067.71276175563
119068.34230284
119065.49424727369
119060.75264009874
119058.49818692348
119060.013485724
119048.45649718118
119041.74790431105
119039.22251552975
119036.97304324844
119039.2855860311
119039.35115530013
119038.74832611954
119038.74832611954
119038.68275685053
118993.09927745322
118993.09927745322
118993.16484672224
118993.37114232311
118993.37114232311
118993.37114232311
118978.55267187985
118978.34637627899
118946.84866398788
118940.45524701328
118925.66185874835
118925.66323154228
118925.66323154228
118924.61560813553
118924.61560813553
118924.61560813553
118924.6142353416
118924.6142353416
118924.88018236846
118924.88155516238
118924.88155516238
118924.88155516238
118924.88155516238
118894.47570115258
118894.47570115258
118894.47570115258
118894.47570115258
118894.47570115258
118895.07853033315
118895.07853033315
118895.07853033315
118882.49532699442
118882.00642481621
118882.12653524082
118852.50022343246
118852.67646000918
118852.67646000918
118852.96578886232
118852.85171882209
118852.85171882209
118849.37369373653
118849.37369373653
118849.37369373653
118848.19157584963
118848.19157584963
118848.02866426323
118848.02866426323
118828.76912105322
118828.76912105322
118828.76912105322
118827.77287064618
118827.77287064618
118827.77287064618
118756.14652126361
118756.14652126361
118756.026410839
118756.026410839
118756.026410839
118756.026410839
118747.16503483517
118747.16503483517
118747.31564529249
118747.31564529249
118747.42971533274
118747.42971533274
118747.42971533274
118747.25347875603
118747.25347875603
118747.25347875603
118747.25347875603
118747.10286829871
118747.10286829871
118747.10286829871
118747.25347875603
118733.54650311921
118733.54650311921
118730.94858505866
118730.94858505866
118731.21453208552
118729.52504882042
118729.52504882042
118729.52504882042
118729.52504882042
118729.52504882042
118729.68796040682
118729.68796040682
118729.68796040682
118729.68796040682
118719.9799791013
118719.71403207444
118719.71403207444
118719.18763184
118688.58347424235
118688.90875508191
118688.00131057281
118688.00131057281
118688.00131057281
118688.00131057281
118688.00131057281
118688.00131057281
118644.77822984052
118644.77822984052
118632.72073981116
118632.89697638788
118631.76786438913
118631.76786438913
118616.12426186907
118616.12426186907
118616.12426186907
118616.12426186907
118616.86189777311
118602.70453168754
118603.75699017609
118604.96581030115
118604.96581030115
118598.28542649359
118598.28542649359
118598.28542649359
118598.28542649359
118597.71189746232
118597.71189746232
118597.71189746232
118597.71189746232
118597.71189746232
118595.96700312136
118594.7383080561
118594.60895746597
118587.3589753535
118586.98963128656
118586.45648470071
118586.45648470071
118586.19053767386
118586.19053767386
118586.19053767386
118586.19053767386
118586.19053767386
118586.19053767386
118579.61689998326
118577.09941220217
118577.1067122392
118577.1067122392
118570.69355987894
118551.13022679213
118551.13022679213
118551.13022679213
118542.506464807
118542.506464807
118542.506464807
118542.506464807
118542.506464807
118542.506464807
118542.77241183387
118542.77241183387
118542.77241183387
118542.77241183387
118516.38541900928
118516.38541900928
118512.38526870249
118512.38526870249
118512.38526870249
118504.71848534457
118504.71848534457
118504.71848534457
118504.71711255066
118504.71711255066
118498.07791214235
118492.3618948546
118492.3618948546
118492.3618948546
118492.3618948546
118492.3618948546
118491.13457258325
118492.61126230336
118492.61126230336
118483.75429138975
118482.22699682656
118483.08756355286
118483.08756355286
118483.06986148455
118481.15939780095
118481.15939780095
118481.15939780095
118473.45389895735
118473.45389895735
118466.72376531264
118466.72239251871
118466.72239251871
118466.72239251871
118466.72239251871
118466.72239251871
118466.72239251871
118466.72239251871
118466.72239251871
118466.72239251871
118436.19049553006
118436.19049553006
118435.32992880375
118435.34763087207
118435.34763087207
118435.34763087207
118435.34763087207
118435.34763087207
118429.5804145276
118429.31446750075
118429.31446750075
118429.31446750075
118429.31446750075
118429.31446750075
118429.31446750075
118429.13122257838
118428.99915982231
118425.04704475886
118425.04704475886
118387.35991679595
118387.35991679595
118387.35991679595
118387.35854400203
118387.02082815138
118386.203228856
118387.02082815138
118387.02082815138
118383.81742410155
118383.81742410155
118384.3723423402
118384.3723423402
118384.3723423402
118385.106734773
118385.106734773
118383.7674263364
118383.21577406788
118383.21577406788
118383.21577406788
118383.21577406788
118382.94982704101
118382.94982704101
118382.94982704101
118382.94982704101
118382.94982704101
118382.94982704101
118382.94982704101
118382.94982704101
118382.94982704101
118382.94982704101
118382.94982704101
118382.99569067985
118382.99569067985
118382.99569067985
118382.99569067985
118383.21577406788
118374.76695526618
118375.79575792019
118375.79575792019
118375.73665855192
118340.03243598335
118340.03243598335
118340.03243598335
118340.03243598335
118340.03243598335
118329.38214372405
118329.38214372405
118324.54504014557
118324.54504014557
118316.69569931658
118298.47939430257
118264.31107036016
118264.31107036016
118262.9159166466
118264.16566112754
118264.16566112754
118264.16566112754
118256.12929851719
118256.12929851719
118256.12929851719
118256.12929851719
118256.12929851719
118256.12929851719
118256.12929851719
118256.12929851719
118256.12929851719
118254.86552884008
118253.4478575108
118253.4478575108
118248.7173168961
118248.7173168961
118247.44026188675
118247.44026188675
118247.44026188675
118249.12974515183
118209.52982923941
118209.52982923941
118209.52982923941
118209.79577626628
118207.71432798024
118207.71432798024
118207.71432798024
118207.71432798024
118207.44838095337
118207.44838095337
118206.92691452877
118208.05854235403
118208.05854235403
118207.53707592943
118207.53707592943
118207.53707592943
118207.53707592943
118207.53707592943
118207.58293956828
118207.58293956828
118207.58293956828
118207.58293956828
118207.58293956828
118207.58293956828
118207.58293956828
118207.58293956828
118207.58293956828
118207.58293956828
118208.46502636536
118208.46502636536
118208.46502636536
118209.07796738809
118209.07796738809
118209.07796738809
118207.84368360147
118207.84368360147
118207.84368360147
118207.84368360147
118207.84368360147
118207.84368360147
118207.84368360147
118207.84368360147
118207.5777365746
118207.53187293575
118207.53187293575
118192.20156716924
118192.20156716924
118187.82946954579
118187.82946954579
118187.82946954579
118187.82946954579
118187.82946954579
118188.3509359704
118188.3509359704
118187.82946954579
118187.87533318464
118169.19933775147
118169.19933775147
118169.19933775147
118169.19933775147
118169.19933775147
118169.19933775147
118169.19933775147
118169.98955249194
118169.19933775147
118169.19933775147
118154.17878925608
118154.17878925608
118154.17878925608
118136.3646503899
118130.69098548245
118130.95693250932
118130.95693250932
118130.95693250932
118129.65599622598
118129.8773379947
118129.8773379947
118129.8773379947
118129.8773379947
118129.8773379947
118111.0207201363
118111.0207201363
118111.0207201363
118111.0207201363
118111.0207201363
118110.75477310945
118110.75477310945
118110.75477310945
118110.75477310945
118110.75477310945
118110.75477310945
118110.75477310945
118110.75477310945
118110.75477310945
118110.75477310945
118110.75477310945
118110.75477310945
118110.75477310945
118110.75477310945
118110.75477310945
118110.75477310945
118110.75477310945
118110.75477310945
118110.75477310945
118110.75477310945
118112.44425637453
118112.44425637453
118112.44425637453
118112.44425637453
118112.44425637453
118112.44425637453
118113.3263431716
118113.3263431716
118113.80439840772
118113.80439840772
118113.80439840772
118113.80439840772
118112.92231161066
118103.33711297237
118103.33711297237
118103.33711297237
118103.33711297237
118103.33711297237
118103.33711297237
118103.60305999921
118103.33711297237
118103.33711297237
118103.33711297237
118103.33711297237
118101.64762970727
118101.75416439734
118101.75416439734
118101.75416439734
118101.75416439734
118101.75416439734
118101.75416439734
118101.75416439734
118101.75416439734
118101.27610916123
118100.16711221606
118100.16711221606
118100.16711221606
118100.43305924292
118099.95027778417
118099.95027778417
118099.95027778417
118099.95027778417
118099.95027778417
118099.95027778417
118099.95027778417
118099.95027778417
118099.95027778417
118099.95027778417
118099.95027778417
118099.95027778417
118099.68433075731
118099.68433075731
118099.95027778417
118099.95027778417
118099.95027778417
118099.95027778417
118099.95027778417
118099.95027778417
118099.95027778417
118099.95027778417
118099.95027778417
118099.95027778417
118099.09761301198
118099.09761301198
118099.09761301198
118099.09761301198
118099.09761301198
118098.83166598513
118099.69223271144
118099.69223271144
118099.69223271144
118099.69223271144
118099.69223271144
118099.69223271144
118099.69223271144
118099.95817973829
118099.95817973829
118099.95817973829
118099.95817973829
118100.81084451047
118100.81084451047
118100.81084451047
118102.82877089243
118102.82877089243
118102.95343153816
118100.5448974836
118100.5448974836
118100.5448974836
118098.05150187394
118098.05150187394
118098.05150187394
118098.05150187394
118098.05150187394
118098.05150187394
118098.05150187394
118098.05150187394
118098.31744890082
118098.4196302129
118098.4196302129
118098.4196302129
118099.22690594727
118099.22690594727
118099.22690594727
118097.99821088201
118097.19093514764
118098.70623394815
118098.70623394815
118098.70623394815
118098.70623394815
118098.70623394815
118098.70623394815
118098.70623394815
118098.70623394815
118098.70623394815
118098.70623394815
118098.70623394815
118098.70623394815
118098.70623394815
118099.18901540691
118099.45496243375
118099.45496243375
118099.45496243375
118099.45496243375
118099.45496243375
118099.45496243375
118098.97218097499
118098.97218097499
118098.97218097499
118098.97218097499
118099.45496243375
118099.45496243375
118099.45496243375
118099.45496243375
118097.93966363322
118097.93966363322
118097.6737166064
118097.6737166064
118097.6737166064
118097.6737166064
118097.6737166064
118097.6737166064
118097.6737166064
118097.6737166064
118097.6737166064
118097.6737166064
118097.6737166064
118097.6737166064
118097.6737166064
118097.6737166064
118099.33853327081
118099.33853327081
118099.33853327081
118099.33853327081
118099.33853327081
118097.6737166064
118097.6737166064
118098.97465288971
118098.97465288971
118098.97465288971
118098.97465288971
118097.85822607111
118097.85822607111
118097.85822607111
118097.37544461236
118097.37544461236
118097.37544461236
118097.37544461236
118097.37544461236
118097.37544461236
118097.37544461236
118097.37544461236
118097.37544461236
118097.37544461236
118097.37544461236
118097.37544461236
118097.37544461236
118097.37544461236
118097.37544461236
118098.85213433247
118098.85213433247
118098.85213433247
118098.85213433247
118098.85213433247
118098.85213433247
118098.85213433247
118098.85213433247
118098.85213433247
118098.85213433247
118098.85213433247
118098.85213433247
118098.85213433247
118099.11808135931
118099.11808135931
118099.11808135931
118099.11808135931
118099.11808135931
118099.11808135931
118098.85213433247
118098.85213433247
118099.96113127763
118099.96113127763
118099.96113127763
118099.96113127763
118099.96113127763
118099.96113127763
118099.96113127763
118099.96113127763
118099.10846650544
118099.10846650544
118099.10846650544
118099.10846650544
118099.10846650544
118099.10846650544
118099.10846650544
118100.80012135084
118100.80012135084
118100.61687642847
118100.61687642847
118100.61687642847
118100.61687642847
118100.61687642847
118100.61687642847
118100.61687642847
118100.61687642847
118100.61687642847
118099.02509802455
118099.02509802455
118099.02509802455
118099.50787948331
118099.50787948331
118099.50787948331
118099.50787948331
118094.88240605197
118094.88240605197
118094.88240605197
118094.88240605197
118097.13685922723
118097.13685922723
118097.13685922723
118097.13685922723
118097.13685922723
118097.13685922722
118097.13685922722
118097.13685922722
118097.0670665416
118097.0670665416
118097.0670665416
118097.0670665416
118097.0670665416
118097.0670665416
118097.92537262102
118097.92537262102
118098.11321475694
118098.11321475694
118098.11321475694
118098.11321475694
118098.11321475694
118098.11321475694
118098.11321475694
118097.4209200756
118101.43617306266
118101.43617306266
118101.43617306266
118101.43617306266
118101.43617306266
118101.70212008951
118101.43617306266
118101.43617306266
118101.43617306266
118101.43617306266
118101.43617306266
118101.70212008951
118098.95821589988
118096.67222559077
118096.67222559077
118074.60193874425
118074.60193874425
118074.67173142987
118074.67173142987
118074.67173142987
118065.71579851054
118065.71579851054
118065.71579851054
118065.71579851054
118065.71579851054
118065.71579851054
118065.71579851054
118065.71579851054
118065.71579851054
118065.71579851054
118065.71579851054
118060.91589752802
118060.91589752802
118060.91589752802
118060.91589752802
118060.91589752802
118060.91589752802
118060.91589752802
118060.91589752802
118061.91742959953
118061.91742959953
118061.91742959953
118061.91742959953
118052.76147539352
118052.76147539352
118052.76147539352
118052.76147539352
118052.76147539352
118052.76147539352
118052.71561175465
118052.71561175465
118052.71561175465
118052.71561175465
118052.71561175465
118052.71561175465
118052.71561175465
118052.71561175465
118052.44966472781
118052.44966472781
118052.44966472781
118052.44966472781
118052.44966472781
118052.44966472781
118052.44966472781
118052.44966472781
118052.44966472781
118052.44966472781
118052.44966472781
118052.44966472781
118052.44966472781
118052.44966472781
118052.44966472781
118052.71561175468
118052.71561175468
118052.44966472781
118052.44966472781
118052.44966472781
118051.55817953605
118051.55817953605
118051.55817953605
118051.55817953605
118052.36545527042
118052.36545527042
118052.36545527042
118052.36545527042
118052.36545527042
118052.36545527042
118052.36545527042
118052.36545527042
118052.36545527042
118052.36545527042
118052.36545527042
118052.36545527042
118052.36545527042
118052.36545527042
118052.36545527042
118052.36545527042
118052.6314022973
118052.6314022973
118052.6314022973
118052.36545527044
118052.36545527044
118052.36545527044
118052.36545527044
118052.36545527044
118052.36545527044
118052.36545527044
118052.36545527044
118052.6314022973
118052.6314022973
118052.6314022973
118052.6314022973
118052.6314022973
118052.6314022973
118052.6314022973
118052.6314022973
118052.6314022973
118052.6314022973
118052.6314022973
118052.6314022973
118052.6314022973
118052.6314022973
118052.6314022973
118052.6314022973
118052.6314022973
118052.6314022973
118052.6314022973
118052.6314022973
118052.6314022973
118052.36545527042
118052.36545527042
118052.6314022973
118052.6314022973
118052.6314022973
118052.6314022973
118052.6314022973
118052.6314022973
118052.6314022973
118052.6314022973
118052.36545527044
118052.36545527044
118052.36545527044
118052.36545527044
118052.36545527044
118052.36545527044
118052.36545527044
118052.36545527044
118052.36545527044
118055.61627868729
118055.61627868729
118055.61627868729
118055.61627868729
118055.61627868729
118055.61627868729
118055.61627868729
118055.928089353
118055.928089353
118055.928089353
118055.928089353
118055.928089353
118055.928089353
118055.928089353
118055.928089353
118055.928089353
118055.928089353
118055.928089353
118055.93830543247
118055.6723584056
118055.6723584056
118055.60256571998
118055.60256571998
118055.60256571998
118055.60256571998
118055.5923496405
118055.5923496405
118055.5923496405
118055.5923496405
118055.59234964053
118055.66214232614
118055.66214232614
118055.66214232614
118055.66214232614
118055.66214232614
118055.66214232614
118052.41131890929
118052.41131890929
118052.41131890929
118052.41131890929
118052.41131890929
118052.41131890929
118052.41131890929
118052.41131890929
118052.41131890929
118052.41131890929
118053.80236570729
118053.80236570729
118053.80236570729
118054.65503047948
118054.65503047948
118054.65503047948
118054.65503047948
118054.65503047948
118054.65503047948
118054.65503047948
118054.65503047948
118054.65503047948
118054.65503047948
118054.65503047948
118054.65503047948
118054.58523779386
118054.58523779386
118054.65503047948
118054.65503047948
118054.65503047948
118060.22578711438
118060.22578711438
118060.22578711438
118055.65541564015
118055.65541564015
118055.65541564015
118055.65541564015
118055.65541564015
118055.65541564015
118055.65541564015
118055.65541564015
118055.65541564015
118055.65541564015
118055.65541564015
118055.65541564015
118055.65541564015
118055.60955200129
118055.60955200129
118055.60955200129
118055.60955200129
118055.60955200129
118055.53975931568
118055.53975931568
118055.53975931568
118055.60955200129
118055.65541564015
118055.65541564015
118055.65541564015
118055.65541564015
118055.65541564015
118055.65541564015
118055.65541564015
118055.65541564015
118055.65541564015
118055.65541564015
118054.84813990578
118054.84813990578
118054.84813990578
118054.84813990578
118054.84813990578
118056.636348397
118056.636348397
118057.23645471732
118057.23645471732
118056.95557165738
118056.95557165738
118057.22151868422
118057.22151868422
118056.3527424768
118057.6299271276
118057.6299271276
118057.6299271276
118057.6299271276
118057.6299271276
118057.6299271276
118057.6299271276
118057.6299271276
118057.6299271276
118057.58406348874
118056.19301669076
118054.68841411972
118054.68841411972
118055.00022478541
118054.95436114656
118054.95436114656
118056.07078796515
118056.07078796515
118056.07078796515
118056.07078796515
118056.07078796515
118055.21812319296
118055.21812319296
118055.21812319296
118054.95217616612
118054.95217616612
118054.95217616612
118054.95217616612
118054.95217616612
118054.15789354875
118054.15789354875
118054.15789354875
118054.15789354875
118054.15789354875
118054.15789354875
118056.65128915843
118056.65128915843
118056.65128915843
118056.65128915843
118056.65128915843
118056.65128915843
118056.65128915843
118056.69715279728
118056.69715279728
118056.69715279728
118056.69715279728
118056.69715279728
118056.69715279728
118056.69715279728
118056.69715279728
118056.69715279728
118056.69715279728
118057.80614974245
118057.80614974245
118057.80614974245
118057.80614974245
118057.80614974245
118057.80614974245
118057.80614974245
118057.80614974245
118058.60043235982
118058.60043235982
118058.60043235982
118058.60043235982
118056.10703675012
118056.10703675012
118056.10703675012
118056.10703675012
118056.10703675012
118056.10703675012
118051.47312979322
118050.36413284806
118050.36413284806
118050.36413284806
118050.36413284806
118050.36413284806
118050.36413284806
118050.36413284806
118050.36413284806
118050.36413284806
118050.36413284806
118050.36413284806
118050.36413284806
118050.36413284806
118050.36413284806
118050.36413284806
118050.36413284806
118050.63007987491
118050.63007987491
118025.89505751575
118025.89505751575
118025.8491938769
118026.70185864909
118026.70185864909
118025.56252351005
118025.56252351005
118025.56252351005
118025.56252351005
118025.56252351005
118025.56252351005
118025.56252351005
118025.56252351005
118025.56252351005
118025.56252351005
118025.56252351005
118025.56252351005
118025.56252351005
118025.29657648319
118008.83401034953
118008.83401034953
118008.83401034953
118008.87987398838
118007.03271676225
118006.96292407662
118006.96292407662
118006.96292407662
118007.770199811
118007.770199811
118007.770199811
118007.770199811
118007.770199811
118007.770199811
118007.770199811
118007.770199811
118008.88635305266
118008.88635305266
117997.85803086207
117996.35342829104
117996.35342829104
117981.53913180066
117981.38414250135
117981.1181954745
117973.66643164243
117973.66643164243
117953.62822821944
117949.54443269633
117949.54443269633
117949.27848566948
117949.27848566948
117950.99479232088
117950.99479232088
117947.02981866045
117947.02981866045
117946.42698947986
117946.42698947986
117946.42698947986
117946.42698947986
117934.03576486665
117934.03576486665
117934.03576486665
117934.03576486665
117910.19191894197
117880.99436141834
117880.99436141834
117861.19629081823
117855.62663785402
117855.62663785402
117855.62663785402
117855.34303193381
117857.11783556406
117857.38378259091
117857.38378259091
117855.60897896066
117855.60897896066
117855.3430319338
117855.3430319338
117855.3430319338
117855.3430319338
117855.3430319338
117855.60897896066
117855.60897896066
117855.60897896066
117855.60897896066
117855.60897896066
117855.60897896066
117855.60897896066
117855.60897896066
117855.60897896066
117855.60897896066
117844.84857582957
117844.84857582957
117844.80271219072
117844.80271219072
117844.80271219072
117845.40554137129
117845.40554137129
117845.13959434444
117846.86443977847
117846.86443977847
117846.86443977847
117846.86443977847
117846.86443977847
117846.86443977847
117846.86443977847
117846.01177500628
117846.01177500628
117845.52287282806
117846.40495962514
117846.67090665197
117846.67090665197
117846.67090665197
117846.67090665197
117846.67090665197
117846.67090665197
117846.67090665197
117846.67090665197
117846.67090665197
117843.14395662464
117842.8780095978
117842.8780095978
117842.8780095978
117842.8780095978
117842.8780095978
117843.14395662464
117843.14395662464
117843.14395662464
117842.26186982756
117838.73437283898
117840.49560947134
117840.2296624445
117840.2296624445
117820.33170656675
117820.33170656675
117818.5704699344
117818.5704699344
117818.5704699344
117818.5704699344
117818.5704699344
117818.5704699344
117818.5704699344
117818.08156775619
117803.86524380122
117803.86524380122
117803.86524380122
117799.80159481868
117787.78436793799
117787.78436793799
117787.78436793799
117787.78436793799
117787.78436793799
117787.78436793799
117787.78436793799
117787.78436793799
117787.78436793799
117787.78436793799
117787.78436793799
117787.78436793799
117787.78436793799
117787.78436793799
117787.78436793799
117787.78436793799
117787.78436793799
117787.78436793799
117781.3190139323
117781.3190139323
117781.3190139323
117781.3190139323
117781.3190139323
117781.3190139323
117781.3190139323
117781.3190139323
117780.99673874491
117780.99673874491
117780.99673874491
117780.99673874491
117780.99673874491
117780.99673874491
117779.42241682173
117779.42241682173
117779.42241682173
117779.68836384859
117779.68836384859
117779.68836384859
117779.68836384859
117779.68836384859
117779.68836384859
117779.68836384859
117779.68836384859
117779.68836384859
117779.68836384859
117779.98022594974
117779.98022594974
117779.98022594974
117779.98022594974
117779.98022594974
117779.98022594974
117779.68836384859
117779.68836384859
117779.68836384859
117779.68836384859
117777.3229539097
117779.2035984403
117774.17894733412
117774.17894733412
117771.38098018937
117772.8855827604
117772.8855827604
117772.8855827604
117771.96413688213
117771.96413688213
117767.3767857179
117767.3767857179
117767.3767857179
117767.3767857179
117767.3767857179
117767.11083869105
117767.11083869105
117767.11083869105
117767.11083869105
117767.11083869105
117767.0649750522
117767.0649750522
117767.35411429308
117767.62006131992
117767.62006131992
117767.62006131992
117767.62006131992
117767.62006131992
117767.62006131992
117767.62006131992
117768.2076976297
117768.2076976297
117768.25356126855
117768.25356126855
117768.25356126855
117768.25356126855
117768.25356126855
117768.25356126855
117768.25356126855
117768.25356126855
117768.25356126855
117767.9876142417
117767.9876142417
117767.9876142417
117767.9876142417
117767.9876142417
117767.9876142417
117767.9876142417
117767.9876142417
117767.9876142417
117767.9876142417
117769.71245967573
117769.71245967573
117757.47702748372
117757.47702748372
117757.47702748372
117757.47702748372
117740.17425925826
117740.17425925826
117703.07196364726
117703.07196364726
117703.07196364726
117703.07196364726
117703.07196364726
117703.07196364726
117703.07196364726
117703.07196364726
117703.07196364726
117703.3379106741
117704.85320947465
117704.85320947465
117704.85320947465
117704.85320947465
117704.80734583578
117704.80734583578
117704.80734583578
117704.80734583578
117703.22974784973
117703.22974784973
117703.22974784973
117703.22974784973
117703.22974784973
117703.22974784973
117703.22974784973
117703.22974784973
117698.12151364372
117698.12151364372
117698.12151364372
117697.85556661687
117697.85556661687
117697.85556661687
117697.85556661687
117698.14470585775
117698.14470585775
117698.14470585775
117698.14470585775
117698.14470585775
117698.14470585775
117698.14470585775
117698.14470585775
117690.31217100922
117690.35803464809
117690.35803464809
117690.35803464809
117690.35803464809
117690.35803464809
117690.35803464809
117690.62398167493
117690.62398167493
117690.62398167493
117690.35803464809
117690.35803464809
117689.10259550996
117689.10259550996
117689.10259550996
117689.10259550996
117689.10259550996
117689.10259550996
117689.10259550996
117689.10259550996
117689.10259550996
117689.10259550996
117689.26737534496
117689.2215117061
117689.2215117061
117689.2215117061
117689.2215117061
117689.2215117061
117689.2215117061
117683.5338312863
117683.5338312863
117683.67053437825
117679.23554558813
117679.23554558813
117679.23554558813
117679.23554558813
117679.3304077744
117679.3304077744
117653.68300015361
117653.64621031068
117653.38026328383
117655.66625359295
117655.66625359295
117655.66625359295
117639.29553615472
117637.30474369384
117637.30474369384
117609.97734271709
117609.97734271709
117608.59128785146
117597.31543510483
117597.31543510483
117597.31543510483
117597.31543510483
117597.31543510483
117597.31543510483
117597.04948807797
117597.04948807797
117591.14383419171
117591.14383419171
117589.89905314075
117586.69809159357
117586.69809159357
117580.49161709825
117580.49161709825
117580.49161709825
117582.56104902092
117550.00144540501
117550.00144540501
117534.66717295768
117534.66717295768
117534.66717295768
117530.12342009324
117491.6792105436
117491.6792105436
117472.99618682412
117472.99618682412
117460.80649210382
117460.80649210382
117460.80649210382
117461.07243913069
117461.07243913069
117461.07243913069
117447.33727406233
117406.45045016415
117406.45045016415
117377.38620233815
117331.5402200835
117331.80616711036
117331.80616711036
117331.80616711036
117331.80616711036
117331.80616711036
117331.80616711036
117331.80616711036
117331.80616711036
117331.80616711036
117331.80616711036
117331.80616711036
117332.65883188255
117332.65883188255
117318.56208971278
117318.56208971278
117318.56208971278
117309.50216170173
117308.49114297648
117308.49114297648
117308.49114297648
117308.49114297648
117308.49114297648
117308.49114297648
117308.49114297648
117299.0963242824
117299.0963242824
117298.95962119044
117298.0295544347
117298.0295544347
117298.0295544347
117297.59260147339
117297.59260147339
117297.59260147339
117297.59260147339
117297.59260147339
117297.59260147339
117297.9081001105
117297.9081001105
117297.9081001105
117296.99465862104
117296.99465862104
117296.99465862104
117296.14199384885
117296.40794087572
117296.40794087572
117296.40794087572
117296.40794087572
117296.40794087572
117283.89913383994
117283.89913383994
117283.89913383994
117283.89913383994
117283.89913383994
117285.25468911318
117284.98874208632
117285.25468911318
117285.25468911318
117285.25468911318
117285.25468911318
117285.25468911318
117241.92953612626
117241.40806970165
117241.40806970165
117241.40806970165
117238.73339366623
117238.73339366623
117238.73339366623
117235.00599039461
117234.74004336775
117204.12089877242
117204.12089877242
117204.12089877242
117201.36928487572
117201.36928487572
117201.36928487572
117198.10901895099
117198.10901895099
117193.11939774686
117193.11939774686
117193.11939774686
117193.11939774686
117193.11939774686
117193.11939774686
117193.11939774686
117193.11939774686
117193.11939774686
117193.38534477372
117193.38534477372
117193.38534477372
117193.38534477372
117193.1193977469
117193.97206251908
117188.57873354218
117188.57873354218
117188.57873354218
117188.57873354218
117188.57873354218
117188.84468056902
117188.84468056902
117190.27186204531
117190.27186204531
117190.27186204531
117190.27186204531
117190.27186204531
117190.27186204531
117190.00591501847
117187.87079689332
117187.87079689332
117185.95781926358
117185.95781926358
117185.95781926358
117185.95781926358
117185.95781926358
117185.95781926358
117187.45102285105
117187.45102285105
117187.45102285105
117187.45102285105
117187.45102285105
117187.45102285105
117186.02384137476
117186.02384137476
117186.02384137476
117186.02384137476
117186.02384137476
117186.02384137476
117186.02384137476
117186.02384137476
117180.9270366394
117180.9270366394
117180.9270366394
117180.9270366394
117180.9270366394
117180.9270366394
117180.9270366394
117180.9270366394
117180.9270366394
117180.9270366394
117180.9270366394
117180.9270366394
117180.9270366394
117179.7024450691
117179.7024450691
117179.7024450691
117179.7024450691
117179.7024450691
117183.80883961657
117183.80883961657
117183.80883961657
117183.80883961657
117183.22212187122
117183.22212187122
117182.95617484438
117182.95617484438
117182.95617484438
117182.95617484438
117180.36459782001
117180.36459782001
117180.36459782001
117180.36459782001
117185.2283758212
117185.2283758212
117185.2283758212
117185.2283758212
117185.2283758212
117178.82584733251
117178.82584733251
117178.82584733251
117178.82584733251
117178.82584733251
117178.82584733251
117178.82584733251
117178.82584733251
117173.9620693313
117173.9620693313
117173.9620693313
117173.9620693313
117173.9620693313
117173.9620693313
117173.9620693313
117173.9620693313
117175.15683382444
117175.15683382444
117174.8908867976
117174.8908867976
117174.8908867976
117174.8908867976
117174.8908867976
117174.8908867976
117174.8908867976
117174.8908867976
117174.8908867976
117174.8908867976
117174.8908867976
117174.8908867976
117174.8908867976
117174.8908867976
117174.8908867976
117174.8908867976
117174.8908867976
117174.8908867976
117174.8908867976
117174.8908867976
117174.8908867976
117174.8908867976
117175.15683382445
117175.15683382445
117175.15683382445
117174.8908867976
117174.8908867976
117175.15683382445
117171.26988279758
117162.88867036675
117162.88867036675
117162.88867036675
117162.88867036675
117161.52693395494
117161.52693395494
117161.52693395494
117161.26098692807
117161.26098692807
117161.26098692807
117161.26098692807
117164.3257512465
117164.3257512465
117164.3257512465
117164.59169827336
117164.59169827336
117164.59169827336
117164.59169827336
117165.17841601871
117164.32575124652
117164.32575124652
117164.32575124652
117164.32575124652
117164.32575124652
117164.32575124652
117163.8042848219
117148.48321583793
117148.48321583793
117148.00043437918
117148.00043437918
117148.00043437918
117148.00043437918
117148.00043437918
117148.00043437918
117148.00043437918
117148.00043437918
117148.00043437918
117148.00043437918
117148.00043437918
117148.00043437918
117148.00043437918
117148.00043437918
117148.00043437918
117148.00043437918
117148.00043437918
117148.00043437918
117148.00043437918
117148.00043437918
117149.81900576994
117149.81900576994
117149.81900576994
117149.81900576994
117149.81900576994
117149.81900576994
117150.08495279678
117150.08495279678
117150.08495279678
117150.08495279678
117150.08495279678
117150.08495279678
117148.08935454284
117147.83636729686
117147.57042027001
117147.57042027001
117147.57042027001
117147.57042027001
117147.57042027001
117130.58251490752
117128.0392170137
117128.0392170137
117128.0392170137
117128.0392170137
117128.0392170137
117128.0392170137
117128.0392170137
117128.0392170137
117131.17897082711
117131.17897082711
117131.17897082711
117131.17897082711
117131.17897082711
117131.17897082711
117131.17897082711
117131.17897082711
117131.17897082711
117131.44491785395
117131.44491785395
117131.44491785395
117131.44491785395
117131.44491785395
117131.44491785395
117131.44491785395
117102.50666267886
117099.36690886546
117099.36690886544
117099.1009618386
117099.1009618386
117099.1009618386
117099.1009618386
117099.1009618386
117099.1009618386
117099.1009618386
117099.1009618386
117099.1009618386
117099.1009618386
117099.1009618386
117099.1009618386
117099.1009618386
117099.1009618386
117099.1009618386
117099.1009618386
117099.1009618386
117100.0660036855
117099.94502020707
117099.94502020707
117099.94502020707
117100.19800745306
117100.19800745306
117100.19800745306
117100.19800745306
117100.19800745306
117100.19800745306
117100.19800745306
117100.19800745306
117101.00528318743
117101.00528318743
117101.00528318743
117101.00528318743
117101.00528318743
117100.81407833697
117100.81407833697
117101.00528318743
117101.00528318743
117100.04024134054
117100.04024134054
117100.04024134054
117100.04024134054
117100.30618836738
117090.06307322466
117090.06307322466
117090.06307322466
117089.79712619781
117089.53930759546
117089.53930759546
117089.53930759546
117089.53930759546
117089.53930759546
117089.53930759546
117089.53930759546
117089.53930759546
117091.05460639599
117091.05460639599
117091.05460639599
117091.05460639599
117091.05460639599
117091.05460639599
117091.05460639599
117091.05460639599
117091.05460639599
117090.24733066162
117090.24733066162
117090.24733066162
117090.24733066162
117090.24733066162
117091.0999954338
117091.0999954338
117091.0999954338
117091.0999954338
117091.0999954338
117091.0999954338
117091.0999954338
117091.0999954338
117091.0999954338
117087.24677464999
117087.24677464999
117087.24677464999
117087.24677464999
117087.24677464999
117087.24677464999
117087.24677464999
117087.24677464999
117087.24677464999
117087.24677464999
117085.42820325923
117085.42820325923
117080.61188417347
117080.93627182281
117080.93627182281
117080.93627182281
117080.93627182281
117081.20221884966
117081.20221884966
117081.20221884966
117081.20221884966
117080.82747661242
117080.82747661242
117080.82747661242
117080.82747661242
117053.59868375851
117031.43412112372
117028.72405783006
117028.72405783006
117028.72405783006
117028.72405783006
117028.72405783006
117028.45811080321
117028.45811080321
117028.45811080321
117028.45811080321
117028.20512355723
116990.86131989828
116990.86131989828
116990.86131989828
116990.86131989828
116990.86131989828
116990.86131989828
116990.86131989828
116990.86131989828
116990.86131989828
116990.86131989828
116990.86131989828
116990.86131989828
116990.86131989828
116990.86131989828
116990.86131989828
116991.12726692512
116992.01875211687
116992.01875211687
116992.01875211687
116992.01875211687
116992.01875211687
116992.01875211687
116992.01875211687
116993.8398063418
116993.8398063418
116993.8398063418
116993.8398063418
116993.8398063418
116993.8398063418
116992.01875211687
116992.01875211687
116992.01875211687
116992.01875211687
116992.01875211687
116992.01875211687
116991.75280509003
116991.75280509003
116991.75280509003
116991.75280509003
116991.75280509003
116991.75280509003
116990.77958906406
116990.77958906406
116990.77958906406
116990.77958906406
116990.77958906406
116990.77958906406
116990.77958906406
116990.77958906406
116990.77958906406
116990.77958906406
116990.77958906406
116990.77958906406
116990.77958906406
116990.77958906406
116989.92692429187
116989.92692429187
116990.19287131871
116989.4691127548
116980.44454678732
116980.44454678732
116980.6975340333
116980.6975340333
116980.44454678732
116980.44454678732
116980.44454678732
116980.44454678732
116980.44454678732
116980.44454678732
116980.44454678732
116980.44454678732
116980.44454678732
116980.44454678732
116980.44454678732
116980.44454678732
116980.44454678732
116981.65571501202
116981.65571501202
116981.65571501202
116981.65571501202
116981.65571501202
116981.65571501202
116981.65571501202
116981.65571501202
116981.65571501202
116981.65571501202
116981.65571501202
116981.65571501202
116981.92166203886
116981.92166203886
116981.92166203886
116981.92166203886
116981.92166203886
116981.65571501202
116981.92166203886
116981.92166203886
116983.34884351517
116982.05346583309
116982.05346583309
116982.05346583309
116982.30645307907
116980.87927160278
116980.87927160278
116980.87927160278
116982.60411703681
116982.60411703681
116982.60411703681
116982.60411703681
116982.33817000996
116982.33817000996
116982.33817000996
116982.33817000996
116982.33817000996
116982.33817000996
116982.33817000996
116980.61332457591
116980.87927160277
116980.87927160277
116980.87927160277
116980.87927160277
116980.87927160277
116980.87927160277
116980.87927160277
116980.87927160277
116980.61332457591
116980.61332457591
116981.07113611297
116981.07113611297
116981.07113611297
116981.07113611297
116981.07113611297
116981.07113611297
116981.07113611297
116981.07113611297
116981.07113611297
116981.07113611297
116981.07113611297
116981.07113611297
116981.33708313984
116981.33708313984
116981.33708313984
116981.33708313984
116981.33708313984
116981.33708313984
116981.33708313984
116982.85238194038
116982.85238194038
116982.85238194038
116982.85238194038
116982.85238194038
116982.85238194038
116982.85238194038
116982.85238194038
116982.85238194038
116981.33708313984
116981.33708313984
116981.07113611298
116981.33708313984
116981.33708313984
116980.52980740546
116980.52980740546
116980.52980740546
116980.52980740546
116980.52980740546
116980.52980740546
116980.52980740546
116980.2638603786
116980.2638603786
116980.2638603786
116980.2638603786
116980.2638603786
116980.2638603786
116980.2638603786
116980.2638603786
116980.2638603786
116980.2638603786
116980.2638603786
116980.2638603786
116980.2638603786
116980.2638603786
116980.2638603786
116979.80604884155
116980.09978211373
116980.47602888242
116980.47602888242
116980.47602888242
116980.47602888242
116980.47602888242
116980.47602888242
116980.28883030031
116980.55477732717
116980.55477732717
116980.55477732717
116980.55477732717
116980.55477732717
116980.55477732717
116980.55477732717
116980.55477732717
116980.28883030031
116980.28883030031
116980.28883030031
116980.28883030031
116980.28883030031
116980.28883030031
116980.28883030031
116980.28883030031
116980.28883030031
116980.28883030031
116980.28883030031
116980.28883030031
116980.28883030031
116980.28883030031
116980.28883030031
116980.28883030031
116980.28883030031
116980.28883030031
116980.28883030031
116980.28883030031
116980.55477732717
116981.40744209936
116982.92274089987
116981.40744209936
116981.40744209936
116981.40744209936
116981.40744209936
116981.40744209936
116981.40744209936
116981.40744209936
116981.40744209936
116981.40744209936
116981.40744209936
116981.40744209936
116981.40744209936
116981.40744209936
116981.40744209936
116981.40744209936
116981.40744209936
116981.30090740928
116981.30090740928
116981.30090740928
116981.30090740928
116981.30090740928
116981.30090740928
116981.30090740928
116981.30090740928
116981.30090740928
116981.30090740928
116981.03496038243
116981.03496038243
116981.03496038243
116981.30090740928
116981.03496038243
116981.03496038243
116981.03496038243
116980.18229561024
116980.18229561024
116980.18229561024
116980.18229561024
116980.18229561024
116980.18229561024
116980.18229561024
116980.4482426371
116980.4482426371
116980.18229561024
116980.18229561024
116980.18229561024
116980.18229561024
116980.18229561024
116980.18229561024
116980.18229561024
116980.18229561024
116980.18229561024
116980.18229561024
116980.18229561024
116980.18229561024
116980.18229561024
116980.18229561024
116980.18229561024
116980.18229561024
116980.18229561024
116980.18229561024
116980.18229561024
116980.18229561024
116980.18229561024
116980.18229561024
116980.18229561024
116980.44824263708
116980.44824263708
116980.44824263708
116981.30090740927
116981.30090740927
116981.30090740927
116981.30090740927
116981.30090740927
116981.55642680702
116981.55642680702
116981.55642680702
116981.82237383389
116981.82237383389
116981.82237383389
116981.82237383389
116981.55642680702
116981.55642680702
116981.55642680702
116981.55642680702
116981.55642680702
116981.55642680702
116981.82237383389
116981.82237383389
116981.82237383389
116981.82237383389
116981.82237383389
116981.82237383389
116981.82237383389
116981.82237383389
116981.82237383389
116981.82237383389
116981.82237383389
116981.82237383389
116981.82237383389
116981.82237383389
116981.82237383389
116981.82237383389
116981.82237383389
116981.82237383389
116981.82237383389
116981.82237383389
116981.82237383389
116981.82237383389
116984.29828287849
116984.29828287849
116984.29828287849
116984.29828287849
116984.29828287849
116984.03233585165
116984.03233585165
116984.03233585165
116984.03233585165
116984.29828287849
116984.29828287849
116981.61206459213
116981.61206459213
116981.61206459213
116981.61206459213
116982.25834496894
116982.25834496894
116982.25834496894
116982.25834496894
116982.25834496894
116982.25834496894
116982.25834496894
116982.25834496894
116982.25834496894
116982.25834496894
116982.25834496894
116982.25834496894
116980.82465114068
116980.82465114068
116980.82465114068
116980.82465114068
116980.82465114068
116980.82465114068
116981.09059816753
116981.09059816753
116981.09059816753
116980.82465114069
116980.82465114069
116980.93118583076
116980.93118583076
116980.93118583076
116980.93118583076
116980.93118583076
116980.93118583076
116980.93118583076
116980.93118583076
116980.448404372
116980.448404372
116980.448404372
116980.448404372
116980.448404372
116980.93118583076
116980.93118583076
116980.93118583076
116980.93118583076
116980.93118583076
116981.1971328576
116981.1971328576
116981.1971328576
116981.1971328576
116980.93118583073
116980.93118583073
116980.93118583073
116980.93118583073
116978.45527678612
116978.45527678612
116978.45527678612
116978.45527678612
116978.45527678612
116978.45527678612
116978.45527678612
116978.45527678612
116977.97249532735
116977.97249532735
116977.97249532735
116977.97249532735
116977.97249532735
116977.97249532735
116977.97249532735
116977.97249532735
116979.66562383051
116979.66562383051
116979.66562383051
116979.66562383051
116979.66562383051
116979.66562383051
116980.55710902227
116980.55710902227
116979.12992754598
116979.12992754598
116979.12992754598
116978.86398051912
116978.86398051912
116978.86398051912
116978.86398051912
116978.86398051912
116978.86398051912
116978.86398051912
116978.86398051912
116978.86398051912
116978.86398051912
116978.86398051912
116978.86398051912
116978.86398051912
116978.86398051912
116978.86398051912
116978.86398051912
116978.86398051912
116978.86398051912
116978.86398051912
116978.86398051912
116979.12992754598
116979.12992754598
116979.12992754598
116978.23844235422
116978.23844235422
116978.23844235422
116978.23844235422
116978.23844235422
116980.9246606406
116980.9246606406
116981.73193637497
116981.73193637497
116981.73193637497
116981.73193637497
116980.9246606406
116980.9246606406
116980.9246606406
116980.9246606406
116980.9246606406
116980.9246606406
116980.9246606406
116980.9246606406
116980.9246606406
116980.9246606406
116982.94258702255
116983.06724766827
116983.06724766827
116983.87452340264
116983.87452340264
116983.87452340264
116983.87452340264
116983.87452340264
116983.74986275693
116983.74986275693
116983.74986275693
116981.73193637496
116981.73193637496
116980.07199586839
116980.07199586839
116980.07199586839
116980.07199586839
116980.07199586839
116979.80604884154
116979.80604884154
116979.80604884154
116980.0719958684
116980.0719958684
116980.0719958684
116980.0719958684
116980.0719958684
116980.0719958684
116980.0719958684
116980.0719958684
116980.0719958684
116980.0719958684
116980.0719958684
116980.0719958684
116980.0719958684
116980.0719958684
116980.0719958684
116980.0719958684
116980.0719958684
116979.8190086224
116979.8190086224
116979.8190086224
116977.13279033605
116978.64808913658
116978.64808913658
116980.66601551854
116980.66601551854
116980.66601551854
116980.66601551854
116980.66601551854
116980.66601551854
116980.66601551854
116980.66601551854
116980.66601551854
116980.66601551854
116980.66601551854
116980.66601551854
116980.66601551854
116980.91900276452
116980.91900276452
116980.91900276452
116980.91900276452
116980.91900276452
116980.91900276452
116980.91900276452
116980.91900276452
116980.91900276452
116978.63512935568
116978.63512935568
116978.63512935568
116978.63512935568
116978.63512935568
116980.06882318394
116980.06882318394
116980.06882318394
116980.06882318394
116978.55352438343
116978.55352438343
116978.55352438343
116980.8079775587
116980.8079775587
116980.8079775587
116980.8079775587
116982.50110606186
116982.50110606186
116982.50110606186
116982.50110606186
116982.50110606186
116982.50110606186
116982.50110606186
116981.07392458557
116981.07392458557
116981.07392458557
116978.8194714103
116978.8194714103
116978.8194714103
116978.8194714103
116978.56648416432
116978.56648416432
116978.56648416432
116978.56648416432
116978.56648416432
116979.45796935607
116979.45796935607
116979.45796935607
116979.71095660205
116979.4450095752
116979.4450095752
116979.71095660204
116979.71095660204
116979.71095660204
116979.71095660204
116979.71095660204
116979.71095660204
116979.71095660204
116979.71095660204
116979.71095660204
116979.71095660204
116979.71095660204
116979.71095660204
116978.70942453053
116978.70942453053
116978.70942453053
116979.95402385478
116979.95402385478
116979.68807682794
116979.68807682794
116979.68807682794
116979.68807682794
116979.68807682794
116979.68807682794
116979.68807682794
116979.68807682794
116979.68807682794
116979.68807682794
116979.68807682794
116979.95402385478
116979.95402385478
116979.95402385478
116979.95402385478
116979.95402385478
116979.95402385478
116980.70256868031
116980.70256868031
116980.70256868031
116980.70256868031
116979.45796935607
116979.45796935607
116979.45796935607
116978.45643728456
116978.45643728456
116978.45643728456
116978.45643728456
116978.45643728456
116978.45643728456
116978.45643728456
116978.45643728456
116978.1904902577
116978.1904902577
116978.1904902577
116978.1904902577
116978.1904902577
116978.1904902577
116978.1904902577
116977.0227434563
116977.0227434563
116977.0227434563
116977.0227434563
116977.0227434563
116977.0227434563
116977.0227434563
116976.75679642943
116976.75679642943
116976.75679642943
116977.0227434563
116977.0227434563
116977.0227434563
116976.75679642943
116976.75679642943
116976.75679642943
116978.27209522994
116978.27209522994
116978.27209522994
116978.27209522994
116978.53804225681
116978.53804225681
116978.53804225681
116978.53804225681
116978.53804225681
116978.53804225681
116978.53804225681
116978.53804225681
116978.53804225681
116978.53804225681
116978.53804225681
116978.53804225681
116978.53804225681
116977.0227434563
116977.0227434563
116976.75679642943
116976.75679642943
116976.75679642943
116976.75679642943
116976.75679642943
116976.75679642943
116976.75679642943
116976.75679642943
116976.75679642943
116977.0227434563
116977.0227434563
116977.0227434563
116977.0227434563
116977.0227434563
116977.0227434563
116980.12196858358
116980.12196858358
116980.12196858358
116979.68956014942
116979.68956014942
116979.68956014942
116979.68956014942
116979.68956014942
116979.68956014942
116979.68956014942
116979.68956014942
116979.68956014942
116979.68956014942
116979.68956014942
116979.42361312258
116979.42361312258
116979.42361312258
116979.42361312258
116979.42361312258
116979.42361312258
116979.42361312258
116979.42361312258
116979.42361312258
116979.42361312258
116979.42361312258
116979.42361312258
116979.42361312258
116982.56336693598
116982.56336693598
116982.56336693598
116982.56336693598
116982.56336693598
116979.42361312258
116979.42361312258
116979.42361312258
116979.42361312258
116979.42361312258
116979.68956014942
116979.68956014942
116979.68956014942
116979.68956014942
116979.68956014942
116979.42361312255
116979.42361312255
116979.68956014942
116979.68956014942
116979.68956014942
116979.68956014942
116979.68956014942
116979.42361312255
116979.42361312255
116979.42361312255
116979.42361312255
116979.42361312255
116979.42361312255
116979.42361312255
116979.42361312255
116979.42361312255
116979.42361312255
116979.42361312255
116979.42361312255
116979.42361312255
116979.42361312255
116979.42361312255
116979.42361312255
116979.42361312255
116979.68956014942
116979.68956014942
116979.68956014942
116979.68956014942
116979.42361312255
116979.42361312255
116979.42361312255
116979.42361312255
116979.42361312255
116979.42361312255
116978.38391165392
116978.38391165392
116978.38391165392
116978.38391165392
116978.38391165392
116978.38391165392
116978.38391165392
116981.8733025635
116983.3961039185
116983.3961039185
116983.3961039185
116983.3961039185
116983.3961039185
116983.3961039185
116983.3961039185
116983.3961039185
116983.3961039185
116983.3961039185
116983.3961039185
116983.3961039185
116983.3961039185
116983.3961039185
116983.3961039185
116983.3961039185
116983.66205094536
116983.66205094536
116983.66205094536
116980.17266003578
116980.17266003578
116980.17266003578
116979.90671300891
116980.17266003578
116980.17266003578
116979.90671300894
116979.90671300894
116979.90671300894
116979.90671300894
116979.90671300894
116979.90671300894
116979.90671300894
116979.90671300894
116979.90671300894
116979.90671300894
116979.90671300894
116981.15385712404
116981.15385712404
116981.15385712404
116981.15385712404
116981.15385712404
116981.15385712404
116981.15385712404
116981.15385712404
116981.15385712404
116981.15385712404
116981.15385712404
116981.15385712404
116981.40684437001
116982.78178834202
116982.78178834202
116982.78178834202
116982.78178834202
116982.78178834202
116982.78178834202
116982.78178834202
116982.78178834202
116982.78178834202
116982.78178834202
116982.78178834202
116981.67279139685
116981.67279139685
116981.67279139685
116981.67279139685
116981.40684437
116981.40684437
116981.40684437
116981.40684437
116981.40684437
116981.40684437
116981.40684437
116981.40684437
116979.67660036853
116979.67660036853
116979.67660036853
116979.67660036853
116979.67660036853
116979.67660036853
116979.67660036853
116979.67660036853
116979.67660036853
116979.67660036853
116979.67660036853
116979.94254739539
116979.94254739539
116979.94254739539
116979.94254739539
116979.94254739539
116979.94254739539
116979.94254739539
116979.67660036855
116979.67660036855
116979.67660036855
116979.67660036855
116979.67660036855
116979.67660036855
116979.67660036855
116979.67660036855
116979.67660036855
116978.63689889992
116978.63689889992
116978.63689889992
116978.90284592679
116978.90284592679
116980.62769136082
116980.36174433398
116980.36174433398
116980.36174433398
116980.36174433398
116980.36174433398
116980.36174433398
116980.36174433398
116980.36174433398
116980.36174433398
116980.36174433398
116980.62769136082
116980.62769136082
116980.62769136082
116980.62769136082
116980.62769136082
116980.62769136082
116980.62769136082
116980.62769136082
116980.62769136082
116980.62769136082
116980.62769136082
116980.36174433396
116980.62769136082
116980.62769136082
116980.62769136082
116980.62769136082
116980.62769136082
116980.62769136082
116980.62769136082
116980.62769136082
116980.62769136082
116980.37470411483
116980.10875708798
116980.10875708798
116980.10875708798
116980.10875708798
116980.10875708798
116980.10875708798
116980.10875708798
116980.37470411483
116980.37470411483
116980.37470411483
116980.37470411483
116980.37470411483
116980.37470411483
116980.37470411483
116980.37470411483
116980.10875708798
116980.10875708798
116980.10875708798
116980.10875708798
116980.10875708798
116980.10875708798
116980.10875708798
116980.10875708798
116980.36174433396
116980.36174433396
116980.36174433396
116980.36174433396
116980.36174433396
116980.36174433396
116980.36174433396
116980.36174433396
116980.36174433396
116980.36174433396
116980.36174433396
116980.36174433396
116980.36174433396
116980.36174433396
116980.36174433396
116980.36174433396
116980.36174433396
116980.36174433396
116980.36174433396
116980.36174433396
116980.36174433396
116980.36174433396
116980.36174433396
116980.36174433396
116980.62769136082
116980.62769136082
116980.62769136082
116980.62769136082
116980.36174433396
116980.36174433396
116980.36174433396
116980.62769136082
116980.62769136082
116978.64985868079
116978.64985868079
116978.64985868079
116978.64985868079
116978.64985868079
116978.64985868079
116978.64985868079
116978.64985868079
116978.64985868079
116978.64985868079
116978.64985868079
116978.64985868079
116978.64985868079
116978.64985868079
116978.64985868079
116978.38391165395
116978.38391165395
116978.38391165395
116978.38391165395
116978.38391165395
116978.38391165395
116978.38391165395
116978.38391165395
116978.38391165395
116978.38391165395
116978.38391165395
116978.38391165395
116978.38391165395
116978.38391165395
116978.38391165395
116978.38391165395
116978.38391165395
116978.38391165395
116978.38391165395
116978.38391165395
116978.38391165395
116978.38391165395
116978.38391165395
116978.38391165395
116978.38391165395
116978.64985868079
116978.38391165395
116978.38391165395
116978.38391165395
116978.64985868079
116979.6513907523
116979.6513907523
116979.6513907523
116979.6513907523
116979.6513907523
116979.6513907523
116979.6513907523
116979.6513907523
116979.6513907523
116979.6513907523
116979.90437799829
116979.90437799829
116979.90437799829
116979.01289280652
116979.01289280652
116978.74694577968
116978.74694577968
116978.74694577968
116978.74694577968
116979.01289280652
116979.01289280652
116979.01289280652
116979.01289280652
116979.01289280652
116979.01289280652
116979.01289280652
116979.01289280652
116979.01289280652
116979.01289280652
116979.01289280652
116979.01289280652
116979.01289280652
116979.01289280652
116979.01289280652
116979.01289280652
116979.01289280652
116979.01289280652
116979.01289280652
116978.74694577968
116978.74694577968
116978.74694577968
116978.74694577968
116978.74694577968
116978.74694577968
116979.01289280652
116979.01289280652
116979.01289280652
116979.01289280652
116979.01289280652
116979.01289280652
116979.01289280652
116979.01289280652
116979.01289280652
116979.01289280652
116979.8201685409
116979.8201685409
116979.8201685409
116979.30123426809
116979.30123426809
116979.30123426809
116979.30123426809
116979.30123426809
116979.30123426809
116979.30123426809
116979.30123426809
116979.30123426809
116979.30123426809
116979.30123426809
116979.30123426809
116979.30123426809
116979.30123426809
116979.30123426809
116980.81653306862
116980.81653306862
116980.81653306862
116980.81653306862
116980.81653306862
116981.08248009546
116981.08248009546
116981.08248009546
116981.08248009546
116981.08248009546
116981.08248009546
116981.08248009546
116981.08248009546
116980.81653306859
116980.81653306859
116979.30123426806
116979.30123426806
116979.30123426806
116979.30123426806
116979.30123426806
116979.30123426806
116979.30123426806
116979.30123426806
116979.56718129493
116978.75990556055
116978.49395853368
116978.49395853368
116978.75990556055
116978.75990556055
116978.75990556055
116978.75990556055
116978.75990556055
116978.75990556055
116978.75990556055
116978.75990556055
116978.75990556055
116978.75990556055
116978.75990556055
116978.75990556055
116978.75990556055
116978.75990556055
116978.75990556055
116978.75990556055
116978.75990556055
116978.75990556055
116978.75990556055
116978.75990556055
116978.75990556055
116978.75990556055
116978.75990556055
116978.49395853368
116978.49395853368
116978.49395853368
116978.49395853368
116978.49395853368
116978.49395853368
116978.49395853368
116978.49395853368
116978.75990556055
116978.75990556055
116978.75990556055
116979.24268701932
116978.75990556055
116978.75990556055
116978.75990556055
116978.75990556055
116978.4939585337
116978.4939585337
116978.4939585337
116978.4939585337
116978.4939585337
116978.4939585337
116978.4939585337
116978.4939585337
116979.30123426807
116979.30123426807
116979.30123426807
116979.30123426807
116979.30123426807
116979.30123426807
116979.30123426807
116979.30123426807
116979.30123426807
116979.30123426807
116979.30123426807
116979.30123426807
116979.30123426807
116979.30123426807
116979.30123426807
116979.30123426807
116979.30123426807
116979.30123426807
116979.30123426807
116979.30123426807
116979.30123426807
116979.30123426807
116979.30123426807
116979.30123426807
116980.8165330686
116980.8165330686
116980.8165330686
116980.8165330686
116980.8165330686
116980.8165330686
116980.8165330686
116980.8165330686
116980.8165330686
116980.8165330686
116980.8165330686
116980.8165330686
116980.8165330686
116981.08248009544
116981.08248009544
116981.08248009544
116981.08248009544
116979.56718129491
116983.33197890624
116981.08998264991
116981.08998264991
116981.08998264991
116981.08998264991
116981.08998264991
116981.08998264991
116981.08998264991
116981.08998264991
116981.08998264991
116980.82403562307
116981.08998264991
116981.08998264991
116981.08998264991
116981.08998264991
116981.08998264991
116981.08998264991
116981.08998264991
116981.08998264991
116981.08998264991
116981.08998264991
116980.82403562307
116979.30123426807
116979.30123426807
116979.30123426807
116979.30123426807
116979.30123426807
116979.30123426807
116979.56718129493
116979.56718129493
116979.56718129493
116979.56718129493
116979.56718129493
116979.56718129493
116979.30123426807
116979.30123426807
116979.30123426807
116979.30123426807
116979.55422151406
116979.55422151406
116979.55422151406
116979.55422151406
116979.55422151406
116979.55422151406
116979.55422151406
116979.55422151406
116979.55422151406
116979.55422151406
116979.55422151406
116979.55422151406
116979.55422151406
116979.55422151406
116979.82016854091
116979.82016854091
116979.82016854091
116979.82016854091
116982.78105388078
116982.78105388078
116982.78105388078
116982.78105388078
116982.78105388078
116982.52806663478
116982.52806663478
116982.52806663478
116982.52806663478
116982.52806663478
116982.52806663478
116982.52806663478
116982.52806663478
116982.26211960796
116981.60196343478
116981.60196343478
116981.60196343478
116981.60196343478
116981.60196343478
116981.60196343478
116981.86791046162
116981.86791046162
116981.86791046162
116981.60196343476
116980.79468770039
116980.79468770039
116980.79468770039
116980.79468770039
116980.79468770039
116980.79468770039
116980.79468770039
116981.06063472724
116981.06063472724
116981.06063472724
116980.7946877004
116980.7946877004
116980.7946877004
116980.7946877004
116980.7946877004
116980.7946877004
116980.7946877004
116980.7946877004
116980.7946877004
116980.7946877004
116980.7946877004
116980.7946877004
116980.7946877004
116980.7946877004
116980.7946877004
116981.60196343478
116981.60196343478
116981.60196343478
116981.60196343478
116981.60196343478
116981.60196343478
116942.96790032901
116942.96790032901
116942.96790032901
116942.96790032901
116942.96790032901
116942.96790032901
116942.96790032901
116942.96790032901
116942.96790032901
116942.96790032901
116943.23384735585
116942.96790032901
116942.96790032901
116942.96790032901
116942.96790032901
116942.96790032901
116936.78649777397
116936.78649777397
116936.78649777397
116936.78649777397
116936.78649777397
116936.78649777397
116937.05244480081
116937.05244480081
116937.05244480081
116937.05244480081
116937.05244480081
116937.05244480081
116937.05244480081
116936.78649777395
116936.78649777395
116936.78649777395
116936.78649777395
116936.78649777395
116936.78649777395
116936.78649777395
116936.78649777395
116936.78649777395
116937.05244480081
116937.05244480081
116937.05244480081
116937.05244480081
116937.05244480081
116937.05244480081
116936.78649777395
116936.78649777395
116936.78649777395
116936.78649777395
116937.05244480081
116937.05244480081
116937.05244480081
116937.05244480081
116936.78649777395
116936.78649777395
116936.78649777395
116936.78649777395
116936.78649777395
116936.78649777395
116936.78649777395
116936.78649777395
116936.78649777395
116936.78649777395
116936.78649777395
116936.78649777395
116937.63916254614
116937.905109573
116937.905109573
116937.905109573
116937.905109573
116937.905109573
116937.905109573
116937.905109573
116937.905109573
116937.905109573
116937.905109573
116937.905109573
116937.905109573
116937.905109573
116937.905109573
116937.905109573
116937.905109573
116937.905109573
116937.905109573
116937.905109573
116937.905109573
116937.905109573
116937.905109573
116937.905109573
116937.905109573
116937.905109573
116937.905109573
116937.905109573
116937.63916254614
116937.63916254614
116937.63916254614
116937.63916254614
116937.63916254614
116937.63916254614
116937.63916254614
116937.63916254614
116937.63916254614
116937.63916254614
116937.63916254614
116937.63916254614
116937.63916254614
116937.63916254614
116937.63916254614
116937.63916254614
116937.63916254614
116937.63916254614
116937.63916254614
116937.905109573
116937.905109573
116937.905109573
116937.63916254614
116937.63916254614
116939.03369877486
116939.03369877486
116939.28668602085
116939.28668602085
116939.28668602085
116939.28668602085
116939.28668602085
116939.28668602085
116939.28668602085
116939.28668602085
116939.28668602085
116939.28668602085
116939.28668602085
116939.28668602085
116939.28668602085
116939.28668602085
116939.28668602085
116939.28668602085
116939.28668602085
116938.47941028647
116937.08487405775
116937.08487405775
116937.08487405775
116937.08487405775
116937.08487405775
116937.08487405775
116937.08487405775
116937.08487405775
116937.08487405775
116937.08487405775
116937.08487405775
116937.08487405775
116937.08487405775
116937.08487405775
116937.89214979213
116937.89214979213
116937.89214979213
116937.89214979213
116937.89214979213
116937.89214979213
116937.89214979213
116937.89214979213
116937.89214979213
116937.89214979213
116937.89214979213
116937.89214979213
116937.89214979213
116937.89214979213
116937.89214979213
116937.89214979213
116937.89214979213
116937.89214979213
116937.89214979213
116937.89214979213
116937.89214979213
116937.89214979213
116937.89214979213
116937.89214979213
116938.158096819
116938.158096819
116938.158096819
116938.158096819
116938.158096819
116938.158096819
116938.158096819
116938.158096819
116938.158096819
116938.158096819
116938.158096819
116938.158096819
116938.158096819
116938.158096819
116938.158096819
116938.158096819
116938.158096819
116938.158096819
116938.158096819
116938.158096819
116938.158096819
116938.158096819
