4173231.304551729
3769495.664170893
3406404.97023921
3093804.1806308967
2807655.5948258173
2549361.036100136
2345853.2865976384
2142758.547871635
1946684.75581099
1783538.9624497606
1647750.5599090825
1519258.7217367254
1412197.252639309
1307097.8318454146
1212823.7322218036
1132014.110450847
1050660.234744895
975679.0779555357
918356.3479629841
862141.9787631942
816897.3289372047
771473.5214641948
733394.3705404376
694420.1063763067
660607.7807833845
626870.3301724594
599676.124432693
574669.0000648706
551646.8203789317
524968.9004196941
503342.78690799326
485313.0012936732
466409.37931936263
453232.5877668868
438561.0125623475
424116.09815783356
410563.83786129835
395153.6049514108
383046.02258520055
373076.74078483484
363000.1936913928
353212.5720816911
344769.89816880587
336948.95484839124
329442.9793489656
321259.47289453173
314038.2705509297
307708.18412434915
301637.9507030207
296999.2255482534
291118.73656148545
284479.95857534336
279631.6423406956
275397.03636364895
271848.6383652007
267095.72664412315
262180.9544941571
256731.74974417547
252506.75472360614
249474.8620863702
247074.72378042847
242813.86561620762
239870.0472304732
236315.40583372035
232450.4173919903
229212.51555502144
225753.3962944074
223397.89650553872
219790.6595565819
217025.56408439967
215105.13585844098
212805.4850870125
210965.06421614226
208555.4589418962
205391.67522550028
203310.74435431563
201536.52443334984
199256.99966837373
197478.9791085491
195189.9180327575
194106.3523504606
192689.74857184687
191315.70820688017
189259.67385100556
187664.5259958998
186141.49444028296
184750.58154343034
183322.12138871633
182043.26373178465
180628.30908594362
179170.7200483067
177277.55969642388
175985.45302471344
175114.4258753176
173620.9765145781
172480.26494185178
171702.0109793193
170438.23026336174
169903.3874225379
168934.71541908092
167738.4862672098
166836.97840372525
165462.68595567465
164783.74781435524
164233.13151593966
163511.28786547942
162622.77044960798
161437.91910146148
160773.0859079394
160215.96764461484
159295.1860625907
158550.80614228323
157387.57008721982
156622.43218369895
156264.25283867773
155595.16727862117
154890.8122527224
154482.65580586388
153929.9335086848
153449.53470935958
152909.46712253132
152113.24105869542
151657.54531451472
151030.37402373005
150457.82058605744
150180.08791985142
149942.54843820655
149553.13802809027
149096.65616470994
148749.00781994924
148221.7672548418
147988.6095605492
147598.46789521404
147097.4844110215
146558.69085506228
146188.03394564523
145884.05484028015
145279.8526031547
145102.9778747967
144779.85174206505
144304.15478921382
143972.01363929105
143580.1154571032
143463.89726831194
142908.67363053333
142618.33328141575
142539.86449862612
142261.10292844172
142092.50661519406
142006.85603370157
141621.91029591335
141331.83380811184
141122.16583805726
140968.54091625928
140823.1519967782
140516.6710732085
140345.77573213782
139773.65106970925
139667.14717173507
139312.68249693324
139030.92012231203
138772.85561432684
138337.94671933507
138235.6443177381
138068.71768597557
137976.97584177466
137755.54190318333
137322.09340342967
136950.1699913
136772.99654581698
136563.28934670438
136402.56135725393
136144.4844769117
135855.9322062391
135713.52947290736
135618.14102089527
135401.06738108932
135168.3252251207
134934.28898971545
134896.33023327243
134820.18607034316
134682.25679455377
134607.20201148227
134557.21472942003
134435.5515914567
134329.20456361125
134110.38449343573
134047.32755798733
133831.54601865666
133667.74764256953
133593.80498803194
133473.0498820853
133254.58720012815
133197.57739458216
133144.38192953038
132941.99605386143
132880.42613694724
132789.2877626202
132564.34543451923
132516.13871113345
132386.7968885317
132294.05536846461
132210.2540101154
132190.62890250975
132024.51848573162
131961.82133865828
131818.27745632856
131780.01506778685
131486.43988287312
131208.47905712348
131173.0308460851
131079.1757231043
130898.24392383712
130817.9106844314
130739.03127415405
130725.36554089288
130626.63890202134
130564.86777907464
130504.47015982696
130427.62438131866
130381.84222914616
130355.2765563975
130273.35943102476
130210.04745742709
130136.62621030705
130081.45518060288
130054.70016931614
130043.63589988493
129966.5125911597
129926.54121938397
129870.94939886939
129796.90882636906
129765.88913092142
129577.62676484231
129551.12765374509
129460.59945471988
129406.4877831097
129345.11574726965
129285.76846518564
129215.07674634414
129088.54344843293
129046.72659028896
128922.70750348926
128825.39345976622
128807.42677468197
128789.2272485589
128672.14429913649
128658.88364767756
128658.88364767756
128563.43984165581
128421.42620165095
128350.07611343094
128288.0268693713
128248.99631729696
128211.53514207524
128173.60648207672
128095.64999588601
128047.35072764839
128014.09598110247
127931.5330170768
127928.8601849488
127894.49876186208
127835.13311997775
127745.41573510582
127711.98005843171
127700.91850669989
127651.76575424426
127586.56159052279
127554.22803092143
127463.94278308553
127449.30491682216
127363.6782076465
127339.5751075212
127200.02342760938
127189.93610360564
127128.04274090775
127097.93758068193
126961.38576082062
126877.42371115228
126849.81939410671
126786.0558276271
126756.77132462998
126694.77311910538
126637.61480609572
126590.91048330591
126525.79230605662
126525.79230605662
126515.26430389925
126509.82704005341
126383.925058968
126313.88134782316
126190.6603216929
126172.39002066027
126133.55790423589
125968.0564316293
125939.6723943383
125901.63735103639
125895.88166479324
125883.49617382616
125869.5057648423
125774.66853887054
125771.30770878783
125714.07464575386
125673.88978189038
125644.02052964152
125585.80797101944
125574.89779431344
125512.99025134488
125489.43912903978
125467.27684805598
125456.17536005849
125429.69706488417
125389.72688934034
125296.68284196223
125260.37731547831
125234.05010260906
125205.61001426555
125175.59203012922
125171.8961065545
125129.37315434791
125120.42432888492
125106.6896136601
125098.96369595677
125069.9452586122
125027.36235783731
125004.56603033982
124953.852963557
124913.58415311077
124807.91100155714
124805.95941621008
124786.03229367344
124779.46605590911
124744.58859768977
124717.18528617825
124594.14335960215
124568.04933850068
124553.99332645198
124442.92589735925
124433.99585853485
124419.74956818088
124413.34302382305
