4592471.37334928
4469286.749764247
4348349.338940116
4246637.2801180165
4138575.659462033
4047463.4271794027
3953105.6905441843
3877209.0280766804
3799689.8756272523
3736793.1082114456
3674340.955947943
3609610.2250583945
3548313.082578395
3487053.70989325
3423932.7841916014
3369278.200607933
3318452.808818195
3264752.989890516
3227097.268865633
3182811.340668604
3138017.5256837867
3108190.2874976397
3068916.509978408
3025813.6406047065
2996380.5386506342
2963442.8975292398
2930834.85930998
2907727.235419815
2867039.9602889386
2837388.110493374
2822193.250754448
2793439.894814649
2772005.3006984415
2741812.216481301
2726183.521220644
2700612.839647405
2676686.803360023
2659388.8807704574
2641238.599148051
2627648.0510686934
2600325.9732542923
2574359.0764839686
2556418.338538938
2539806.2454835977
2525050.753298858
2500572.276722124
2477724.9285404603
2459561.045903192
2442204.184353127
2427055.8323895
2399070.7172722733
2379343.758197676
2367139.1679765126
2353644.734927572
2337734.528850814
2331077.561414692
2307868.321777789
2296785.570941038
2285966.7642024793
2271929.5442988947
2260347.284335729
2248460.543316138
2238654.863805829
2222876.0982072577
2211357.857339897
2203694.8323003137
2194179.4819129515
2187810.666744749
2166378.47900804
2151390.5974468067
2142984.1607304094
2135947.892208891
2120261.9964598855
2116345.3455274496
2104118.6804657327
2098016.8562735403
2092422.7126104399
2086736.016347378
2081063.4797582787
2076109.694051012
2066482.4344772052
2063376.7210503859
2052754.7558725257
2047677.0065625694
2036473.600490299
2031195.6675978287
2025376.1363576318
2018816.35247564
2010244.772609369
2005040.933978665
1996874.2817540576
1989582.9245208376
1985842.9310039526
1980784.8971458736
1976288.5614367595
1972440.628666639
1964504.1610097568
1959935.144073158
1952613.8478925447
1944491.163510304
1942373.8560074316
1936694.6525404074
1929697.8231911636
1921802.431333313
1917036.9002606825
1911157.6085476289
1908019.4595130675
1903431.3590916367
1898413.0256326902
1892073.8410032662
1879019.3276986924
1875045.335939691
1872663.6576997824
1870042.9250516237
1863268.2664791916
1858885.213561302
1855042.5493029107
1849933.9746753431
1844756.315402226
1837872.282733845
1831739.8180796914
1827275.0738102733
1823186.2473793735
1816796.1909831997
1810250.4834021274
1804254.0723949536
1798427.5330103873
1795827.8627364873
1794286.5624023771
1788740.7654924497
1781442.8667534033
1778254.8197588848
1776315.471628489
1771530.1790615907
1770205.471762342
1763462.1848796115
1760627.2916909705
1752244.2206144445
1748418.8731782585
1745072.8294026502
1738699.9382391872
1735183.2940620838
1734454.2142576473
1728599.0612051713
1723694.3837089993
1723316.9682417377
1719023.2095288595
1715591.7508830233
1712320.4575741054
1709952.0365649252
1704857.0098066602
1700072.6641691434
1691964.6993231229
1688370.29368986
1684447.9656077374
1682382.9172195424
1680296.754986767
1679095.7894219114
1677268.329746557
1674241.5053549288
1670086.9474756424
1667209.1803947259
1664884.3103268887
1661452.8240172132
1656793.4555940025
1654125.9239611924
1652482.794438994
1648507.8641644376
1644049.5613659353
1639641.9323196635
1639422.298338898
1638438.1714991815
1635685.5190156233
1634589.5358254868
1631904.741489572
1628085.8938696668
1624306.2634577008
1621838.9406059948
1617203.2496137489
1613571.817162347
1610262.2614129905
1607619.3827830285
1605108.517558791
1603192.2150122097
1600974.329850174
1599398.469331207
1598448.8268427798
1597624.8919018428
1593137.8968807152
1592061.6518979121
1590201.7111641811
1588724.9706596346
1586606.2071733547
1581914.3249361012
1578934.3339137668
1577460.984243991
1575338.7034119228
1573873.404742571
1571680.9090407449
1568823.4775893025
1564804.297562316
1562122.2398779301
1560940.1139292521
1559771.7387189744
1554698.6576003907
1551485.4444524653
1549319.6445666165
1547585.3477658206
1544664.6681173062
1541153.3606860808
1539341.580628899
1537125.6124367986
1536767.9098718092
1532509.3776746285
1531157.110366798
1529501.9751334873
1528101.4283404762
1525645.3408209295
1523523.941564677
1523131.0203561408
1522018.1938455936
1520388.4030911396
1515842.7384110899
1515054.109981769
1513606.2896186218
1512292.9520995212
1510944.010571107
1509294.6592472475
1509253.1045018593
1508902.8754233257
1508461.13455818
1507267.3660597499
1507267.3660597499
1505861.8699949114
1502552.3651147555
1502538.3558000696
1500374.2878660348
1499603.021441329
1498600.5348923365
1497467.7852343367
1494914.654952644
1494535.7821606854
1494102.6296600688
1491543.9795785602
1491296.3636152311
1489707.861494469
1489220.8197239772
1487160.1113111675
1483133.0441350497
1479522.2832131605
1478987.2596156949
1478206.5073963557
1476861.242601833
1474811.0673673695
1473827.9865277999
1472052.0340456502
1470150.027940366
1467951.3757658012
1465111.6588969878
1463004.668562055
1461589.7624773472
1460386.7393163908
1459751.2397831704
1456184.7969381483
1454856.2826033211
1451304.9999174606
1450683.8378939629
1449728.607699712
1449070.362994105
1448143.0160713985
1447481.409122633
1447353.6852468045
1444167.857089772
1442782.7584959557
1440997.8709355397
1440153.9834823175
1439439.8663162733
1439437.325177486
1439226.958695088
1438464.6166802759
1436034.9086516423
1435282.1696188308
1435122.3930438855
1433782.6148247626
1432387.880855441
1429982.2708442467
1429558.7629186295
1428446.4864164647
1427760.8849909666
1425637.2171377712
1425611.9362820587
1424854.8325183992
1423092.2890232832
1421836.9197122497
1419727.3595813601
1418041.9789432422
1416715.65546995
1415801.7491892783
1414314.3219025352
1413388.870697859
1412426.5171254384
1410910.121585459
1408675.5819655398
1407651.5393556766
1405550.668106473
1404263.3512871468
1403279.4412416168
1402723.0291717271
1401996.7231041975
1399217.2248567122
1398061.6309043288
1397070.1956136606
1396962.5419646068
1393674.2173024355
1393644.0130134746
1393616.8541423802
1392928.3044234465
1391544.0281414147
1390419.636535016
1387817.6315460564
1387674.506864128
1385743.2986479662
1385392.1657664843
1384061.6436764281
1382488.6613456977
1381771.3851962276
1379697.202610702
1378096.9210512172
1375692.9538279916
1373537.0641453925
1371417.5057645347
1369368.1690636687
1368700.524349506
1365493.3635899478
1365493.3635899478
1365186.3871366286
1365186.3871366286
1364862.1888247265
1363479.988504041
1363479.988504041
1361406.036464507
1361189.5130400402
1359626.9333387676
1356318.126126984
1355262.1301177894
1352804.330022521
1352637.4704879904
1352045.2689460157
1350714.7830328618
1348054.0293035025
1345158.0971290455
1344894.5264406
1344894.5264406
1344894.5264406
1343213.546471598
1343064.9184391275
1342575.3508717008
1341525.2655964065
1338092.701191783
1335300.9338281094
1334636.2012743335
1334636.2012743335
1333236.490414944
1331013.1780416735
1330792.3073326622
1330792.3073326622
1329982.500747079
1329982.500747079
1329185.706138109
1328385.4083448495
1327123.6315171816
1326790.2286520232
1326625.6775380708
1325881.4071332912
1325391.6495045773
1325391.6495045773
1325391.6495045773
1324983.1842088106
1324499.2804947812
1323589.3889277307
1323589.3889277307
1321740.1783404783
1321207.6164690726
1321176.6542487182
1318284.6234255394
1317482.5045865541
1317482.5045865541
1316300.1786863985
1316267.4135622154
1315424.3064024344
1313016.3531046603
1312657.0624431432
1312476.6985619636
1312476.6985619636
1311869.8155485236
1311492.8398891436
1310383.1738715784
1309665.7773438017
1309013.6782120648
1308689.1757089368
1306499.2427725012
1306361.7754682885
1305889.1321819169
1304642.8895992185
1302874.5504971582
1302117.8262738553
1302026.7540780364
1299510.9276923388
1298137.6686948393
1297925.1335764935
1297702.8797337776
1297702.8797337776
1295896.2548688177
1295896.2548688177
1295597.5854948156
1292300.8379426447
1291247.248647852
1291029.986869792
1290452.6583566056
1290150.174930791
1290150.174930791
1289036.9273840084
1288977.606411479
1288356.774132898
1287008.6515837847
1285556.7605791534
1284467.4109928918
1283289.3780201213
1282483.0605458044
1281307.6211906543
1280145.8194908295
1279914.7295915699
1278188.7159064012
1277029.8224558004
1276676.4275537774
1276319.8618334525
1275948.2584547265
1274914.1598925933
1274347.5197859975
1272123.3627962235
1271690.3782709404
1270693.7644137244
1269684.350594392
1269684.350594392
1269254.6232941835
1269254.6232941835
1268515.9720089822
1268515.9720089822
1268441.3126798875
1265628.4383207415
1265628.4383207415
1264518.2072079899
1263965.2192775663
1262370.9279796379
1261530.2246526638
1261497.5697803954
1261497.5697803954
1259054.5966103263
1259054.5966103263
1259054.5966103263
1258471.1607744829
1258096.7873438045
1256618.217498629
1256184.082406145
1255834.0064381976
1255354.379512397
1254797.6791491215
1254797.6791491215
1254797.6791491215
1254797.6791491215
1254676.1832898115
1254055.1304856953
1253489.1556638214
1253489.1556638214
1253489.1556638214
1253489.1556638214
1253489.1556638214
1253231.4766895492
1253231.4766895492
1253129.1081248003
1252526.8264216816
1252526.8264216816
1252178.4651730135
1251510.8744318776
1251489.3594674557
1251216.926140158
1250675.0014721067
1249559.858991625
1247124.3254841361
1247026.0411875192
1246928.8905737484
1246527.6191353113
1245786.187094586
1245215.4402570655
1244978.305242459
1244818.7188082414
1243344.3134777162
1241112.4617450307
1240466.3082048094
1240145.1009361967
1238163.2880293587
1236378.835778709
1236202.00815839
1235779.6897022692
1235779.6897022692
1235560.0713862777
1234158.689034221
1233408.891311449
1232271.507035786
1231241.234207589
1229677.833083732
1229091.8818395883
1227983.1613498982
1227844.2406582315
1226903.6031202727
1226673.518898291
1226422.9475031123
1226422.9475031123
1226307.257147065
1225884.5294500208
1225281.9949803192
1225220.4781407686
1225033.4756018864
1224127.989584123
1224127.989584123
1223963.3962693783
1223648.2989338124
1223154.0457911626
1223154.0457911626
1223080.8867412054
1223080.8867412054
1222221.5188647017
1221697.0495404042
1221697.0495404042
1220022.170741126
1218472.3664863019
1218016.0859102455
1217126.0642808988
1216733.2205807501
1216583.867382536
1216066.6716589788
1215730.3118059717
1215402.195057197
1215188.392881285
1215188.392881285
1214959.4110956576
1214644.9906049566
1214644.9906049566
1214644.9906049566
1214362.6450521639
1213527.0490911081
1213527.0490911081
1212936.811059842
1212256.596404696
1211853.35647018
1211100.1794851813
1210840.4141336363
1210840.4141336363
1210840.4141336363
1210840.4141336363
1210516.8684491748
1209316.717956087
1208704.3444388064
1208704.3444388064
1208100.5374059398
1207796.26163961
1207796.26163961
1207796.26163961
1207707.9684508136
1206908.7139320609
1206532.7520290702
1205972.3971292116
1205809.1895763925
1204479.45498126
1203878.1751187644
1203582.0883780941
1203454.29232718
1203106.2045008023
1202796.3094261303
1202796.3094261303
1202631.7880492252
1202631.7880492252
1202631.7880492252
1201797.3546572437
1201393.5115592822
1201393.5115592822
1201393.5115592822
1201264.314206698
1200765.76927984
1200765.76927984
1200563.2218321299
1200563.2218321299
1200025.2405952502
1199362.959123646
1199285.3081890503
1199136.5964522273
1197762.4434397724
1197431.7941312555
1196919.0248634056
1196919.0248634056
1196490.8234495174
1196490.8234495174
1196490.8234495174
1196389.3910966408
1196064.9112145235
1195996.5054196063
1195996.5054196063
1195286.0757005617
1194936.8013332328
1193795.8832230568
1193143.6979270298
1193102.3511358635
1193102.3511358635
1193033.2565024206
1192470.0080577428
1191542.6315521542
1190987.0090228703
1190457.1674752065
1190457.1674752065
1190457.1674752065
1190457.1674752065
1190457.1674752065
1190457.1674752065
1190086.3318365975
1190086.3318365975
1189921.697182092
1189855.2731781849
1189855.2731781849
1189639.428088737
1188813.2373153032
1188813.2373153032
1188417.5251741451
1188207.819807855
1188207.819807855
1188045.9185793279
1188010.4586917898
1187075.0701121353
1186795.9975754488
1186795.9975754488
1186231.357270222
1186231.357270222
1186231.357270222
1185215.7432808734
1185215.7432808734
1185045.2996101943
1185045.2996101943
1185045.2996101943
1184087.6506089913
1183043.3997465435
1183043.3997465435
1182348.1526802715
1181510.0238388188
1180603.0864931839
1180001.3861553269
1180001.3861553269
1178369.4081799937
1177357.1366170463
1177109.8352562936
1175585.078615794
1175481.5691180038
1175481.5691180038
1175481.5691180038
1175481.5691180038
1175193.9102083752
1174319.04032965
1174319.04032965
1173852.9071877003
1173852.9071877003
1173852.9071877003
1173776.7232561952
1173197.5998130688
1173005.0520567459
1170708.6290734177
1170293.7924355352
1170241.719437476
1170241.719437476
1169286.2005379843
1169286.2005379843
1169286.2005379843
1169286.2005379843
1169149.1487115591
1169149.1487115591
1169149.1487115591
1169053.3234465409
1169053.3234465409
1169053.3234465409
1169017.2930981151
1169017.2930981151
1167656.923819029
1167656.923819029
1167151.4837900365
1166511.2057110062
1166511.2057110062
1166511.2057110062
1166207.8552003708
1166186.7040383075
1165800.5248660934
1165197.617520649
1165197.617520649
1164806.3225199403
1164806.3225199403
1164331.041406122
1161769.1353125433
1160148.1045818143
1160071.8319104994
1160071.8319104994
1160071.8319104994
1160067.1413806789
1159101.3675455858
1159101.3675455858
1159101.3675455858
1157760.789304866
1157452.1568869827
1157160.0343138485
1156414.0108348727
1155550.156665417
1155550.156665417
1155550.156665417
1155550.156665417
1155167.4391559884
1154214.1738776255
1154214.1738776255
1153454.7408239765
1153380.9273653012
1153380.9273653012
1152935.7677438296
1152935.7677438296
1152795.8967479449
1152795.8967479449
1152795.8967479449
1152795.8967479449
1152164.1143359863
1150443.1140238466
1150329.3380606319
1150329.3380606319
1149901.0085391924
1149901.0085391924
1149901.0085391924
1149901.0085391924
1149901.0085391924
1149901.0085391924
1149202.0107085938
1149202.0107085938
1149202.0107085938
1149162.55688221
1149095.8295443673
1148194.8430692134
1148061.008104961
1148061.008104961
1147911.2597229227
1146883.3361314114
1145597.6020516118
1145597.6020516118
1145244.002387925
1145244.002387925
1143431.3932065857
1143431.3932065857
1143293.4839916362
1143279.549394624
1143216.7585194614
1143216.7585194614
1142153.436516638
1141994.2388657974
1141755.5819447758
1141518.9871426409
1140379.1363318232
1140379.1363318232
1140379.1363318232
1140006.3895869122
1139768.9140807823
1139702.562511558
1139682.8331843633
1139608.5489371931
1139608.5489371931
1139608.5489371931
1138717.1658640536
1137270.7237293508
1137270.7237293508
1137231.4001839543
1136947.109343328
1136947.109343328
1136947.109343328
1136850.9265448947
1136850.9265448947
1136603.1009431689
1136589.4665354132
1136589.4665354132
1136263.5361579896
1135368.8851234398
1134813.5989337633
1133801.6228655628
1133487.97098658
1133057.7254708228
1132858.8616954107
1132858.8616954107
1132288.9572323868
1132288.9572323868
1131426.0473417914
1131426.0473417914
1131188.8907726458
1131188.8907726458
1131174.566728432
1130732.0805914742
1130732.0805914742
1130562.0274046848
1130562.0274046848
1130395.5871014409
1130395.5871014409
1130395.5871014409
1130386.7159563203
1130386.7159563203
1129556.6993510392
1129556.6993510392
1129544.8978175712
1129544.8978175712
1129544.8978175712
1129465.8284949113
1129407.482902603
1128524.9795954996
1128524.9795954996
1128021.9341013187
1127977.67726285
1127700.4671552465
1127700.4671552465
1127598.0483476198
1127598.0483476198
1127598.0483476198
1127598.0483476198
1127027.0114827736
1127027.0114827736
1126824.9192890741
1126824.9192890741
1126824.9192890741
1126416.1725266576
1126416.1725266576
1126416.1725266576
1126416.1725266576
1126058.1396504247
1124104.2828964142
1123828.0038782756
1123720.9045152767
1123240.8186278683
1122924.7063770792
1122924.7063770792
1122876.7834687873
1122572.1562677857
1122572.1562677857
1122570.440560895
1121980.5367591456
1120276.6393794701
1120276.6393794701
1120258.2591779404
1119872.897740924
1119181.6572616457
1119181.6572616457
1118993.0843020882
1118296.5359152877
1118025.3589020493
1118025.3589020493
1118025.3589020493
1118025.3589020493
1118025.3589020493
1118025.3589020493
1118025.3589020493
1118025.3589020493
1118025.3589020493
1117710.0253763634
1117020.7786628224
1116608.5382328175
1116608.5382328175
1116608.5382328175
1116385.210607363
1116385.210607363
1116313.5623664004
1116313.5623664004
1115736.2130596177
1115736.2130596177
1115396.671790808
1114805.3410568393
1114683.3113363697
1114239.3192426963
1113719.5780671737
1113719.5780671737
1113013.8166211257
1113013.8166211257
1111879.5771963554
1111264.1787385442
1111264.1787385442
1111264.1787385442
1109949.2620701243
1109949.2620701243
1109949.2620701243
1109949.2620701243
1109949.2620701243
1109458.9343077391
1109458.9343077391
1108347.05709782
1107950.2080725553
1107950.2080725553
1107921.8648309023
1107921.8648309023
1107643.4700717693
1107643.4700717693
1107643.4700717693
1107241.5568411308
1107183.5292229634
1107004.6504761842
1107004.6504761842
1106710.840668888
1106336.4981395227
1106336.4981395227
1106283.098396074
1106283.098396074
1103999.7979266178
1103999.7979266178
1103999.7979266178
1103288.4493923807
1103288.4493923807
1103166.5343330544
1103166.5343330544
1103005.5487782902
1103005.5487782902
1102912.5040887052
1102405.283048031
1101902.4898464945
1101902.4898464945
1101810.473070702
1101783.0514840474
1101083.5338103625
1101083.5338103625
1101083.5338103625
1101083.5338103625
1101083.5338103625
1100869.3023317917
1100869.3023317917
1099657.241685221
1099456.2347839202
1099456.2347839202
1099350.4814141155
1099350.4814141155
1099350.4814141155
1099350.4814141155
1099350.4814141155
1099350.4814141155
1099350.4814141155
1099257.6199154367
1099065.7532219177
1099044.5867457571
1099044.5867457571
1098246.6337487465
1098091.439047559
1098091.439047559
1098091.439047559
1098091.439047559
1098091.439047559
1097835.2846229682
1097835.2846229682
1096878.7489966261
1096878.7489966261
1096427.3218859262
1096296.3413789887
1096296.3413789887
1095734.883815031
1094790.573065609
1094325.934808745
1093868.3857378662
1093091.5860856061
1093091.5860856061
1093091.5860856061
1093091.5860856061
1093091.5860856061
1093091.5860856061
1093091.5860856061
1092922.0321604935
1092922.0321604935
1092649.5328557882
1092104.1747710123
1090871.3563420088
1090871.3563420088
1090871.3563420088
1090871.3563420088
1090516.9076723503
1090482.3097858466
1090482.3097858466
1090482.3097858466
1090348.4517043422
1090348.4517043422
1090092.0227389955
1090092.0227389955
1090092.0227389955
1090092.0227389955
1089849.7818304896
1089849.7818304896
1089849.7818304896
1089276.9751502872
1089276.9751502872
1089245.580618083
1089144.0342893298
1088864.8902000177
1088694.37170923
1088694.37170923
1088468.9163000728
1088468.9163000728
1088468.9163000728
1088269.9356742473
1087811.014291065
1087811.014291065
1087495.62090849
1087379.921082002
1087379.921082002
1087379.921082002
1087379.921082002
1087379.921082002
1087172.1884794675
1087172.1884794675
1087155.7419514698
1087155.7419514698
1086946.6176757708
1086946.6176757708
1086696.6872244668
1086565.226134043
1086565.226134043
1085568.3979430727
1085079.4349757181
1085079.4349757181
1085079.4349757181
1085079.4349757181
1084635.759589927
1084635.759589927
1084021.3647295097
1084021.3647295097
1084021.3647295097
1084021.3647295097
1083972.394719493
1083972.394719493
1083972.394719493
1082729.7845617426
1082729.7845617426
1082729.7845617426
1082312.538058349
1081126.195514678
1081126.195514678
1081126.195514678
1081126.195514678
1081126.195514678
1081118.3127897868
1081118.3127897868
1080889.784436847
1080889.784436847
1080889.784436847
1080889.784436847
1079762.759775829
1079762.759775829
1079762.759775829
1079762.759775829
1079762.759775829
1079341.5314193522
1078458.0172438452
1078458.0172438452
1078458.0172438452
1078368.883319074
1078368.883319074
1078368.883319074
1078368.883319074
1077964.1389307748
1077964.1389307748
1077356.4769646623
1077079.2839792764
1076803.2553662378
1076803.2553662378
1076803.2553662378
1076803.2553662378
1076803.2553662378
1076803.2553662378
1076803.2553662378
1076553.7708159215
1076176.214896353
1075920.9226276078
1075920.9226276078
1074766.7240242728
1074766.7240242728
1073556.8123677247
1073547.958002063
1073547.958002063
1073427.0663131822
1073217.3950104108
1072260.474248359
1072260.474248359
1072210.3035402508
1072210.3035402508
1072192.6278403215
1072192.6278403215
1071636.1573941025
1071636.1573941025
1070966.7298502193
1070966.7298502193
1070202.5445060465
1070197.645887076
1070197.645887076
1070175.2934825183
1069337.0356955798
1069337.0356955798
1069337.0356955798
1068961.8050587266
1068790.2573914253
1068790.2573914253
1068508.8791912398
1068508.8791912398
1068508.8791912398
1068292.3564211635
1068292.3564211635
1068292.3564211635
1068292.3564211635
1068292.3564211635
1068022.7791133218
1068022.7791133218
1067694.0618917523
1066888.8786926968
1066888.8786926968
1066506.6375923133
1066506.6375923133
1066506.8566976963
1066236.9782300135
1066236.9782300135
1065997.733779816
1065801.836882936
1065801.836882936
1065801.836882936
1065388.1801950606
1065223.318219502
1065092.2330367106
1065092.2330367106
1065092.2330367106
1063853.1528015665
1063853.1528015665
1063853.1528015665
1063283.394002041
1063283.394002041
1063283.394002041
1063283.394002041
1063283.394002041
1062950.8654521643
1062059.1706243895
1061999.1219889512
1061716.368173567
1061676.0418500607
1061172.8685838678
1060656.276376786
1060656.276376786
1060308.3061714317
1059789.0312167252
1059789.0312167252
1059187.6609768285
1059187.6609768285
1059187.6609768285
1058479.4826585674
1058139.8599951789
1058139.8599951789
1057203.586934335
1057203.586934335
1056311.3182245046
1056311.3182245046
1055707.5396106914
1055707.5396106914
1055556.4655901648
1055201.3658302906
1055201.3658302906
1055201.3658302906
1055201.3658302906
1054493.634169709
1054114.4831979524
1053965.8419420943
1053767.2212039942
1053767.2212039942
1053518.728496767
1053518.728496767
1053186.596449278
1053186.596449278
1053186.596449278
1053167.5851873579
1053167.5851873579
1053167.5851873579
1052959.316159557
1051967.4124827036
1051704.300407893
1051407.2141988904
1051407.2141988904
1051407.2141988904
1051349.372546213
1051200.6516196337
1050720.85812638
1050720.85812638
1050720.85812638
1050644.861770315
1050140.5415473783
1050140.5415473783
1050140.5415473783
1050140.5415473783
1049820.2106832485
1049686.2218878914
1049686.2218878914
1049560.1785436256
1049560.1785436256
1049305.0851772001
1049305.0851772001
1049305.0851772001
1048307.6656724412
1048307.6656724412
1048307.6656724412
1048307.6656724412
1048307.6656724412
1048274.024173669
1048130.3426803206
1048118.5484205026
1048118.5484205026
1047606.337677024
1047050.4685518856
1047050.4685518856
1046616.3155667002
1046616.3155667002
1046500.0096526472
1046500.0096526472
1046500.0096526472
1046500.0096526472
1046500.0096526472
1046500.0096526472
1044496.6824300545
1044496.6824300545
1044003.265669907
1044003.265669907
1043955.727669949
1043955.727669949
1043955.727669949
1043955.727669949
1043920.426753927
1043920.426753927
1043343.2590200226
1042877.3947182061
1042877.3947182061
1042877.3947182061
1042877.3947182061
1042877.3947182061
1042877.3947182061
1042111.0365936253
1042111.0365936253
1041834.3705371753
1041834.3705371753
1041834.3705371753
1041834.3705371753
1041676.7544422741
1041308.8000749787
1041308.8000749787
1041308.8000749787
1041308.8000749787
1040767.5450617715
1040589.1232292373
1040589.1232292373
1040457.6726841958
1040457.6726841958
1040101.4217772885
1040101.4217772885
1040101.4217772885
1039999.8829152605
1039888.52377571
1039888.52377571
1039888.52377571
1039787.0195815631
1038880.4890863916
1038440.7044863226
1038440.7044863226
1037150.1894156842
1037150.1894156842
1037150.1894156842
1036887.603994593
1036704.8601731169
1036704.8601731169
1036704.8601731169
1036704.8601731169
1036263.9465765478
1036263.9465765478
1036263.9465765478
1036263.9465765478
1036019.5888567639
1036019.5888567639
1035407.5973107268
1035407.5973107268
1035407.5973107268
1035107.8899546039
1035107.8899546039
1034809.7154649558
1034359.5522777559
1034130.8052717408
1034130.8052717408
1034130.8052717408
1034130.8052717408
1034130.8052717408
1032720.4431717932
1032720.4431717932
1032720.4431717932
1032720.4431717932
1032720.4431717932
1032428.0953872099
1032428.0953872099
1032428.0953872099
1032428.0953872099
1032428.0953872099
1032428.0953872099
1032428.0953872099
1031294.511690464
1031209.9993112038
1031209.9993112038
1031209.9993112038
1030758.5412394962
1030573.0715363317
1030064.9139377709
1030064.9139377709
1030064.9139377709
1030064.9139377709
1030002.0162615841
1029647.1754625479
1028133.3498417041
1027740.4927570776
1027740.4927570776
1027740.4927570776
1027740.4927570776
1026423.5269872386
1026122.4615890937
1025894.2087820282
1025894.2087820282
1025894.2087820282
1025894.2087820282
1025461.4348648491
1025015.3357151588
1025015.3357151588
1025015.3357151588
1024751.0220983969
1024087.2879510171
1023994.6063289015
1023922.0396682052
1023922.0396682052
1023648.1326610392
1023648.1326610392
1023648.1326610392
1023648.1326610392
1023648.1326610392
1023648.1326610392
1023192.2685421966
1023192.2685421966
1023192.2685421966
1023004.6590938237
1023004.6590938237
1023004.6590938237
1022446.0825644154
1022446.0825644154
1022446.0825644154
1022446.0825644154
1022446.0825644154
1022446.0825644154
1022268.7603891809
1022268.7603891809
1021960.204976103
1021960.204976103
1021960.204976103
1021865.9587691362
1021613.2651312044
1021613.2651312044
1021613.2651312044
1021613.2651312044
1021613.2651312044
1021613.2651312044
1021613.2651312044
1020926.6949943042
1020926.6949943042
1020926.6949943042
1020926.6949943042
1020926.6949943042
1020926.6949943042
1020703.8730639499
1020478.0797582581
1020044.732264762
1019542.5444058682
1018857.7916896065
1018857.7916896065
1018659.9595024555
1018659.9595024555
1018659.9595024555
1018659.9595024555
1018659.9595024555
1018659.9595024555
1018659.9595024555
1018201.2115874977
1018201.2115874977
1017806.5033790136
1017806.5033790136
1017336.203146938
1017336.203146938
1017257.3737567277
1016919.0538336155
1016573.7993249926
1016573.7993249926
1016573.7993249926
1016573.7993249926
1016411.9769845936
1016411.9769845936
1016223.7710118566
1016189.8966658809
1016189.8966658809
1016189.8966658809
1016189.8966658809
1016160.7651372012
1015269.9900008796
1014968.9841155413
1014882.498639554
1014882.498639554
1014882.498639554
1014783.1578394568
1014783.1578394568
1014783.1578394568
1014783.1578394568
1014678.478427733
1014408.699007525
1014408.699007525
1014408.699007525
1014408.699007525
1014408.699007525
1014408.699007525
1013724.80942413
1013724.80942413
1013139.4292024097
1013139.3538481169
1013119.6075350686
1012088.2874727173
1012088.2874727173
1010240.0942826427
1009425.5215463446
1008305.882455794
1008305.882455794
1008305.882455794
1008305.882455794
1008305.882455794
1008305.882455794
1008263.4754276054
1008263.4754276054
1007590.2392797479
1006741.7290795052
1006741.7290795052
1005450.4381299785
1004967.6295460663
1004967.6295460663
1004967.6295460663
1004022.2312756627
1004022.2312756627
1004022.2312756627
1004022.2312756627
1004022.2312756627
1004022.2312756627
1004022.2312756627
1004022.2312756627
1003940.8319369344
1003757.5637125671
1003757.5637125671
1003747.2721671527
1003747.2721671527
1003747.2721671527
1003377.2056263265
1003377.2056263265
1003377.2056263265
1003377.2056263265
1003144.6134841105
1002823.4531295589
1002200.0779475146
1002200.0779475146
1001968.2122730433
1001968.2122730433
1001968.2122730433
1001924.2877842586
1001924.2877842586
1001924.2877842586
1000383.014321378
1000383.014321378
1000383.014321378
1000383.014321378
1000097.3887676816
1000097.3887676816
999964.8108971801
999745.6658942259
999745.6658942259
999745.6658942259
999745.6658942259
999745.6658942259
999745.6658942259
999473.4028478481
998609.3493010269
998609.3493010269
998609.3493010269
997775.9609993234
997745.6126138023
997745.6126138023
997745.6126138023
997745.6126138023
997745.6126138023
997745.6126138023
997458.057875463
996155.5436412687
996155.5436412687
995781.6114261486
995781.6114261486
995271.8894057302
995271.8894057302
995271.8894057302
994747.1310931812
994747.1310931812
994747.1310931812
994747.1310931812
994747.1310931812
994747.1310931812
994747.1310931812
994631.9944819703
994631.9944819703
994631.9944819703
994631.9944819703
994631.9944819703
994631.9944819703
994622.6492840614
994622.6492840614
993382.6812660682
993382.6812660682
993253.9998929073
993253.9998929073
993253.9998929073
993253.9998929073
993105.531546504
992240.1631244586
992240.1631244586
992240.1631244586
992240.1631244586
991972.6299086323
991972.6299086323
991297.0492586601
991124.8892576229
991124.8892576229
991124.8892576229
991124.8892576229
991124.8892576229
991124.8892576229
990950.7025959543
990950.7025959543
990950.7025959543
990843.6858871542
990843.6858871542
990843.6858871542
990843.6858871542
990843.6858871542
990537.7881363824
990537.7881363824
990212.6538702084
990212.6538702084
990212.6538702084
990015.8343908868
990015.8343908868
990015.8343908868
989834.1026469643
989373.8993525198
989373.8993525198
989219.8375185144
988909.3552872821
988909.3552872821
988909.3552872821
988909.3552872821
988909.3552872821
988909.3552872821
988909.3552872821
988287.4906406982
987718.2440299278
987624.746229636
987624.746229636
987597.2624987058
987597.2624987058
987597.2624987058
986420.0732878482
986370.7261228601
986370.7261228601
986370.7261228601
986370.7261228601
986370.7261228601
985836.0147824915
985836.0147824915
984727.8587455507
984727.8587455507
984727.8587455507
984727.8587455507
984180.4557703931
984180.4557703931
984180.4557703931
984180.4557703931
984180.4557703931
984180.4557703931
984180.4557703931
983512.7475566047
983330.9561995895
983330.9561995895
983330.9561995895
983330.9561995895
983330.9561995895
983330.9561995895
983217.830043899
983217.830043899
983217.830043899
982560.3032394059
982198.9571172263
982171.0168815446
982171.0168815446
982171.0168815446
982171.0168815446
981714.3559509271
981714.3559509271
981496.0129557026
981496.0129557026
981330.7748249723
980681.8465661579
979646.1110267846
979646.1110267846
979646.1110267846
979426.2988970351
979426.2988970351
979426.2988970351
979053.8845739005
979053.8845739005
979053.8845739005
979053.8845739005
978799.7117565467
978600.3061158467
978600.3061158467
978600.3061158467
978600.3061158467
978566.6234318814
978566.6234318814
978566.6234318814
978566.6234318814
978478.7495780848
978478.7495780848
978223.6075160457
978223.6075160457
978223.6075160457
978223.6075160457
978223.6075160457
978223.6075160457
978223.6075160457
977694.1025294391
977694.1025294391
977649.6630307122
977207.6425086546
977207.6425086546
977103.4384014291
976868.991788027
976868.991788027
976491.174944089
976491.174944089
976491.174944089
976491.174944089
976180.8596633179
976180.8596633179
976027.0656411385
975747.5001309238
975263.0933496207
975175.1636740835
975120.2472896175
974148.460981207
974148.460981207
974016.2862857752
973795.9571284344
972829.393996272
972445.0958582845
972445.0958582845
971542.2842426607
971456.7191814857
971404.5360483633
971211.1773104084
971211.1773104084
971211.1773104084
970670.3527223067
970670.3527223067
970556.8134192466
970271.3052340458
970263.4134961573
970263.4134961573
970263.4134961573
970263.4134961573
970263.4134961573
970259.6284725021
969601.3279839337
969601.3279839337
969601.3279839337
969601.3279839337
969578.7823391166
969578.7823391166
969578.7823391166
969425.5705487186
968966.217732687
968966.217732687
968925.391025221
968676.0426134857
968676.0426134857
968676.0426134857
967429.7670513066
967323.7754716859
967323.7754716859
967323.7754716859
966773.2205728906
966773.2205728906
966773.2205728906
966773.2205728906
966665.9764853703
966665.9764853703
966665.9764853703
966665.9764853703
966506.6708410452
966506.6708410452
966288.0722810675
966288.0722810675
966288.0722810675
966288.0722810675
966288.0722810675
966288.0722810675
966220.7862183866
966220.7862183866
966220.7862183866
966220.7862183866
966220.7862183866
966220.7862183866
966220.7862183866
966220.7862183866
966220.7862183866
966220.7862183866
966220.7862183866
966137.1266030967
966137.1266030967
966137.1266030967
965998.8055349385
965998.8055349385
965669.1961842589
965669.1961842589
965506.5723124116
965271.1593778837
964512.7806151153
964512.7806151153
964253.1473592037
964253.1473592037
964253.1473592037
964253.1473592037
964253.1473592037
963719.6661003178
962601.3170204503
962560.6283910617
962560.6283910617
962560.6283910617
962560.6283910617
962507.7085908389
961358.5388130817
961358.5388130817
961344.848311679
961344.848311679
961258.7991959082
961167.690902319
961167.690902319
960563.8442580607
960563.8442580607
960563.8442580607
960563.8442580607
960563.8442580607
960563.8442580607
960563.8442580607
960563.8442580607
960563.8442580607
960563.8442580607
960563.8442580607
960563.8442580607
960563.8442580607
960313.8756891916
960206.9963517287
960206.9963517287
960206.9963517287
960052.2687337929
960052.2687337929
960052.2687337929
960052.2687337929
960052.2687337929
960052.2687337929
960052.2687337929
960052.2687337929
959850.4324430884
959850.4324430884
959850.4324430884
959850.4324430884
959850.4324430884
959850.4324430884
959850.4324430884
959850.4324430884
959728.0678361056
959728.0678361056
959728.0678361056
959728.0678361056
959728.0678361056
959728.0678361056
959728.0678361056
959728.0678361056
959728.0678361056
959510.3598292618
959510.3598292618
958441.5712312302
958441.5712312302
958151.5169948274
958151.5169948274
958151.5169948274
958151.5169948274
957809.4794498181
957809.4794498181
957809.4794498181
957809.4794498181
957809.4794498181
957809.4794498181
957809.4794498181
957809.4794498181
957809.4794498181
957809.4794498181
957728.5242469909
957166.4003694558
957166.4003694558
957166.4003694558
956337.36490999
956337.36490999
956337.36490999
955889.0092768267
955889.0092768267
955763.8504328525
955763.8504328525
955415.5457613022
955415.5457613022
955091.8606677816
954945.9245409216
954945.9245409216
954945.9245409216
954656.2037577276
954656.2037577276
954557.8327245747
954557.8327245747
954557.8327245747
954557.8327245747
954557.8327245747
954557.8327245747
954557.8327245747
954557.8327245747
954557.8327245747
954557.8327245747
954557.8327245747
954557.8327245747
954557.8327245747
954557.8327245747
954557.8327245747
953737.7532444408
953737.7532444408
953737.7532444408
953180.9704048524
953180.9704048524
953180.9704048524
953150.3558359528
953150.3558359528
953150.3558359528
953150.3558359528
953150.3558359528
953150.3558359528
953150.3558359528
952208.2141275883
952208.2141275883
952064.1108625999
951296.0272267305
951296.0272267305
951296.0272267305
951296.0272267305
951296.0272267305
951296.0272267305
951296.0272267305
951296.0272267305
951296.0272267305
951296.0272267305
950964.3008574208
950724.8208550657
950724.8208550657
950724.8208550657
950724.8208550657
949952.054748602
949952.054748602
949952.054748602
949952.054748602
949865.5453596187
949632.2318972164
949491.6792454642
949491.6792454642
949150.68080192
949150.68080192
949080.3819782506
949080.3819782506
949080.3819782506
948985.9230574324
948985.9230574324
948985.9230574324
948985.9230574324
948985.9230574324
948985.9230574324
948985.9230574324
948985.9230574324
948985.9230574324
948983.3678215559
948983.3678215559
948983.3678215559
948983.3678215559
948983.3678215559
948983.3678215559
948983.3678215559
948983.3678215559
948983.3678215559
948632.4261250055
948632.4261250055
948632.4261250055
948632.4261250055
948632.4261250055
948632.4261250055
948632.4261250055
948632.4261250055
948632.4261250055
948487.6593941897
948487.6593941897
948487.6593941897
948487.6593941897
948487.6593941897
948487.6593941897
948487.6593941897
948487.6593941897
948487.6593941897
948487.6593941897
948487.6593941897
948487.6593941897
948487.6593941897
948487.6593941897
948378.1171014018
948177.1265344295
948177.1265344295
948177.1265344295
948045.6592259938
948045.6592259938
948045.6592259938
948045.6592259938
948045.6592259938
948045.6592259938
947935.385637532
946426.6425685841
946426.6425685841
946426.6425685841
946237.8158923074
946083.6759074435
946083.6759074435
946083.6759074435
946083.6759074435
946083.6759074435
946083.6759074435
946083.6759074435
945600.9840409576
945600.9840409576
945600.9840409576
945600.9840409576
945600.9840409576
945600.9840409576
945600.9840409576
945600.9840409576
945600.9840409576
945586.2746595459
945586.2746595459
945586.2746595459
945116.006735736
945116.006735736
945116.006735736
945116.006735736
945116.006735736
945116.006735736
945116.006735736
945116.006735736
944416.5572271402
944416.5572271402
944256.8847099328
944256.8847099328
944256.8847099328
944256.8847099328
944256.8847099328
944256.8847099328
944256.8847099328
944256.8847099328
944256.8847099328
944256.8847099328
944233.1671814006
944233.1671814006
944233.1671814006
944233.1671814006
943951.4952527059
943951.4952527059
943951.4952527059
943951.4952527059
942716.7775441597
942716.7775441597
942656.8780387994
942656.8780387994
942469.693366162
942199.7387583476
942079.6702959203
942079.6702959203
942079.6702959203
942079.6702959203
942079.6702959203
942079.6702959203
942079.6702959203
942079.6702959203
942079.6702959203
942079.6702959203
941441.0237480674
941441.0237480674
941103.0319588827
941052.1511094474
941052.1511094474
941052.1511094474
941052.1511094474
940968.4092008445
940968.4092008445
940968.4092008445
940968.4092008445
940622.0958895043
940622.0958895043
940622.0958895043
940622.0958895043
940622.0958895043
940622.0958895043
940622.0958895043
940622.0958895043
940195.2491166468
940195.2491166468
940195.2491166468
940195.2491166468
940195.2491166468
940190.6675079643
940190.6675079643
939991.3580239186
939991.3580239186
939495.8781294955
938924.67313122
938721.0721260661
938721.0721260661
938721.0721260661
938721.0721260661
938113.8882306339
938113.8882306339
937891.1721032016
937891.1721032016
937891.1721032016
937891.1721032016
937891.1721032016
937710.3983051442
937710.3983051442
937710.3983051442
937710.3983051442
937710.3983051442
937710.3983051442
936830.3860283901
936830.3860283901
936830.3860283901
936661.3366084283
936414.7833370615
936414.7833370615
936414.7833370615
936414.7833370615
936414.7833370615
936414.7833370615
936414.7833370615
936414.7833370615
936414.7833370615
936414.7833370615
936414.7833370615
936414.7833370615
936414.7833370615
936414.7833370615
936414.7833370615
936358.7610207973
936233.0758224204
936233.0758224204
936233.0758224204
936233.0758224204
936233.0758224204
936233.0758224204
936233.0758224204
936233.0758224204
936097.0420791733
936097.0420791733
936097.0420791733
936097.0420791733
935982.1300543722
935982.1300543722
935982.1300543722
935892.6405787299
935892.6405787299
935465.3126921407
935465.3126921407
935465.3126921407
935465.3126921407
935465.3126921407
935259.2421662777
935259.2421662777
934665.0169341164
934665.0169341164
934253.2314367975
934253.2314367975
934253.2314367975
934253.2314367975
934253.2314367975
934253.2314367975
934253.2314367975
934253.2314367975
933541.8908095129
932333.2815481862
932333.2815481862
932333.2815481862
932333.2815481862
931576.5054086832
931576.5054086832
931346.6894731994
931237.1915581691
931237.1915581691
931237.1915581691
931237.1915581691
931237.1915581691
931237.1915581691
931237.1915581691
931237.1915581691
931237.1915581691
931110.7934269055
931110.7934269055
931110.7934269055
931110.7934269055
931004.9854144237
930058.0442770175
929864.8812377632
929864.8812377632
929864.8812377632
929864.8812377632
929819.85847571
929819.85847571
929819.85847571
929584.2037832594
929584.2037832594
929582.3734222378
929582.3734222378
929582.3734222378
929124.0154023933
928430.6683219529
928430.6683219529
928430.6683219529
928430.6683219529
928430.6683219529
928345.0054820406
928345.0054820406
928332.6315270646
928332.6315270646
928332.6315270646
928332.6315270646
928332.6315270646
928332.6315270646
928332.6315270646
928332.6315270646
928332.6315270646
927703.4024395681
927703.4024395681
927703.4024395681
927703.4024395681
927685.3634629871
927685.3634629871
927685.3634629871
927685.3634629871
927685.3634629871
927685.3634629871
927685.3634629871
927685.3634629871
927685.3634629871
927669.6054053189
927155.2306326809
927155.2306326809
927155.2306326809
926992.2395277836
926992.2395277836
926992.2395277836
926992.2395277836
926992.2395277836
926992.2395277836
926992.2395277836
926992.2395277836
926389.6293667487
926389.6293667487
926389.6293667487
925932.7509446495
925823.7860941361
925823.7860941361
925823.7860941361
925823.7860941361
925823.7860941361
925823.7860941361
925823.7860941361
925823.7860941361
925823.7860941361
925823.7860941361
925823.7860941361
925705.776161523
925102.046870885
925102.046870885
925102.046870885
925102.046870885
924663.7760058097
924663.7760058097
924663.7760058097
924663.7760058097
924663.7760058097
924663.7760058097
924663.7760058097
924663.7760058097
924663.7760058097
924663.7760058097
924663.7760058097
924663.7760058097
924663.7760058097
923372.2245175366
923372.2245175366
923372.2245175366
922709.0105796997
922709.0105796997
922709.0105796997
922709.0105796997
922008.3320257384
922008.3320257384
922008.3320257384
922008.3320257384
922008.3320257384
922008.3320257384
922008.3320257384
922008.3320257384
922008.3320257384
921386.8224239675
921386.8224239675
921310.464431379
921310.464431379
921310.464431379
921237.4228464691
921237.4228464691
921237.4228464691
920918.6359859909
920918.6359859909
920918.6359859909
920918.6359859909
920918.6359859909
920918.6359859909
920918.6359859909
920918.6359859909
920918.6359859909
920918.6359859909
920918.6359859909
920918.6359859909
920918.6359859909
920918.6359859909
920918.6359859909
920918.6359859909
920918.6359859909
919814.8734971955
919814.8734971955
919814.8734971955
919814.8734971955
919814.8734971955
919814.8734971955
919765.3390351649
919765.3390351649
919765.3390351649
919765.3390351649
919765.3390351649
919765.3390351649
919765.3390351649
919765.3390351649
919542.2983370231
919542.2983370231
919542.2983370231
919520.992728457
919520.992728457
918647.0021670549
918606.8867363239
918606.8867363239
918606.8867363239
918606.8867363239
918606.8867363239
918606.8867363239
918606.8867363239
918606.8867363239
918606.8867363239
918606.8867363239
918567.8790003174
918280.2854880178
917570.1048793884
917570.1048793884
916804.1728268617
916334.7324467585
916292.656751678
916292.656751678
916292.656751678
916292.656751678
916292.656751678
916159.6930155494
916159.6930155494
916159.6930155494
916159.6930155494
915726.8958192514
915726.8958192514
915726.8958192514
915726.8958192514
915726.8958192514
915726.8958192514
915726.8958192514
915598.456592685
915598.456592685
915598.456592685
915598.456592685
915598.456592685
915598.456592685
915598.456592685
915598.456592685
915598.456592685
915598.456592685
915598.456592685
915598.456592685
915400.1898488367
915400.1898488367
915400.1898488367
915400.1898488367
915400.1898488367
915140.8470027016
915140.8470027016
915140.8470027016
915140.8470027016
914586.3248204929
914586.3248204929
914586.3248204929
914586.3248204929
914586.3248204929
914414.4349710525
914414.4349710525
914414.4349710525
914414.4349710525
914414.4349710525
914414.4349710525
914414.4349710525
914414.4349710525
914414.4349710525
914213.7354689083
914213.7354689083
914213.7354689083
914213.7354689083
914213.7354689083
914213.7354689083
914213.7354689083
914213.7354689083
914154.4626110834
914154.4626110834
914154.4626110834
914154.4626110834
914154.4626110834
914154.4626110834
914154.4626110834
913753.8403646752
913753.8403646752
913753.8403646752
913753.8403646752
913753.8403646752
913753.8403646752
913753.8403646752
913753.8403646752
913753.8403646752
913753.8403646752
913753.8403646752
913753.8403646752
913753.8403646752
913753.8403646752
913753.8403646752
913753.8403646752
913753.8403646752
913656.162786691
913656.162786691
913656.162786691
913656.162786691
913502.5481679094
913502.5481679094
913502.5481679094
913502.5481679094
913502.5481679094
913502.5481679094
913502.5481679094
913502.5481679094
913502.5481679094
913502.5481679094
912782.5857773524
912782.5857773524
912138.5195605038
912138.5195605038
912138.5195605038
911629.3094312586
911629.3094312586
911609.2506799913
911609.2506799913
911609.2506799913
911154.5088471367
911154.5088471367
911154.5088471367
911154.5088471367
911154.5088471367
911154.5088471367
911154.5088471367
911154.5088471367
911154.5088471367
911154.5088471367
911154.5088471367
911154.5088471367
911154.5088471367
911154.5088471367
911154.5088471367
911103.350199064
911103.350199064
910561.657050871
910441.5519856277
910441.5519856277
910441.5519856277
910441.5519856277
910441.5519856277
910441.5519856277
910441.5519856277
910441.5519856277
910239.1464245507
910239.1464245507
909970.6716668429
909970.6716668429
909970.6716668429
909970.6716668429
909970.6716668429
909373.2081073741
909373.2081073741
909338.0728038573
909338.0728038573
908743.0412212093
908743.0412212093
908743.0412212093
908743.0412212093
908743.0412212093
908743.0412212093
908743.0412212093
908430.6472222334
908430.6472222334
908430.6472222334
908430.6472222334
908430.6472222334
908430.6472222334
908430.6472222334
908430.6472222334
908430.6472222334
908430.6472222334
908430.6472222334
908430.6472222334
908406.9084299325
908251.9904107637
907887.150339263
907887.150339263
907887.150339263
907305.0338850736
907305.0338850736
907016.633156599
907016.633156599
907016.633156599
906988.9105791386
906988.9105791386
906988.9105791386
906988.9105791386
906988.9105791386
906988.9105791386
906988.9105791386
906988.9105791386
906988.9105791386
906988.9105791386
906988.9105791386
906988.9105791386
906988.9105791386
906988.9105791386
906988.9105791386
906988.9105791386
906880.3874345997
906880.3874345997
906880.3874345997
906880.3874345997
906243.4457883842
906243.4457883842
906243.4457883842
906243.4457883842
906243.4457883842
906243.4457883842
906243.4457883842
906243.4457883842
906243.4457883842
905911.0130745298
905911.0130745298
905911.0130745298
905911.0130745298
905911.0130745298
905911.0130745298
905911.0130745298
905911.0130745298
905911.0130745298
905911.0130745298
905816.4886377887
905816.4886377887
905816.4886377887
905816.4886377887
905816.4886377887
905816.4886377887
905816.4886377887
905816.4886377887
905816.4886377887
905816.4886377887
905816.4886377887
905816.4886377887
904856.1255699063
904856.1255699063
904654.7849368979
904654.7849368979
904654.7849368979
904654.7849368979
904654.7849368979
904654.7849368979
904654.7849368979
904344.7300144699
904169.8736715384
904169.8736715384
904169.8736715384
904169.8736715384
904169.8736715384
904169.8736715384
904169.8736715384
904169.8736715384
904169.8736715384
904169.8736715384
904169.8736715384
904169.8736715384
903928.5241115089
903928.5241115089
903928.5241115089
903928.5241115089
903928.5241115089
903928.5241115089
903928.5241115089
903928.5241115089
903063.7685309884
903063.7685309884
903063.7685309884
903063.7685309884
902464.9793648529
902464.9793648529
902464.9793648529
902464.9793648529
902464.9793648529
902464.9793648529
902162.2385913632
902162.2385913632
902162.2385913632
902162.2385913632
902005.8937756998
901902.731013946
901817.5822704107
901817.5822704107
901817.5822704107
901817.5822704107
901817.5822704107
901817.5822704107
901817.5822704107
901817.5822704107
901017.6924313671
901017.6924313671
901017.6924313671
901017.6924313671
901017.6924313671
901017.6924313671
900968.2579947041
900968.2579947041
900901.8828276328
900795.7103763861
900795.7103763861
900795.7103763861
900519.2623501897
900519.2623501897
900519.2623501897
900519.2623501897
900519.2623501897
900519.2623501897
900519.2623501897
900519.2623501897
900519.2623501897
900519.2623501897
900519.2623501897
900519.2623501897
900519.2623501897
900434.1533550341
900335.4419196319
899909.8931060752
899485.1616724348
899485.1616724348
899485.1616724348
899485.1616724348
899021.2989953917
899021.2989953917
899021.2989953917
899021.2989953917
899021.2989953917
898953.3405438608
898922.1705814934
898922.1705814934
898922.1705814934
898424.8397890779
898424.8397890779
898424.8397890779
898424.8397890779
898424.8397890779
898424.8397890779
898424.8397890779
898424.8397890779
898424.8397890779
897188.4883716535
897188.4883716535
897188.4883716535
897188.4883716535
897188.4883716535
897188.4883716535
897188.4883716535
897188.4883716535
897188.4883716535
897188.4883716535
897188.4883716535
897188.4883716535
897188.4883716535
897188.4883716535
897188.4883716535
897188.4883716535
897188.4883716535
896627.522848099
896627.522848099
896396.2434751496
896327.5330885682
896327.5330885682
896327.5330885682
896327.5330885682
896327.5330885682
896327.5330885682
896327.5330885682
896327.5330885682
896327.5330885682
896327.5330885682
896327.5330885682
896327.5330885682
896327.5330885682
896327.5330885682
896327.5330885682
896327.5330885682
896327.5330885682
896327.5330885682
896327.5330885682
895260.834126595
895260.834126595
895260.834126595
895260.834126595
894546.2785393146
894546.2785393146
894546.2785393146
894546.2785393146
894546.2785393146
894546.2785393146
894546.2785393146
894546.2785393146
894326.7604485393
894326.7604485393
894326.7604485393
894326.7604485393
894326.7604485393
894326.7604485393
894326.7604485393
894326.7604485393
894326.7604485393
894326.7604485393
894098.8783775524
894098.8783775524
894098.8783775524
894098.8783775524
894098.8783775524
894098.8783775524
894098.8783775524
894098.8783775524
894098.8783775524
894098.8783775524
894098.8783775524
894098.8783775524
894098.8783775524
894098.8783775524
894098.8783775524
894098.8783775524
894098.8783775524
894098.8783775524
892915.0773793713
892915.0773793713
892915.0773793713
892915.0773793713
892915.0773793713
892671.7451384057
892671.7451384057
892671.7451384057
892671.7451384057
892671.7451384057
892646.4798576838
892646.4798576838
892646.4798576838
892646.4798576838
892646.4798576838
892389.0649004974
892389.0649004974
892389.0649004974
892389.0649004974
892351.060965462
892351.060965462
892277.7956254391
892277.7956254391
891976.2316109573
891427.5228302004
891427.5228302004
891427.5228302004
891258.3137257593
891258.3137257593
891258.3137257593
891258.3137257593
891258.3137257593
891258.3137257593
890615.6191739577
890303.1946658419
890303.1946658419
889609.9916633713
889609.9916633713
889609.9916633713
889510.8374370213
889510.8374370213
889510.8374370213
889510.8374370213
889510.8374370213
889510.8374370213
888792.5945521651
888160.1439659626
888160.1439659626
888160.1439659626
888160.1439659626
888160.1439659626
888160.1439659626
887764.4294229579
887764.4294229579
887764.4294229579
887764.4294229579
886098.2953160674
886098.2953160674
886098.2953160674
886098.2953160674
886098.2953160674
886098.2953160674
886098.2953160674
886098.2953160674
885595.4180567781
885365.7924618311
884391.7364605212
884391.7364605212
884127.3285344711
884127.3285344711
884127.3285344711
884127.3285344711
883943.2959099421
883943.2959099421
883943.2959099421
883605.8572275711
883605.8572275711
883605.8572275711
883605.8572275711
883605.8572275711
883605.8572275711
883605.8572275711
883605.8572275711
883605.8572275711
883605.8572275711
883605.8572275711
883605.8572275711
883605.8572275711
883605.8572275711
883605.8572275711
883605.8572275711
883605.8572275711
883605.8572275711
883605.8572275711
883605.8572275711
883605.8572275711
883605.8572275711
883605.8572275711
883605.8572275711
883605.8572275711
883605.8572275711
883605.8572275711
883605.8572275711
883605.8572275711
883605.8572275711
883605.8572275711
883242.6401862949
883242.6401862949
883242.6401862949
883242.6401862949
883242.6401862949
883242.6401862949
883242.6401862949
883242.6401862949
883242.6401862949
883242.6401862949
882954.7902805256
882954.7902805256
882954.7902805256
882954.7902805256
882954.7902805256
882954.7902805256
882954.7902805256
882954.7902805256
882954.7902805256
882954.7902805256
882954.7902805256
882954.7902805256
882954.7902805256
882954.7902805256
882954.7902805256
882954.7902805256
882954.7902805256
882485.7171934855
882391.9702779744
882391.9702779744
882391.9702779744
882391.9702779744
882391.9702779744
882260.5561823405
882160.3901159503
882160.3901159503
882160.3901159503
882160.3901159503
882160.3901159503
881682.0712103731
881252.565219759
881252.565219759
881252.565219759
881237.1836103187
881237.1836103187
881237.1836103187
881237.1836103187
881017.1366537976
880879.6743610419
880388.5977004449
880388.5977004449
880388.5977004449
880388.5977004449
880388.5977004449
880388.5977004449
880388.5977004449
880388.5977004449
880388.5977004449
880388.5977004449
880388.5977004449
880388.5977004449
880388.5977004449
880388.5977004449
880162.4806730297
880162.4806730297
879706.7060289789
879706.7060289789
879706.7060289789
879706.7060289789
879706.7060289789
879706.7060289789
879706.7060289789
879706.7060289789
879441.8960339508
879441.8960339508
879441.8960339508
879441.8960339508
879441.8960339508
879355.2954645171
879355.2954645171
879355.2954645171
879355.2954645171
879355.2954645171
879311.2558159789
879311.2558159789
879311.2558159789
879311.2558159789
878907.7693546428
878687.5607332076
878369.0621066149
878369.0621066149
878195.9275752697
878195.9275752697
878195.9275752697
877824.2857185543
877824.2857185543
877824.2857185543
877824.2857185543
877824.2857185543
877824.2857185543
877824.2857185543
877824.2857185543
877824.2857185543
877808.327142907
877808.327142907
877808.327142907
877566.3173722804
877566.3173722804
877566.3173722804
877566.3173722804
877566.3173722804
877566.3173722804
877566.3173722804
877566.3173722804
877566.3173722804
877566.3173722804
877566.3173722804
877566.3173722804
877566.3173722804
877229.9221675226
877229.9221675226
877229.9221675226
876510.3542665429
876510.3542665429
876510.3542665429
876510.3542665429
876510.3542665429
876510.3542665429
876510.3542665429
876104.8271665496
876104.8271665496
876104.8271665496
876104.8271665496
876104.8271665496
876104.8271665496
876104.8271665496
876104.8271665496
876104.8271665496
876104.8271665496
876104.8271665496
876104.8271665496
876104.8271665496
876104.8271665496
876104.8271665496
876104.8271665496
876104.8271665496
876104.8271665496
875846.825331833
875846.825331833
875846.825331833
875846.825331833
875846.825331833
875846.825331833
875846.825331833
875846.825331833
875846.825331833
875846.825331833
875846.825331833
875846.825331833
875846.825331833
875846.825331833
875846.825331833
875846.825331833
875846.825331833
875846.825331833
875846.825331833
875848.514566563
875848.514566563
875848.514566563
875848.514566563
875848.514566563
875848.514566563
875848.514566563
875848.514566563
875848.514566563
875848.514566563
875848.514566563
875848.514566563
875848.514566563
875848.514566563
875848.514566563
875848.514566563
875848.514566563
875848.514566563
875848.514566563
875848.514566563
875848.514566563
875848.514566563
875848.514566563
875848.514566563
875697.6307733335
875697.6307733335
875697.6307733335
875697.6307733335
875697.6307733335
875697.6307733335
875697.6307733335
875697.6307733335
875697.6307733335
875697.6307733335
875697.6307733335
875697.6307733335
875697.6307733335
875697.6307733335
875697.6307733335
875697.6307733335
875697.6307733335
875697.6307733335
875697.6307733335
875697.6307733335
875697.6307733335
875222.3517762688
875222.3517762688
875071.6764002349
874307.7441828077
873250.6041354106
873250.6041354106
873250.6041354106
873250.6041354106
873250.6041354106
873250.6041354106
872860.0545360295
872860.0545360295
872860.0545360295
872860.0545360295
872860.0545360295
872860.0545360295
872860.0545360295
872860.0545360295
872860.0545360295
872291.6771391262
872291.6771391262
872291.6771391262
872230.1192392581
872230.1192392581
872230.1192392581
872230.1192392581
872230.1192392581
872230.1192392581
872230.1192392581
872230.1192392581
872230.1192392581
872230.1192392581
872204.3774661302
872204.3774661302
872204.3774661302
871429.8411471088
871028.0648273497
871028.0648273497
871028.0648273497
871028.0648273497
871028.0648273497
871028.0648273497
871028.0648273497
871028.0648273497
871028.0648273497
871028.0648273497
871028.0648273497
871028.0648273497
871028.0648273497
871028.0648273497
871028.0648273497
871028.0648273497
871028.0648273497
871028.0648273497
870756.6814783087
870756.6814783087
870756.6814783087
870756.6814783087
870756.6814783087
870756.6814783087
870756.6814783087
870756.6814783087
870756.6814783087
870756.6814783087
870214.4612802316
870214.4612802316
870214.4612802316
870214.4612802316
870214.4612802316
870214.4612802316
870214.4612802316
870214.4612802316
870214.4612802316
870214.4612802316
870214.4612802316
870214.4612802316
870214.4612802316
870214.4612802316
870214.4612802316
870075.9275414995
870075.9275414995
870075.9275414995
870075.9275414995
870041.6083009536
870041.6083009536
870041.6083009536
870041.6083009536
869560.8368025373
869560.8368025373
869560.8368025373
869560.8368025373
869560.8368025373
869560.8368025373
869560.8368025373
869560.8368025373
869560.8368025373
869560.8368025373
869560.8368025373
869560.8368025373
869560.8368025373
869560.8368025373
869560.8368025373
869560.8368025373
869560.8368025373
869560.8368025373
869560.8368025373
869560.8368025373
869560.8368025373
869448.9012968319
869285.8578016153
869285.8578016153
869285.8578016153
869285.8578016153
869285.8578016153
869285.8578016153
869285.8578016153
869256.7554800016
869256.7554800016
869256.7554800016
869256.7554800016
869163.7156420262
869163.7156420262
869163.7156420262
869163.7156420262
869163.7156420262
868590.6607135122
868590.6607135122
868590.6607135122
868590.6607135122
868590.6607135122
868590.6607135122
868590.6607135122
868590.6607135122
868590.6607135122
868590.6607135122
868267.8671141514
868267.8671141514
868117.7843080823
867953.2332175033
867953.2332175033
867953.2332175033
867953.2332175033
867953.2332175033
867953.2332175033
867953.2332175033
867953.2332175033
867953.2332175033
867953.2332175033
867953.2332175033
867285.1422469692
867285.1422469692
867285.1422469692
867285.1422469692
867285.1422469692
867285.1422469692
867285.1422469692
867285.1422469692
867285.1422469692
867285.1422469692
867285.1422469692
867285.1422469692
867285.1422469692
867285.1422469692
867285.1422469692
866774.8230738402
866774.8230738402
866774.8230738402
866774.8230738402
866774.8230738402
866446.8751056249
866446.8751056249
866446.8751056249
866446.8751056249
866446.8751056249
866446.8751056249
866446.8751056249
866446.8751056249
866446.8751056249
866446.8751056249
866446.8751056249
866446.8751056249
866446.8751056249
866198.9953927654
866198.9953927654
866198.9953927654
866198.9953927654
866198.9953927654
866198.9953927654
866189.8168339656
865939.4145046392
865778.1550521678
865778.1550521678
865778.1550521678
865778.1550521678
865778.1550521678
865778.1550521678
865778.1550521678
865778.1550521678
865778.1550521678
865778.1550521678
865778.1550521678
865778.1550521678
865778.1550521678
865778.1550521678
865653.7690110874
865632.5639116275
865632.5639116275
865632.5639116275
865632.5639116275
865632.5639116275
865632.5639116275
865632.5639116275
865632.5639116275
865632.5639116275
865632.5639116275
865632.5639116275
865632.5639116275
865632.5639116275
865632.5639116275
865632.5639116275
865632.5639116275
865632.5639116275
865632.5639116275
865632.5639116275
865632.5639116275
865632.5639116275
865632.5639116275
865284.0056709298
865284.0056709298
865284.0056709298
865284.0056709298
865284.0056709298
865184.2376596452
865184.2376596452
865184.2376596452
864878.2694970716
864727.9584571181
864727.9584571181
864727.9584571181
864727.9584571181
864727.9584571181
864727.9584571181
864727.9584571181
864727.9584571181
864727.9584571181
864727.9584571181
864370.5902456047
864236.8299078848
864236.8299078848
864236.8299078848
864236.8299078848
864236.8299078848
864236.8299078848
864236.8299078848
864195.1620092557
864111.6394288407
864111.6394288407
864111.6394288407
864111.6394288407
864111.6394288407
864111.6394288407
864111.6394288407
864111.6394288407
864111.6394288407
864111.6394288407
864089.3504561798
864089.3504561798
864089.3504561798
863883.5623049367
863883.5623049367
863577.6671730683
863577.6671730683
863577.6671730683
863577.6671730683
863577.6671730683
863577.6671730683
863577.6671730683
863577.6671730683
863474.5981001465
863474.5981001465
863474.5981001465
863474.5981001465
863354.9389127849
863354.9389127849
863354.9389127849
863328.7563945615
863328.7563945615
863328.7563945615
863328.7563945615
863328.7563945615
863328.7563945615
863328.7563945615
863328.7563945615
863328.7563945615
863328.7563945615
863328.7563945615
863328.7563945615
863328.7563945615
863328.7563945615
863328.7563945615
863328.7563945615
863328.7563945615
863328.7563945615
863328.7563945615
863328.7563945615
863328.7563945615
862455.5500784689
862455.5500784689
862455.5500784689
862455.5500784689
862455.5500784689
862455.5500784689
862455.5500784689
862455.5500784689
862455.5500784689
862455.5500784689
862455.5500784689
862455.5500784689
862455.5500784689
862455.5500784689
862455.5500784689
862455.5500784689
862455.5500784689
861594.2745508873
861594.2745508873
861594.2745508873
861594.2745508873
861594.2745508873
861594.2745508873
861594.2745508873
861594.2745508873
861594.2745508873
861594.2745508873
861594.2745508873
861594.2745508873
861233.6554868434
861233.6554868434
861233.6554868434
861233.6554868434
861233.6554868434
861233.6554868434
861233.6554868434
861233.6554868434
861233.6554868434
861233.6554868434
861233.6554868434
861233.6554868434
861233.6554868434
861108.922879474
861108.922879474
861108.922879474
861108.922879474
861108.922879474
860120.1929126008
860120.1929126008
860120.1929126008
860120.1929126008
860120.1929126008
860120.1929126008
860120.1929126008
859419.1238524687
859419.1238524687
859184.9075120585
859184.9075120585
859184.9075120585
859184.9075120585
859184.9075120585
858999.1025806544
858999.1025806544
858999.1025806544
858999.1025806544
858999.1025806544
858876.0041634076
858876.0041634076
858876.0041634076
858876.0041634076
858876.0041634076
858876.0041634076
858876.0041634076
858876.0041634076
858581.0920651881
858581.0920651881
858581.0920651881
858581.0920651881
858581.0920651881
858581.0920651881
858442.6612918247
858442.6612918247
858442.6612918247
858442.6612918247
858442.6612918247
858442.6612918247
858442.6612918247
858442.6612918247
858442.6612918247
858442.6612918247
858442.6612918247
858442.6612918247
858145.1454973016
858145.1454973016
858145.1454973016
858145.1454973016
858145.1454973016
857458.6191487261
857458.6191487261
857458.6191487261
857458.6191487261
857458.6191487261
857458.6191487261
857458.6191487261
857458.6191487261
857458.6191487261
857458.6191487261
857458.6191487261
857458.6191487261
857458.6191487261
857458.6191487261
857458.6191487261
857458.6191487261
857458.6191487261
857458.6191487261
857458.6191487261
857458.6191487261
857458.6191487261
856716.6260652083
856716.6260652083
856716.6260652083
856194.4479900638
856194.4479900638
856194.4479900638
856194.4479900638
856194.4479900638
855976.1080388448
855868.3105465355
855824.2508358341
855824.2508358341
855824.2508358341
855824.2508358341
855824.2508358341
855824.2508358341
855824.2508358341
855824.2508358341
855824.2508358341
855824.2508358341
855747.2170109702
855424.228823444
855424.228823444
855424.228823444
855424.228823444
855424.228823444
855186.6780500207
855186.6780500207
855186.6780500207
855186.6780500207
855186.6780500207
855186.6780500207
855186.6780500207
855186.6780500207
855186.6780500207
855186.6780500207
855186.6780500207
855186.6780500207
855186.6780500207
855186.6780500207
855186.6780500207
855186.6780500207
855186.6780500207
855186.6780500207
855186.6780500207
855160.0292434283
855012.0842948298
855012.0842948298
855012.0842948298
855012.0842948298
855012.0842948298
855012.0842948298
854838.2062881652
854838.2062881652
854838.2062881652
854838.2062881652
854838.2062881652
854838.2062881652
854838.2062881652
854838.2062881652
854838.2062881652
854838.2062881652
854838.2062881652
854838.2062881652
854838.2062881652
854838.2062881652
854838.2062881652
854838.2062881652
854838.2062881652
854838.2062881652
854838.2062881652
854838.2062881652
854838.2062881652
854838.2062881652
854838.2062881652
854838.2062881652
854838.2062881652
854838.2062881652
854838.2062881652
854838.2062881652
854838.2062881652
854838.2062881652
854838.2062881652
854838.2062881652
854838.2062881652
854838.2062881652
854838.2062881652
854838.2062881652
854551.5580952163
854551.5580952163
854551.5580952163
854551.5580952163
854551.5580952163
854551.5580952163
854551.5580952163
854551.5580952163
854551.5580952163
854551.5580952163
854551.5580952163
854551.5580952163
854551.5580952163
854551.5580952163
854551.5580952163
854551.5580952163
854551.5580952163
854551.5580952163
854551.5580952163
854551.5580952163
854551.5580952163
854551.5580952163
854551.5580952163
854551.5580952163
854551.5580952163
854551.5580952163
854551.5580952163
854551.5580952163
854551.5580952163
854551.5580952163
854551.5580952163
854551.5580952163
854416.9267446214
854416.9267446214
854416.9267446214
854416.9267446214
854410.5103122237
854368.3935587441
854368.3935587441
854368.3935587441
854368.3935587441
854368.3935587441
854368.3935587441
854368.3935587441
854368.3935587441
854368.3935587441
854368.3935587441
854368.3935587441
854368.3935587441
854368.3935587441
854368.3935587441
854368.3935587441
854294.9542425091
854294.9542425091
854294.9542425091
854294.9542425091
854294.9542425091
854294.9542425091
854294.9542425091
854294.9542425091
854294.9542425091
854294.9542425091
854294.9542425091
854294.9542425091
854104.0638797983
853994.8745960472
853977.8640672571
853977.8640672571
853977.8640672571
853977.8640672571
853977.8640672571
853977.8640672571
853977.8640672571
853882.9996776984
853882.9996776984
853774.4305700866
853774.4305700866
853774.4305700866
853774.4305700866
853534.9564796686
853534.9564796686
853534.9564796686
853534.9564796686
853534.9564796686
853244.7453531539
853244.7453531539
853244.7453531539
853227.0294155234
853227.0294155234
853227.0294155234
853227.0294155234
853227.0294155234
853227.0294155234
853227.0294155234
853227.0294155234
853227.0294155234
853194.4091945128
853194.4091945128
853194.4091945128
853194.4091945128
853194.4091945128
853194.4091945128
853194.4091945128
853194.4091945128
852831.7343220261
852831.7343220261
852831.7343220261
852809.0117690851
852809.0117690851
852809.0117690851
852809.0117690851
852809.0117690851
852809.0117690851
852292.4089423874
852292.4089423874
852292.4089423874
852257.2204341723
852257.2204341723
852257.2204341723
852257.2204341723
852257.2204341723
852257.2204341723
852257.2204341723
852257.2204341723
852257.2204341723
851709.2558105725
851709.2558105725
851709.2558105725
851709.2558105725
851472.9008792627
851472.9008792627
851472.9008792627
851472.9008792627
851472.9008792627
851472.9008792627
851472.9008792627
851472.9008792627
851472.9008792627
851472.9008792627
851472.9008792627
851472.9008792627
851472.9008792627
851051.5084545204
851051.5084545204
851051.5084545204
851051.5084545204
850983.9889387385
850983.9889387385
850901.4047811914
850901.4047811914
850901.4047811914
850901.4047811914
850901.4047811914
850901.4047811914
850901.4047811914
850901.4047811914
850901.4047811914
850901.4047811914
850901.4047811914
850901.4047811914
850901.4047811914
850901.4047811914
850901.4047811914
850901.4047811914
850901.4047811914
850901.4047811914
850901.4047811914
850901.4047811914
850901.4047811914
850901.4047811914
850901.4047811914
850901.4047811914
850901.4047811914
850901.4047811914
850901.4047811914
850237.9204349779
850237.9204349779
850237.9204349779
850237.9204349779
850237.9204349779
850237.9204349779
850237.9204349779
850237.9204349779
850237.9204349779
850237.9204349779
850237.9204349779
850237.9204349779
850237.9204349779
850003.0680661635
850003.0680661635
850003.0680661635
850003.0680661635
850003.0680661635
850003.0680661635
850003.0680661635
850003.0680661635
850003.0680661635
850003.0680661635
850003.0680661635
849975.1247435838
849975.1247435838
849821.026541486
849821.026541486
849821.026541486
849821.026541486
849821.026541486
849821.026541486
849821.026541486
849008.0297026314
849008.0297026314
849008.0297026314
849008.0297026314
849008.0297026314
849008.0297026314
849008.0297026314
848638.7887559591
848638.7887559591
848638.7887559591
848638.7887559591
848638.7887559591
848638.7887559591
848638.7887559591
848637.8358948589
848637.8358948589
848637.8358948589
848637.8358948589
848637.8358948589
848637.8358948589
848637.8358948589
848637.8358948589
848637.8358948589
848637.8358948589
848637.8358948589
848637.8358948589
848637.8358948589
848637.8358948589
848637.8358948589
848639.2625923447
848639.2625923447
848520.5124596176
848520.5124596176
848520.5124596176
848520.5124596176
848520.5124596176
848520.5124596176
848179.6965103484
848179.6965103484
848169.2729311341
848169.2729311341
848169.2729311341
848169.2729311341
848169.2729311341
848169.2729311341
848169.2729311341
848169.2729311341
848169.2729311341
848169.2729311341
848169.2729311341
848028.9385342535
848028.9385342535
848028.9385342535
848028.9385342535
848028.9385342535
848028.9385342535
848028.9385342535
848028.9385342535
848028.9385342535
848028.9385342535
848028.9385342535
848028.9385342535
848028.9385342535
848028.9385342535
848028.9385342535
848028.9385342535
848028.9385342535
848028.9385342535
848028.9385342535
848028.9385342535
848028.9385342535
848028.9385342535
848028.9385342535
848028.9385342535
847985.7000587663
847985.7000587663
847985.7000587663
847985.7000587663
847985.7000587663
847985.7000587663
847985.7000587663
847985.7000587663
847985.7000587663
847985.7000587663
847985.7000587663
847985.7000587663
847985.7000587663
847589.79510103
847589.79510103
847589.79510103
847589.79510103
847589.79510103
847589.79510103
847589.79510103
847589.79510103
847589.79510103
847589.79510103
847589.79510103
847589.79510103
847589.79510103
847589.79510103
847183.1132087
847183.1132087
847183.1132087
847183.1132087
847183.1132087
847183.1132087
847183.1132087
847183.1132087
847183.1132087
847183.1132087
847183.1132087
847183.1132087
847122.7134868646
847122.7134868646
846915.2387405606
846915.2387405606
846915.2387405606
846915.2387405606
846915.2387405606
846915.2387405606
846915.2387405606
846915.2387405606
846889.524594612
846889.524594612
846889.524594612
846863.941635394
846660.0347358936
846660.0347358936
846660.0347358936
846660.0347358936
846660.0347358936
846660.0347358936
846084.5510403373
846084.5510403373
846084.5510403373
846084.5510403373
846084.5510403373
846084.5510403373
846084.5510403373
845653.6386999744
845653.6386999744
845653.6386999744
845613.5284739605
845613.5284739605
845613.5284739605
845613.5284739605
845613.5284739605
845543.855717344
845543.855717344
845543.855717344
845543.855717344
845543.855717344
845543.855717344
845543.855717344
845000.0938659662
845000.0938659662
845000.0938659662
845000.0938659662
845000.0938659662
845000.0938659662
845000.0938659662
845000.0938659662
845000.0938659662
844767.6465095137
844767.6465095137
844767.6465095137
844767.6465095137
844767.6465095137
844767.6465095137
844767.6465095137
844622.5865340255
844622.5865340255
844622.5865340255
844622.5865340255
844622.5865340255
844622.5865340255
844622.5865340255
844622.5865340255
844441.9743903824
844441.9743903824
844357.8854205663
844357.8854205663
844357.8854205663
844357.8854205663
844357.8854205663
844357.8854205663
844357.8854205663
844357.8854205663
844357.8854205663
844357.8854205663
844357.8854205663
844357.8854205663
844129.20208598
844037.6047857592
843882.7420227095
843807.4100164908
843807.4100164908
843807.4100164908
843807.4100164908
843807.4100164908
843807.4100164908
843807.4100164908
843807.4100164908
843807.4100164908
843807.4100164908
843807.4100164908
843807.4100164908
843807.4100164908
843807.4100164908
843219.8925705721
843219.8925705721
843219.8925705721
843219.8925705721
843219.8925705721
843219.8925705721
843219.8925705721
842788.0110463302
842788.0110463302
842211.9917913259
842211.9917913259
842211.9917913259
842211.9917913259
842211.9917913259
842211.9917913259
842211.9917913259
842211.9917913259
842211.9917913259
842211.9917913259
842211.9917913259
842211.9917913259
842211.9917913259
842211.9917913259
842211.9917913259
842211.9917913259
842211.9917913259
842211.9917913259
842211.9917913259
842211.9917913259
842211.9917913259
842211.9917913259
842211.9917913259
842211.9917913259
842211.9917913259
842211.9917913259
841924.3366974021
841924.3366974021
841924.3366974021
841924.3366974021
841924.3366974021
841453.5424549808
841453.5424549808
841453.5424549808
841453.5424549808
841453.5424549808
841453.5424549808
841453.5424549808
841453.5424549808
841453.5424549808
841453.5424549808
841453.5424549808
841453.5424549808
841453.5424549808
841453.5424549808
841453.5424549808
841453.5424549808
841453.5424549808
841453.5424549808
841453.5424549808
841453.5424549808
841453.5424549808
841453.5424549808
841453.5424549808
841453.5424549808
841453.5424549808
841453.5424549808
840878.1953281718
840876.5558755533
840876.5558755533
840876.5558755533
840394.7167286146
840394.7167286146
840394.7167286146
840394.7167286146
840394.7167286146
840394.7167286146
840125.0800038264
839984.199775963
839984.199775963
839984.199775963
839984.199775963
839611.1207128802
839611.1207128802
839521.6163479495
839521.6163479495
839521.6163479495
839521.6163479495
839521.6163479495
839521.6163479495
839521.6163479495
839521.6163479495
839521.6163479495
839491.3040235604
839491.3040235604
839491.3040235604
839491.3040235604
839491.3040235604
839491.3040235604
839468.4403736056
839468.4403736056
839416.6814135266
839416.6814135266
839416.6814135266
838931.1577615216
838931.1577615216
838931.1577615216
838931.1577615216
838931.1577615216
838931.1577615216
838931.1577615216
838931.1577615216
838931.1577615216
838931.1577615216
838931.1577615216
838931.1577615216
838931.1577615216
838931.1577615216
838464.2222944219
838464.2222944219
838464.2222944219
838464.2222944219
838464.2222944219
838464.2222944219
838464.2222944219
838464.2222944219
838464.2222944219
838464.2222944219
838464.2222944219
838464.2222944219
838464.2222944219
838464.2222944219
838464.2222944219
838464.2222944219
838464.2222944219
838464.2222944219
838464.2222944219
838464.2222944219
838464.2222944219
838464.2222944219
838464.2222944219
837924.1313727706
837924.1313727706
837924.1313727706
837924.1313727706
837924.1313727706
837924.1313727706
837924.1313727706
837924.1313727706
837920.9914877957
837920.9914877957
837920.9914877957
837920.9914877957
837920.9914877957
837920.9914877957
837580.3800941235
837580.3800941235
837580.3800941235
837580.3800941235
837580.3800941235
837580.3800941235
837580.3800941235
837580.3800941235
837580.3800941235
837580.3800941235
837580.3800941235
837580.3800941235
837580.3800941235
837580.3800941235
837580.3800941235
837580.3800941235
837580.3800941235
837580.3800941235
837580.3800941235
837580.3800941235
837580.3800941235
837580.3800941235
837580.3800941235
837580.3800941235
837580.3800941235
837580.3800941235
837580.3800941235
837580.3800941235
837580.3800941235
837261.1064836702
837261.1064836702
837261.1064836702
837261.1064836702
837261.1064836702
837261.1064836702
837261.1064836702
837261.1064836702
837261.1064836702
836806.9069120351
836806.9069120351
836806.9069120351
836806.9069120351
836806.9069120351
836806.9069120351
836806.9069120351
836806.9069120351
836806.9069120351
836806.9069120351
836806.9069120351
836806.9069120351
836806.9069120351
836806.9069120351
836806.9069120351
836806.9069120351
836806.9069120351
836806.9069120351
836806.9069120351
836806.9069120351
836806.9069120351
836806.9069120351
836806.9069120351
836806.9069120351
836806.9069120351
835803.0535039066
835803.0535039066
835803.0535039066
835803.0535039066
835803.0535039066
835803.0535039066
835803.0535039066
835803.0535039066
835803.0535039066
835803.0535039066
835803.0535039066
835803.0535039066
835803.0535039066
835157.4448653567
834946.4780320213
834946.4780320213
834946.4780320213
834946.4780320213
834669.4548465483
834669.4548465483
833880.3961908001
833880.3961908001
833880.3961908001
833880.3961908001
833880.3961908001
833880.3961908001
833880.3961908001
833880.3961908001
833880.3961908001
833880.3961908001
833880.3961908001
833880.3961908001
833880.3961908001
833880.3961908001
833880.3961908001
833648.5070512879
833648.5070512879
833648.5070512879
833648.5070512879
833648.5070512879
833648.5070512879
833648.5070512879
833648.5070512879
833648.5070512879
833551.3962589079
833551.3962589079
833551.3962589079
833551.3962589079
833551.3962589079
833551.3962589079
833551.3962589079
833551.3962589079
833551.3962589079
833551.3962589079
833551.3962589079
833428.0118303705
833428.0118303705
833428.0118303705
833428.0118303705
833428.0118303705
833428.0118303705
833428.0118303705
833428.0118303705
833428.0118303705
833428.0118303705
833428.0118303705
833078.5049302012
833078.5049302012
832986.9845737912
832986.9845737912
832986.9845737912
832986.9845737912
832986.9845737912
832986.9845737912
832986.9845737912
832986.9845737912
832986.9845737912
832518.6500668204
832518.6500668204
832518.6500668204
832518.6500668204
832518.6500668204
832518.6500668204
832518.6500668204
832518.6500668204
832518.6500668204
832518.6500668204
832518.6500668204
832391.4736350767
832391.4736350767
832391.4736350767
832391.4736350767
832391.4736350767
832391.4736350767
832301.8778816923
832301.8778816923
832301.8778816923
832113.1862568227
831672.2138646019
831672.2138646019
831672.2138646019
831672.2138646019
831672.2138646019
831672.2138646019
831672.2138646019
831163.877496649
831118.5750511668
831118.5750511668
831118.5750511668
831118.5750511668
831118.5750511668
831118.5750511668
831118.5750511668
831118.5750511668
831118.5750511668
831118.5750511668
830711.6690519932
830711.6690519932
830711.6690519932
830711.6690519932
830711.6690519932
830711.6690519932
830711.6690519932
830711.6690519932
830711.6690519932
830711.6690519932
830551.8332617406
830551.8332617406
830551.8332617406
830551.8332617406
830551.8332617406
830551.8332617406
830551.8332617406
830551.8332617406
830379.308080149
830379.308080149
830284.7437268607
830284.7437268607
830284.7437268607
830284.7437268607
830284.7437268607
830284.7437268607
830284.7437268607
830284.7437268607
830284.7437268607
830284.7437268607
830284.7437268607
830284.7437268607
830284.7437268607
830284.7437268607
829544.5713772736
829544.5713772736
829544.5713772736
829544.5713772736
829544.5713772736
829544.5713772736
829544.5713772736
829505.2910620945
829505.2910620945
829505.2910620945
829505.2910620945
829505.2910620945
829505.2910620945
829505.2910620945
829505.2910620945
829505.2910620945
829505.2910620945
829505.2910620945
829505.2910620945
829493.9421427909
829493.9421427909
829493.9421427909
829493.9421427909
829493.9421427909
829493.9421427909
829493.9421427909
829493.9421427909
829493.9421427909
829493.9421427909
829493.9421427909
829493.9421427909
829493.9421427909
829493.9421427909
829001.3050388319
829001.3050388319
829001.3050388319
829001.3050388319
829001.3050388319
828930.9167296833
828930.9167296833
828930.9167296833
828930.9167296833
828930.9167296833
828930.9167296833
828878.5538788927
828878.5538788927
828878.5538788927
828878.5538788927
828878.5538788927
828878.5538788927
828878.5538788927
828878.5538788927
828878.5538788927
828878.5538788927
828878.5538788927
828878.5538788927
828878.5538788927
828734.1565204522
828734.1565204522
828734.1565204522
828734.1565204522
828734.1565204522
828734.1565204522
828449.5435088223
828449.5435088223
828449.5435088223
828449.5435088223
828449.5435088223
828449.5435088223
828321.8540074835
828321.8540074835
828321.8540074835
828321.8540074835
828321.8540074835
828321.8540074835
828321.8540074835
828321.8540074835
828145.5452607318
828145.5452607318
828145.5452607318
828145.5452607318
828145.5452607318
828137.6344872488
828137.6344872488
828137.6344872488
828137.6344872488
828137.6344872488
828137.6344872488
828137.6344872488
828137.6344872488
828137.6344872488
828137.6344872488
828137.6344872488
828137.6344872488
828137.6344872488
828137.6344872488
828137.6344872488
828137.6344872488
828137.6344872488
828137.6344872488
828137.6344872488
828137.6344872488
828137.6344872488
828137.6344872488
828125.3974271734
828125.3974271734
828125.3974271734
828125.3974271734
828125.3974271734
827989.8210005126
827989.8210005126
827989.8210005126
827989.8210005126
827989.8210005126
827989.8210005126
827989.8210005126
827989.8210005126
827989.8210005126
827989.8210005126
827989.8210005126
827917.5801166507
827917.5801166507
827917.5801166507
827917.5801166507
827917.5801166507
827917.5801166507
827917.5801166507
827917.5801166507
827917.5801166507
827917.5801166507
827917.5801166507
827917.5801166507
827917.5801166507
827917.5801166507
827917.5801166507
827740.7681334185
827740.7681334185
827740.7681334185
827740.7681334185
827556.9270835449
827556.9270835449
827556.9270835449
827556.9270835449
827556.9270835449
827556.9270835449
827556.9270835449
827556.9270835449
827556.9270835449
827556.9270835449
827556.9270835449
827556.9270835449
827556.9270835449
827556.9270835449
827556.9270835449
827499.4407615783
827499.4407615783
827499.4407615783
827499.4407615783
827499.4407615783
827499.4407615783
827499.4407615783
827320.9770089798
827320.9770089798
827320.9770089798
827278.7003392216
827278.7003392216
826581.9763523442
826581.9763523442
826581.9763523442
826581.9763523442
826581.9763523442
826581.9763523442
826581.9763523442
826581.9763523442
826581.9763523442
826581.9763523442
826581.9763523442
826581.9763523442
826581.9763523442
826581.9763523442
826581.9763523442
826256.8812997853
826256.8812997853
826256.8812997853
826256.8812997853
826256.8812997853
826256.8812997853
826256.8812997853
826256.8812997853
826256.8812997853
826256.8812997853
826256.8812997853
826256.8812997853
826256.8812997853
826256.8812997853
826256.8812997853
826256.8812997853
826130.369392335
826130.369392335
826130.369392335
826130.369392335
826130.369392335
826130.369392335
826130.369392335
826130.369392335
826130.369392335
826130.369392335
826130.369392335
826130.369392335
826130.369392335
826130.369392335
826130.369392335
826130.369392335
826130.369392335
826130.369392335
826130.369392335
826130.369392335
826130.369392335
826130.369392335
826130.369392335
826130.369392335
826130.369392335
826130.369392335
826130.369392335
826130.369392335
826130.369392335
826130.369392335
826130.369392335
826130.369392335
826130.369392335
826130.369392335
826130.369392335
826130.369392335
826130.369392335
826130.369392335
826130.369392335
826130.369392335
826130.369392335
826024.6628032937
826024.6628032937
826024.6628032937
826024.6628032937
826024.6628032937
826024.6628032937
825934.5227736235
825934.5227736235
825934.5227736235
825934.5227736235
825934.5227736235
825934.5227736235
825934.5227736235
825524.0659490381
825491.7717390328
825491.7717390328
825491.7717390328
825491.7717390328
825491.7717390328
825491.7717390328
825491.7717390328
825491.7717390328
825491.7717390328
825491.7717390328
825491.7717390328
825491.7717390328
825491.7717390328
825491.7717390328
825491.7717390328
825491.7717390328
825491.7717390328
825491.7717390328
825491.7717390328
824956.5923760466
824956.5923760466
824956.5923760466
824898.4344921727
824898.4344921727
824898.4344921727
824898.4344921727
824898.4344921727
824898.4344921727
824898.4344921727
824898.4344921727
824898.4344921727
824898.4344921727
824898.4344921727
824898.4344921727
824898.4344921727
824898.4344921727
824898.4344921727
824898.4344921727
824898.4344921727
824898.4344921727
824898.4344921727
824898.4344921727
824898.4344921727
824898.4344921727
824898.4344921727
824898.4344921727
824898.4344921727
824898.4344921727
824898.4344921727
824898.4344921727
824898.4344921727
824880.83549774
824880.83549774
824880.83549774
824880.83549774
824880.83549774
824638.4751676874
824638.4751676874
824638.4751676874
824638.4751676874
824638.4751676874
824638.4751676874
824638.4751676874
824629.9581206742
824629.9581206742
824629.9581206742
824629.9581206742
824629.9581206742
824619.5435811252
824619.5435811252
824619.5435811252
824619.5435811252
824619.5435811252
824619.5435811252
824619.5435811252
823915.7040225458
823915.7040225458
823915.7040225458
823915.7040225458
823915.7040225458
823915.7040225458
823915.7040225458
823915.7040225458
823915.7040225458
823915.7040225458
823915.7040225458
823915.7040225458
823908.995030987
823908.995030987
823908.995030987
823908.995030987
823908.995030987
823908.995030987
823908.995030987
823908.995030987
823908.995030987
823908.995030987
823526.8072850426
823526.8072850426
823526.8072850426
823526.8072850426
823526.8072850426
823526.8072850426
823526.8072850426
823526.8072850426
823526.8072850426
823526.8072850426
823526.8072850426
823526.8072850426
823526.8072850426
823526.8072850426
823526.8072850426
823526.8072850426
823526.8072850426
823460.4304871266
823460.4304871266
823460.4304871266
823341.4741186401
823341.4741186401
822882.6277636872
822882.6277636872
822882.6277636872
822882.6277636872
822882.6277636872
822882.6277636872
822882.6277636872
822882.6277636872
822882.6277636872
822882.6277636872
822882.6277636872
822882.6277636872
822882.6277636872
822882.6277636872
822882.6277636872
822882.6277636872
822224.8802106417
822224.8802106417
822224.8802106417
822224.8802106417
822224.8802106417
822224.8802106417
821876.2475637039
821876.2475637039
821876.2475637039
821876.2475637039
821876.2475637039
821876.2475637039
821876.2475637039
821876.2475637039
821370.9471909257
821370.9471909257
821370.9471909257
821370.9471909257
821370.9471909257
821370.9471909257
821370.9471909257
821370.9471909257
821370.9471909257
821370.9471909257
821370.9471909257
821370.9471909257
821370.9471909257
821370.9471909257
821370.9471909257
821370.7793060328
821370.7793060328
821038.5526338352
821038.5526338352
821038.5526338352
821038.5526338352
821038.5526338352
821038.5526338352
821038.5526338352
821038.5526338352
821038.5526338352
821038.5526338352
821038.5526338352
821038.5526338352
821038.5526338352
821038.5526338352
821038.5526338352
821038.5526338352
821038.5526338352
821038.5526338352
821038.5526338352
821038.5526338352
821038.5526338352
821038.5526338352
821038.5526338352
821038.5526338352
821038.5526338352
821007.6883583032
821007.6883583032
820922.7981011186
820922.7981011186
820922.7981011186
820922.7981011186
820922.7981011186
820922.7981011186
820922.7981011186
820922.7981011186
820922.7981011186
820922.7981011186
820922.7981011186
820472.8739269708
820472.8739269708
820472.8739269708
820472.8739269708
820472.8739269708
820472.8739269708
820472.8739269708
820472.8739269708
820472.8739269708
820472.8739269708
820472.8739269708
820218.3400518061
820218.3400518061
820218.3400518061
820218.3400518061
820218.3400518061
820218.3400518061
820218.3400518061
820218.3400518061
820218.3400518061
820218.3400518061
820218.3400518061
820218.3400518061
820218.3400518061
820218.3400518061
820187.8730160038
820187.8730160038
820187.8730160038
820187.8730160038
820187.8730160038
820187.8730160038
820187.8730160038
820187.8730160038
820187.8730160038
820187.8730160038
820187.8730160038
820187.8730160038
820187.8730160038
820187.8730160038
820187.8730160038
820187.8730160038
820187.8730160038
820039.624222914
820039.624222914
820039.624222914
820039.624222914
820039.624222914
820039.624222914
820039.624222914
820039.624222914
820039.624222914
820039.624222914
820039.624222914
820039.624222914
820039.624222914
820039.624222914
820039.624222914
820039.624222914
819970.1658062206
819970.1658062206
819970.1658062206
819970.1658062206
819970.1658062206
819970.1658062206
819970.1658062206
819970.1658062206
819970.1658062206
819970.1658062206
819970.1658062206
819970.1658062206
819970.1658062206
819970.1658062206
819970.1658062206
819970.1658062206
819970.1658062206
819970.1658062206
819970.1658062206
819970.1658062206
819970.1658062206
819970.1658062206
819970.1658062206
819970.1658062206
819970.1658062206
819970.1658062206
819970.1658062206
819970.1658062206
819970.1658062206
819970.1658062206
819623.0813130101
819623.0813130101
819623.0813130101
819623.0813130101
819623.0813130101
819623.0813130101
819623.0813130101
819623.0813130101
819623.0813130101
819623.0813130101
819623.0813130101
819623.0813130101
819623.0813130101
819623.0813130101
819623.0813130101
819623.0813130101
819435.0790354147
819435.0790354147
819435.0790354147
819435.0790354147
819435.0790354147
819435.0790354147
819435.0790354147
819435.0790354147
819435.0790354147
819435.0790354147
819312.1993075863
819312.1993075863
819312.1993075863
819312.1993075863
819312.1993075863
819312.1993075863
819312.1993075863
819312.1993075863
819312.1993075863
819312.1993075863
818825.4922284598
818825.4922284598
818826.2180314356
818826.2180314356
818826.2180314356
818826.2180314356
818826.2180314356
818826.2180314356
818826.2180314356
818697.2657946276
818327.5739690036
818327.5739690036
818327.5739690036
818327.5739690036
818327.5739690036
818327.5739690036
818327.5739690036
818327.5739690036
818327.5739690036
818327.5739690036
818327.5739690036
818327.5739690036
818327.5739690036
818327.5739690036
818327.5739690036
818327.5739690036
818327.5739690036
818327.5739690036
818327.5739690036
818327.5739690036
818327.5739690036
818327.5739690036
818327.5739690036
818327.5739690036
818327.5739690036
818327.5739690036
818327.5739690036
818327.5739690036
818327.5739690036
818327.5739690036
818327.5739690036
818327.5739690036
818327.5739690036
818327.5739690036
818327.5739690036
818327.5739690036
818204.8135602777
818204.8135602777
818204.8135602777
818204.8135602777
818204.8135602777
818204.8135602777
818204.8135602777
818204.8135602777
818204.8135602777
818205.2094083147
818205.2094083147
818205.2094083147
818205.2094083147
818205.2094083147
818205.2094083147
818205.2094083147
818205.2094083147
818205.2094083147
818205.2094083147
818205.2094083147
818205.2094083147
818205.2094083147
818205.2094083147
818205.2094083147
818205.2094083147
818205.2094083147
818205.2094083147
818205.2094083147
818205.2094083147
818205.2094083147
818205.2094083147
818205.2094083147
818205.2094083147
818205.2094083147
818205.2094083147
818205.2094083147
818205.2094083147
818205.2094083147
818205.2094083147
818205.2094083147
818205.2094083147
818205.2094083147
818205.2094083147
