4469677.602716245
4365272.149876652
4269359.233954062
4173224.800529248
4072862.094020847
3963291.381821271
3877480.593135818
3809506.8410381656
3752017.9729415076
3678853.5364752533
3618317.0007278915
3541195.914090474
3467287.981579212
3416433.6640583705
3367832.8202014226
3312698.7864001067
3274239.6088317586
3229643.2995928014
3188520.4829369076
3149991.389767034
3107671.81551441
3074217.0693063983
3040192.8393539675
3000032.4226755607
2974767.067043974
2945959.943915108
2907526.449653829
2884863.924588375
2860829.182965256
2826250.2828979986
2806759.1006229823
2783713.346073728
2762315.1661415077
2722782.848625308
2692263.436195725
2672437.2805437394
2649173.497048254
2632928.173731191
2611021.9280813388
2593096.787927569
2571656.861055617
2553550.891445243
2523639.7357085
2510090.7205784186
2488281.735245052
2469034.669050184
2446062.427616961
2428950.301475707
2410814.025723368
2401860.4507255065
2381820.262114715
2365815.7389776707
2354465.5401798617
2336786.4014659976
2323423.9940076545
2312008.7562426804
2304581.8133273795
2291662.9492584923
2279195.591045482
2263682.396778908
2252040.3886097367
2241597.51030074
2227118.8014651956
2219663.4612137545
2212226.361413818
2197885.888771543
2191313.042892511
2184427.5161835216
2173066.373860907
2167168.919532395
2156083.181349054
2150352.384941795
2145488.606110808
2138616.810159196
2122729.6039800923
2109409.478636061
2096239.914090533
2083182.100432754
2072072.4139330322
2064273.3464720035
2055096.482325113
2047348.45023967
2043643.2430851953
2030479.7206760175
2023967.0032036374
2010616.6584065096
2000862.9589428087
1993744.3991466458
1985308.3579556867
1975617.509294279
1970493.9817517991
1960172.5221006926
1955172.4427016354
1952145.9967124383
1943862.5557154405
1942307.2933948182
1934941.591870348
1924274.4005237124
1923123.0682211528
1916551.1709251618
1904300.475115547
1898157.3924175685
1892478.5343813067
1888705.9476558093
1883024.2127698106
1877173.6492289728
1863626.8336282682
1855994.6744953445
1852605.2590046735
1847957.7762012025
1842542.9367264458
1836842.5112180817
1834098.6857101838
1830048.9455637573
1822456.6262807415
1819060.019072624
1816742.0159046468
1810810.072943557
1805555.244209516
1803413.1346218977
1798060.2456684178
1791093.4530733328
1788034.9983861148
1782996.9193716876
1776489.2717116408
1772575.9855627287
1764774.683028636
1760520.7241121014
1760079.15181666
1754373.7723941987
1751671.248860267
1749542.6305042622
1744574.2361559216
1742235.2700863697
1736971.3011353617
1734709.645364413
1727924.7572541405
1723996.7728783474
1722391.3411138048
1720291.1882003022
1714538.8123961273
1708500.076058554
1707447.4224148858
1705190.4446996688
1700063.5182590077
1693746.3094430007
1692037.5111698108
1690301.210260415
1687937.1601208637
1682728.2649796435
1680820.339152832
1677879.3532435873
1675109.9114860762
1673971.1682587434
1669904.3640851139
1666974.6199272526
1664524.5657574008
1663844.1787261725
1661834.4766863654
1659200.0876512958
1658352.5828142944
1656377.4914441851
1654776.8391506537
1648465.5561933927
1648375.0676387004
1645725.450084736
1640931.170530394
1637323.6002598917
1637107.1725134046
1635315.4409809927
1633365.084695743
1629235.5550574032
1624308.4571390678
1623174.5975571778
1621237.5102051497
1618114.3877062844
1613708.598242157
1612717.807351655
1609378.5300701563
1608472.658924982
1606994.2435410128
1600461.246854023
1598114.657342895
1596102.7248955239
1593785.0966526596
1592075.2485677144
1590722.3480918584
1589469.4620107901
1586923.841647529
1586146.3047536258
1578478.6807102298
1574984.206188756
1572571.4623073493
1570690.8333092057
1570379.1012605964
1567741.3979777521
1565605.7541679759
1563086.2152238684
1562535.0081974019
1561178.530909998
1557726.9061436467
1554914.7254200443
1554734.9335838212
1551922.9985898884
1546371.051942809
1545043.981473696
1544001.0349961712
1541497.4449964976
1537621.059194285
1534719.7716954595
1530162.0976821193
1529546.6456327322
1527915.1871593082
1526555.762724917
1524113.3353586746
1520903.0918396567
1519073.6175313592
1517527.5620808573
1517013.9968358963
1516219.8182960353
1514131.1102290966
1510491.6673947058
1510239.6620563495
1509947.9114854662
1508006.790793506
1507632.4257774032
1505069.4797320354
1504276.103441209
1502409.5719141634
1502360.8554271266
1501390.957761095
1496903.6330311932
1496124.4483711803
1494986.057333228
1493085.2599066177
1491323.594021253
1490593.0401193756
1490381.4806601214
1488819.1413192889
1488493.0137643458
1487379.7236273387
1486544.589381474
1483735.4860338143
1480791.522294329
1480514.4274753397
1479034.417178657
1478404.4392321743
1476525.434020239
1474745.4164377842
1473444.7017048395
1471545.262061073
1470712.9517064856
1468665.9731374683
1468106.189058716
1465187.3119072665
1463113.0248058336
1462094.4141078661
1459906.308433421
1459190.109209072
1453869.5194592716
1452112.807354751
1452112.807354751
1451145.3634846462
1449633.2161767536
1448568.5187825933
1447177.9423762385
1447177.9423762385
1445387.599484075
1443667.2569477702
1443119.4242903106
1441214.101973291
1438902.5742702698
1437854.7386892994
1437621.1717252834
1435146.3236655463
1434917.1197710112
1434632.9802512587
1433239.3187857876
1430724.2982611982
1430068.2036515772
1428768.7929350152
1427155.0368914832
1425406.641847487
1423789.9379112115
1422752.096377633
1422644.4238578123
1422333.9102050166
1421915.0366499801
1419980.2772572024
1416934.4853753778
1414971.1713920056
1414566.782189076
1414566.782189076
1412545.8868513512
1411598.5576430312
1410865.0285005728
1410774.981249766
1409902.3126685861
1405735.5115421521
1404122.4944457381
1403273.391570044
1402127.8130572715
1401347.095142391
1400175.646931001
1399453.5610256675
1396959.5354860523
1395809.3144140355
1395809.3144140355
1394107.7221030826
1392433.852965271
1392325.4718198911
1392321.3891355703
1392321.3891355703
1392046.777127259
1391526.2454827516
1390178.9845757508
1390159.881631796
1388543.6727889385
1388515.3140408946
1387606.6557815396
1387323.397585217
1386375.6070221805
1384069.9138820418
1380561.1622896972
1378271.9042221624
1373370.1295859665
1372921.6328548938
1372565.4342971728
1371772.0610321648
1370644.4226719108
1369028.9380921181
1368048.0260211127
1367079.9133551442
1366730.7501893358
1365834.4179393838
1364741.638416869
1363807.3113947825
1362299.836970337
1362299.836970337
1360926.2231341272
1360413.9826068953
1358648.6571547464
1357550.3585149217
1356933.7940641998
1356184.8576701407
1355092.8586805551
1353894.5459590782
1352738.8201584283
1352383.7506452901
1351457.0670865527
1350059.343875661
1349432.1678747728
1347960.9120006016
1347410.8322662804
1347224.2531318252
1346672.7195927394
1344615.7365372805
1344454.9978994112
1343502.0148606105
1341911.933849729
1340636.9618194043
1338634.5374634927
1336262.4031249764
1334532.6344174703
1333500.6116396124
1333046.579830937
1332291.6989374205
1331691.4545854996
1331439.1449720017
1331119.809397534
1331119.809397534
1330499.6905140975
1330466.28066776
1329873.6642871182
1329014.2125982195
1328169.5118176367
1326245.9917588825
1325669.539644861
1325648.8236272256
1324452.2992163855
1324422.2547865107
1323459.363132718
1322830.6706077973
1321986.962707392
1320986.0477767184
1320986.0477767184
1320073.1209487813
1320073.1209487813
1319272.4046758118
1316734.4307874613
1313436.736429643
1313289.193804359
1312122.6906166505
1310536.781977626
1308672.7043940215
1307427.6351590564
1307298.2243644039
1306035.5794188539
1305523.5385807555
1304902.207156062
1304902.207156062
1303013.4558725534
1302469.5107082166
1302469.5107082166
1302469.5107082166
1300833.0251814427
1300147.0687288456
1298729.5941738863
1298615.020739802
1297990.300069409
1297505.749401521
1296794.8319476615
1296731.751803097
1296638.921592327
1295246.8781664108
1294812.0723751595
1294606.5691667546
1294574.5418403102
1294339.0448687847
1293036.6539785361
1292940.0295177333
1292786.2361699063
1290501.1357715442
1290346.466601122
1287541.171163721
1287541.171163721
1287310.5261742962
1287310.5261742962
1287294.3240065754
1286261.7584070186
1285076.4263476594
1284280.7087915628
1283433.292487065
1282991.4105437691
1282991.4105437691
1282828.2916269302
1282828.2916269302
1282160.618150589
1280067.5820300274
1279814.4152805835
1279334.047958913
1278742.3862155406
1277602.7136980654
1277281.6138241761
1276524.0331407816
1275563.8748066192
1274251.503380891
1273942.323163882
1273365.5878379247
1271469.4041660177
1271469.4041660177
1271469.4041660177
1269813.8059929854
1267964.8145024872
1266890.6435221713
1266219.535130316
1264281.9757789935
1263006.259406732
1262528.2676180406
1262479.6470040826
1261733.0078242405
1261396.4065010205
1260986.5377805121
1257783.4754262494
1257775.9659712175
1256964.7934815087
1256198.8777094684
1255655.0462866933
1255006.2768092197
1254067.5243752876
1252287.332019046
1251999.9703068007
1251999.9703068007
1251476.5608920963
1251271.5548193688
1250460.6175184273
1249836.72201747
1248528.5619822738
1248528.5619822738
1247053.1235141195
1246677.9517389603
1246056.3874535202
1245540.714363702
1244200.3297598003
1244159.2621257585
1244159.2621257585
1243536.2106897277
1243282.682321516
1243282.682321516
1241408.4007749755
1241408.4007749755
1241363.2172989608
1241363.2172989608
1238498.0501461322
1238498.0501461322
1238498.0501461322
1237108.3949511065
1235569.6527005928
1235569.6527005928
1233686.6094074864
1231814.1796898893
1231814.1796898893
1231539.4551257563
1230859.3783072315
1230658.8241095853
1228026.768193859
1227452.8441169583
1227040.956661559
1225996.0936235194
1224755.4138950221
1224755.4138950221
1223194.0216770042
1222761.9708556123
1221975.7828696584
1221291.0600316492
1221211.9491386502
1218820.142524978
1217454.1250488772
1217454.1250488772
1216868.6149265748
1216567.9543590136
1216567.9543590136
1215700.9273614755
1215700.9273614755
1214929.3589027422
1214160.0712987678
1214160.0712987678
1214160.0712987678
1213407.4663061514
1213010.163017974
1212472.4517743792
1212472.4517743792
1212199.969035416
1211662.8801189542
1211662.8801189542
1211662.8801189542
1210887.557729376
1210262.1729901768
1209812.3509792516
1209812.3509792516
1208707.4721272478
1208039.945653557
1207475.5427759415
1206741.1678394503
1206741.1678394503
1206307.015770324
1205816.832464648
1204683.8864727798
1204430.1741533554
1204178.8659879097
1204148.437861047
1201984.0969153147
1201635.1836466354
1201635.1836466354
1201176.9371949206
1201176.9371949206
1201176.9371949206
1200287.6892478801
1199089.5786668477
1198997.1741734128
1198997.1741734128
1198997.1741734128
1198997.1741734128
1198997.1741734128
1198997.1741734128
1198155.687370235
1197695.763241796
1196707.3618143639
1195529.1118394488
1195359.7086636014
1194736.7398058048
1193328.4707729039
1193328.4707729039
1193328.4707729039
1192135.8559360683
1192079.320178353
1192079.320178353
1191905.4483253886
1191495.9835477176
1191495.9835477176
1191316.5549425103
1190976.5888154753
1190594.2292540597
1190594.2292540597
1189909.420249878
1188935.2111373758
1188423.3063910222
1188423.3063910222
1188423.3063910222
1188237.2534360737
1187463.9214084907
1187379.1404069914
1187241.0766477622
1187093.7768540084
1187093.7768540084
1185428.9651311832
1185070.5572306123
1184661.5525583683
1184437.396399754
1184437.396399754
1184155.6909698662
1182791.1223841668
1182791.1223841668
1182411.3336452919
1181972.4908039668
1181972.4908039668
1181808.8045455008
1181808.8045455008
1181808.8045455008
1181337.352590522
1180591.9134448655
1179904.0076165497
1179655.475322758
1179209.6536491532
1179209.6536491532
1179035.9043654464
1178075.0311680413
1177321.6966063604
1176021.637208929
1176021.637208929
1175731.4080705598
1175731.4080705598
1175731.4080705598
1174744.3129789955
1174093.5532378694
1174093.5532378694
1174093.5532378694
1174093.5532378694
1174093.5532378694
1174012.7028346448
1174012.7028346448
1173558.578684627
1173502.145267524
1173197.9218154626
1173197.9218154626
1172595.9749598037
1172127.6353280563
1172127.6353280563
1172127.6353280563
1172127.6353280563
1171953.042141228
1171221.9954655473
1168346.711988919
1168346.711988919
1168131.7678407673
1168131.7678407673
1168131.7678407673
1168131.7678407673
1166292.337953571
1164891.954781216
1164891.954781216
1163991.4127274596
1163991.4127274596
1163991.4127274596
1163991.4127274596
1163477.0091523842
1163477.0091523842
1163477.0091523842
1161432.2954479593
1160941.030151706
1160941.030151706
1159705.7836422627
1159604.8811397916
1159110.6038112817
1158505.0515123007
1156927.0001552003
1156747.0405236364
1153340.9317713003
1151717.2588322721
1150196.1824188763
1150167.119649296
1150167.119649296
1150167.119649296
1149797.254372443
1148725.2320248492
1148725.2320248492
1148264.0861875163
1148063.7635880634
1148063.7635880634
1147099.5931996352
1147099.5931996352
1146315.644044456
1143265.4668351552
1142437.0626498144
1142437.0626498144
1142174.7335241903
1142174.7335241903
1141951.3879081467
1141654.0313240015
1141654.0313240015
1141600.9382790974
1141600.9382790974
1141600.9382790974
1141217.8510507033
1140912.2088202415
1139673.5401923293
1139534.2248114608
1139229.78002442
1138452.0586872986
1138452.0586872986
1138452.0586872986
1138108.3038987492
1138108.3038987492
1138108.3038987492
1137761.6945249988
1137761.6945249988
1137761.6945249988
1137761.6945249988
1137369.2091193357
1137143.7570309713
1137143.7570309713
1136742.3001189083
1135599.9477561451
1135397.4611157947
1135397.4611157947
1134731.8234004276
1134731.8234004276
1134728.9619801783
1132612.718259991
1132612.718259991
1132331.4606901878
1131959.9201340312
1131435.3977011025
1130742.5012670783
1130510.4472676534
1129376.1639473704
1128556.194485081
1128115.9633982135
1128115.9633982135
1127773.8474452237
1126357.5067280685
1125972.2393899888
1125970.8746242786
1125970.8746242786
1125970.8746242786
1125788.4957912383
1125611.151617034
1125611.151617034
1124827.8104164274
1124827.8104164274
1124827.8104164274
1124270.4496804117
1123971.3382769446
1122902.1775671649
1122816.582143716
1122630.170705222
1122536.9406531253
1122191.9888773158
1121129.1582170394
1121129.1582170394
1121129.1582170394
1120864.8027931906
1120821.6918389176
1120821.6918389176
1119582.242060675
1119518.658273423
1119112.559879534
1118845.1895649564
1117643.197876297
1117082.9058466023
1117082.9058466023
1116513.5934402845
1116365.577334315
1114928.3236981165
1113482.175217672
1113482.175217672
1113103.4011696158
1113103.4011696158
1112908.0783944451
1112908.0783944451
1112457.5857144215
1112457.5857144215
1112457.5857144215
1112441.3076186802
1112416.4396316377
1112173.1511651631
1111901.9362607654
1111675.1344073117
1111595.6751498764
1111595.6751498764
1111595.6751498764
1111595.6751498764
1111529.747919973
1110628.6892824746
1110391.5489583819
1110253.076372363
1108473.9455336938
1107422.0855861148
1107422.0855861148
1107078.1113336827
1105994.1593777009
1105723.2879281403
1105723.2879281403
1105035.8956675772
1104886.286073682
1104886.286073682
1104886.286073682
1104886.286073682
1104007.8577162612
1104007.8577162612
1104007.8577162612
1104007.8577162612
1104007.8577162612
1102946.4345475468
1102946.4345475468
1102946.4345475468
1102500.0785682208
1102483.4846451066
1102421.5945813498
1101725.3723383653
1100968.5018127463
1100626.0438471984
1100421.264532487
1099653.1916440944
1099166.66626555
1099166.66626555
1099166.66626555
1099166.66626555
1099166.66626555
1098742.8327947482
1098742.8327947482
1098742.8327947482
1098742.8327947482
1098437.1260678605
1098437.1260678605
1098437.1260678605
1097563.2352927257
1097563.2352927257
1097393.2127641302
1097393.2127641302
1097393.2127641302
1097321.5016229986
1097012.7193236696
1096659.72043157
1096659.72043157
1096659.72043157
1096602.597208748
1096481.332756136
1095917.7152682946
1095782.8356223023
1095128.433145729
1094790.0914551876
1094664.2813630614
1094664.2813630614
1094664.2813630614
1093809.8160499854
1093809.8160499854
1093809.8160499854
1093809.8160499854
1093809.8160499854
1093809.8160499854
1093736.8099781051
1093520.5302020037
1092847.104873115
1092717.449129351
1092717.449129351
1091147.1485061962
1091031.0655949567
1091031.0655949567
1091031.0655949567
1090681.5773335984
1090681.5773335984
1090681.5773335984
1089990.9291500505
1089690.4360038834
1089431.8768414916
1089431.8768414916
1089431.8768414916
1089030.987064117
1089030.987064117
1088435.1308851214
1088065.8428357942
1087779.2927018367
1087779.2927018367
1087510.4002379568
1087510.4002379568
1086664.4143893113
1086664.4143893113
1086664.4143893113
1086008.795513022
1085909.0530997254
1085187.7809846122
1085187.7809846122
1084948.120099544
1083934.2457805085
1083934.2457805085
1083934.2457805085
1083934.2457805085
1083934.2457805085
1083833.298855626
1083833.298855626
1083833.298855626
1083506.1658373657
1083506.1658373657
1082720.9931010148
1082720.9931010148
1082641.5330630965
1082641.5330630965
1081888.2677249317
1081637.2388594593
1081637.2388594593
1081637.2388594593
1081637.2388594593
1081622.1020242292
1081161.189296748
1080624.022059127
1080332.5207196185
1080332.5207196185
1079981.133468536
1079981.133468536
1079981.133468536
1079981.133468536
1078635.990820261
1078635.990820261
1078635.990820261
1078626.0415760817
1078626.0415760817
1078626.0415760817
1078626.0415760817
1077655.6117704837
1077655.6117704837
1077655.6117704837
1077599.8990445016
1077599.8990445016
1076462.448586691
1076462.448586691
1076462.448586691
1076462.448586691
1076076.2833237704
1075655.358799762
1075655.358799762
1075189.9178355196
1075019.9315899624
1075019.9315899624
1074958.8195376536
1074905.944162588
1073858.7553684246
1073858.7553684246
1073793.6282873573
1072843.0027233963
1072843.0027233963
1072595.856957964
1072595.856957964
1072595.856957964
1072595.856957964
1072595.856957964
1072457.6867831945
1072436.4031008328
1072436.4031008328
1072301.0023029174
1072301.0023029174
1072301.0023029174
1072301.0023029174
1072301.0023029174
1071863.6128651893
1071685.726291745
1071685.726291745
1071685.726291745
1071214.7159056903
1071205.7304591415
1071205.7304591415
1070933.5091345254
1070933.5091345254
1070933.5091345254
1069829.3617376508
1069781.282964381
1069127.9436413408
1068600.473606987
1068600.473606987
1068600.473606987
1068373.632249184
1067944.404803644
1067882.158141635
1067608.8900815886
1066311.4074994908
1066311.4074994908
1065980.0711080844
1065792.2198610506
1065792.2198610506
1065792.2198610506
1065792.2198610506
1065792.2198610506
1065792.2198610506
1065792.2198610506
1065792.2198610506
1064711.3744778712
1064711.3744778712
1064711.3744778712
1064700.7302471318
1064700.7302471318
1064445.592679595
1064347.648695254
1064297.848728831
1064246.2971414663
1063592.3788283882
1063592.3788283882
1062722.8814383578
1062722.8814383578
1062313.55192379
1062313.55192379
1062313.55192379
1061188.2580600968
1061188.2580600968
1061188.2580600968
1061188.2580600968
1060521.309741985
1060521.309741985
1060324.9907217892
1060324.9907217892
1059786.5157362681
1059752.4102924853
1059752.4102924853
1059674.3151147321
1059526.5927647077
1059526.5927647077
1059526.5927647077
1059412.2825892814
1059412.2825892814
1057914.186793012
1057914.186793012
1057344.2696003607
1057004.1013773212
1057004.1013773212
1057004.1013773212
1057004.1013773212
1057004.1013773212
1057004.1013773212
1056058.5004245755
1056058.5004245755
1056058.5004245755
1055817.511821386
1055817.511821386
1055817.511821386
1055478.0195782902
1055099.2337575518
1054904.077249677
1054904.077249677
1054904.077249677
1054904.077249677
1054904.077249677
1054407.1942140965
1054407.1942140965
1054407.1942140965
1054407.1942140965
1054267.069329002
1054267.069329002
1054267.069329002
1054267.069329002
1054255.1102476683
1053915.0566127277
1053915.0566127277
1053494.6543607435
1053494.6543607435
1053494.6543607435
1053422.8302360694
1052784.8920678485
1052784.8920678485
1052575.8019198016
1052348.153596993
1052348.153596993
1051964.4787780116
1051947.3768853983
1051947.3768853983
1050902.2306624786
1050313.7318009974
1050313.7318009974
1050001.607809541
1049082.1836865926
1049072.5979804965
1049072.5979804965
1049072.5979804965
1049072.5979804965
1048234.6298200301
1047933.495323095
1047933.495323095
1047686.3374768903
1047441.8664638523
1047441.8664638523
1047441.8664638523
1047010.9604599149
1047010.9604599149
1046434.1213101387
1046434.1213101387
1046410.6549841
1046410.6549841
1046410.6549841
1046410.6549841
1046199.0976162268
1046199.0976162268
1046067.4441576109
1045781.2423237977
1045781.2423237977
1044902.9298694052
1044902.9298694052
1044902.9298694052
1044902.9298694052
1044902.9298694052
1044767.8496232334
1044742.6447987016
1044242.6730449745
1044242.6730449745
1044242.6730449745
1043894.6158221386
1043834.5869646387
1043825.0052820244
1043825.0052820244
1043825.0052820244
1043131.8621708949
1042854.2511014255
1042622.8150771178
1042555.8230556765
1042555.8230556765
1042555.8230556765
1042555.8230556765
1042555.8230556765
1042555.8230556765
1042405.3736135182
1042405.3736135182
1042405.3736135182
1042405.3736135182
1042405.3736135182
1042154.7035526477
1042154.7035526477
1042154.7035526477
1042085.7484080992
1042085.7484080992
1041917.4157077678
1041775.8694168073
1041775.8694168073
1041771.8300831316
1041771.8300831316
1041771.8300831316
1040276.0431098656
1040276.0431098656
1040276.0431098656
1040276.0431098656
1040276.0431098656
1040276.0431098656
1040276.0431098656
1040276.0431098656
1040276.0431098656
1039505.9948129958
1039505.9948129958
1039505.9948129958
1038932.5433382413
1038932.5433382413
1038586.6845736906
1038498.9089499202
1038498.9089499202
1038498.9089499202
1038026.4672679687
1038026.4672679687
1037910.2002190873
1037246.6319513357
1037246.6319513357
1037246.6319513357
1037246.6319513357
1037246.6319513357
1037246.6319513357
1037072.7479873702
1037072.7479873702
1037072.7479873702
1037072.7479873702
1037072.7479873702
1037072.7479873702
1036649.6473635448
1036649.6473635448
1036649.6473635448
1036591.8386101937
1036591.8386101937
1036591.8386101937
1036591.8386101937
1036591.8386101937
1035943.9850351734
1035943.9850351734
1035679.6665758569
1035130.1453455009
1035099.7261624371
1035099.7261624371
1034834.7765043761
1034200.283156937
1033831.9838222296
1033787.8201298588
1033787.8201298588
1033787.8201298588
1032975.5623057996
1032975.5623057996
1032424.4950958935
1032335.8759938597
1032027.9334246502
1032027.9334246502
1032027.9334246502
1032027.9334246502
1031619.5257715911
1031619.5257715911
1031619.5257715911
1031619.5257715911
1031619.5257715911
1031619.5257715911
1031619.5257715911
1031599.3772546039
1031599.3772546039
1031301.3040580528
1031301.3040580528
1031301.3040580528
1031166.2644105759
1031166.2644105759
1031166.2644105759
1031166.2644105759
1031166.2644105759
1031166.2644105759
1031166.2644105759
1030920.0600137989
1030920.0600137989
1030739.8242173286
1030739.8242173286
1030739.8242173286
1030739.8242173286
1030739.8242173286
1030739.8242173286
1030739.8242173286
1030739.8242173286
1030148.9709319378
1029892.7322088872
1029892.7322088872
1029815.1765320413
1029815.1765320413
1029815.1765320413
1029629.8252455061
1029336.1427963567
1028788.503003337
1028788.503003337
1028788.503003337
1028788.503003337
1028788.503003337
1028788.503003337
1028788.503003337
1028384.7661039877
1028381.7587138249
1027773.1657418344
1027769.6749539073
1027769.6749539073
1027769.6749539073
1027769.6749539073
1027769.6749539073
1027769.6749539073
1027699.9253792332
1027699.9253792332
1027699.9253792332
1026653.102000712
1026653.102000712
1026653.102000712
1026653.102000712
1025959.2495689647
1025745.6634504638
1025223.8263428131
1025223.8263428131
1025136.1986023923
1025136.1986023923
1025136.1986023923
1025125.1133208434
1025125.1133208434
1025125.1133208434
1025125.1133208434
1025072.7486615817
1025072.7486615817
1025072.7486615817
1025072.7486615817
1024886.3529259171
1024886.3529259171
1024746.513607005
1024746.513607005
1024648.8010687098
1024648.8010687098
1024648.8010687098
1024648.8010687098
1024648.8010687098
1024172.3336851872
1023625.3465712909
1023625.3465712909
1023625.3465712909
1023625.3465712909
1023625.3465712909
1023441.380953664
1023441.380953664
1023441.380953664
1023441.380953664
1023441.380953664
1023420.1739859495
1022648.0965672603
1022648.0965672603
1022648.0965672603
1022648.0965672603
1022342.7483284934
1022342.7483284934
1022124.8227373033
1022124.8227373033
1022124.8227373033
1020639.2937230472
1020639.2937230472
1020354.384801252
1020354.384801252
1020354.384801252
1020354.384801252
1020325.37215067
1020325.37215067
1020245.9182262972
1019940.3242137416
1019940.3242137416
1018648.032544042
1018648.032544042
1018648.032544042
1018648.032544042
1018459.1735637393
1018459.1735637393
1018459.1735637393
1018459.1735637393
1017800.6095742139
1017800.6095742139
1017800.6095742139
1017800.6095742139
1017536.0980013503
1017536.0980013503
1017536.0980013503
1017536.0980013503
1017094.483654487
1017084.3092350631
1017006.4481406941
1017007.6352820403
1016775.9664746262
1016775.9664746262
1016775.9664746262
1016775.9664746262
1016413.068744715
1016413.068744715
1016274.8235050078
1016274.8235050078
1016098.8601384431
1016098.8601384431
1016098.8601384431
1015678.8452353092
1015476.7848312869
1015476.7848312869
1015476.7848312869
1015476.7848312869
1015476.7848312869
1015476.7848312869
1015476.7848312869
1015209.8726629312
1015209.8726629312
1015209.8726629312
1015209.8726629312
1015209.8726629312
1015209.8726629312
1015209.8726629312
1014648.2575531511
1014051.7504722157
1014051.7504722157
1014007.3649764766
1014007.3649764766
1014007.3649764766
1014007.3649764766
1014007.3649764766
1014007.3649764766
1013864.4212473051
1013864.4212473051
1013864.4212473051
1013864.4212473051
1013864.4212473051
1013864.4212473051
1013498.2813028801
1013498.2813028801
1012982.7603220902
1012982.7603220902
1012982.7603220902
1012400.0330551723
1012400.0330551723
1012237.6605118272
1011202.0518930536
1011195.1594882295
1010663.0484530772
1010663.0484530772
1010663.0484530772
1010663.0484530772
1010663.0484530772
1010663.0484530772
1010663.0484530772
1010657.7136926348
1010657.7136926348
1010657.7136926348
1010454.2389745568
1010454.2389745568
1009325.4884992624
1009063.0914260626
1009063.0914260626
1009063.0914260626
1009052.2783753667
1009043.5585178537
1008848.0111112578
1008848.0111112578
1008848.0111112578
1008848.0111112578
1008480.6916231813
1008480.6916231813
1008480.6916231813
1007924.7555617294
1007392.0962554968
1007392.0962554968
1007392.0962554968
1006928.5366956262
1006928.5366956262
1006928.5366956262
1006741.201131627
1006741.201131627
1006741.201131627
1006741.201131627
1006741.201131627
1006703.7612030214
1006703.7612030214
1006703.7612030214
1006703.7612030214
1006703.7612030214
1006703.7612030214
1006703.7612030214
1006698.8524951914
1006698.8524951914
1006698.8524951914
1006698.8524951914
1006698.8524951914
1006698.8524951914
1006698.8524951914
1006698.8524951914
1006698.8524951914
1006698.8524951914
1006698.8524951914
1006698.8524951914
1006515.738371552
1006378.4356152114
1006225.4611739614
1006225.4611739614
1005751.117974249
1005307.347244374
1004665.800578444
1004665.800578444
1004665.800578444
1004665.800578444
1004582.901623156
1004359.3298604158
1004359.3298604158
1003955.561119667
1003857.7566623668
1003857.7566623668
1003850.9437143572
1003846.881492901
1003846.881492901
1003846.881492901
1003707.6097328289
1003707.6097328289
1003707.6097328289
1003707.6097328289
1003707.6097328289
1003707.6097328289
1003533.9411230201
1003533.9411230201
1003533.9411230201
1003533.9411230201
1003521.6081719239
1003521.6081719239
1003521.6081719239
1003521.6081719239
1003479.411178305
1003479.411178305
1002639.7760857315
1002619.4127902528
1002619.4127902528
1001428.6142897313
1001428.6142897313
1001428.6142897313
1001428.6142897313
1001263.9836335536
1001263.9836335536
1001263.9836335536
1000112.6501353686
1000112.6501353686
999717.6473137042
999122.1176618163
999122.1176618163
999096.1684861502
999096.1684861502
999096.1684861502
999096.1684861502
999096.1684861502
999096.1684861502
999096.1684861502
999045.7816951828
998997.5836393153
998997.5836393153
998997.5836393153
998997.5836393153
998989.8712473449
998935.0258544367
998935.0258544367
998935.0258544367
998901.990569571
998901.990569571
998901.990569571
998701.2073896218
998384.2784453481
998192.5047734231
998192.5047734231
998192.5047734231
998192.5047734231
998151.8618324294
998042.8094496126
998042.8094496126
998042.8094496126
998002.3388721957
997603.7021023764
997603.7021023764
997603.7021023764
997603.7021023764
997603.7021023764
997603.7021023764
997603.7021023764
997603.7021023764
997176.6268783838
997176.6268783838
997176.6268783838
997176.6268783838
997176.6268783838
997176.6268783838
997176.6268783838
997176.6268783838
996290.4705252231
996290.4705252231
996290.4705252231
996272.5481775024
996272.5481775024
995669.5294037648
995669.5294037648
994874.4833104494
994874.4833104494
994647.324309943
994647.324309943
994647.324309943
994518.4179407305
994048.7262766216
993793.8004763145
993793.8004763145
993793.8004763145
993793.8004763145
993793.8004763145
993793.8004763145
993793.8004763145
993793.8004763145
992680.8652732582
992680.8652732582
992680.8652732582
992680.8652732582
992008.3325147311
991294.9565086523
991084.3534647133
991068.3686482264
990872.3599708613
990872.3599708613
990872.3599708613
990872.3599708613
990712.0090315638
990712.0090315638
990643.77637442
990643.77637442
990643.77637442
990643.77637442
990643.77637442
990643.77637442
990643.77637442
990643.77637442
990643.77637442
990643.77637442
990643.77637442
990181.9228934027
990181.9228934027
989758.4219082701
988878.482911248
988791.5615004501
988791.5615004501
988791.5615004501
988791.5615004501
988791.5615004501
988791.5615004501
988791.5615004501
988774.9484162475
988701.5759072243
988701.5759072243
988701.5759072243
988701.5759072243
988576.6845395461
988576.6845395461
988436.5480440669
988023.2617132945
988023.2617132945
987604.8320984403
987604.8320984403
987604.8320984403
987604.8320984403
987604.8320984403
987604.8320984403
987604.8320984403
987604.8320984403
987604.8320984403
987604.8320984403
987604.8320984403
987604.8320984403
987604.8320984403
987604.8320984403
987604.8320984403
987604.8320984403
987604.8320984403
987602.601057919
987602.601057919
987602.601057919
987602.601057919
987602.601057919
987602.601057919
987602.601057919
986691.7626145273
986369.0189847756
986369.0189847756
986164.6146913758
986046.1579073449
986046.1579073449
985646.8415327357
985646.8415327357
985646.8415327357
985646.8415327357
985646.8415327357
985529.6473773638
985529.6473773638
985529.6473773638
985529.6473773638
985529.6473773638
985529.6473773638
985529.6473773638
985529.6473773638
984746.540403445
984746.540403445
984746.540403445
984746.540403445
984746.540403445
984746.540403445
984746.540403445
984399.6186345819
983741.9770205938
983741.9770205938
983741.9770205938
983741.9770205938
983741.9770205938
983741.9770205938
983512.5770815588
983512.5770815588
983017.519611296
983017.519611296
982886.5915273549
982886.5915273549
982886.5915273549
982886.5915273549
982886.5915273549
982015.0893239955
982015.0893239955
982015.0893239955
981682.9680740007
981682.9680740007
981158.31614219
981158.31614219
981158.31614219
981158.31614219
981158.31614219
981158.31614219
981158.31614219
980528.2515482386
980153.0272349148
980027.5045813159
979949.530655456
979949.530655456
979368.8847863879
979368.8847863879
979368.8847863879
979368.8847863879
979368.8847863879
979368.8847863879
979241.387192332
979241.387192332
979241.387192332
979241.387192332
979241.387192332
979241.387192332
979177.744588559
979177.744588559
979177.744588559
978644.6363168571
978644.6363168571
978644.6363168571
978644.6363168571
978644.6363168571
978644.6363168571
978272.040971662
978199.1482459588
978199.1482459588
978199.1482459588
978199.1482459588
978199.1482459588
978199.1482459588
978199.1482459588
978159.3483780744
978159.3483780744
977751.4655223791
977684.6039659877
977684.6039659877
977684.6039659877
977684.6039659877
977684.6039659877
977377.1858922868
977033.9966656514
977033.9966656514
977033.9966656514
977033.9966656514
976886.0046222005
976862.6949848803
976862.6949848803
976495.5620552367
976495.5620552367
976495.5620552367
976495.5620552367
976495.5620552367
976445.9995688549
976226.4305069295
976162.6416219764
976162.6416219764
976162.6416219764
976162.6416219764
976162.6416219764
975924.0030571435
975924.0030571435
975877.9696566861
975877.9696566861
975877.9696566861
975783.0329272028
975783.0329272028
975783.0329272028
975783.0329272028
975783.0329272028
975783.0329272028
975726.1999539367
974371.9380346647
973587.5888376774
973587.5888376774
973587.5888376774
973587.5888376774
973587.5888376774
973441.8639681156
973441.8639681156
973441.8639681156
973441.8639681156
973441.8639681156
973233.71587748
973233.71587748
973204.042560125
973204.042560125
973204.042560125
972432.3425856808
972432.3425856808
972432.3425856808
972432.3425856808
972432.3425856808
972426.1283699165
972426.1283699165
972426.1283699165
972426.1283699165
972426.1283699165
972426.1283699165
972426.1283699165
972426.1283699165
972426.1283699165
972192.2765323985
972192.2765323985
972192.2765323985
971400.9041088116
971400.9041088116
971400.9041088116
971200.4360573151
971200.4360573151
971200.4360573151
971200.4360573151
970624.0263788488
970624.0263788488
970624.0263788488
970389.8573630529
970389.8573630529
970389.8573630529
970389.8573630529
970381.9443908508
970381.9443908508
970329.7116523786
970329.7116523786
970205.3060674687
970205.3060674687
970154.7498324459
970154.7498324459
970154.7498324459
970154.7498324459
970154.7498324459
970154.7498324459
969714.2592997187
969714.2592997187
969566.5675029636
969312.3396974077
968691.977787591
968691.977787591
968691.977787591
968691.977787591
968527.4970059679
968527.4970059679
968368.655722537
968368.655722537
968368.655722537
968368.655722537
968368.655722537
968358.5560055173
968299.6500072583
968299.6500072583
968299.6500072583
968299.6500072583
968299.6500072583
968299.6500072583
968037.7863193733
967799.7994841853
967799.7994841853
967799.7994841853
967799.7994841853
967611.3414855893
967346.9421969091
966714.2902263049
966714.2902263049
966714.2902263049
966423.4494884773
966423.4494884773
966423.4494884773
966423.4494884773
966423.4494884773
966418.3836530428
966418.3836530428
966081.7586027209
966081.7586027209
965595.1399139152
965132.8861938783
964665.0991694105
964423.4563029826
964423.4563029826
964423.4563029826
964423.4563029826
964423.4563029826
964423.4563029826
964334.8354331031
963942.0612756133
963316.2460452585
963316.2460452585
963316.2460452585
963316.2460452585
963316.2460452585
962961.3096399712
962961.3096399712
962127.1574849237
962127.1574849237
962127.1574849237
962127.1574849237
961746.2756355219
961746.2756355219
961653.6861377566
961653.6861377566
961653.6861377566
961288.7282813353
961026.6623232557
960411.8933458771
960411.8933458771
960411.8933458771
960411.8933458771
960411.8933458771
960411.8933458771
960411.8933458771
960332.4800024698
960332.4800024698
960077.1496899347
960077.1496899347
959443.3419638313
959073.0810017263
958802.7407349199
958083.5747839204
958032.7577601771
958032.7577601771
957035.9582426782
957035.9582426782
957035.9582426782
957035.9582426782
957035.9582426782
957035.9582426782
956786.019693947
956786.019693947
956786.019693947
956786.019693947
956786.019693947
956786.019693947
956786.019693947
956786.019693947
956678.9272705879
955875.9479134171
955875.9479134171
955875.9479134171
955830.3677882968
955830.3677882968
955830.3677882968
955830.3677882968
955830.3677882968
955830.3677882968
955830.3677882968
955830.3677882968
955458.886874459
955458.886874459
955458.886874459
955458.886874459
955458.886874459
955458.886874459
955458.886874459
955458.886874459
955311.3351941097
955311.3351941097
955311.3351941097
955167.6266159882
955167.6266159882
954631.0526024764
954631.0526024764
954631.0526024764
954631.0526024764
954631.0526024764
954631.0526024764
954631.0526024764
954631.0526024764
953993.923289316
953993.923289316
953993.923289316
953993.923289316
953993.923289316
953993.923289316
953993.923289316
953993.923289316
953840.1694730232
953840.1694730232
952900.8623066619
952900.8623066619
951942.8746555422
951942.8746555422
951942.8746555422
951942.8746555422
951942.8746555422
951942.8746555422
951942.8746555422
951839.781745641
951839.781745641
951839.781745641
951839.781745641
951659.6194422529
951659.6194422529
951659.6194422529
951326.5951616805
951326.5951616805
950989.0842372414
950945.1595328059
950801.5863972228
950282.6596933119
950282.6596933119
949634.0510215124
949634.0510215124
949616.9200114742
949616.9200114742
949616.9200114742
949616.9200114742
948848.3947538128
948848.3947538128
948756.9345560282
948756.9345560282
948756.9345560282
948756.9345560282
948732.0416223335
948732.0416223335
948732.0416223335
948732.0416223335
948732.0416223335
948732.0416223335
948732.0416223335
948732.0416223335
948732.0416223335
948732.0416223335
948732.0416223335
948732.0416223335
948732.0416223335
948732.0416223335
948732.0416223335
948732.0416223335
948274.4701320224
948274.4701320224
948274.4701320224
947692.3723350165
947692.3723350165
947417.7979634681
947417.7979634681
947417.7979634681
947417.7979634681
947417.7979634681
947417.7979634681
946507.3144137553
946172.5725609281
946025.2030273905
946025.2030273905
946025.2030273905
946025.2030273905
946025.2030273905
946025.2030273905
945957.1414437984
945957.1414437984
945957.1414437984
945957.1414437984
945479.3494821996
945479.3494821996
945479.3494821996
944823.6566245668
944823.6566245668
944823.6566245668
944823.6566245668
944823.6566245668
944734.722197237
944734.722197237
944734.722197237
944694.1782282094
944694.1782282094
944694.1782282094
944694.1782282094
944665.572995397
944665.572995397
944665.572995397
944004.0591641654
944004.0591641654
944004.0591641654
944004.0591641654
943571.300411964
943571.300411964
943175.960653221
943175.960653221
943175.960653221
943175.960653221
943175.960653221
943175.960653221
943175.960653221
943175.960653221
943175.960653221
942996.2963480657
942996.2963480657
942996.2963480657
942996.2963480657
942781.9615104903
942781.9615104903
942781.9615104903
942781.9615104903
942781.9615104903
942727.7174059291
942727.7174059291
942727.7174059291
942727.7174059291
942727.1164640248
942727.1164640248
942727.1164640248
942727.1164640248
942727.1164640248
942727.1164640248
942727.1164640248
942433.3183686081
941976.008452695
941976.008452695
941976.008452695
941976.008452695
941707.2905773369
941707.2905773369
941707.2905773369
941150.551842684
941150.551842684
940838.4400883794
940838.4400883794
940838.4400883794
940838.4400883794
940838.4400883794
940660.6606162312
940660.6606162312
940600.7453396053
940513.8856816574
940513.8856816574
940513.8856816574
940513.8856816574
940513.8856816574
940513.8856816574
940513.8856816574
940513.8856816574
940513.8856816574
940513.8856816574
940513.8856816574
940287.8775812157
940287.8775812157
940287.8775812157
940287.8775812157
940287.8775812157
940287.8775812157
940277.6027564176
940277.6027564176
939623.3906950797
939623.3906950797
939623.3906950797
939623.3906950797
939623.3906950797
939623.3906950797
939623.3906950797
939623.3906950797
939623.3906950797
939623.3906950797
939623.3906950797
939623.3906950797
939623.3906950797
939623.3906950797
939623.3906950797
939623.3906950797
939623.3906950797
939623.3906950797
939623.3906950797
939330.8080132569
939330.8080132569
939330.8080132569
939330.8080132569
939330.8080132569
939330.8080132569
939292.8692612788
939292.8692612788
939292.8692612788
939292.8692612788
939292.8692612788
939292.8692612788
939292.8692612788
939292.8692612788
939292.8692612788
939292.8692612788
939038.4000647112
939038.4000647112
939038.4000647112
939038.4000647112
939038.4000647112
938748.7191306154
938530.2284174182
938412.9467941099
938412.9467941099
938412.9467941099
938412.9467941099
938412.9467941099
938412.9467941099
938412.9467941099
938222.509441321
938222.509441321
938222.509441321
938222.509441321
938222.509441321
938076.9512700934
938076.9512700934
938076.9512700934
938076.9512700934
938076.9512700934
938076.9512700934
938076.9512700934
938076.9512700934
938076.9512700934
938076.9512700934
938076.9512700934
938076.9512700934
938076.9512700934
938076.9512700934
938076.9512700934
938076.9512700934
938076.9512700934
936618.7773430528
936618.7773430528
936618.7773430528
936618.7773430528
936618.7773430528
936618.7773430528
936618.7773430528
936618.7773430528
936618.7773430528
935754.7558132758
935754.7558132758
935754.7558132758
935754.7558132758
935754.7558132758
935754.7558132758
935754.7558132758
935754.7558132758
935754.7558132758
935329.444197122
934375.7825251729
934244.4464198685
934244.4464198685
934244.4464198685
934161.9177465559
934161.9177465559
934161.9177465559
934085.1934227208
934085.1934227208
934085.1934227208
933259.2204959801
933259.2204959801
933119.1112108213
933119.1112108213
933119.1112108213
933119.1112108213
933119.1112108213
933119.1112108213
933119.1112108213
933119.1112108213
933119.1112108213
933038.1887706087
932685.6459278531
932685.6459278531
932685.6459278531
932685.6459278531
932685.6459278531
932685.6459278531
932658.1699228308
932658.1699228308
932658.1699228308
932658.1699228308
932658.1699228308
932658.1699228308
932658.1699228308
932658.1699228308
932658.1699228308
932658.1699228308
932510.6577961952
932510.6577961952
932510.6577961952
932344.2335977312
932344.2335977312
932344.2335977312
932344.2335977312
932344.2335977312
932344.2335977312
932344.2335977312
932344.2335977312
932344.2335977312
932344.2335977312
932289.1323149165
932289.1323149165
931809.4311677867
931809.4311677867
931809.4311677867
931755.5483475887
931755.5483475887
931755.5483475887
931755.5483475887
931755.5483475887
931755.5483475887
931755.5483475887
931755.5483475887
931683.1031515968
931683.1031515968
931476.3891829178
931476.3891829178
931476.3891829178
931476.3891829178
930881.1938927755
930881.1938927755
930881.1938927755
930881.1938927755
930881.1938927755
930694.4944042602
930694.4944042602
930694.4944042602
930694.4944042602
930694.4944042602
930444.1114675018
930444.1114675018
930444.1114675018
930014.130554336
930014.130554336
930014.130554336
930014.130554336
930014.130554336
930014.130554336
929890.9117822493
929890.9117822493
929890.9117822493
929890.9117822493
929890.9117822493
929890.9117822493
929748.2627395506
929748.2627395506
929748.2627395506
929748.2627395506
929748.2627395506
929748.2627395506
929689.3067780728
929689.3067780728
928646.6486802176
928269.1019822117
928269.1019822117
928269.1019822117
928269.1019822117
928269.1019822117
928269.1019822117
927940.5063432422
927057.7456476116
927057.7456476116
927057.7456476116
927057.7456476116
927057.7456476116
927057.7456476116
927057.7456476116
927057.7456476116
927057.7456476116
927057.7456476116
927057.7456476116
927057.7456476116
926484.467212742
926030.914723719
926030.914723719
926030.914723719
925958.4054152772
925958.4054152772
925958.4054152772
925283.2328296695
925283.2328296695
925283.2328296695
925283.2328296695
924491.8251324492
924491.8251324492
924491.8251324492
924491.8251324492
924491.8251324492
924491.8251324492
924278.8798532753
924278.8798532753
924278.8798532753
924278.8798532753
924005.2382500367
923353.7881543022
923353.7881543022
923353.7881543022
923353.7881543022
923353.7881543022
923353.7881543022
922956.9114958249
922956.9114958249
922956.9114958249
922956.9114958249
922956.9114958249
922956.9114958249
922956.9114958249
922956.9114958249
922956.9114958249
922956.9114958249
922956.9114958249
922956.9114958249
922956.9114958249
922956.9114958249
922777.0517888454
922777.0517888454
922541.4753048522
922541.4753048522
922541.4753048522
921739.9569153965
921739.9569153965
921131.167303688
921131.167303688
921131.167303688
920975.2217496354
920975.2217496354
920975.2217496354
920975.2217496354
920975.2217496354
920975.2217496354
920975.2217496354
920975.2217496354
920975.2217496354
920975.2217496354
920975.2217496354
920975.2217496354
920975.2217496354
920975.2217496354
920975.2217496354
920975.2217496354
920613.3718098362
920613.3718098362
920613.3718098362
920613.3718098362
920613.3718098362
920613.3718098362
920613.3718098362
920613.3718098362
920613.3718098362
920613.3718098362
920354.3137625328
920354.3137625328
920354.3137625328
920082.0688694951
920082.0688694951
919984.6024153186
919984.6024153186
919597.6880866388
919597.6880866388
919597.6880866388
919505.7897319108
919505.7897319108
919505.7897319108
919310.4186240052
919310.4186240052
919310.4186240052
919310.4186240052
919310.4186240052
919310.4186240052
919310.4186240052
919310.4186240052
919310.4186240052
919310.4186240052
919310.4186240052
919310.4186240052
919310.4186240052
918911.3889024899
918773.6987770636
918773.6987770636
918773.6987770636
917738.9268590356
917618.256065333
917618.256065333
917618.256065333
917618.256065333
917516.5615852792
917516.5615852792
917516.5615852792
917516.5615852792
917469.219468799
917469.219468799
917469.219468799
917469.219468799
917469.219468799
917469.219468799
917469.219468799
917469.219468799
917469.219468799
917469.219468799
917469.219468799
917469.219468799
917469.219468799
917469.219468799
917469.219468799
917469.219468799
917469.219468799
917469.219468799
917469.219468799
917083.7858708112
917083.7858708112
917083.7858708112
917083.7858708112
917083.7858708112
917038.3665801089
917038.3665801089
917038.3665801089
917038.3665801089
917038.3665801089
917038.3665801089
917038.3665801089
917038.3665801089
917038.3665801089
917028.3780231619
917028.3780231619
917028.3780231619
917028.3780231619
917028.3780231619
917028.3780231619
916791.263060706
916791.263060706
916791.263060706
916791.263060706
916791.263060706
916791.263060706
916791.263060706
916699.385306679
916699.385306679
916699.385306679
916460.0011419001
916105.6007802567
916105.6007802567
916105.6007802567
916105.6007802567
916105.6007802567
916105.6007802567
916105.6007802567
916105.6007802567
916105.6007802567
916105.6007802567
916105.6007802567
916105.6007802567
916105.6007802567
916105.6007802567
916105.6007802567
916105.6007802567
916105.6007802567
916105.6007802567
916105.6007802567
916105.6007802567
916105.6007802567
915350.9459124068
915350.9459124068
915350.9459124068
915350.9459124068
915350.9459124068
915350.9459124068
915350.9459124068
915350.9459124068
915350.9459124068
915350.9459124068
915350.9459124068
915350.9459124068
915350.9459124068
915350.9459124068
915350.9459124068
915350.9459124068
915350.9459124068
915350.9459124068
915350.9459124068
915350.9459124068
915272.3434505104
915262.851701499
915262.851701499
915262.851701499
915262.851701499
915262.851701499
915262.851701499
915262.851701499
915262.851701499
915262.851701499
915031.6159482292
915031.6159482292
915031.6159482292
915031.6159482292
915031.6159482292
915031.6159482292
914716.9688732389
914538.74025037
914538.74025037
914538.74025037
914538.74025037
914538.74025037
914538.74025037
914538.74025037
914357.980872784
914357.980872784
914357.980872784
914357.980872784
914357.980872784
914357.980872784
914357.980872784
914357.980872784
914357.980872784
914357.980872784
914357.980872784
914283.377898732
914256.9812393126
913599.9979833253
913475.6374313555
913475.6374313555
913475.6374313555
913475.6374313555
912825.52289782
912742.8787011979
911885.8311884459
911885.8311884459
911885.8311884459
911885.8311884459
911885.8311884459
911885.8311884459
911885.8311884459
911594.1388363189
911594.1388363189
911594.1388363189
911594.1388363189
911594.1388363189
911410.1486771773
911410.1486771773
911410.1486771773
911410.1486771773
911410.1486771773
911410.1486771773
911410.1486771773
911410.1486771773
911410.1486771773
911410.1486771773
911410.1486771773
911410.1486771773
911410.1486771773
911410.1486771773
911410.1486771773
911410.1486771773
911410.1486771773
911410.1486771773
911052.4951817854
910483.5985463589
910483.5985463589
910388.7088463986
910350.4187173876
910350.4187173876
910350.4187173876
910350.4187173876
910350.4187173876
910350.4187173876
910350.4187173876
910350.4187173876
910350.4187173876
910350.4187173876
910350.4187173876
910350.4187173876
910350.4187173876
910075.216857066
909993.9186009176
908840.6162904912
908840.6162904912
908840.6162904912
908840.6162904912
908840.6162904912
908840.6162904912
908840.6162904912
908840.6162904912
908840.6162904912
908840.6162904912
908094.1417840142
908094.1417840142
908094.1417840142
908094.1417840142
908094.1417840142
908094.1417840142
908010.8720167159
908010.8720167159
908010.8720167159
908010.8720167159
907618.109728199
907452.8384959283
907452.8384959283
907452.8384959283
907452.8384959283
907390.6650026668
907390.6650026668
907207.8863448298
907207.8863448298
907207.8863448298
907207.8863448298
907207.8863448298
907207.8863448298
907207.8863448298
907207.8863448298
907207.8863448298
907207.8863448298
907207.8863448298
907207.8863448298
907207.8863448298
907207.8863448298
907207.8863448298
907207.8863448298
907207.8863448298
907207.8863448298
907207.8863448298
907207.8863448298
907207.8863448298
907207.8863448298
907207.8863448298
907207.8863448298
906804.3618716849
906804.3618716849
906585.0103202411
906585.0103202411
906585.0103202411
906585.0103202411
906585.0103202411
906510.1155466484
906510.1155466484
906510.1155466484
906510.1155466484
906510.1155466484
906510.1155466484
906201.526559076
906201.526559076
906201.526559076
906201.526559076
906201.526559076
906201.526559076
906201.526559076
905802.9012838358
905802.9012838358
905802.9012838358
905802.9012838358
905802.9012838358
905802.9012838358
905802.9012838358
905802.9012838358
905646.9401778127
905646.9401778127
905646.9401778127
905646.9401778127
905392.5491414408
905392.5491414408
905305.1950157401
905305.1950157401
905305.1950157401
905305.1950157401
905305.1950157401
905305.1950157401
905241.6992671826
905241.6992671826
905241.6992671826
905227.8476265784
905227.8476265784
905227.8476265784
905227.8476265784
905227.8476265784
905227.8476265784
905185.2733607145
905130.444189261
905130.444189261
905130.444189261
905130.444189261
905130.444189261
905130.444189261
905130.444189261
905130.444189261
905130.444189261
904971.9272390234
904971.9272390234
904837.778985702
904837.778985702
904837.778985702
904837.778985702
904837.778985702
904837.778985702
904837.778985702
904837.778985702
904837.778985702
904837.778985702
904837.778985702
904757.795596204
904757.795596204
904757.795596204
904757.795596204
904757.795596204
904757.795596204
904757.795596204
904757.795596204
904757.795596204
904757.795596204
904173.5924443959
904173.5924443959
904173.5924443959
904173.5924443959
904173.5924443959
904173.5924443959
903949.2161218219
903949.2161218219
903949.2161218219
903949.2161218219
903809.507883235
903809.507883235
903809.507883235
903809.507883235
903809.507883235
903809.507883235
903809.507883235
903782.8461379262
903782.8461379262
903782.8461379262
903782.8461379262
903782.8461379262
903782.8461379262
903713.7025687201
903713.7025687201
903713.7025687201
903713.7025687201
903713.7025687201
902580.8835456227
902580.8835456227
902580.8835456227
902580.8835456227
902580.8835456227
902580.8835456227
902524.9585249518
902524.9585249518
902524.9585249518
902524.9585249518
902524.9585249518
902403.7532812702
902403.7532812702
902097.036981593
902097.036981593
902097.036981593
902097.036981593
902097.036981593
902097.036981593
902097.036981593
902097.036981593
902096.6470062811
901440.5666695402
900287.5526313016
899953.3862856997
899953.3862856997
899953.3862856997
899882.3197795257
899882.3197795257
899882.3197795257
899784.1846253725
899784.1846253725
899784.1846253725
899784.1846253725
899784.1846253725
899784.1846253725
899623.509467635
899623.509467635
899623.509467635
899623.509467635
899623.509467635
899623.509467635
899492.7441680431
899492.7441680431
899492.7441680431
899492.7441680431
898765.4882629501
898765.4882629501
898765.4882629501
898765.4882629501
898500.8192480123
898500.8192480123
898304.7676164967
898304.7676164967
898115.4178238199
898115.4178238199
898115.4178238199
898115.4178238199
898082.2256087835
898082.2256087835
898082.2256087835
898082.2256087835
898082.2256087835
898082.2256087835
898082.2256087835
898082.2256087835
898082.2256087835
898082.2256087835
898082.2256087835
898082.2256087835
898082.2256087835
898082.2256087835
898082.2256087835
898082.2256087835
898082.2256087835
898082.2256087835
898082.2256087835
898082.2256087835
897781.574308709
897781.574308709
897781.574308709
897781.574308709
897781.574308709
897781.574308709
897596.7506410647
897596.7506410647
897596.7506410647
897596.7506410647
897596.7506410647
897596.7506410647
897238.2432048388
897238.2432048388
896822.0059950044
896822.0059950044
896683.301068177
896683.301068177
896683.301068177
896683.301068177
896683.301068177
896683.301068177
896664.446114236
896664.446114236
896664.446114236
896664.446114236
896664.446114236
896480.7463731378
896158.5318551064
896158.5318551064
896158.5318551064
896158.5318551064
896158.5318551064
896158.5318551064
896158.5318551064
896158.5318551064
896158.5318551064
896127.9397310906
896127.9397310906
896127.9397310906
896127.9397310906
896127.9397310906
896127.9397310906
896127.9397310906
896127.9397310906
896127.9397310906
896127.9397310906
896127.9397310906
896127.9397310906
896127.9397310906
896127.9397310906
895723.5094919828
895723.5094919828
895723.5094919828
895723.5094919828
895523.2810513303
895523.2810513303
895341.817206101
895341.817206101
894688.1888072419
894688.1888072419
894688.1888072419
894688.1888072419
894688.1888072419
894688.1888072419
894688.1888072419
894688.1888072419
894688.1888072419
894688.1888072419
894688.1888072419
894435.3207012042
894201.1599614182
894113.9635896841
894113.9635896841
894113.9635896841
894113.9635896841
894113.9635896841
894113.9635896841
894113.9635896841
893858.2183174104
893858.2183174104
893820.0446957644
893681.074807862
893681.074807862
893681.074807862
893681.074807862
893219.5031616304
893219.5031616304
893203.6784102342
893203.6784102342
893203.6784102342
893203.6784102342
892861.3444031882
892861.3444031882
892861.3444031882
892861.3444031882
892861.3444031882
892822.7875435455
892822.7875435455
892822.7875435455
892822.7875435455
892822.7875435455
892822.7875435455
892570.7586060407
892570.7586060407
892570.7586060407
892570.7586060407
892570.7586060407
892570.7586060407
892570.7586060407
892570.7586060407
892570.7586060407
892570.7586060407
892570.7586060407
892570.7586060407
892570.7586060407
892570.7586060407
892339.6159324438
892339.6159324438
892339.6159324438
892339.6159324438
892339.6159324438
892339.6159324438
892339.6159324438
892142.7334371563
892142.7334371563
892142.7334371563
892142.7334371563
892142.7334371563
892142.7334371563
892142.7334371563
892142.7334371563
892142.7334371563
892142.7334371563
892142.7334371563
891843.2545697646
891800.252154318
891800.252154318
891800.252154318
891800.252154318
891369.7171714008
891369.7171714008
891369.7171714008
891369.7171714008
891369.7171714008
891369.7171714008
891369.7171714008
890363.7607532598
890363.7607532598
890363.7607532598
890363.7607532598
890363.7607532598
890363.7607532598
890363.7607532598
890363.7607532598
889700.0778198026
889700.0778198026
889700.0778198026
889700.0778198026
889700.0778198026
889700.0778198026
889687.6489223407
889134.423280701
889127.0803663153
889127.0803663153
889127.0803663153
889127.0803663153
889114.7098445287
888352.2614831226
888352.2614831226
888352.2614831226
888352.2614831226
888352.2614831226
888239.4931262084
888239.4931262084
888239.4931262084
888206.164582016
888206.164582016
888206.164582016
888206.164582016
888206.164582016
888206.164582016
888206.164582016
888206.164582016
888206.164582016
888206.164582016
888206.164582016
888206.164582016
888206.164582016
888206.164582016
888206.164582016
888206.164582016
888206.164582016
888206.164582016
888206.164582016
888206.164582016
888206.164582016
888206.164582016
888206.164582016
887684.0579129623
887684.0579129623
887684.0579129623
887684.0579129623
887684.0579129623
887684.0579129623
887684.0579129623
887684.0579129623
887684.0579129623
887220.1667031331
887220.1667031331
887220.1667031331
887220.1667031331
887220.1667031331
887220.1667031331
887220.1667031331
887189.0934488169
886970.5827360773
886970.5827360773
886970.5827360773
886970.5827360773
886970.5827360773
886970.5827360773
886934.0769299521
886934.0769299521
886934.0769299521
886934.0769299521
886934.0769299521
886426.8068335262
886426.8068335262
886426.8068335262
886426.8068335262
886426.8068335262
886426.8068335262
886426.8068335262
886426.8068335262
886426.8068335262
886426.8068335262
886426.8068335262
886047.5596808277
886047.5596808277
886047.5596808277
886047.5596808277
886047.5596808277
886047.5596808277
886047.5596808277
886018.6434653508
886018.6434653508
886018.6434653508
885873.6811858958
885589.007507108
885589.007507108
885589.007507108
885589.007507108
885589.007507108
885589.007507108
885589.007507108
885589.0667814666
885589.0667814666
885589.0667814666
885567.7206427078
885567.7206427078
885567.7206427078
885567.7206427078
885567.7206427078
885567.7206427078
885268.2055881496
885268.2055881496
885268.2055881496
884887.3883509922
884858.2637095794
884858.2637095794
884858.2637095794
884831.6980113902
884831.6980113902
884831.6980113902
884831.6980113902
884831.6980113902
884747.4975850559
884747.4975850559
884747.4975850559
884747.4975850559
884747.4975850559
884747.4975850559
884747.4975850559
884747.4975850559
884747.4975850559
884747.4975850559
884747.4975850559
884747.4975850559
884747.4975850559
884747.4975850559
884747.4975850559
883734.2121668514
883734.2121668514
883734.2121668514
883734.2121668514
883734.2121668514
883734.2121668514
883734.2121668514
883734.2121668514
883643.9224258026
883643.9224258026
883643.9224258026
883643.9224258026
883643.9224258026
883643.9224258026
883643.9224258026
883643.9224258026
883643.9224258026
883643.9224258026
883643.9224258026
883214.921947771
883214.921947771
883214.921947771
883214.921947771
883214.921947771
883214.921947771
883207.9900641643
882889.5294871754
882889.5294871754
882422.4249102573
882422.4249102573
882422.4249102573
882422.4249102573
882378.7159761202
882378.7159761202
882378.7159761202
882378.7159761202
882378.7159761202
882378.7159761202
882378.7159761202
882378.7159761202
881930.2794918658
881829.649687585
881604.7281479356
881604.7281479356
881604.7281479356
881604.7281479356
881604.7281479356
881604.7281479356
881604.7281479356
881604.7281479356
881601.6678069658
881601.6678069658
881601.6678069658
881597.0258748337
881597.0258748337
881597.0258748337
881597.0258748337
881597.0258748337
881597.0258748337
880390.064427185
880390.064427185
879555.4679277914
879555.4679277914
879555.4679277914
879345.0604793841
878758.1691232773
878758.1691232773
878758.1691232773
878758.1691232773
878758.1691232773
878758.1691232773
878758.1691232773
878758.1691232773
878758.1691232773
878668.5686010151
878668.5686010151
878668.5686010151
878668.5686010151
878668.5686010151
878668.5686010151
878494.5068618003
878494.5068618003
878494.5068618003
878494.5068618003
878494.5068618003
878494.5068618003
878494.5068618003
878494.5068618003
878494.5068618003
878494.5068618003
878494.5068618003
878494.5068618003
878494.5068618003
878494.5068618003
878494.5068618003
878494.5068618003
878494.5068618003
878494.5068618003
878494.5068618003
878494.5068618003
878277.7397831524
878277.7397831524
878277.7397831524
878066.9946222794
878066.9946222794
878066.9946222794
878066.9946222794
878066.9946222794
878066.9946222794
878066.9946222794
878066.9946222794
878066.9946222794
878066.9946222794
877919.8606413144
877919.8606413144
877919.8606413144
877919.8606413144
877919.8606413144
877919.8606413144
877919.8606413144
877919.8606413144
877557.8787468194
877557.8787468194
877557.8787468194
877557.8787468194
877557.8787468194
877557.8787468194
877557.8787468194
877557.8787468194
877557.8787468194
877557.8787468194
877557.8787468194
877557.8787468194
877557.8787468194
877557.8787468194
877557.4879147916
876817.3603593067
876817.3603593067
876817.3603593067
876817.3603593067
876817.3603593067
876744.33887664
876744.33887664
876744.33887664
876744.33887664
876744.33887664
876744.33887664
876744.33887664
876744.33887664
876744.33887664
876744.33887664
876744.33887664
876744.33887664
876744.33887664
876744.33887664
876744.33887664
876154.4302131499
876154.4302131499
876154.4302131499
876154.4302131499
876154.4302131499
876154.4302131499
876154.4302131499
876154.4302131499
876154.4302131499
876154.4302131499
875608.9594000307
875608.9594000307
875608.9594000307
875485.6689081406
875485.6689081406
875485.6689081406
875485.6689081406
875485.6689081406
875485.6689081406
875485.6689081406
875485.6689081406
875485.6689081406
875485.6689081406
875332.3143953057
875332.3143953057
875332.3143953057
875332.3143953057
874956.2701021845
874956.2701021845
874956.2701021845
874956.2701021845
874956.2701021845
874954.8726445218
874954.8726445218
874694.8095829899
874694.8095829899
874694.8095829899
874694.8095829899
874694.8095829899
874694.8095829899
874341.4120387229
874341.4120387229
874341.4120387229
874341.4120387229
874341.4120387229
874341.4120387229
874341.4120387229
874341.4120387229
874341.4120387229
874341.4120387229
874341.4120387229
874341.4120387229
874341.4120387229
874341.4120387229
874341.4120387229
874341.4120387229
874341.4120387229
874341.4120387229
874341.4120387229
874341.4120387229
874341.4120387229
874341.4120387229
874341.4120387229
874067.8926627544
874067.8926627544
874004.3564270416
874004.3564270416
873765.7017697218
873765.7017697218
873765.7017697218
873765.7017697218
873765.7017697218
873582.7774389827
873582.7774389827
873582.7774389827
873582.7774389827
873582.7774389827
873582.7774389827
873582.7774389827
873582.7774389827
873582.7774389827
873582.7774389827
873582.7774389827
873582.7774389827
873582.7774389827
872998.4118713295
872998.4118713295
872998.4118713295
872998.4118713295
872998.4118713295
872998.4118713295
872998.4118713295
872998.4118713295
872827.1030244867
872696.5549682446
872696.5549682446
872696.5549682446
872696.5549682446
872696.5549682446
872696.5549682446
872696.5549682446
872696.5549682446
872696.5549682446
872651.4140998484
872651.4140998484
872469.7810568062
872469.7810568062
872469.7810568062
872441.945005228
872441.945005228
872441.945005228
872441.945005228
872334.5515336283
872334.5515336283
872334.5515336283
872334.5515336283
872334.5515336283
872296.4229578092
872296.4229578092
872296.4229578092
872296.4229578092
872296.4229578092
872066.122537321
872066.122537321
872066.122537321
872066.122537321
872066.122537321
872066.122537321
872066.122537321
872066.122537321
872066.122537321
871999.5047842899
871999.5047842899
871999.5047842899
871999.5047842899
871999.5047842899
871999.5047842899
871999.5047842899
871999.5047842899
871999.5047842899
871999.5047842899
871230.5022470804
871230.5022470804
871230.5022470804
871230.5022470804
871230.5022470804
871230.5022470804
870137.8198350968
870137.8198350968
869978.5790065
869978.5790065
869978.5790065
869978.5790065
869978.5790065
869978.5790065
869978.5790065
869978.5790065
869978.5790065
869978.5790065
869978.5790065
869978.5790065
869978.5790065
869978.5790065
869978.5790065
869978.5790065
869978.5790065
869978.5790065
869978.5790065
869978.5790065
869978.5790065
869978.5790065
869978.5790065
869978.5790065
869978.5790065
869978.5790065
869978.5790065
869856.3384350124
869050.616201479
869050.616201479
869050.616201479
869050.616201479
869050.616201479
869050.616201479
869050.616201479
869050.616201479
869050.616201479
869050.616201479
869050.616201479
869050.616201479
869050.616201479
869050.616201479
869050.616201479
869050.616201479
869050.616201479
869050.616201479
869050.616201479
869050.616201479
869050.616201479
869050.616201479
869050.616201479
869050.616201479
869050.616201479
869050.616201479
869050.616201479
869050.616201479
869050.616201479
869050.616201479
869004.6367326174
869004.6367326174
869004.6367326174
869004.6367326174
868391.9123068197
868391.9123068197
868391.9123068197
868391.9123068197
868391.9123068197
868391.9123068197
868391.9123068197
868391.9123068197
867995.7470759344
867905.2081853631
867905.2081853631
867905.2081853631
867374.6140373186
867374.6140373186
867374.6140373186
867374.6140373186
867251.785676371
867209.674729673
867209.674729673
867209.674729673
867209.674729673
867209.674729673
867209.674729673
867209.674729673
867209.674729673
867209.674729673
867209.674729673
867209.674729673
866930.638109618
866930.638109618
866930.638109618
866930.638109618
866930.638109618
866930.638109618
866930.638109618
866930.638109618
866930.638109618
866930.638109618
866930.638109618
866930.638109618
866930.638109618
866930.638109618
866930.638109618
866930.638109618
866688.4365452696
866688.4365452696
866688.4365452696
866688.4365452696
866688.4365452696
866688.4365452696
866688.4365452696
866688.4365452696
866688.4365452696
866159.6182673747
866159.6182673747
866092.2726092682
866092.2726092682
865864.0634323999
865864.0634323999
865864.0634323999
865864.0634323999
865864.0634323999
865864.0634323999
865864.0634323999
865864.0634323999
865864.0634323999
865864.0634323999
865864.0634323999
865742.3454626305
865742.3454626305
865742.3454626305
865656.546590246
865656.546590246
865656.546590246
865656.546590246
865656.546590246
865656.546590246
865656.546590246
865656.546590246
865652.4122805085
865652.4122805085
865652.4122805085
865419.8894232037
865419.8894232037
865419.8894232037
865419.8894232037
865419.8894232037
865419.8894232037
865419.8894232037
865419.8894232037
865419.8894232037
865419.8894232037
865400.6703077133
865400.6703077133
865400.6703077133
865400.6703077133
865400.6703077133
865400.6703077133
865397.2226287697
865397.2226287697
865397.2226287697
865397.2226287697
865397.2226287697
865263.2489456651
865263.2489456651
865263.2489456651
865263.2489456651
865263.2489456651
865263.2489456651
865263.2489456651
865263.2489456651
865263.2489456651
865135.9130930619
865135.9130930619
864757.3340275091
864757.3340275091
864757.3340275091
864757.3340275091
864757.3340275091
864757.3340275091
864757.3340275091
864426.3533326936
864426.3533326936
864426.3533326936
864426.3533326936
864426.3533326936
864225.3999869535
864225.3999869535
864225.3999869535
863927.424993888
863927.424993888
863927.424993888
863927.424993888
863927.424993888
863927.424993888
863927.424993888
863927.424993888
863927.424993888
863927.424993888
863656.7169777979
863656.7169777979
863242.5682665361
863242.5682665361
863242.5682665361
863242.5682665361
863052.0100638904
863052.0100638904
863052.0100638904
863052.0100638904
863052.0100638904
863052.0100638904
863052.0100638904
863052.0100638904
863052.0100638904
863012.7125755113
863012.7125755113
863012.7125755113
863012.7125755113
863012.7125755113
863012.7125755113
863012.7125755113
863012.7125755113
863012.7125755113
862716.102984949
862716.102984949
862716.102984949
862716.102984949
862716.102984949
862716.102984949
862716.102984949
862716.102984949
862716.102984949
862716.102984949
862716.102984949
862363.2946752792
862204.3512974349
862204.3512974349
862204.3512974349
861787.5057296632
861787.5057296632
861787.5057296632
861635.1031123978
861635.1031123978
861635.1031123978
861635.1031123978
861635.1031123978
861438.4893230596
861438.4893230596
861438.4893230596
861438.4893230596
861438.4893230596
861438.4893230596
860772.5202352651
860772.5202352651
860161.231257324
860161.231257324
860161.231257324
860161.231257324
860161.231257324
860161.231257324
860161.231257324
860161.231257324
860161.231257324
860161.231257324
860161.231257324
860161.231257324
860161.231257324
860161.231257324
860161.231257324
860161.231257324
860161.231257324
860161.231257324
860161.231257324
860161.231257324
860161.231257324
859869.9382370061
859869.9382370061
859869.9382370061
859869.9382370061
859869.9382370061
859311.5639714894
859311.5639714894
859221.4220550194
859221.4220550194
859221.4220550194
859163.2809455207
859163.2809455207
859104.0304956742
859104.0304956742
859104.0304956742
859104.0304956742
859104.0304956742
859104.0304956742
859104.0304956742
859104.0304956742
859104.0304956742
859104.0304956742
859104.0304956742
859104.0304956742
858981.4778406736
858981.4778406736
858981.4778406736
858981.4778406736
858981.4778406736
858981.4778406736
858981.4778406736
858981.4778406736
858981.4778406736
858981.4778406736
858981.4778406736
858981.4778406736
858981.4778406736
858981.4778406736
858981.4778406736
858981.4778406736
858981.4778406736
858981.4778406736
858981.4778406736
858981.4778406736
858981.4778406736
858981.4778406736
858981.4778406736
858853.0479639561
858853.0479639561
858853.0479639561
858853.0479639561
858853.0479639561
858853.0479639561
858853.0479639561
858853.0479639561
858853.0479639561
858853.0479639561
858853.0479639561
858853.0479639561
858853.0479639561
858477.6665323079
858477.6665323079
858477.6665323079
858477.6665323079
858477.6665323079
858477.6665323079
858477.6665323079
858477.6665323079
858477.6665323079
858477.6665323079
858477.6665323079
858477.6665323079
858477.6665323079
858477.6665323079
858477.6665323079
858477.6665323079
858477.6665323079
858477.6665323079
858477.6665323079
858477.6665323079
858477.6665323079
858477.6665323079
858477.6665323079
858477.6665323079
858388.5253800045
858388.5253800045
858388.5253800045
858388.5253800045
858388.5253800045
858388.5253800045
858388.5253800045
858388.5253800045
858388.5253800045
858388.5253800045
858388.5253800045
858167.7132926679
858108.9291677224
858084.5592097566
858084.5592097566
858084.5592097566
858084.5592097566
858084.5592097566
858084.5592097566
858084.5592097566
858084.5592097566
858084.5592097566
858084.5592097566
858084.5592097566
858084.5592097566
857962.3365256141
857962.3365256141
857962.3365256141
857962.3365256141
857962.3365256141
857962.3365256141
857633.8936924343
857633.8936924343
857633.8936924343
857633.8936924343
857633.8936924343
857591.4900852763
857591.4900852763
857591.4900852763
857591.4900852763
857591.4900852763
857591.4900852763
857591.4900852763
857591.4900852763
857591.4900852763
857591.4900852763
857591.4900852763
857591.4900852763
857591.4900852763
857591.4900852763
857591.4900852763
857591.4900852763
857591.4900852763
857591.4900852763
857591.4900852763
857591.4900852763
857591.4900852763
856468.0102609434
856468.0102609434
856468.0102609434
856468.0102609434
856468.0102609434
856468.0102609434
856468.0102609434
856468.0102609434
856468.0102609434
856468.0102609434
856468.0102609434
856468.0102609434
856468.0102609434
856468.0102609434
856468.0102609434
856468.0102609434
856468.0102609434
856468.0102609434
856468.0102609434
856468.0102609434
856468.0102609434
856468.0102609434
855449.5792148383
855449.5792148383
855449.5792148383
854987.358019763
854987.358019763
854987.358019763
854987.358019763
854987.358019763
854780.7654938146
854780.7654938146
854559.4043284601
854559.4043284601
854559.4043284601
854559.4043284601
854559.4043284601
854559.4043284601
854559.4043284601
854559.4043284601
854559.4043284601
854559.4043284601
854559.4043284601
854559.4043284601
854559.4043284601
854559.4043284601
854046.5338271968
854046.5338271968
854046.5338271968
854046.5338271968
854046.5338271968
854027.1895772356
854027.1895772356
853942.0184642691
853942.0184642691
853942.0184642691
853840.8288845405
853753.3307730992
853753.3307730992
853753.3307730992
853753.3307730992
853753.3307730992
853753.3307730992
853753.3307730992
853753.3307730992
853442.247746291
853442.247746291
853442.247746291
853442.247746291
853442.247746291
853442.247746291
853304.2566362484
853304.2566362484
853304.2566362484
853304.2566362484
853119.0065269509
853119.0065269509
853119.0065269509
853119.0065269509
852658.1280016201
852658.1280016201
852658.1280016201
852492.344549828
852492.344549828
852492.344549828
852492.344549828
852492.344549828
852492.344549828
852452.2275189596
852452.2275189596
852452.2275189596
852452.2275189596
852452.2275189596
852362.6278317816
852147.5898874272
852147.5898874272
852147.5898874272
852147.5898874272
851928.4671089974
851928.4671089974
850869.3087396971
850869.3087396971
850869.3087396971
850869.3087396971
850869.3087396971
850869.3087396971
850869.3087396971
850869.3087396971
850745.6512137601
850726.7822164228
850726.7822164228
850726.7822164228
850726.7822164228
850517.171392123
850517.171392123
850517.171392123
850517.171392123
850517.171392123
850517.171392123
850517.171392123
850517.171392123
850517.171392123
850517.171392123
850517.171392123
850517.171392123
850517.171392123
850517.171392123
850517.171392123
850517.171392123
850517.171392123
850517.171392123
850392.3432859909
850392.3432859909
850392.3432859909
850143.1588460675
850143.1588460675
850143.1588460675
849866.21826134
849866.21826134
849866.21826134
849706.5176052604
849706.5176052604
849706.5176052604
849706.5176052604
849706.5176052604
849706.5176052604
849706.5176052604
849706.5176052604
849454.5958118634
849454.5958118634
849454.5958118634
849454.5958118634
849454.5958118634
849454.5958118634
849454.5958118634
849454.5958118634
849454.5958118634
849454.5958118634
849454.5958118634
849454.5958118634
849454.5958118634
849353.8525494448
849353.8525494448
849055.4570024363
849055.4570024363
849055.4570024363
849055.4570024363
849055.4570024363
849055.4570024363
849055.4570024363
849055.4570024363
849055.4570024363
849055.4570024363
849055.4570024363
849055.4570024363
849055.4570024363
849055.4570024363
849055.4570024363
849055.4570024363
849055.4570024363
849055.4570024363
849055.4570024363
849055.4570024363
849055.4570024363
849055.4570024363
849048.6228828544
849048.6228828544
849048.6228828544
849048.6228828544
849048.6228828544
849048.6228828544
849048.6228828544
849048.6228828544
849048.6228828544
848516.1843334059
848516.1843334059
848516.1843334059
848516.1843334059
848516.1843334059
848157.5198982784
848157.5198982784
848157.5198982784
847695.8182329937
847695.8182329937
847112.4526008572
847112.4526008572
847112.4526008572
847112.4526008572
847112.4526008572
847112.4526008572
847112.4526008572
847112.4526008572
847112.4526008572
846817.6545214215
846817.6545214215
846817.6545214215
846386.9996345511
846386.9996345511
846386.9996345511
846386.9996345511
846386.9996345511
846386.9996345511
846386.9996345511
846386.9996345511
846386.9996345511
846386.9996345511
846386.9996345511
846386.9996345511
846386.9996345511
846386.9996345511
846386.9996345511
846319.5688978878
846319.5688978878
846319.5688978878
846319.5688978878
846319.5688978878
846319.5688978878
846319.5688978878
846319.5688978878
846319.5688978878
846319.5688978878
846319.5688978878
846098.3464484864
846098.3464484864
846098.3464484864
846098.3464484864
846098.3464484864
846098.3464484864
846098.3464484864
846098.3464484864
846098.3464484864
846098.3464484864
846098.3464484864
846098.3464484864
846098.3464484864
846098.3464484864
846098.3464484864
846098.3464484864
846098.3464484864
846098.3464484864
846098.3464484864
846098.3464484864
846098.3464484864
846098.3464484864
846098.3464484864
846098.3464484864
845934.5637554931
845934.5637554931
845934.5637554931
845934.5637554931
845749.844371582
845749.844371582
845749.844371582
845749.844371582
845749.844371582
845749.844371582
845749.844371582
845749.844371582
845749.844371582
845749.844371582
845749.844371582
845749.844371582
845749.844371582
845749.844371582
845749.844371582
845749.844371582
845749.844371582
845749.844371582
845749.844371582
845667.6518134805
845667.6518134805
845667.6518134805
845667.6518134805
845667.6518134805
845667.6518134805
845667.6518134805
845667.6518134805
845667.6518134805
845667.6518134805
845667.6518134805
845667.6518134805
845667.6518134805
845667.6518134805
845667.6518134805
845667.6518134805
845667.6518134805
845667.6518134805
845667.6518134805
845667.6518134805
845667.6518134805
845667.6518134805
845667.6518134805
845667.6518134805
845667.6518134805
845667.6518134805
845667.6518134805
845667.6518134805
845667.6518134805
845667.6518134805
845667.6518134805
845667.6518134805
845664.6011446503
845664.6011446503
845664.6011446503
845664.6011446503
845664.6011446503
845664.6011446503
845664.6011446503
845664.6011446503
845664.6011446503
845664.6011446503
845519.13561373
845519.13561373
845519.13561373
845519.13561373
845519.13561373
845519.13561373
845519.13561373
845519.13561373
845267.9870738222
845267.9870738222
845267.9870738222
845267.9870738222
845250.6055182248
845250.6055182248
845250.6055182248
845250.6055182248
845250.6055182248
845250.6055182248
845250.6055182248
845250.6055182248
845250.6055182248
845250.6055182248
845250.6055182248
845250.6055182248
845250.6055182248
845250.6055182248
845125.6184739666
845125.6184739666
845125.6184739666
845125.6184739666
845125.6184739666
845125.6184739666
845125.6184739666
845125.6184739666
844978.5852130547
844978.5852130547
844978.5852130547
844978.5852130547
844978.5852130547
844978.5852130547
844553.0821328871
844553.0821328871
844553.0821328871
844553.0821328871
844553.0821328871
844553.0821328871
844461.8326837199
844461.8326837199
844461.8326837199
844461.8326837199
844461.8326837199
844461.8326837199
844461.8326837199
844461.8326837199
844461.8326837199
844461.8326837199
844461.8326837199
844461.8326837199
844461.8326837199
844461.8326837199
844461.8326837199
844461.8326837199
844461.8326837199
844461.8326837199
844296.1958022199
844296.1958022199
844296.1958022199
844288.606363962
844288.606363962
844288.606363962
843728.120112807
843728.120112807
843728.120112807
843693.8827827361
843693.8827827361
843693.8827827361
843693.8827827361
843492.6701901235
843492.6701901235
843492.6701901235
843492.6701901235
843492.6701901235
843492.6701901235
843492.6701901235
843492.6701901235
843492.6701901235
843492.6701901235
843492.6701901235
843492.6701901235
843492.6701901235
843492.6701901235
843492.6701901235
843492.6701901235
843492.6701901235
843492.6701901235
843492.6701901235
843492.6701901235
843492.6701901235
843492.6701901235
843492.6701901235
843492.6701901235
843492.6701901235
843492.6701901235
843492.6701901235
843492.6701901235
843492.6701901235
843492.6701901235
843492.6701901235
843492.6701901235
843492.6701901235
843492.6701901235
843492.6701901235
843227.7834152072
843227.7834152072
843227.7834152072
843227.7834152072
843227.7834152072
843227.7834152072
843227.7834152072
843028.5010325154
843028.5010325154
843028.5010325154
843028.5010325154
843028.5010325154
843028.5010325154
843028.5010325154
843028.5010325154
843028.5010325154
843028.5010325154
843028.5010325154
843028.5010325154
843028.5010325154
843028.5010325154
843028.5010325154
843028.5010325154
843028.5010325154
843028.5010325154
842878.5139310549
842736.4682323108
842736.4682323108
842736.4682323108
842736.4682323108
842736.4682323108
842736.4682323108
842609.5950053812
842609.5950053812
842609.5950053812
842609.5950053812
842609.5950053812
842609.5950053812
842609.5950053812
842609.5950053812
842609.5950053812
842609.5950053812
842609.5950053812
842609.5950053812
842609.5950053812
842609.5950053812
842609.5950053812
842609.5950053812
842609.5950053812
842609.5950053812
842609.5950053812
842609.5950053812
842609.5950053812
842269.8993982512
842130.3069828835
842130.3069828835
841879.2075963046
841879.2075963046
841879.2075963046
841879.2075963046
841879.2075963046
841879.2075963046
841725.9776062025
841725.9776062025
841725.9776062025
841725.9776062025
841725.9776062025
841725.9776062025
841725.9776062025
841725.9776062025
841725.9776062025
841725.9776062025
841725.9776062025
841725.9776062025
841725.9776062025
841725.9776062025
841725.9776062025
841725.9776062025
841725.9776062025
841725.9776062025
841725.9776062025
841725.9776062025
841725.9776062025
841725.9776062025
841571.5678981573
841571.5678981573
841571.5678981573
841571.5678981573
841244.1742036152
841244.1742036152
841244.1742036152
841244.1742036152
841244.1742036152
841244.1742036152
841244.1742036152
841244.1742036152
841114.9094096248
841114.9094096248
840852.8625043989
840852.8625043989
840852.8625043989
840852.8625043989
840852.8625043989
840852.8625043989
840852.8625043989
840852.8625043989
840852.8625043989
840852.8625043989
840852.8625043989
840852.8625043989
840852.8625043989
840852.8625043989
840852.8625043989
840852.8625043989
840852.8625043989
840852.8625043989
840852.8625043989
840852.8625043989
840852.8625043989
840852.8625043989
840652.053521397
840652.053521397
840652.053521397
840652.053521397
840652.053521397
840652.053521397
840652.053521397
840652.053521397
839576.4201572405
839216.5985983361
839216.5985983361
839216.5985983361
838717.3169205252
838717.3169205252
838717.3169205252
838717.3169205252
838717.3169205252
838717.3169205252
838717.3169205252
838717.3169205252
838717.3169205252
838717.3169205252
838717.3169205252
838717.3169205252
838717.3169205252
838717.3169205252
838717.3169205252
838562.7970197742
838562.7970197742
838562.7970197742
838562.7970197742
838562.7970197742
838522.6760545821
838522.6760545821
838522.6760545821
838522.6760545821
838522.6760545821
838522.6760545821
838522.6760545821
838522.6760545821
838522.6760545821
838522.6760545821
838522.6760545821
838522.6760545821
838043.8279065838
838043.8279065838
838043.8279065838
838043.8279065838
838043.8279065838
838043.8279065838
837762.6153597494
837762.6153597494
837762.6153597494
837762.6153597494
837762.6153597494
837762.6153597494
837762.6153597494
837762.6153597494
837762.6153597494
837762.6153597494
837762.6153597494
837696.4984661811
837696.4984661811
837696.4984661811
837696.4984661811
837696.4984661811
837696.4984661811
837696.4984661811
837696.4984661811
837696.4984661811
837696.4984661811
837675.8349737442
837675.8349737442
837675.8349737442
837675.8349737442
837675.8349737442
837675.8349737442
837675.8349737442
837675.8349737442
837675.8349737442
837675.8349737442
837675.8349737442
837675.8349737442
837503.2538923745
837503.2538923745
837503.2538923745
837503.2538923745
837503.2538923745
837501.4009981519
837501.4009981519
837501.4009981519
837501.4009981519
837501.4009981519
837501.4009981519
837501.4009981519
837501.4009981519
837501.4009981519
837501.4009981519
837501.4009981519
837501.4009981519
837501.4009981519
837501.4009981519
837501.4009981519
837501.4009981519
837501.4009981519
837501.4009981519
837501.4009981519
837501.4009981519
837501.4009981519
837501.4009981519
837501.4009981519
837501.4009981519
837501.4009981519
837501.4009981519
837501.4009981519
837501.4009981519
837501.4009981519
837501.4009981519
837501.4009981519
837501.4009981519
837501.4009981519
837501.4009981519
837501.4009981519
837501.4009981519
837149.0871882266
837149.0871882266
837149.0871882266
837149.0871882266
837149.0871882266
837149.0871882266
837149.0871882266
837149.0871882266
837149.0871882266
837017.497870248
837017.497870248
837017.497870248
836780.3532353081
836780.3532353081
836780.3532353081
836780.3532353081
836780.3532353081
836780.3532353081
836780.3532353081
836780.3532353081
836780.3532353081
836780.3532353081
836780.3532353081
836780.3532353081
836780.3532353081
836780.3532353081
836780.3532353081
836780.3532353081
836780.3532353081
836780.3532353081
836780.3532353081
836780.3532353081
836640.6965366526
836640.6965366526
836640.6965366526
836337.1563390347
836337.1563390347
836337.1563390347
836337.1563390347
836337.1563390347
836337.1563390347
836337.1563390347
836337.1563390347
836337.1563390347
836337.1563390347
836337.1563390347
835870.6640342966
835870.6640342966
835870.6640342966
835870.6640342966
834793.0835415041
834793.0835415041
834793.0835415041
834793.0835415041
834793.0835415041
834667.7987506855
834667.7987506855
834667.7987506855
834667.7987506855
834667.7987506855
834667.7987506855
834667.7987506855
834667.7987506855
834667.7987506855
834667.7987506855
834667.7987506855
834667.7987506855
834667.7987506855
834667.7987506855
834667.7987506855
834667.7987506855
834667.7987506855
834667.7987506855
834667.7987506855
834667.7987506855
834667.7987506855
834667.7987506855
834667.7987506855
834667.7987506855
834667.7987506855
834667.7987506855
834667.7987506855
834634.2207813745
834634.2207813745
834634.2207813745
834634.2207813745
834634.2207813745
834634.2207813745
834634.2207813745
834634.2207813745
834634.2207813745
834368.9969473315
834368.9969473315
834368.9969473315
834368.9969473315
834368.9969473315
834368.9969473315
834368.9969473315
834368.9969473315
834368.9969473315
834368.9969473315
834368.9969473315
834368.9969473315
834368.9969473315
834368.9969473315
834368.9969473315
834368.9969473315
834368.9969473315
834368.9969473315
834368.9969473315
834368.9969473315
834317.7941592988
834206.4201115718
834206.4201115718
834206.4201115718
834206.4201115718
834206.4201115718
834206.4201115718
834124.886586694
834124.886586694
834124.886586694
834124.886586694
834124.886586694
834049.6825502869
834049.6825502869
834048.201190711
834048.201190711
834048.201190711
834048.201190711
834048.201190711
834048.201190711
834048.201190711
834048.201190711
834048.201190711
834048.201190711
834048.201190711
834048.201190711
833751.4997503775
833751.4997503775
833751.4997503775
833624.1889096869
833624.1889096869
833624.1889096869
833624.1889096869
833624.1889096869
833624.1889096869
833624.1889096869
833624.1889096869
833624.1889096869
833624.1889096869
833624.1889096869
833624.1889096869
833624.1889096869
833624.1889096869
833624.1889096869
833624.1889096869
832805.8813411777
832805.8813411777
832805.8813411777
832805.8813411777
832805.8813411777
832352.8862908345
832352.8862908345
832352.8862908345
832352.8862908345
832352.8862908345
832352.8862908345
832352.8862908345
832352.8862908345
832352.8862908345
832352.8862908345
832352.8862908345
832352.8862908345
832352.8862908345
832352.8862908345
832352.8862908345
832352.8862908345
832352.8862908345
832173.5186017135
831760.66180524
831760.66180524
831760.66180524
831760.66180524
831760.66180524
831760.66180524
831760.66180524
831760.66180524
831500.9675482686
831500.9675482686
831500.9675482686
831500.9675482686
831500.9675482686
831500.9675482686
831500.9675482686
831500.9675482686
831500.9675482686
831500.9675482686
831500.9675482686
831500.9675482686
831500.9675482686
831500.9675482686
831500.9675482686
831500.9675482686
831500.9675482686
831500.9675482686
831500.9675482686
831500.9675482686
831169.4314438049
831169.4314438049
831169.4314438049
831169.4314438049
831169.4314438049
831169.4314438049
831169.4314438049
831169.4314438049
830858.3096164684
830858.3096164684
830858.3096164684
830858.3096164684
830858.3096164684
830858.3096164684
830858.3096164684
830858.3096164684
830858.3096164684
830858.3096164684
830858.3096164684
830858.3096164684
830858.3096164684
830772.616036318
830772.616036318
830772.616036318
830772.616036318
830772.616036318
830772.616036318
830772.616036318
830772.616036318
830772.616036318
830772.616036318
830772.616036318
830613.2334236598
830613.2334236598
830613.2334236598
830613.2334236598
830613.2334236598
830613.2334236598
830613.2334236598
830467.336879469
830467.336879469
830467.336879469
830467.336879469
830467.336879469
830467.336879469
830467.336879469
830467.336879469
829808.7017050537
829808.7017050537
829808.7017050537
829808.7017050537
829776.2613428917
829776.2613428917
829776.2613428917
829776.2613428917
829776.2613428917
829776.2613428917
829776.2613428917
829690.5670875725
829690.5670875725
829690.5670875725
829690.2338517385
829690.2338517385
829327.1991944157
829327.1991944157
829327.1991944157
829327.1991944157
829327.1991944157
829221.3230535485
829221.3230535485
829221.3230535485
829221.3230535485
829221.3230535485
829221.3230535485
829167.0434160887
829167.0434160887
829167.0434160887
829167.0434160887
829167.0434160887
829167.0434160887
829167.0434160887
829167.0434160887
829167.0434160887
829167.0434160887
829167.0434160887
829167.0434160887
829167.0434160887
829167.0434160887
829167.0434160887
829167.0434160887
829167.0434160887
829033.3120329146
829033.3120329146
829033.3120329146
829033.3120329146
829033.3120329146
829033.3120329146
829033.3120329146
828814.7953991229
828814.7953991229
828722.6509303829
828722.6509303829
828722.6509303829
828722.6509303829
828722.6509303829
828722.6509303829
828722.6509303829
828722.6509303829
828722.6509303829
828722.6509303829
828722.6509303829
828722.6509303829
828722.6509303829
828722.6509303829
828722.6509303829
828722.6509303829
828722.6509303829
828722.6509303829
828722.6509303829
828722.6509303829
828722.6509303829
828722.6509303829
828722.6509303829
828722.6509303829
828722.6509303829
828722.6509303829
828722.6509303829
828566.3606450488
828566.3606450488
828351.5704775711
828351.5704775711
828351.5704775711
828351.5704775711
828351.5704775711
828351.5704775711
828351.5704775711
828351.5704775711
827814.8313279492
827814.8313279492
827814.8313279492
827814.8313279492
827814.8313279492
827814.8313279492
827814.8313279492
827814.8313279492
827814.8313279492
827814.8313279492
827578.564136108
827578.564136108
827578.564136108
827578.564136108
827578.564136108
827578.564136108
827578.564136108
827470.5816010518
827470.5816010518
827470.5816010518
827470.5816010518
827470.5816010518
827223.4790109644
827223.4790109644
827223.4790109644
827223.4790109644
827219.9640878802
827219.9640878802
827219.9640878802
827219.9640878802
827219.9640878802
827219.9640878802
827219.9640878802
827219.9640878802
827219.9640878802
827026.7160268343
827026.7160268343
827026.7160268343
827026.7160268343
827026.7160268343
827026.7160268343
827026.7160268343
827026.7160268343
827026.7160268343
827026.7160268343
827026.7160268343
826525.196939014
826525.196939014
826525.196939014
826525.196939014
826525.196939014
826525.196939014
826122.9423125251
826122.9423125251
826122.9423125251
826122.9423125251
825712.55139019
825712.55139019
825712.55139019
825712.55139019
825712.55139019
825623.9640868877
825623.9640868877
825623.9640868877
825623.9640868877
825623.9640868877
825623.9640868877
825623.9640868877
825623.9640868877
825623.9640868877
825623.9640868877
825623.9640868877
825623.9640868877
825623.9640868877
825623.9640868877
825623.9640868877
825623.9640868877
825623.9640868877
825623.9640868877
825623.9640868877
825623.9640868877
