4513551.306660293
4418653.6495410465
4322127.881613575
4223593.861075088
4115275.3477066504
4037135.50601049
3947584.260523035
3858758.2793969093
3780331.279236056
3679315.6586291315
3614473.2172983903
3559116.1171365855
3502699.4830365796
3442335.8350917986
3405551.77954868
3343463.427995731
3294875.3862418737
3262118.093425207
3217307.189422601
3182506.4538038014
3157624.7510537268
3112772.092136408
3070842.4430572796
3034086.4489748213
2995364.412207268
2966099.811777545
2934211.8424768234
2900761.9797997973
2873486.999857434
2848559.359303007
2820051.6456194036
2799254.028785511
2774117.8411995624
2753543.2436721213
2731209.191071593
2715767.2383946404
2691224.2605395564
2671847.5899647903
2651979.722122811
2635990.9717221325
2598720.04781394
2583240.7250585626
2569533.2756897556
2555932.8629072523
2541309.0002181306
2520773.0777972993
2502049.415366821
2479696.6267586267
2464633.5000471594
2442934.711401519
2430244.3011824014
2415873.6940123844
2407509.9690254047
2388228.896659122
2373941.1213068413
2364052.766509711
2350117.359140165
2334837.563297948
2316738.490716396
2304157.2894214075
2291170.0261564143
2274718.386979332
2262476.0886941915
2248800.567232227
2240824.459139858
2225818.807063654
2216983.386394728
2207197.3789638286
2199310.407828406
2187645.9268845953
2182035.6031866334
2172869.2654764573
2162342.2208645986
2156671.1487134877
2145364.3077132683
2133889.2405922394
2127716.589471202
2121158.607375826
2110755.1171865994
2099041.8428409565
2090331.940141863
2082692.384882944
2078641.1250513613
2071147.1048446456
2063993.4590035833
2057198.013701825
2046863.8840555493
2041501.8786416329
2032243.4265631873
2024171.382346849
2017334.6930246644
2011288.794142103
2002643.0882527148
1996882.576613383
1995375.0725237161
1982821.5118271606
1974460.979887017
1971048.2599391611
1965101.325147775
1961050.8046038796
1950297.5029384776
1944145.092690235
1941329.5853899783
1933551.7348847976
1926339.4566228692
1916598.026123742
1915527.870276872
1911763.1994007472
1904125.0669232165
1899830.359516362
1891559.1460258132
1887147.093049881
1881800.7854568907
1874760.9541663565
1870827.0239630418
1865673.0328771889
1862064.3651712225
1856469.051199222
1849162.2040732019
1843637.168532917
1832704.9469835907
1828374.503834995
1823853.6582358396
1820530.9236833581
1817508.7371109882
1812521.8406712986
1809499.2276723767
1804877.2096649772
1797175.5617744545
1796426.6306544733
1791596.7213682989
1783140.9520878647
1777622.274453491
1775192.979031777
1770976.8443409172
1768326.9810276765
1764278.5653152876
1760424.8088211818
1752666.1888703443
1751231.099780281
1748277.9383959495
1746075.094705448
1742374.203441243
1738600.9465091806
1732599.2329719164
1730970.993053665
1729339.8685020108
1727807.999543894
1723731.4479445987
1719672.3486436892
1716278.3395483363
1715283.7676804196
1707114.2530296687
1703449.940729022
1699686.1413047141
1697593.3301977315
1693655.2828245177
1693112.0613419078
1687354.0978164386
1685742.2916888767
1680756.355807722
1676595.6905790577
1671732.7229028184
1666694.1529605761
1665251.7713600814
1661797.8035704435
1660749.2744036464
1650318.5822637728
1647332.4188119485
1647025.790412662
1645286.1366467115
1643476.3686510483
1642582.5867824235
1638118.552933367
1634945.879810891
1631400.76321493
1629623.9514330677
1627448.707995695
1622466.1591584585
1620331.5705001159
1618333.870996844
1617662.2255419646
1617226.616542816
1614412.0911208293
1614118.4888585731
1613168.8663646642
1610256.8812829028
1607012.0187911997
1603341.8010305127
1602645.7058687017
1599157.5688499168
1597321.0727961625
1593055.1954705613
1591118.887805923
1588473.4091870273
1585271.6146644477
1582109.7551603848
1578777.6297336384
1574491.6898084474
1573717.5685931002
1572634.4223625157
1571608.7564160516
1570095.9351688046
1566255.0960192336
1564062.9713889393
1561500.603305846
1558307.4088501378
1554880.1631605728
1552136.034606861
1549473.8209591531
1548373.1947651133
1546913.6833346386
1545714.8624254335
1542735.430659397
1538077.157137697
1538062.2229856004
1532183.5211397894
1529123.4282918377
1527497.294769628
1526785.1416024868
1524301.8870540312
1522879.0384428883
1521526.9782627723
1521115.74827115
1520640.3731187442
1516440.6366456547
1515325.2387058374
1514621.2300393258
1512969.3004195555
1512730.6418999268
1510992.4347956467
1507770.1162824547
1506270.2055143695
1504010.4206692548
1503374.9606308248
1502692.6896861086
1500197.053921725
1498894.2218053644
1496244.9639188158
1493055.5977210118
1491069.4468431657
1489579.3084531352
1489122.0841699017
1485854.0548470917
1482968.811404195
1480085.6212570218
1477820.7954147756
1476442.0589445163
1474498.1262397645
1473284.498420258
1470612.8082564715
1468384.6835162693
1464809.1174710663
1464036.8039378107
1462873.992508799
1461363.0953806555
1461317.6553253438
1458761.565086252
1455433.9813632262
1454779.2305070134
1454779.2305070134
1454779.2305070134
1454779.2305070134
1454302.0566967474
1454302.0566967474
1452997.8146637995
1451998.3843765547
1450923.775355998
1449092.9631024105
1447061.5013898003
1444602.7832871238
1443709.3987227087
1440878.408146222
1440309.3012013996
1438691.5878935473
1435443.2380024006
1434716.257238696
1431376.2484227563
1429994.467059026
1429994.467059026
1428450.231352435
1428450.231352435
1425462.2901801257
1423848.8554447857
1423256.4601103025
1422742.793835402
1421555.3647291597
1420522.2457460118
1419204.2753810184
1416822.1793976505
1414407.415046969
1409227.9138826965
1408048.6966668458
1406782.181713283
1406782.181713283
1405205.2264260217
1404899.9405612545
1403604.3467797642
1402831.7297587758
1399391.6144278808
1399391.6144278808
1395689.5377295483
1394023.5672143442
1393915.8693943685
1393352.8420030735
1391121.3721943274
1389217.5855502822
1388243.2235461124
1386430.4861078998
1384444.3288066194
1383333.3388857227
1382505.4665398807
1381393.2647783328
1380438.9157067705
1379379.3019503674
1378213.0996666169
1375638.5967037585
1373114.1913620234
1371802.8361148187
1371060.8304554117
1367536.8520936305
1365710.349852185
1365017.5070014577
1365017.5070014577
1363799.91867461
1363596.462717715
1362171.1074149492
1362118.7558245147
1361943.4778027188
1361149.5739942447
1361149.5739942447
1360184.5356050525
1359947.163375413
1357043.7882741715
1354414.1139081768
1354314.650513044
1354314.650513044
1352192.5194766892
1351646.612093722
1351619.9744321592
1348301.0113086018
1347903.978588107
1347469.9038823508
1347469.9038823508
1346267.0663804878
1345864.2330859785
1344157.7013935891
1343802.2515314757
1342428.754241969
1342323.6805268263
1341992.3903289842
1338743.0067680776
1337124.3489429064
1336524.4543310795
1335616.3068121048
1335616.3068121048
1334103.4527970261
1333159.525239486
1332708.3596906215
1332136.8946239497
1331261.3462724958
1330826.4955184883
1330669.1603828555
1330669.1603828555
1328511.8255152204
1325134.6581251072
1324755.034342271
1321587.680857122
1319161.1797533478
1316710.8512814604
1316710.8512814604
1315923.5728741232
1315209.4853892275
1313859.313108975
1313743.6758319992
1312263.7773585836
1311661.356022508
1311426.8761748155
1311146.5371332597
1310178.309728289
1309088.2959466637
1306796.096392992
1305536.964621222
1304358.2515153333
1302973.1309256302
1302973.1309256302
1302841.2922699228
1300967.3580922363
1300961.4280665293
1300262.282741676
1298335.2783828573
1298307.531373293
1296496.3333993736
1295499.327251216
1294966.3814037673
1294508.205966115
1294508.205966115
1291978.971573943
1289649.152264741
1289489.6423348675
1287262.8938329136
1285398.5124160615
1284264.4383199404
1283492.756927456
1283204.0797621203
1282074.6328789198
1281385.4531629407
1280944.711751312
1280046.8686930109
1280046.8686930109
1279663.2590003689
1279246.8385015712
1278928.3384435165
1278449.671246468
1277601.8942799387
1276638.2705239686
1276585.8769930569
1275119.173165753
1275028.807338615
1274774.8444133955
1274330.3925165483
1274330.3925165483
1273331.2247498592
1272187.7318185302
1272187.7318185302
1271839.2094588317
1271839.2094588317
1269826.6637172932
1269344.6056772834
1268012.2726730322
1267829.88812749
1267829.88812749
1267829.88812749
1266635.0433494323
1265469.4735550738
1265287.912782929
1264738.698974094
1264289.2035853586
1262770.642971772
1262351.8256690556
1261039.874922576
1260843.8505487836
1260843.8505487836
1260086.307690648
1259099.1543962073
1258425.3255996099
1258000.81144729
1256793.0042090255
1256781.4018687925
1256148.9778559029
1255651.0169612186
1254837.1241880995
1254287.4229649883
1254287.4229649883
1253754.8616681173
1251529.0943021567
1251529.0943021567
1248250.0110902125
1245732.468645221
1245201.2335566399
1244559.5807587714
1244190.8558643563
1243239.8611540212
1242889.991489069
1240411.6713694623
1240204.8933353769
1240169.7730675454
1238862.375373835
1238862.375373835
1235006.2104839995
1234972.0765426734
1234972.0765426734
1234822.6095164418
1234822.6095164418
1234810.6037551532
1234177.8300556932
1233511.1167714
1232526.512189212
1232526.512189212
1232468.8899377352
1232468.8899377352
1231982.7978334527
1230959.0415140486
1229204.143651254
1228617.9400654163
1228081.4636477674
1227147.951928203
1226853.6129339589
1226463.7666559983
1226155.0368413203
1225598.3218048313
1225417.3046376733
1222088.8241155515
1221996.2520334846
1221996.2520334846
1221371.556716261
1219944.4149129977
1219088.0267037146
1219088.0267037146
1218160.4481476173
1218160.4481476173
1217129.60149574
1217129.60149574
1217129.60149574
1216554.6586150476
1215624.2791194075
1214187.841915684
1214187.841915684
1214187.841915684
1214187.841915684
1213504.2372879244
1211923.2811136825
1211298.8111508526
1211124.6588411655
1210805.5009135962
1209560.8058172683
1209560.8058172683
1209073.9513688234
1208079.5131362774
1208079.5131362774
1206074.7305735522
1205344.0571640467
1205344.0571640467
1205344.0571640467
1205344.0571640467
1204349.2609433318
1203862.0371534876
1203606.833822136
1203606.833822136
1203474.5638206052
1202857.5921912962
1202857.5921912962
1202857.5921912962
1202710.0593032404
1202710.0593032404
1202437.537608116
1202405.4462217297
1202104.6951820934
1200803.0142459832
1200375.960241813
1200375.960241813
1200375.960241813
1200375.960241813
1200375.960241813
1199485.27863242
1198951.5405915473
1197862.6166136404
1196605.32974831
1196605.32974831
1195888.4693712702
1195379.5418707863
1194827.3994131417
1194362.3675893566
1194362.3675893566
1194362.3675893566
1193906.041456387
1193906.041456387
1193193.1493928384
1193169.7641334417
1192077.7598788117
1191505.1402323209
1191505.1402323209
1190026.2638201222
1190026.2638201222
1190026.2638201222
1190026.2638201222
1190026.2638201222
1188464.3039801964
1187856.506894907
1186592.6154175918
1185886.0611707773
1184360.1165809412
1184360.1165809412
1183764.5894271184
1183764.5894271184
1183139.1085814922
1182714.924786347
1182714.924786347
1182023.048669606
1179042.656049387
1179042.656049387
1178716.505047595
1178586.757667255
1178483.5229891157
1178299.5733381277
1177581.9485405118
1176764.680597078
1176764.680597078
1175796.454443688
1175796.454443688
1175268.3676848023
1175268.3676848023
1175268.3676848023
1175268.3676848023
1174560.060396209
1173780.0288830113
1173713.3990122941
1173713.3990122941
1173136.8930281408
1172502.4411697313
1172502.4411697313
1171519.4735873248
1170550.8267586613
1169338.1929391269
1169338.1929391269
1169338.1929391269
1169334.2831493043
1169334.2831493043
1169334.2831493043
1168051.695288817
1166375.754800555
1165333.6073213476
1165131.3854196111
1165131.3854196111
1164992.9684858364
1164472.4216718383
1163883.0459184044
1163867.4401120485
1163079.7644920363
1163033.4370020763
1162569.0532453805
1162569.0532453805
1162347.9994825728
1162047.4965474047
1162047.4965474047
1161833.1334435442
1161312.9022875472
1160180.6845030254
1159400.398085847
1159366.3628335951
1159366.3628335951
1157962.8436603178
1157719.9345253035
1157588.0846667248
1157199.9756773505
1157199.9756773505
1157199.9756773505
1157199.9756773505
1156253.475768755
1155978.3135253154
1155705.0429581406
1155339.614332099
1154879.2171355768
1154857.1274853735
1154306.4012743267
1153438.181291427
1153281.658784437
1153042.6411007184
1152931.5106313399
1152931.5106313399
1152931.5106313399
1152139.5274812272
1151571.3764653937
1151073.6807953338
1150654.2937495813
1150654.2937495813
1150654.2937495813
1150436.8233153732
1149672.6123478836
1149672.6123478836
1149672.6123478836
1149672.6123478836
1149672.6123478836
1149672.6123478836
1149672.6123478836
1148745.436077442
1148151.8347627143
1148151.8347627143
1148151.8347627143
1147775.17253764
1147624.5711660367
1147624.5711660367
1147624.5711660367
1147624.5711660367
1147558.441207998
1147140.4115173668
1145315.506246236
1145315.506246236
1144632.6952002533
1144581.1005089844
1144503.7333320584
1144290.452601749
1143634.6644052877
1143634.6644052877
1143634.6644052877
1143634.6644052877
1142142.4027700513
1141673.5209797237
1140664.8298480066
1140664.8298480066
1140664.8298480066
1140664.8298480066
1140664.8298480066
1140550.9950859887
1140065.915896945
1139946.7002675738
1139619.6344996342
1139117.3729015833
1138982.4836985285
1138982.4836985285
1138932.3090521228
1138932.3090521228
1138695.2608482111
1137772.03911777
1137531.8820365802
1136539.9815161293
1136447.8877359596
1136447.8877359596
1135736.7134566181
1134577.6593872528
1134334.1785987606
1133600.8211938478
1133381.6581467462
1133381.6581467462
1133381.6581467462
1133375.530813056
1133344.4214987254
1133235.639131091
1133235.639131091
1132796.511107232
1132254.2974441703
1132254.2974441703
1132254.2974441703
1132254.2974441703
1132248.9422187484
1131614.8345823921
1130834.4165960094
1129939.3510978206
1129019.4865034674
1129019.4865034674
1129019.4865034674
1129019.4865034674
1129019.4865034674
1129019.4865034674
1129019.4865034674
1129019.4865034674
1129019.4865034674
1129019.4865034674
1128602.0026442674
1128060.262742072
1127825.1597817363
1127825.1597817363
1126549.3557079292
1125852.407426943
1125696.8369148253
1125696.8369148253
1125696.8369148253
1125696.8369148253
1125389.4947702822
1124527.9303489346
1124468.8629853732
1124355.4539209409
1123737.9033505856
1122311.6789081348
1121689.7365227109
1121440.5567720453
1121440.5567720453
1121025.451573498
1121025.451573498
1120641.0800484484
1120641.0800484484
1120641.0800484484
1120641.0800484484
1120324.910749322
1120010.543334831
1120010.543334831
1119876.303555258
1119876.303555258
1119390.5437941155
1119390.5437941155
1119390.5437941155
1117861.9758724766
1117835.1416633865
1115979.8057730647
1115307.3138091844
1114971.412184603
1114971.412184603
1114501.2722828216
1114494.0874962811
1114334.5407173443
1113487.8832309702
1113487.8832309702
1113393.1536827935
1113393.1536827935
1113200.7032506282
1113096.6894699913
1111358.8846085472
1111358.8846085472
1111358.8846085472
1110845.8505106033
1110845.8505106033
1110628.4365768116
1110628.4365768116
1110628.4365768116
1110628.4365768116
1110336.0709249992
1110336.0709249992
1110336.0709249992
1108173.848773206
1106722.0630812133
1106025.8052837844
1106004.382543712
1105633.0840551415
1105633.0840551415
1105195.3138650465
1104610.390150858
1104610.390150858
1104610.390150858
1104610.390150858
1104420.571350674
1104420.571350674
1104420.571350674
1104168.0869008366
1104168.0869008366
1104168.0869008366
1104089.2484644204
1104089.2484644204
1104089.2484644204
1104089.2484644204
1103748.7281150434
1103748.7281150434
1103748.7281150434
1102778.8898169976
1102541.1411641382
1102541.1411641382
1102351.0124305158
1102351.0124305158
1102351.0124305158
1102302.982551886
1101732.5678152912
1100756.972816323
1100756.972816323
1100756.972816323
1100450.8511235765
1099895.400110754
1099243.3542128091
1099243.3542128091
1099065.785346375
1099030.909841427
1098117.7853643838
1097427.9150087142
1097342.0972504164
1097339.750307301
1097324.3546640608
1097222.383078501
1097222.383078501
1097008.105902343
1097008.105902343
1097008.105902343
1095910.948133807
1095446.0211691733
1094974.0305507593
1094974.0305507593
1094837.4587983151
1094767.5986039087
1094761.5734088453
1094144.292236249
1094144.292236249
1094144.292236249
1092677.453292843
1092677.453292843
1092677.453292843
1091574.6322740652
1091574.6322740652
1091444.0192289068
1091444.0192289068
1091444.0192289068
1090942.7691056416
1090942.7691056416
1090942.7691056416
1090885.2469524387
1090773.046039957
1090757.2280651035
1090757.2280651035
1090119.5411378078
1090119.5411378078
1089920.6411624153
1089920.6411624153
1089492.4797331607
1089492.4797331607
1089492.4797331607
1089492.4797331607
1088740.678514766
1088740.678514766
1088494.0992693212
1088494.0992693212
1088494.0992693212
1088494.0992693212
1088494.0992693212
1087694.6529360346
1087694.6529360346
1087683.6003540498
1087226.6591809455
1087226.6591809455
1086200.258526495
1086022.3267791271
1085979.3753853883
1085979.3753853883
1085909.5909680966
1085909.5909680966
1085909.5909680966
1085909.5909680966
1085909.5909680966
1085909.5909680966
1085909.5909680966
1085800.6291177524
1085800.6291177524
1085438.4119130964
1083754.131319465
1083705.4304929532
1083405.2018314705
1083405.2018314705
1083405.2018314705
1083405.2018314705
1083405.2018314705
1083405.2018314705
1083325.4629589196
1082799.350966426
1082711.4923826377
1082711.4923826377
1082711.4923826377
1082711.4923826377
1082711.4923826377
1080406.284575671
1080406.284575671
1080406.284575671
1080019.309103433
1079804.4628309864
1079804.4628309864
1079804.4628309864
1079804.4628309864
1079641.7272568096
1079283.5254818038
1078842.458199107
1078842.458199107
1078842.458199107
1078842.458199107
1078838.7658811184
1078390.802576324
1078390.802576324
1078390.802576324
1078390.802576324
1078390.802576324
1078390.802576324
1078367.8513167212
1078098.2947545743
1078098.2947545743
1078098.2947545743
1078098.2947545743
1077646.0894979574
1077646.0894979574
1077646.0894979574
1077646.0894979574
1077646.0894979574
1077646.0894979574
1077111.6690890053
1077111.6690890053
1077111.6690890053
1077111.6690890053
1077018.9413657328
1077018.9413657328
1077018.9413657328
1077018.9413657328
1074787.4105632892
1074787.4105632892
1073966.8138891046
1073553.326758576
1073364.475616034
1073364.475616034
1073364.475616034
1073364.475616034
1073364.475616034
1073364.475616034
1073364.475616034
1073192.5740933097
1073192.5740933097
1073192.5740933097
1072432.3798772225
1072099.3527453714
1072099.3527453714
1072099.3527453714
1072099.3527453714
1071929.335285223
1071929.335285223
1071929.335285223
1071474.542049937
1071258.8230445548
1071258.8230445548
1070656.3384176232
1070656.3384176232
1070583.6215675245
1070583.6215675245
1070583.6215675245
1070583.6215675245
1070497.895733057
1069875.8778060162
1069875.8778060162
1069785.2152972387
1069368.974843282
1069368.974843282
1069368.974843282
1069368.974843282
1069291.5390131392
1069291.5390131392
1069245.2917280693
1068381.108761574
1068381.108761574
1068381.108761574
1068094.1852709656
1067695.7640929176
1067695.7640929176
1067695.7640929176
1067695.7640929176
1067159.7290416611
1067159.7290416611
1066574.58026877
1066574.58026877
1066574.58026877
1066574.58026877
1066574.58026877
1065115.0930606113
1065037.3496695145
1065037.3496695145
1063747.2966192327
1063163.1261871625
1061945.2325545405
1061835.0199924144
1061835.0199924144
1061835.0199924144
1061835.0199924144
1061780.9898859272
1061780.9898859272
1061291.126792056
1061041.0596053489
1061041.0596053489
1060175.4750341084
1060175.4750341084
1060175.4750341084
1059624.4905988951
1059624.4905988951
1059624.4905988951
1059426.662353539
1059066.417573932
1059066.417573932
1058887.209121536
1058439.9442627884
1058439.9442627884
1057799.746764022
1057799.746764022
1057799.746764022
1057799.746764022
1057726.5698207903
1057692.6969456896
1057692.6969456896
1057692.6969456896
1057692.6969456896
1057317.4954314562
1057162.435385191
1057127.01448762
1057127.01448762
1056555.5784563255
1056555.5784563255
1056446.991017669
1056399.8835271816
1056399.8835271816
1056399.8835271816
1056399.8835271816
1056399.8835271816
1056399.8835271816
1056375.5234874422
1056332.1382615063
1056291.002033377
1056291.002033377
1055845.1466148035
1055845.1466148035
1055845.1466148035
1055845.1466148035
1055743.7166320211
1055743.7166320211
1055743.7166320211
1055743.7166320211
1055743.7166320211
1055165.7691197856
1054996.749954132
1054996.749954132
1054894.4732686793
1054870.608042829
1054870.608042829
1054870.608042829
1054870.608042829
1054611.5531894779
1054611.5531894779
1054611.5531894779
1054611.5531894779
1054611.5531894779
1054591.3490080535
1053692.501908822
1053434.9119277014
1053183.0468709583
1053183.0468709583
1052830.2440406256
1052830.2440406256
1052830.2440406256
1052830.2440406256
1052830.2440406256
1052830.2440406256
1051993.3736821897
1051629.7088462287
1050885.8630526217
1050629.2082308098
1050629.2082308098
1050629.2082308098
1050629.2082308098
1050629.2082308098
1050629.2082308098
1050359.9782349626
1050123.0378316634
1049978.4322139688
1049978.4322139688
1049380.2226750941
1049223.1901550586
1049223.1901550586
1049223.1901550586
1049088.852172208
1048707.2954476234
1048644.4011724219
1048644.4011724219
1048190.3961874463
1047220.9667005407
1047220.9667005407
1047220.9667005407
1046897.1747414712
1046897.1747414712
1046868.3557408946
1046868.3557408946
1046868.3557408946
1045591.1206023354
1045591.1206023354
1045591.1206023354
1045163.4713568598
1045163.4713568598
1045163.4713568598
1045163.4713568598
1045163.4713568598
1044839.2622063227
1044839.2622063227
1044839.2622063227
1044839.2622063227
1044839.2622063227
1044310.6821702585
1044310.6821702585
1044310.6821702585
1044310.6821702585
1044310.6821702585
1044298.4838173644
1044045.3705903962
1044045.3705903962
1044045.3705903962
1044045.3705903962
1043056.1242984568
1043056.1242984568
1043056.1242984568
1043056.1242984568
1043056.1242984568
1043056.1242984568
1043056.1242984568
1043015.8098288353
1042854.4241538327
1042854.7572832585
1042854.7572832585
1042854.7572832585
1042854.7572832585
1042854.7572832585
1042854.7572832585
1042854.7572832585
1042854.7572832585
1042854.7572832585
1042854.7572832585
1042854.7572832585
1042854.7572832585
1042854.7572832585
1042659.842091594
1042659.842091594
1042659.842091594
1042659.842091594
1042270.6906235996
1042131.3621696527
1041738.5782630858
1041738.5782630858
1041642.625352134
1041642.625352134
1040565.1394904985
1040565.1394904985
1040565.1394904985
1040565.1394904985
1040565.1394904985
1040277.8991763324
1039920.7926828179
1039394.4858661569
1039177.8115332366
1039177.8115332366
1038865.0366464449
1037959.7770032476
1037959.7770032476
1037959.7770032476
1037959.7770032476
1037383.0590013135
1037290.2509005149
1037290.2509005149
1036473.8783314812
1036419.3473679561
1036419.3473679561
1036030.5811730908
1036030.5811730908
1036030.5811730908
1036030.5811730908
1035781.6872916619
1034984.434912669
1034984.434912669
1034984.434912669
1034979.9311207436
1034608.3672427597
1034559.3182964117
1034185.6996488385
1034185.6996488385
1034185.6996488385
1034185.6996488385
1034185.6996488385
1034185.6996488385
1034185.6996488385
1034185.6996488385
1034185.6996488385
1034185.6996488385
1033854.8554695451
1033341.0011031114
1033341.0011031114
1033341.0011031114
1032145.9084323259
1031836.6726631209
1031836.6726631209
1031836.6726631209
1031836.6726631209
1031678.759037102
1031678.759037102
1031678.759037102
1031529.7432593821
1030325.1858079011
1030325.1858079011
1030325.1858079011
1030325.1858079011
1030233.9489856309
1030233.9489856309
1030233.9489856309
1030233.9489856309
1029863.9035834848
1029848.2045882397
1029414.8931188205
1029107.9343468295
1029076.8031969152
1029076.8031969152
1029076.8031969152
1029076.8031969152
1028589.3717725512
1028469.0636092938
1028127.2856678594
1028127.2856678594
1028127.2856678594
1028050.4888729277
1028050.4888729277
1028050.4888729277
1028050.4888729277
1027658.068714269
1027658.068714269
1027658.068714269
1027306.6418723695
1027306.6418723695
1027306.6418723695
1027306.6418723695
1026779.999250846
1026779.999250846
1026779.999250846
1026779.999250846
1026779.999250846
1026728.6843105053
1026728.6843105053
1026551.2312648296
1026286.4470309184
1026286.4470309184
1026286.4470309184
1026286.4470309184
1026286.4470309184
1026286.4470309184
1026286.4470309184
1026286.4470309184
1026032.526912441
1026032.526912441
1026032.526912441
1026032.526912441
1025882.6064101917
1025882.6064101917
1025882.6064101917
1025882.6064101917
1025882.6064101917
1025882.6064101917
1024830.9795951631
1024830.9795951631
1024830.9795951631
1024830.9795951631
1024830.9795951631
1024828.8201961564
1024522.5741711431
1024522.5741711431
1024522.5741711431
1024522.5741711431
1024231.5822997387
1023477.9080584501
1023477.9080584501
1023477.9080584501
1023392.2320429701
1023392.2320429701
1023378.851997789
1023378.851997789
1023378.851997789
1023378.851997789
1023378.851997789
1023378.851997789
1023378.851997789
1023328.9703977207
1023328.9703977207
1023328.9703977207
1023260.8489097682
1023204.3435482425
1023149.1668748296
1022759.1894116232
1022068.2428979443
1021786.8432237578
1021786.8432237578
1021108.2784978685
1021032.1409016151
1021032.1409016151
1020457.817134596
1020457.817134596
1020457.817134596
1020457.817134596
1020457.817134596
1020457.817134596
1020258.5267445593
1020258.5267445593
1019796.4059108002
1019796.4059108002
1019391.712322447
1018609.6049829782
1018225.2852261087
1017700.5427362171
1017700.5427362171
1017700.5427362171
1016795.0551554178
1016795.0551554178
1015920.0030329493
1015920.0030329493
1015920.0030329493
1015920.0030329493
1015712.9505812224
1015712.9505812224
1015680.57626578
1015680.57626578
1015680.57626578
1015680.57626578
1015680.57626578
1015434.6940152724
1015434.6940152724
1015434.6940152724
1015434.6940152724
1015434.6940152724
1015434.6940152724
1015434.6940152724
1015434.6940152724
1015434.6940152724
1015434.6940152724
1015311.2429268998
1015311.2429268998
1015311.2429268998
1015311.2429268998
1015311.2429268998
1015311.2429268998
1015311.2429268998
1015311.2429268998
1015311.2429268998
1015311.2429268998
1015311.2429268998
1015311.2429268998
1015311.2429268998
1015311.2429268998
1015311.2429268998
1015311.2429268998
1014977.7439894816
1014883.0681222933
1014883.0681222933
1013975.9534595474
1013884.9307671841
1013884.9307671841
1013884.9307671841
1013603.4327190567
1013603.4327190567
1013603.4327190567
1013603.4327190567
1013522.5987166608
1013522.5987166608
1013522.5987166608
1013027.6425466374
1013027.6425466374
1013027.6425466374
1013027.6425466374
1012543.5636781504
1012543.5636781504
1012543.5636781504
1012543.5636781504
1012543.5636781504
1012206.4086548168
1012206.4086548168
1012206.4086548168
1012124.1113369924
1012124.1113369924
1012124.1113369924
1012083.0356161969
1011397.9679494943
1011022.4316142262
1011022.4316142262
1011002.3361461386
1009872.124105436
1009872.124105436
1009872.124105436
1009201.8175428777
1007922.5947477166
1007922.5947477166
1007922.5947477166
1007922.5947477166
1007814.252786458
1007814.252786458
1007353.2534109547
1007034.7401506376
1007034.7401506376
1007034.7401506376
1007034.7401506376
1006361.1698159336
1005304.4015669689
1005167.3737083592
1005167.3737083592
1004936.3372654524
1004936.3372654524
1004936.3372654524
1004936.3372654524
1004936.3372654524
1004936.3372654524
1004936.3372654524
1004936.3372654524
1004936.3372654524
1004936.3372654524
1004887.7840911625
1004887.7840911625
1004887.7840911625
1004714.7155155537
1004714.7155155537
1003782.6276352088
1003782.6276352088
1003002.1983009672
1003002.1983009672
1003002.1983009672
1001754.0018066815
1000813.5638471367
1000813.5638471367
1000750.200633165
1000750.200633165
1000750.200633165
1000586.2097245309
1000586.2097245309
1000297.4582489465
1000125.0037043866
999591.5677803606
999591.5677803606
999578.5553966393
999578.5553966393
999578.5553966393
999578.5553966393
999578.5553966393
999578.5553966393
999386.2541404513
998955.8506724306
998641.2346486817
998641.2346486817
998641.2346486817
998641.2346486817
998641.2346486817
998641.2346486817
998641.2346486817
998354.6288736933
998354.6288736933
997994.2047948685
997994.2047948685
997994.2047948685
997994.2047948685
997994.2047948685
997994.2047948685
997994.2047948685
997994.2047948685
997968.7708705383
997840.8073292021
997273.434319007
997164.634715507
997164.634715507
997164.634715507
997164.634715507
996908.7793102294
996908.7793102294
996908.7793102294
996885.0865832609
996885.0865832609
996824.060292457
996745.0467472593
996745.0467472593
996745.0467472593
996745.0467472593
996625.1405706679
996259.9384643852
996259.9384643852
996216.632057715
996196.6648914271
996196.6648914271
996196.6648914271
996072.7745254678
996072.7745254678
996072.7745254678
996072.7745254678
996072.7745254678
995287.51686427
995287.51686427
995287.51686427
995287.51686427
994648.3339692454
994648.3339692454
994648.3339692454
994648.3339692454
994558.5204146912
993913.2872054933
993913.2872054933
993586.2034259918
993180.9885801307
993180.9885801307
993180.9885801307
993092.7275892196
993092.7275892196
993092.7275892196
993092.7275892196
993092.7275892196
993092.7275892196
993075.577506527
992891.9610123147
992891.9610123147
992154.1716341408
992154.1716341408
992154.1716341408
992154.1716341408
992154.1716341408
992091.2595665609
992091.2595665609
992091.2595665609
992091.2595665609
992091.2595665609
992091.2595665609
992091.2595665609
991942.2768391334
991942.2768391334
991942.2768391334
991942.2768391334
991578.907434152
991578.907434152
991578.907434152
991519.5732432336
991519.5732432336
991519.5732432336
990719.9414344041
990719.9414344041
990719.9414344041
990719.9414344041
990719.9414344041
990719.9414344041
990719.9414344041
990719.9414344041
990719.9414344041
990719.9414344041
990719.9414344041
989655.9304551096
989655.9304551096
989655.9304551096
989655.9304551096
989655.9304551096
989655.9304551096
989655.9304551096
989655.9304551096
989655.9304551096
989655.9304551096
989331.1895430437
989331.1895430437
989331.1895430437
988341.2667390244
988341.2667390244
988341.2667390244
988341.2667390244
988341.2667390244
987409.1634253479
987409.1634253479
987271.5499799269
987271.5499799269
987094.1380591388
987094.1380591388
987094.1380591388
987094.1380591388
987094.1380591388
987094.1380591388
987094.1380591388
987094.1380591388
987094.1380591388
987094.1380591388
987094.1380591388
987094.1380591388
986518.4392854909
986518.4392854909
986470.5435558874
986470.5435558874
986470.5435558874
986470.5435558874
986470.5435558874
986470.5435558874
985946.0998090107
985799.9671280358
985799.9671280358
985799.9671280358
985799.9671280358
985717.3938889268
985717.3938889268
985717.3938889268
985717.3938889268
985717.3938889268
985583.9926814364
985489.3454319254
984933.0750643741
984744.4413417245
984395.2654993839
984395.2654993839
984395.2654993839
984395.2654993839
984260.8219394028
984260.8219394028
984260.8219394028
983903.707134737
983903.707134737
983330.8249430312
983330.8249430312
983330.8249430312
983330.8249430312
983330.8249430312
983330.8249430312
983330.8249430312
983185.3218303677
983185.3218303677
983185.3218303677
983185.3218303677
983185.3218303677
983185.3218303677
983185.3218303677
983185.3218303677
983185.3218303677
982917.786433835
982917.786433835
982917.786433835
982917.786433835
982917.786433835
982917.786433835
982917.786433835
982917.786433835
982917.786433835
982324.9057914871
982324.9057914871
982324.9057914871
982324.9057914871
982324.9057914871
982324.9057914871
982324.9057914871
982324.9057914871
982324.9057914871
982324.9057914871
982324.9057914871
982324.9057914871
982324.9057914871
981860.1875826388
981846.0729072262
981846.0729072262
981846.0729072262
981846.0729072262
981846.0729072262
981758.0965930858
981758.0965930858
981195.36718785
981195.36718785
981195.36718785
981195.36718785
981142.6255006299
981142.6255006299
981142.6255006299
981142.6255006299
981142.6255006299
981142.6255006299
981142.6255006299
981142.6255006299
981142.6255006299
981142.6255006299
981105.6158950654
981105.6158950654
981105.6158950654
980671.8374851043
980671.8374851043
980671.8374851043
980671.8374851043
980567.895077529
980567.895077529
980567.895077529
980567.895077529
980567.895077529
980567.895077529
980567.895077529
980402.5039437048
980256.6755679151
980256.6755679151
980067.8756274519
980067.8756274519
980067.8756274519
980067.8756274519
980067.8756274519
980067.8756274519
980067.8756274519
980067.8756274519
979987.576621701
979972.8443185104
979972.8443185104
979972.8443185104
978235.9599199591
978235.9599199591
978140.7876816655
978038.9387332097
978038.5750900926
978038.5750900926
978038.5750900926
978038.5750900926
978038.5750900926
977769.6192866017
977769.6192866017
977769.6192866017
977769.6192866017
977769.6192866017
977769.6192866017
977769.6192866017
977558.8509993292
977558.8509993292
977544.2770785261
977501.4990779604
977501.4990779604
977501.4990779604
977338.9848408374
977338.9848408374
977338.9848408374
977338.9848408374
977338.9848408374
977338.9848408374
977338.9848408374
977338.9848408374
976992.5280690182
976992.5280690182
976992.5280690182
976208.4692454746
976208.4692454746
976208.4692454746
976033.6747286881
975959.9131558355
975959.9131558355
975959.9131558355
975959.9131558355
975959.9131558355
975959.9131558355
975693.0038594729
975176.2424781296
975176.2424781296
975176.2424781296
975176.2424781296
974829.7900534074
974742.2197499841
974742.2197499841
974712.9117983752
974655.8915859585
974655.8915859585
974465.3724509063
974303.7931297738
974303.7931297738
973094.2137421068
973094.2137421068
973094.2137421068
973073.820478089
973073.820478089
972769.0851500642
972769.0851500642
972757.924908255
972458.6440116931
972458.6440116931
971821.9368867364
971511.0837547383
971353.2007415551
970915.9356363429
970553.1350694778
970553.1350694778
970553.1350694778
970553.1350694778
970553.1350694778
970251.0626708225
970251.0626708225
970221.6274832082
970221.6274832082
970221.6274832082
970221.6274832082
970221.6274832082
970221.6274832082
970221.6274832082
970221.6274832082
970221.6274832082
970221.6274832082
970221.6274832082
970221.6274832082
969842.0552308402
969075.7302860464
969075.7302860464
969060.6312681725
968785.6997678357
968113.5581298058
968113.5581298058
968113.5581298058
968113.5581298058
968113.5581298058
968113.5581298058
968113.5581298058
968011.2639681024
968011.2639681024
968011.2639681024
968011.2639681024
968011.2639681024
968011.2639681024
968011.2639681024
968011.2639681024
968011.2639681024
968011.2639681024
968011.2639681024
968011.2639681024
967602.9264264521
967372.1775769258
967060.032324407
966866.0539484483
966866.0539484483
966866.0539484483
966006.403429202
966006.403429202
966006.403429202
966006.403429202
965727.8206645034
965727.8206645034
965727.8206645034
965727.8206645034
965727.8206645034
965727.8206645034
965527.1870838772
965527.1870838772
964312.5417445384
962505.1292183169
962493.7536107354
962493.7536107354
962493.7536107354
961707.5762570705
961707.5762570705
961707.5762570705
961638.6876013115
960500.2888618765
960500.2888618765
960500.2888618765
960500.2888618765
960500.2888618765
959926.0821987974
959926.0821987974
959926.0821987974
959926.0821987974
959926.0821987974
958822.8731341794
958822.8731341794
958822.8731341794
958822.8731341794
958822.8731341794
958822.8731341794
958822.8731341794
958822.8731341794
958632.3194505685
958632.3194505685
958632.3194505685
958632.3194505685
958632.3194505685
958167.5114445206
958167.5114445206
958167.5114445206
958167.5114445206
958167.5114445206
958167.5114445206
958167.5114445206
958167.5114445206
958167.5114445206
958167.5114445206
958167.5114445206
958167.5114445206
958167.5114445206
958167.5114445206
958167.5114445206
958167.5114445206
958167.5114445206
958167.5114445206
957662.672471882
957662.672471882
957662.672471882
957662.672471882
957662.672471882
957662.672471882
957662.672471882
957662.672471882
957441.722378677
956419.9772773357
956419.9772773357
956419.9772773357
956419.9772773357
956419.9772773357
955962.5063588286
955699.9747308535
955699.9747308535
955699.9747308535
955699.9747308535
954966.2462947713
954966.2462947713
954921.2449370098
954323.0037092948
954323.0037092948
954323.0037092948
954323.0037092948
953562.8177288683
953440.1699094729
953440.1699094729
953440.1699094729
953440.1699094729
953440.1699094729
953440.1699094729
953440.1699094729
953440.1699094729
953375.5833073498
953129.4570840921
953129.4570840921
953129.4570840921
952973.286466335
952973.286466335
952689.6380201293
952689.6380201293
952689.6380201293
952563.1500940891
952216.2510782138
952216.2510782138
952216.2510782138
952216.2510782138
951897.936113508
951897.936113508
951897.936113508
951897.936113508
951897.936113508
951897.936113508
951897.936113508
951897.936113508
951897.936113508
951815.6673355938
951815.6673355938
951778.6512648681
951778.6512648681
951778.6512648681
951778.6512648681
951658.2824469698
951658.2824469698
951658.2824469698
951579.1854531842
951579.1854531842
951524.3558485014
950837.5814624373
950481.9340330911
949523.458619961
949523.458619961
949523.458619961
949523.458619961
949523.458619961
949523.458619961
949302.9719523806
949302.9719523806
949302.9719523806
949302.9719523806
949302.9719523806
949302.9719523806
949100.4244061061
949066.9426773279
949066.9426773279
948580.4822034938
948580.4822034938
948108.9134945695
947779.3580146525
947779.3580146525
947369.3984155469
947369.3984155469
947369.3984155469
947369.3984155469
947369.3984155469
947168.3562045901
947168.3562045901
947168.3562045901
947168.3562045901
946995.2930866012
946995.2930866012
946248.395383542
946248.395383542
946248.395383542
946248.395383542
946248.395383542
946248.395383542
946248.395383542
946248.395383542
946218.057688776
946218.057688776
946218.057688776
946218.057688776
946218.057688776
946218.057688776
945927.6068058275
945927.6068058275
945927.6068058275
945927.6068058275
945927.6068058275
945927.6068058275
945927.6068058275
945927.6068058275
945927.6068058275
945804.2519069938
945804.2519069938
945804.2519069938
945804.2519069938
945804.2519069938
945804.2519069938
945734.4898430181
945734.4898430181
945734.4898430181
945734.4898430181
945734.4898430181
945734.4898430181
945734.4898430181
945734.4898430181
945734.4898430181
945514.3456033071
945514.3456033071
945514.3456033071
945514.3456033071
945514.3456033071
945514.3456033071
945514.3456033071
945514.3456033071
945514.3456033071
945445.6991677091
945445.6991677091
945445.6991677091
944986.9801666035
944865.3878660394
944865.3878660394
944865.3878660394
944775.0586557512
944775.0586557512
944775.0586557512
944775.0586557512
944156.0245398567
944156.0245398567
944156.0245398567
944156.0245398567
944156.0245398567
944156.0245398567
943834.6844661066
943834.6844661066
943834.6844661066
943834.6844661066
943771.8701739345
943771.8701739345
943663.3000309877
943663.3000309877
942830.4587551042
942830.4587551042
942830.4587551042
942830.4587551042
942830.4587551042
942484.8091950653
942484.8091950653
942484.8091950653
942484.8091950653
942484.8091950653
942282.3375050912
941840.1623410117
941840.1623410117
941840.1623410117
941840.1623410117
941840.1623410117
941710.0067676549
941710.0067676549
941710.0067676549
941710.0067676549
941710.0067676549
941710.0067676549
941710.0067676549
941448.2778137366
940161.7630710781
940161.7630710781
939727.4724822503
939727.4724822503
939126.0558262211
939126.0558262211
938877.7258088547
938877.7258088547
938877.7258088547
938877.7258088547
938877.7258088547
938877.7258088547
938797.4525607363
938797.4525607363
938797.4525607363
938797.4525607363
938566.816329785
938566.816329785
938566.816329785
938566.816329785
938566.816329785
938479.848650645
938479.848650645
938479.848650645
938479.848650645
938479.848650645
937597.9659543969
937597.9659543969
937597.9659543969
937597.9659543969
937597.9659543969
937597.9659543969
937597.9659543969
937597.9659543969
937597.9659543969
937597.9659543969
937352.9963912149
937352.9963912149
937270.9099158375
937270.9099158375
937270.9099158375
937270.9099158375
937270.9099158375
937218.0126711748
937218.0126711748
937218.0126711748
937218.0126711748
937218.0126711748
937218.0126711748
937218.0126711748
937218.0126711748
937218.0126711748
937218.0126711748
937218.0126711748
936082.8933706488
936082.8933706488
936082.8933706488
936082.8933706488
936082.8933706488
936082.8933706488
936082.8933706488
935650.0078936712
935650.0078936712
935650.0078936712
935650.0078936712
935650.0078936712
935243.600578575
935243.600578575
935243.600578575
935091.0945528569
935091.0945528569
935091.0945528569
935091.0945528569
935091.0945528569
935091.0945528569
935091.0945528569
935091.0945528569
935091.0945528569
934786.1725634478
934786.1725634478
934786.1725634478
934786.1725634478
934786.1725634478
934786.1725634478
934782.240407029
934782.240407029
934782.240407029
934330.0049162491
934330.0049162491
934330.0049162491
934330.0049162491
934330.0049162491
934330.0049162491
934311.9483316098
934311.9483316098
934311.9483316098
934298.0615714715
934298.0615714715
934298.0615714715
934298.0615714715
934298.0615714715
934157.3420264674
934157.3420264674
934157.3420264674
934157.3420264674
934157.3420264674
934157.3420264674
934157.3420264674
933606.2483776839
933457.9710617637
932834.7587372697
932834.7587372697
932834.7587372697
932834.7587372697
932834.7587372697
932834.7587372697
932834.7587372697
932780.6058547485
932780.6058547485
932780.6058547485
932744.905490526
932744.905490526
932495.2695348023
932495.2695348023
932495.2695348023
932320.3011145412
931623.1657683097
931576.330193543
931576.330193543
931576.330193543
931576.330193543
931576.330193543
931576.330193543
931576.330193543
931231.5997921957
931231.5997921957
931231.5997921957
931209.3973046023
931136.9462599905
931136.9462599905
930900.4658692798
930900.4658692798
930900.4658692798
930512.0750318189
930512.0750318189
930512.0750318189
930471.7492847852
930014.7737962592
929146.2139635617
929146.2139635617
929146.2139635617
928994.2117307946
928994.2117307946
928888.2738140926
928888.2738140926
928888.2738140926
928336.0146819102
928220.7975527918
928220.7975527918
927926.7235611277
927712.9530718324
927712.9530718324
927712.9530718324
927712.9530718324
927712.9530718324
927712.9530718324
927712.9530718324
927712.9530718324
927712.9530718324
927712.9530718324
927630.1769739969
927630.1769739969
927630.1769739969
927630.1769739969
927630.1769739969
927630.1769739969
927630.1769739969
927630.1769739969
927630.1769739969
927630.1769739969
927310.3181242084
927310.3181242084
927310.3181242084
927310.3181242084
927116.039048621
927116.039048621
927116.039048621
926097.2394684121
926097.2394684121
926097.2394684121
926097.2394684121
926097.2394684121
926097.2394684121
925733.8725280822
925733.8725280822
925733.8725280822
925733.8725280822
925733.8725280822
925733.8725280822
925733.8725280822
925733.8725280822
925294.7145300623
925294.7145300623
925191.9036629779
925191.9036629779
925191.9036629779
925191.9036629779
925191.9036629779
925191.9036629779
925191.9036629779
925110.4669954011
925110.4669954011
924959.5755095285
924959.5755095285
924959.5755095285
924959.5755095285
924959.5755095285
924959.5755095285
924959.5755095285
924959.5755095285
924959.5755095285
924959.5755095285
924959.5755095285
924959.5755095285
924959.5755095285
924959.5755095285
924959.5755095285
924952.4202321832
924847.7032314406
924847.7032314406
924847.7032314406
924847.7032314406
924847.7032314406
924847.7032314406
924847.7032314406
924724.4590298418
924724.4590298418
924724.4590298418
924724.4590298418
924724.4590298418
924724.4590298418
924724.4590298418
924724.4590298418
924724.4590298418
924724.4590298418
924724.4590298418
924724.4590298418
924724.4590298418
924724.4590298418
924724.4590298418
924724.4590298418
924724.4590298418
924724.4590298418
924297.5096821886
924270.159631765
924270.159631765
924270.159631765
924045.2322429732
924041.1137758981
923666.9637886158
923666.9637886158
922999.1627598684
922999.1627598684
922999.1627598684
922784.3852821008
922784.3852821008
922784.3852821008
922784.3852821008
922526.7819445765
922526.7819445765
922526.7819445765
922509.225786939
922509.225786939
922509.225786939
922509.225786939
922509.225786939
922509.225786939
922509.225786939
922509.225786939
922509.225786939
922509.225786939
922509.225786939
922509.225786939
922287.0172631075
922287.0172631075
922287.0172631075
922287.0172631075
922287.0172631075
922287.0172631075
922287.0172631075
922287.0172631075
922287.0172631075
922282.0010268954
922205.5548036797
922074.8685871116
922010.1911702431
921920.443801645
921920.443801645
921885.4944772995
921885.4944772995
921885.4944772995
921885.4944772995
921885.4944772995
921885.4944772995
921272.3724358657
921272.3724358657
921272.3724358657
921272.3724358657
921272.3724358657
921272.3724358657
921272.3724358657
920584.8582315255
920584.8582315255
920584.8582315255
920277.8701010892
920277.8701010892
920277.8701010892
919965.114105304
919965.114105304
919965.114105304
919965.114105304
919950.671497772
919850.194028988
919850.194028988
919850.194028988
919850.194028988
919850.194028988
919510.5511299473
919510.5511299473
919510.5511299473
919510.5511299473
919510.5511299473
919510.5511299473
919510.5511299473
919510.5511299473
919510.5511299473
919510.5511299473
919510.5511299473
919510.5511299473
919510.5511299473
919510.5511299473
919510.5511299473
919510.5511299473
919510.5511299473
919061.6316694859
919061.6316694859
919061.6316694859
919061.6316694859
919061.6316694859
919061.6316694859
919061.6316694859
918934.8843018014
918934.8843018014
918934.8843018014
918934.8843018014
918934.8843018014
918934.8843018014
918934.8843018014
918934.8843018014
918875.0579166675
918875.0579166675
918875.0579166675
918875.0579166675
918875.0579166675
918875.0579166675
918875.0579166675
918875.0579166675
918875.0579166675
918875.0579166675
918875.0579166675
918875.0579166675
918264.9801833059
918264.9801833059
918264.9801833059
918264.9801833059
918075.5233461075
918075.5233461075
918075.5233461075
917932.8407287564
917932.8407287564
917932.8407287564
917932.8407287564
917825.3300706376
917825.3300706376
917825.3300706376
917825.3300706376
917825.3300706376
917825.3300706376
917825.3300706376
917825.3300706376
917825.3300706376
917825.3300706376
917825.3300706376
917825.3300706376
917825.3300706376
917825.3300706376
917825.3300706376
917825.3300706376
917825.3300706376
917825.3300706376
917825.3300706376
917825.3300706376
917825.3300706376
917825.3300706376
917825.3300706376
917825.3300706376
917825.3300706376
917825.3300706376
917825.3300706376
917825.3300706376
917825.3300706376
917825.3300706376
917825.3300706376
917825.3300706376
917825.3300706376
917816.5263346671
917816.5263346671
917816.5263346671
917816.5263346671
917816.5263346671
917533.8000734281
917533.8000734281
917533.8000734281
917533.8000734281
917533.8000734281
917533.8000734281
917316.6974770579
917316.6974770579
917118.5399638277
917118.5399638277
917118.5399638277
917118.5399638277
917118.5399638277
917100.2470072894
917100.2470072894
916834.748115989
916759.0132126987
916759.0132126987
916759.0132126987
916759.0132126987
916759.0132126987
916759.0132126987
916759.0132126987
916759.0132126987
916759.0132126987
916759.0132126987
916759.0132126987
916686.4597056846
916686.4597056846
916686.4597056846
916271.3792079821
916271.3792079821
916271.3792079821
916118.3451843852
916118.3451843852
915467.4901673754
915467.4901673754
915467.4901673754
915467.4901673754
915467.4901673754
915467.4901673754
915467.4901673754
915467.4901673754
915450.530808251
915450.530808251
915450.530808251
915450.530808251
915450.530808251
914920.49613618
914920.49613618
914920.49613618
914920.49613618
914432.4551756603
914432.4551756603
914432.4551756603
914432.4551756603
914432.4551756603
914432.4551756603
914432.4551756603
914432.4551756603
913143.1513307344
913143.1513307344
913143.1513307344
913143.1513307344
913143.1513307344
913143.1513307344
913143.1513307344
913143.1513307344
912769.6666971082
912769.6666971082
912769.6666971082
912769.6666971082
912769.6666971082
912735.0505994518
912735.0505994518
912735.0505994518
912735.0505994518
912735.0505994518
912735.0505994518
912735.0505994518
912735.0505994518
912735.0505994518
912735.0505994518
912735.0505994518
912735.0505994518
912735.0505994518
912735.0505994518
912735.0505994518
912735.0505994518
912735.0505994518
912735.0505994518
912735.0505994518
912735.0505994518
912735.0505994518
912735.0505994518
912735.0505994518
912735.0505994518
912735.0505994518
912735.0505994518
912735.0505994518
912735.0505994518
912735.0505994518
912735.0505994518
912735.0505994518
912735.0505994518
912735.0505994518
912735.0505994518
912735.0505994518
912735.0505994518
912735.0505994518
912735.0505994518
912735.0505994518
912735.0505994518
912735.0505994518
912735.0505994518
912735.0505994518
912735.0505994518
912735.0505994518
912675.7121971592
912675.7121971592
912558.7254729816
912558.7254729816
912558.7254729816
912558.7254729816
912558.7254729816
912558.7254729816
912558.7254729816
912558.7254729816
912558.7254729816
912558.7254729816
912558.7254729816
912558.7254729816
912558.7254729816
912558.7254729816
912558.7254729816
912558.7254729816
912479.4913295351
911833.2330459547
911833.2330459547
911833.2330459547
911833.2330459547
911833.2330459547
911711.5716264779
911711.5716264779
911711.5716264779
911711.5716264779
911711.5716264779
911711.5716264779
911549.6527146907
911549.6527146907
911549.6527146907
911463.1680882403
911463.1680882403
911463.1680882403
911463.1680882403
911463.1680882403
911463.1680882403
911463.1680882403
911416.4069986038
911416.4069986038
911416.4069986038
911416.4069986038
911416.4069986038
911416.4069986038
911416.4069986038
910789.2144436034
910789.2144436034
910789.2144436034
910369.3540474604
910369.3540474604
910369.3540474604
910369.3540474604
910369.3540474604
910369.3540474604
910369.3540474604
910369.3540474604
910265.1620876146
910265.1620876146
910265.1620876146
910265.1620876146
910075.8342972102
910075.8342972102
910075.8342972102
910075.8342972102
910075.8342972102
909899.5870385971
909899.5870385971
909899.5876588643
909618.2484880487
909618.2484880487
909618.2484880487
909618.2484880487
909618.2484880487
909588.465448133
909588.465448133
909588.465448133
909588.465448133
909588.465448133
909588.465448133
909588.465448133
909588.465448133
909588.465448133
909588.465448133
909588.465448133
909588.465448133
909236.9496831105
909236.9496831105
908830.5357398815
908830.5357398815
908830.5357398815
908830.5357398815
908830.5357398815
908830.5357398815
908830.5357398815
908830.5357398815
908830.5357398815
908830.5357398815
908830.5357398815
908830.5357398815
908830.5357398815
908830.5357398815
908830.5357398815
908830.5357398815
908830.5357398815
908677.1528378178
908677.1528378178
908677.1528378178
908677.1528378178
908677.1528378178
908677.1528378178
908420.6215707728
908420.6215707728
908420.6215707728
908420.6215707728
908420.6215707728
908420.6215707728
908420.6215707728
908420.6215707728
908360.8332026361
908360.8332026361
908360.8332026361
908360.8332026361
908218.8613922896
908218.8613922896
908218.8613922896
908218.8613922896
908218.8613922896
908218.8613922896
908218.8613922896
908218.8613922896
908218.8613922896
908218.8613922896
908218.8613922896
907929.6479462561
907929.6479462561
907929.6479462561
907929.6479462561
907929.6479462561
907929.6479462561
907929.6479462561
907709.8726759646
907709.8726759646
907709.8726759646
907083.5943080536
907083.5943080536
907083.5943080536
907083.5943080536
907083.5943080536
907083.5943080536
907083.5943080536
907083.5943080536
907083.5943080536
907083.5943080536
907083.5943080536
906151.2868074436
906151.2868074436
906151.2868074436
906151.2868074436
906151.2868074436
906151.2868074436
905825.2087593644
905670.9556591588
905670.9556591588
905670.9556591588
905670.9556591588
905670.9556591588
905670.9556591588
905670.9556591588
905670.9556591588
905670.9556591588
905670.9556591588
905670.9556591588
905670.9556591588
905670.9556591588
905670.9556591588
905670.9556591588
905670.9556591588
905622.0527685639
904949.0497370053
904949.0497370053
904949.0497370053
904949.0497370053
904949.0497370053
904788.4307258031
904695.3312158489
904695.3312158489
904695.3312158489
904695.3312158489
904695.3312158489
904695.3312158489
904695.3312158489
904695.3312158489
904695.3312158489
904695.3312158489
904695.3312158489
904695.3312158489
904695.3312158489
904695.3312158489
904695.3312158489
904695.3312158489
904695.3312158489
903687.1124182793
903687.1124182793
903687.1124182793
903687.1124182793
903687.1124182793
903506.1649000106
903506.1649000106
903506.1649000106
903506.1649000106
903506.1649000106
903506.1649000106
903506.1649000106
903506.1649000106
903506.1649000106
901844.3573302978
901844.3573302978
901570.3863356021
901570.3863356021
901570.3863356021
901387.7056264789
901387.7056264789
901387.7056264789
901387.7056264789
901387.7056264789
901387.7056264789
901292.4972031496
901292.4972031496
901292.4972031496
901123.9718665091
901123.9718665091
901123.9718665091
900831.5732652996
900831.5732652996
900831.5732652996
900831.5732652996
900831.5732652996
900280.4005547583
900280.4005547583
900200.1581944033
900200.1581944033
899873.2015770857
899873.2015770857
899873.2015770857
899873.2015770857
899873.2015770857
899873.2015770857
899873.2015770857
899873.2015770857
899873.2015770857
899873.2015770857
899873.2015770857
899873.2015770857
899873.2015770857
899873.2015770857
899873.2015770857
899873.2015770857
899453.3962334349
899316.2401373005
899316.2401373005
899316.2401373005
899127.516650162
899023.8417642654
899023.8417642654
899023.8417642654
899023.8417642654
899023.8417642654
899023.8417642654
898832.1940313368
898832.1940313368
898832.1940313368
898832.1940313368
898832.1940313368
898543.4806801789
898543.4806801789
898543.4806801789
898543.4806801789
898543.4806801789
898543.4806801789
898543.4806801789
898543.4806801789
898543.4806801789
898543.4806801789
898543.4806801789
898543.4806801789
898543.4806801789
898543.4806801789
898543.4806801789
898243.8053260815
898243.8053260815
898243.8053260815
898243.8053260815
898243.8053260815
898243.8053260815
898243.8053260815
898243.8053260815
898243.8053260815
898243.8053260815
897855.6798446425
897855.6798446425
897661.7385743854
897661.7385743854
897661.7385743854
897661.7385743854
897414.680677201
897414.680677201
897414.680677201
897414.680677201
897414.680677201
897414.680677201
897414.680677201
897414.680677201
897364.9751245994
897292.581684699
897292.581684699
897292.581684699
897292.581684699
897292.581684699
897292.581684699
897292.581684699
896973.2739728638
896973.2739728638
896973.2739728638
896973.2739728638
896973.2739728638
896973.2739728638
896973.2739728638
896973.2739728638
896917.8647793389
896917.8647793389
896917.8647793389
896917.8647793389
896917.8647793389
896875.7142169282
896875.7142169282
896875.7142169282
896875.7142169282
896875.7142169282
896790.5769427139
896790.5769427139
896676.3154458862
896676.3154458862
896676.3154458862
896676.3154458862
896523.7314854863
896523.7314854863
896523.7314854863
896523.7314854863
896523.7314854863
896523.7314854863
896523.7314854863
896523.7314854863
896520.38809273
896520.38809273
896520.38809273
896520.38809273
896520.38809273
896520.38809273
896520.38809273
896520.38809273
896520.38809273
896520.38809273
896520.38809273
896520.38809273
896520.38809273
896520.38809273
896520.38809273
896520.38809273
896518.9321184513
896261.1096977434
896261.1096977434
896080.9269490491
896080.9269490491
896047.993823603
895889.7837245897
895818.6691874822
895818.6691874822
895818.6691874822
895118.3591311545
895118.3591311545
895118.3591311545
895118.3591311545
895118.3591311545
895118.3591311545
895118.3591311545
894913.540808435
894913.540808435
894913.540808435
894854.4688478692
894854.4688478692
894854.4688478692
894854.4688478692
894854.4688478692
894600.1546775592
894600.1546775592
894600.1546775592
894600.1546775592
894600.1546775592
894600.1546775592
894600.1546775592
894600.1546775592
894600.1546775592
894600.1546775592
894241.6145046115
894241.6145046115
894089.1827176069
894089.1827176069
894089.1827176069
894089.1827176069
894089.1827176069
893166.9385846024
893166.9385846024
893166.9385846024
893166.9385846024
893166.9385846024
893166.9385846024
893166.9385846024
893166.9385846024
893166.9385846024
893166.9385846024
892977.8576045195
892977.8576045195
892977.8576045195
892854.5405170107
892854.5405170107
892854.5405170107
892854.5405170107
892854.5405170107
892854.5405170107
892854.5405170107
892854.5405170107
892854.5405170107
892607.1974105561
892607.1974105561
892607.1974105561
892607.1974105561
892607.1974105561
892478.7897243118
892478.7897243118
892478.7897243118
892303.5486105196
892303.5486105196
892262.1881100703
891736.0415643128
891736.0415643128
891736.0415643128
891411.0650038847
891411.0650038847
891411.0650038847
891411.0650038847
891411.0650038847
891411.0650038847
891113.7228043054
891113.7228043054
891113.7228043054
891113.7228043054
891113.7228043054
891113.7228043054
891113.7228043054
891113.7228043054
891113.7228043054
891113.7228043054
891113.7228043054
891113.7228043054
891113.7228043054
891113.7228043054
891113.7228043054
891113.7228043054
890314.8735993754
890314.8735993754
890314.8735993754
890307.8236448108
890307.8236448108
890307.8236448108
890307.8236448108
890307.8236448108
890307.8236448108
890307.8236448108
890307.8236448108
890307.8236448108
890307.8236448108
890274.0162602102
890274.0162602102
890274.0162602102
890274.0162602102
890181.5404467296
890181.5404467296
890181.5404467296
890181.5404467296
890181.5404467296
890141.5268785268
890037.8659426979
890037.8659426979
890037.8659426979
890037.8659426979
890037.8659426979
890037.8659426979
890037.8659426979
890037.8659426979
890037.8659426979
890037.8659426979
889845.7197096918
889773.7300174616
889330.8763376736
889330.8763376736
888749.859602059
888749.859602059
888749.859602059
888749.859602059
888749.859602059
888749.859602059
888749.859602059
888352.8248956194
888352.8248956194
888352.8248956194
888352.8248956194
888352.8248956194
888352.8248956194
888352.8248956194
888352.8248956194
888352.8248956194
888352.8248956194
888352.8248956194
887905.0542780038
887905.0542780038
887905.0542780038
887905.0542780038
887905.0542780038
887864.1830657186
887864.1830657186
887864.1830657186
887864.1830657186
887864.1830657186
887864.1830657186
887864.1830657186
887864.1830657186
887864.1830657186
887864.1830657186
887864.1830657186
887864.1830657186
887864.1830657186
887864.1830657186
887864.1830657186
887864.1830657186
887817.4907948867
887817.4907948867
887814.2915226889
887814.2915226889
887814.2915226889
887814.2915226889
887814.2915226889
887814.2915226889
887814.2915226889
887814.2915226889
887814.2915226889
887814.2915226889
887814.2915226889
887340.0552566816
887258.8244646622
887258.8244646622
887019.8542141508
886725.9926822553
886725.9926822553
886725.9926822553
886725.9926822553
886725.9926822553
886725.9926822553
886621.1319190483
886621.1319190483
886588.616528147
886588.616528147
886127.2390612648
886127.2390612648
886127.2390612648
886127.2390612648
886127.2390612648
886127.2390612648
886127.2390612648
886127.2390612648
886127.2390612648
886127.2390612648
886127.2390612648
886127.2390612648
886127.2390612648
886127.2390612648
886127.2390612648
886127.2390612648
886127.2390612648
886127.2390612648
886127.2390612648
886127.2390612648
886127.2390612648
885907.7844321042
885907.7844321042
885907.7844321042
885907.7844321042
885587.119808843
885587.119808843
885363.8273669299
885363.8273669299
885363.8273669299
885363.8273669299
885363.8273669299
885363.8273669299
885363.8273669299
885363.8273669299
885363.8273669299
885363.8273669299
885363.8273669299
885363.8273669299
885363.8273669299
885363.8273669299
885363.8273669299
885363.8273669299
885333.603626007
885144.6534436117
885144.6534436117
885144.6534436117
885144.6534436117
885144.6534436117
885144.6534436117
885144.6534436117
885144.6534436117
885144.6534436117
885144.6534436117
885144.6534436117
885144.6534436117
885144.6534436117
884915.669798574
884915.669798574
884915.669798574
884915.669798574
884915.669798574
884915.669798574
884915.669798574
884915.669798574
884915.669798574
884915.669798574
884915.669798574
884915.669798574
884915.669798574
884697.561452838
884697.561452838
884697.561452838
884697.561452838
884697.561452838
884697.561452838
884697.561452838
884697.561452838
884352.1865202412
884352.1865202412
884352.1865202412
884308.9234895078
884308.9234895078
884308.9234895078
884308.9234895078
884308.9234895078
884308.9234895078
884263.9630354731
884263.9630354731
884263.9630354731
884165.3614884196
884165.3614884196
884165.3614884196
884165.3614884196
884165.3614884196
884165.3614884196
884165.3614884196
884165.3614884196
884165.3614884196
884165.3614884196
884165.3614884196
884165.3614884196
884165.3614884196
884165.3614884196
884165.3614884196
884165.3614884196
884165.3614884196
884165.3614884196
884165.3614884196
884165.3614884196
884165.3614884196
884165.3614884196
884165.3614884196
884165.3614884196
884165.3614884196
884165.3614884196
884165.3614884196
884165.3614884196
884165.3614884196
884165.3614884196
884165.3614884196
884165.3614884196
884107.5477062413
884107.5477062413
884107.5477062413
884107.5477062413
884107.5477062413
884107.5477062413
884029.0419968267
883717.4074907454
883717.4074907454
883717.4074907454
883717.4074907454
883717.4074907454
883717.4074907454
883717.4074907454
883717.4074907454
883007.1111586662
883007.1111586662
883007.1111586662
883007.1111586662
882963.9411577822
882963.9411577822
882817.5601658813
882678.7171433438
882678.7171433438
882678.7171433438
882678.7171433438
882678.7171433438
882678.7171433438
882678.7171433438
882678.7171433438
882678.7171433438
881952.8100502497
881571.3359167912
881571.3359167912
881571.3359167912
881358.6149336265
881358.6149336265
881358.6149336265
881358.6149336265
881358.6149336265
881358.6149336265
881358.6149336265
881358.6149336265
881358.6149336265
881358.6149336265
881358.6149336265
881358.6149336265
881358.6149336265
881358.6149336265
881358.6149336265
881358.6149336265
881358.6149336265
880938.3048738621
880938.3048738621
880938.3048738621
880938.3048738621
880938.3048738621
880938.3048738621
880938.3048738621
880938.3048738621
880938.3048738621
880938.3048738621
880938.3048738621
880938.3048738621
880938.3048738621
880938.3048738621
880938.3048738621
880938.3048738621
880938.3048738621
880938.3048738621
880938.3048738621
880938.3048738621
880732.1176035285
880732.1176035285
880732.1176035285
880601.3229353571
880601.3229353571
880601.3229353571
880601.3229353571
880601.3229353571
880601.3229353571
880601.3229353571
880601.3229353571
880601.3229353571
880601.3229353571
880601.3229353571
880601.3229353571
880601.3229353571
880601.3229353571
880601.3229353571
880288.42684842
880001.4609337663
879997.2388060498
879997.2388060498
879997.2388060498
879997.2388060498
879997.2388060498
879916.7965238448
879916.7965238448
879916.7965238448
879909.4901427631
879909.4901427631
879772.6941528738
879772.6941528738
879772.6941528738
879772.6941528738
879772.6941528738
879772.6941528738
879772.6941528738
879533.6470869966
879530.3742672383
879530.3742672383
879530.3742672383
879530.3742672383
879530.3742672383
879530.3742672383
879530.3742672383
879530.3742672383
879530.3742672383
879530.3742672383
879530.3742672383
879422.4257703166
879422.4257703166
879422.4257703166
879422.4257703166
879422.4257703166
879422.4257703166
879422.4257703166
879422.4257703166
879258.0906492725
879166.8693043567
879166.8693043567
879166.8693043567
879166.8693043567
879166.8693043567
879166.8693043567
879166.8693043567
879166.8693043567
879166.8693043567
879166.8693043567
879166.8693043567
879166.8693043567
879166.8693043567
879166.8693043567
879166.8693043567
878768.3959858133
878768.3959858133
878768.3959858133
878487.2086878051
878170.309850771
878133.2624796685
878133.2624796685
878133.2624796685
878133.2624796685
878133.2624796685
878133.2624796685
878133.2624796685
878133.2624796685
878133.2624796685
878133.2624796685
878133.2624796685
878133.2624796685
878133.2624796685
878133.2624796685
878133.2624796685
878133.2624796685
877691.9334196002
877691.9334196002
877187.535814164
877105.0045800642
877105.0045800642
877105.0045800642
877105.0045800642
877078.922828685
877066.5679512927
877066.5679512927
877066.5679512927
877066.5679512927
877066.5679512927
877066.5679512927
877066.5679512927
877066.5679512927
877066.5679512927
877028.0415853471
877028.0415853471
877028.0415853471
877028.0415853471
877028.0415853471
877028.0415853471
877028.0415853471
877028.0415853471
877028.0415853471
877028.0415853471
877028.0415853471
877028.0415853471
877028.0415853471
877028.0415853471
877028.0415853471
877028.0415853471
877028.0415853471
877028.0415853471
877028.0415853471
877028.0415853471
877028.0415853471
877028.0415853471
877028.0415853471
877028.0415853471
877028.0415853471
877028.0415853471
877028.0415853471
877028.0415853471
876798.3542850993
876392.3148986672
876392.3148986672
876392.3148986672
876392.3148986672
876042.1773305847
876042.1773305847
876042.1773305847
875571.9255177608
875571.9255177608
875571.9255177608
875571.9255177608
875571.9255177608
875571.9255177608
875571.9255177608
875472.0007187526
875472.0007187526
875472.0007187526
875472.6062126051
875455.256557819
875455.256557819
875455.256557819
875455.256557819
875455.256557819
875455.256557819
875455.256557819
875455.256557819
875455.256557819
875455.256557819
875455.256557819
875455.256557819
875455.256557819
875455.256557819
875455.256557819
875455.256557819
875455.256557819
875455.256557819
875455.256557819
875444.1117052019
875444.1117052019
875444.1117052019
875444.1117052019
875444.1117052019
875444.1117052019
875444.1117052019
875444.1117052019
875444.1117052019
875444.1117052019
875444.1117052019
875444.1117052019
875444.1117052019
875444.1117052019
875444.1117052019
875444.1117052019
874778.9106524241
874551.4811922526
874165.1491212852
873995.0441421549
873995.0441421549
873995.0441421549
873995.0441421549
873995.0441421549
873995.0441421549
873995.0441421549
872866.063839202
872866.063839202
872853.008063104
872853.008063104
872699.0552776401
872699.0552776401
872699.0552776401
872699.0552776401
872699.0552776401
872699.0552776401
872699.0552776401
872248.7541316216
871389.416100749
871389.416100749
871389.416100749
871389.416100749
871389.416100749
871389.416100749
871389.416100749
871389.416100749
871389.416100749
871389.416100749
871389.416100749
870867.6521153564
870867.6521153564
870867.6521153564
870867.6521153564
870867.6521153564
870867.6521153564
870867.6521153564
870343.2594396619
870343.2594396619
870343.2594396619
870343.2594396619
870343.2594396619
870343.2594396619
870343.2594396619
870321.801859794
870321.801859794
870321.801859794
870321.801859794
870321.801859794
870321.801859794
870321.801859794
870321.801859794
870321.801859794
870321.801859794
870321.801859794
870321.801859794
870321.801859794
870321.801859794
870321.801859794
870321.801859794
870321.801859794
870321.801859794
870321.801859794
870321.801859794
870321.801859794
870321.801859794
870321.801859794
870321.801859794
870321.801859794
870321.801859794
870321.801859794
870321.801859794
870321.801859794
870099.7216443978
870099.7216443978
870099.7216443978
870099.7216443978
870099.7216443978
870099.7216443978
869978.601596744
869978.601596744
869978.601596744
869978.601596744
869978.601596744
869978.601596744
869978.601596744
869978.601596744
869978.601596744
869978.601596744
869978.601596744
869978.601596744
869978.601596744
869978.601596744
869978.601596744
869978.601596744
869978.601596744
869978.601596744
869978.601596744
869978.601596744
869978.601596744
869978.601596744
869978.601596744
869978.601596744
869978.601596744
869978.601596744
869717.084815379
869717.084815379
869717.084815379
869717.084815379
869373.2274033236
869373.2274033236
869373.2274033236
869373.2274033236
869373.2274033236
869373.2274033236
869373.2274033236
869373.2274033236
869373.2274033236
869373.2274033236
869373.2274033236
869373.2274033236
869373.2274033236
869373.2274033236
869373.2274033236
869373.2274033236
869373.2274033236
869373.2274033236
869373.2274033236
869373.2274033236
869373.2274033236
868972.6417280106
868682.3841887489
868682.3841887489
868682.3841887489
868682.3841887489
868645.9223849264
868645.9223849264
868645.9223849264
868645.9223849264
868645.9223849264
868645.9223849264
868374.1221312871
868374.1221312871
868374.1221312871
868278.9535997505
868278.9535997505
868278.9535997505
868228.6787430111
868228.6787430111
868228.6787430111
868228.6787430111
868228.6787430111
868228.6787430111
868228.6787430111
868228.6787430111
868228.6787430111
867983.8913340061
867983.8913340061
867946.1109132909
867946.1109132909
867946.1109132909
867852.1419253836
867852.1419253836
867852.1419253836
867852.1419253836
867852.1419253836
867852.1419253836
867852.1419253836
867852.1419253836
867852.1419253836
867852.1419253836
867852.1419253836
867852.1419253836
867852.1419253836
867852.1419253836
867852.1419253836
867852.1419253836
867852.1419253836
867030.2108426021
867030.2108426021
867030.2108426021
867030.2108426021
867030.2108426021
867030.2108426021
867030.2108426021
867030.2108426021
867025.9207327291
867025.9207327291
867025.9207327291
867025.9207327291
867025.9207327291
867025.9207327291
867025.9207327291
867025.9207327291
867025.9207327291
867025.9207327291
866906.3753763712
866906.3753763712
866906.3753763712
866906.3753763712
866906.3753763712
866906.3753763712
866906.3753763712
866906.3753763712
866906.3753763712
866906.3753763712
866906.3753763712
866876.4380148398
866876.4380148398
866876.4380148398
866876.4380148398
866876.4380148398
866876.4380148398
866876.4380148398
866524.2522454779
866524.2522454779
866524.2522454779
866471.0567209991
866471.0567209991
866471.0567209991
866471.0567209991
866471.0567209991
866471.0567209991
866471.0567209991
866471.0567209991
866471.0567209991
866471.0567209991
866471.0567209991
866471.0567209991
866471.0567209991
866471.0567209991
866471.0567209991
866471.0567209991
866471.0567209991
866471.0567209991
866396.7971617618
866396.7971617618
866396.7971617618
866396.7971617618
866396.7971617618
866359.9558628342
866359.9558628342
866046.0652412276
866032.1858271868
866032.1858271868
865937.081355974
865937.081355974
865937.081355974
865937.081355974
865937.081355974
865937.081355974
865937.081355974
865937.081355974
865937.081355974
865937.081355974
865937.081355974
865937.081355974
865546.7707305372
865546.7707305372
865546.7707305372
865546.7707305372
865546.7707305372
865546.7707305372
865546.7707305372
865546.7707305372
865546.7707305372
865546.7707305372
865546.7707305372
865546.7707305372
865546.7707305372
865546.7707305372
865542.2965035739
865542.2965035739
865542.2965035739
865531.4006974559
865531.4006974559
865531.4006974559
865531.4006974559
865531.4006974559
865531.4006974559
865531.4006974559
865531.4006974559
865531.4006974559
865531.4006974559
865531.4006974559
865531.4006974559
865531.4006974559
865531.4006974559
865531.4006974559
865531.4006974559
865531.4006974559
865531.4006974559
865531.4006974559
865531.4006974559
865531.4006974559
865531.4006974559
865531.4006974559
865531.4006974559
865531.4006974559
865531.4006974559
865531.4006974559
865531.4006974559
865531.4006974559
865531.4006974559
865531.4006974559
865531.4006974559
865332.150719871
865332.150719871
865332.150719871
865332.150719871
865332.150719871
865332.150719871
865332.150719871
865332.150719871
865184.8449337082
865184.8449337082
864870.3601909042
864871.5993480147
864871.5993480147
864871.5993480147
864871.5993480147
864871.5993480147
864871.5993480147
864871.5993480147
864871.5993480147
864871.5993480147
864871.5993480147
864871.5993480147
864871.5993480147
864871.5993480147
864871.5993480147
864871.5993480147
864871.5993480147
864871.5993480147
864871.5993480147
864871.5993480147
864871.5993480147
864871.5993480147
864871.5993480147
864871.5993480147
864871.5993480147
864871.5993480147
864871.5993480147
864871.5993480147
864871.5993480147
864871.5993480147
864871.5993480147
864871.5993480147
864871.5993480147
864871.5993480147
864871.5993480147
864871.5993480147
864871.5993480147
864871.5993480147
864871.5993480147
864871.5993480147
864871.5993480147
864871.5993480147
864871.5993480147
864871.5993480147
864871.5993480147
864871.5993480147
864871.5993480147
864871.5993480147
864871.5993480147
864871.5993480147
864871.5993480147
864871.5993480147
