4471638.37752427
4348871.424198033
4248521.195113203
4177504.060832939
4074402.070061506
3989085.30185878
3905362.469496371
3822179.89700967
3760770.522772752
3696017.901588128
3631645.295253508
3562157.845478667
3508672.932138752
3444063.875701029
3388913.6447985107
3350977.5683787083
3284969.657193589
3249967.811635997
3193759.0886563063
3147698.7177005718
3113289.768140873
3065879.699328868
3020148.406682571
2982330.9767161543
2954797.7986011957
2927226.8685577195
2899343.091839497
2866209.2057408616
2840876.838277074
2819245.284269915
2788190.1833501174
2766036.811673289
2756482.0195501344
2727082.2982898112
2709634.2608928643
2683919.9348325925
2655188.256435259
2634082.2376181204
2623095.6806833968
2611437.400150315
2590677.052279601
2572906.1567257745
2553258.304552159
2535071.526244198
2513868.5906644017
2495120.5635306947
2480695.7305751564
2463655.9798709224
2445124.4542382774
2435141.4581623073
2418794.5555192633
2405202.3015646357
2393552.128682942
2369209.1258254545
2359476.2683641408
2351834.1847132454
2343501.184721347
2322776.969543058
2314832.5853761565
2303216.8682162403
2293384.174611818
2278048.780712301
2268668.0588243646
2259487.3067402253
2249407.6661053076
2237330.450370448
2229303.7512309
2225736.7666848516
2214791.8881231225
2202806.747887841
2194642.4015855324
2186061.1616215017
2170961.4566106275
2161502.7248997763
2144337.7696605045
2138995.5899596717
2124051.810137545
2115834.9709459394
2100117.757678731
2088435.960993683
2082370.658376039
2076573.7777194637
2068245.3997404263
2058332.9997645477
2049182.1164423754
2040634.3883386008
2032459.5848070616
2028584.5040331753
2018536.6187897515
2013081.5280408512
2008533.0074665584
2000734.8072208413
1992528.0821859995
1988800.5065493276
1977083.8360864199
1971691.2338803427
1962063.9097038228
1957384.313381671
1953977.8899609856
1945438.488855361
1940858.6746515934
1931373.8465811983
1927992.2074268037
1921538.393925409
1915678.9207347776
1907079.158069753
1896964.5244068706
1891884.6553720804
1883792.172801895
1877824.6243487776
1874875.7798486608
1868873.4110901388
1862520.729523709
1861377.8792816547
1853950.8499922305
1846884.2394706956
1841559.6600498362
1834950.1582669928
1829249.0892716125
1825205.09391933
1822335.2701387135
1816523.3782257529
1811790.1643059424
1807907.6071348614
1801075.1926757195
1797501.714521417
1788252.051685903
1780719.6829454016
1777050.178142081
1775842.453141677
1770869.1094043658
1766213.6553704902
1762780.3181551544
1758014.8168708915
1752449.0044106669
1747618.4389057925
1741546.9105299592
1738053.309000379
1732042.379334429
1725657.4552061562
1724972.5327334562
1722062.4232429715
1719222.8230564843
1715709.720140153
1711001.1920911525
1707164.4883758249
1704897.979672804
1697831.829285778
1695727.7534417901
1691661.542106053
1687826.5744550053
1685052.9256335525
1683742.001310892
1682004.0099361218
1678378.9841546658
1674148.8979370121
1672400.7457808522
1670537.9091703887
1665789.637400866
1664157.6401061108
1658997.2107184795
1655126.8116844723
1653283.1266312178
1649029.202058535
1646150.153242924
1643484.7044317569
1641282.9256178408
1638392.0331782321
1637214.259859871
1635597.9880706994
1632387.399460645
1627640.0715209125
1626205.0907479506
1622968.0238568587
1622001.6378868
1618396.5248799103
1618043.621947989
1613972.5846876418
1612619.2852870545
1610849.8150662207
1608067.5116266333
1605390.066488737
1602008.0463331868
1600897.0850830628
1597676.2310519535
1595379.9289289534
1590219.8506307148
1590219.8506307148
1588994.4253361402
1588370.416881912
1584337.9250121808
1584010.1871729542
1582477.1352491823
1579662.336964456
1576007.6419963248
1570345.99338761
1566309.5840163422
1564532.753401807
1560477.8941743104
1558058.3850784209
1551439.890254998
1550058.97298818
1548597.866885193
1548572.9876594164
1546943.48266232
1543458.0850279825
1542215.59032405
1541167.2072169462
1539764.6165765966
1535072.501836479
1534115.494413
1533306.7627736072
1530193.033976867
1527418.3772879664
1527306.3337388951
1525145.6785751684
1524044.6335499696
1521851.3887867169
1521013.6024951837
1518241.4510121173
1512616.758265683
1510662.049873182
1509287.2225059697
1506764.6876022173
1503721.7305167732
1498873.0882039214
1497712.0814479361
1494362.058475747
1494362.058475747
1491898.9875377815
1490769.2556295013
1487920.1283868353
1483513.6839153673
1483303.0033864847
1481578.368419291
1479858.9333641895
1478348.501497674
1477707.660498011
1477349.72075873
1472192.061459193
1470177.1189631643
1467382.2397044126
1466446.8601101784
1465096.6684571665
1464214.826561789
1460244.7196372
1457121.430402203
1455879.683884489
1455157.0924069425
1452122.9543722854
1450262.8369205757
1447846.4261569993
1445954.1788782836
1444418.6347020469
1444362.8539084094
1443293.1065169917
1441465.8167376772
1441465.8167376772
1439595.0518545974
1438651.1999698384
1437228.754999174
1433115.3467913875
1432957.8770844457
1431623.178715422
1430389.44516215
1427374.3037670776
1426763.775409735
1426763.775409735
1419742.1436290597
1419113.9461072695
1418604.4017408611
1416707.9559666584
1416707.9559666584
1416477.5795097342
1413798.9857670844
1413013.7762485952
1412483.0060293737
1410916.276668573
1408438.8127540508
1406037.9996886505
1405200.460475338
1403912.1698784982
1402581.866816111
1401555.4330298235
1398716.5936961174
1397116.6295311588
1397006.5989485583
1395940.8920981288
1393326.505248462
1390911.5038591167
1389484.1328307143
1387717.0597190917
1387666.5850608721
1387631.4493337641
1386714.1862484487
1385559.138463914
1385024.718195996
1383160.4815116033
1382068.5350415076
1380315.6162884533
1377959.730830192
1376454.5487391895
1375326.4333635154
1374122.1350463675
1371657.3154636752
1371650.6264230201
1371612.204586005
1371015.3939128378
1370855.3642683523
1370035.5117958281
1369653.4845144749
1368136.6139335404
1366474.874280843
1366118.3749683443
1365428.9062560424
1365203.3186571412
1363311.1528360508
1362473.5402094128
1362273.5258822204
1360977.357743944
1360871.9289812976
1360328.9251931654
1359539.545267738
1358460.3906398062
1358460.3906398062
1357693.4635964008
1356283.0918803196
1356062.9080752854
1354027.928999532
1350768.1597013923
1350727.3030812177
1349835.5644281819
1347670.0214655157
1347086.9143666388
1346559.9286276365
1346012.587112445
1344150.9907835727
1344115.9200332332
1343683.2889597705
1341408.858910942
1341400.2706062542
1341400.2706062542
1340885.4230905918
1339037.6688824529
1338518.2338549986
1336605.7531194105
1335284.7356524998
1335284.7356524998
1333200.3783799782
1333200.3783799782
1332191.7362124107
1331907.8925659752
1331506.0466703926
1331506.0466703926
1331255.8594249906
1331163.1137647396
1330952.5655161343
1330121.2369273785
1327207.6695190845
1326815.7275338871
1326106.4999709448
1324149.9859707835
1323468.078149252
1322496.791126892
1322309.9214506433
1322309.9214506433
1321824.8590629436
1321219.5948105473
1321219.5948105473
1317720.8251361796
1316664.3103479324
1315876.4224968515
1314562.604325404
1313518.587624075
1312072.709713885
1310714.7635728952
1309064.336728542
1308906.33088791
1305853.360364147
1304731.959139594
1304347.076440168
1304331.7070716792
1301995.860275688
1301667.8131055417
1301667.8131055417
1300479.2784901974
1299496.174205859
1299338.0942974647
1299338.0942974647
1297515.339594488
1297411.4365002671
1296919.5773806816
1294221.914650249
1293095.6122890809
1293040.05157926
1292964.76421043
1292948.2583212545
1290299.600673635
1290068.9975977223
1289934.486421225
1286336.2545826528
1285921.6009567939
1285841.694929533
1284113.5635728152
1284113.5635728152
1284113.5635728152
1283953.6549410229
1281196.9353555208
1278981.9933183931
1278981.9933183931
1277752.221930841
1277452.8577411412
1277120.3076366342
1277120.3076366342
1275592.0730333608
1274838.727902656
1274042.0326747054
1272109.8448954402
1271266.7786467513
1270472.110725454
1269232.991018597
1268975.5505450675
1268796.0883617215
1268024.6394228386
1266616.4657027402
1265119.2378323018
1264784.3078639382
1264444.5161395394
1264021.361691494
1263249.2235349226
1263249.2235349226
1261516.6087850863
1261135.5460146295
1259205.1313427596
1259205.1313427596
1258503.5457294444
1258473.9636516261
1257670.3266073687
1257670.3266073687
1257670.3266073687
1257397.678555244
1256568.0743638254
1255685.969614386
1254667.9543485667
1253293.607530577
1253142.1954539735
1253142.1954539735
1252368.7440517142
1251019.8717037742
1249825.21592737
1247559.3692067089
1247559.3692067089
1247559.3692067089
1246932.0080937813
1246733.9714929303
1246733.9714929303
1245798.7784442152
1243765.7223715407
1243124.1245253403
1243124.1245253403
1242049.0132398743
1240637.3047415756
1240330.5412366383
1240036.1027327313
1239477.0996130044
1238815.0715484766
1237658.140137528
1236831.8050170427
1234865.2186590864
1234865.2186590864
1234865.2186590864
1234406.22943614
1234406.22943614
1233862.8792790822
1232556.31913967
1232556.31913967
1232198.1775936082
1231676.6901938207
1231267.7824655352
1231267.7824655352
1231069.356527786
1230222.042402992
1230156.9633779363
1229421.5580087886
1229281.1681690274
1229281.1681690274
1229236.8830262474
1229215.430544059
1228336.9533763577
1227948.2512643654
1227823.6535913032
1227684.3652459194
1227554.6748513123
1226384.0909147754
1226341.3545975937
1226341.3545975937
1226336.6177288068
1225876.8516783353
1225715.1947523642
1224031.4224435198
1223307.395597824
1222472.4947979404
1221756.6378539521
1221756.6378539521
1221484.3677820582
1220630.4086681434
1219729.1642879322
1217585.1671264772
1217528.4303900334
1217528.4303900334
1217528.487598274
1217369.3136093044
1217369.3136093044
1217101.9985149857
1215983.1637640614
1215983.1637640614
1215796.0937188133
1215796.0937188133
1215360.0420989594
1215360.0420989594
1215360.0420989594
1213706.643426253
1213612.986739486
1213612.986739486
1212454.6145947159
1212117.822714442
1211747.9282290533
1210582.8623247012
1210418.1379184122
1210418.1379184122
1209991.8300323687
1209090.5321192488
1209090.5321192488
1207249.234231913
1204508.9834888154
1204221.6270775036
1203682.6340677617
1203654.4688952528
1203348.587586646
1203273.8778275854
1203109.7902868937
1202778.6248060674
1202778.6248060674
1202574.1490219065
1202162.5785986313
1201574.1404996708
1201486.6070132682
1201486.6070132682
1201015.694347322
1201015.694347322
1200514.29920637
1199320.1711737844
1197867.2235551658
1197136.4257118336
1196585.4310634257
1196163.712127682
1195710.0823323403
1195621.7922070494
1195319.1555361522
1194374.3120369362
1194374.3120369362
1194223.0789591924
1193885.0538141392
1193571.519907917
1193391.4751895326
1193098.9898195723
1193098.9898195723
1192662.1108684358
1190924.3721694055
1190924.3721694055
1190418.2781627588
1190379.7823442898
1190217.334591948
1190065.0060860706
1190065.0060860706
1190065.0060860706
1190032.4187416807
1187604.4700348012
1187604.4700348012
1187604.4700348012
1187604.4700348012
1187405.0027160272
1187405.0027160272
1186118.3846705304
1184905.4339459501
1184724.5352527224
1184724.5352527224
1183934.6691462619
1183358.3437157103
1183358.3437157103
1183358.3437157103
1182825.9513180945
1182790.6597889864
1182135.562510543
1182135.562510543
1182060.9405842824
1182060.9405842824
1182060.9405842824
1181349.0442725313
1181349.0442725313
1181088.8171967918
1179814.413192133
1179814.413192133
1179361.5756734572
1179262.3787237033
1178572.6227699895
1178572.6227699895
1175520.9009835685
1175520.9009835685
1175520.9009835685
1175520.9009835685
1175520.9009835685
1174154.1393817235
1174063.850017996
1174063.850017996
1174063.850017996
1173712.5705813782
1173534.9331088006
1173307.3728126097
1173090.0412364248
1172685.0912154159
1171396.2267594454
1171107.3138183546
1171010.5813574828
1171010.5813574828
1170924.4845991146
1170492.5778915412
1170110.470435637
1169557.5697962907
1168223.4213670688
1168223.4213670688
1167968.3825518324
1166323.6204782233
1166323.6204782233
1165929.4230768
1165393.7746692407
1165393.7746692407
1165393.7746692407
1164900.9423944328
1164540.7335969885
1164540.7335969885
1163686.278397025
1162916.9809128344
1162050.521681143
1162050.521681143
1159963.904535755
1159546.286769268
1159174.980719369
1157665.9402727454
1157665.9402727454
1157665.9402727454
1157665.9402727454
1157665.9402727454
1157563.1472027467
1156199.932273822
1156199.932273822
1155688.7022191472
1155544.416722462
1155544.416722462
1154094.3261510888
1153711.8161990864
1153711.8161990864
1153254.7548494441
1152810.6874601822
1152738.2425955415
1152738.2425955415
1152661.2929639767
1152224.1169162444
1151839.1448975399
1151839.1448975399
1151839.1448975399
1150767.3019895628
1150430.575401058
1150430.575401058
1149600.0240189189
1149600.0240189189
1149600.0240189189
1149220.9940116121
1149220.9940116121
1149220.9940116121
1148716.396263862
1147828.0621327374
1147828.0621327374
1147344.015568612
1146497.9481852925
1146497.9481852925
1145649.1141645762
1145649.1141645762
1145154.28739864
1144912.3238353534
1144716.9295353927
1144631.4816219239
1144323.215669225
1144323.215669225
1144206.164694109
1143666.7662920365
1143666.7662920365
1143652.0237583998
1143652.0237583998
1143219.4072278303
1143217.6128733226
1142641.4203172722
1142641.4203172722
1141018.7265440687
1140537.9670928954
1139787.563959404
1139787.563959404
1139787.563959404
1139787.563959404
1138361.754785207
1138361.754785207
1137027.1771109994
1137027.1771109994
1137027.1771109994
1137027.1771109994
1137027.1771109994
1137027.1771109994
1136451.1472827094
1136451.1472827094
1136451.1472827094
1136451.1472827094
1135678.348320671
1135678.348320671
1135678.348320671
1135678.348320671
1135392.6002829857
1134321.289369098
1134321.289369098
1134321.289369098
1134141.0928786192
1134141.0928786192
1133196.7390574035
1133157.5508305663
1131772.8282904704
1131415.9599697853
1131415.9599697853
1130680.5693164356
1130499.3992207914
1130070.45593022
1130070.45593022
1130070.45593022
1130070.45593022
1130070.45593022
1130055.2009132956
1129287.7551532951
1129134.2089734324
1129134.2089734324
1129134.2089734324
1129057.6477109685
1129057.6477109685
1128957.070200484
1127844.4247837174
1127509.36941248
1127490.3107824228
1126538.0245599262
1126538.0245599262
1125374.553197533
1125374.553197533
1125374.553197533
1125374.553197533
1124938.8855847707
1124938.8855847707
1124938.8855847707
1124938.8855847707
1124938.8855847707
1124854.6207345799
1124170.2786814908
1122670.7695820732
1122646.630486424
1122646.630486424
1122646.630486424
1121796.7531978188
1121796.7531978188
1121233.7471596282
1121233.7471596282
1120513.0550059038
1120513.0550059038
1120099.3317612312
1119840.2158883808
1119730.8947720195
1119521.1414163457
1119105.90435935
1119105.90435935
1119105.90435935
1119105.90435935
1118907.3860720897
1118907.3860720897
1118901.4840662023
1117922.444151738
1117922.444151738
1117922.444151738
1117922.444151738
1117922.444151738
1117922.444151738
1117922.444151738
1117922.444151738
1117922.444151738
1116557.3385932585
1116557.3385932585
1116557.3385932585
1116557.3385932585
1115938.9227689533
1115938.9227689533
1115353.352249997
1115024.7754944288
1114951.6908939267
1114703.2390804468
1113705.5520836576
1112847.6790113477
1112455.2815629416
1112305.1467823363
1112305.1467823363
1112010.4334306894
1111846.7348473012
1111544.2770173508
1111544.2770173508
1111332.9094553054
1111177.5073011918
1111177.5073011918
1110872.2363441316
1109662.0768817507
1109573.1580789185
1109287.1911158734
1109090.6769010115
1108967.0084246255
1108967.0084246255
1108967.0084246255
1108939.2133254614
1108714.5445574785
1108366.6564221946
1108366.6564221946
1108366.6564221946
1108280.0529058105
1108280.0529058105
1107786.0158776992
1107786.0158776992
1106700.893905643
1106033.5940576233
1105288.7994690137
1105229.480132482
1105229.480132482
1105229.480132482
1105229.480132482
1104926.1071952695
1104926.1071952695
1104563.987774905
1103827.1286253962
1103728.860597333
1103495.6052666176
1103316.9299787867
1103172.6519817105
1103172.6519817105
1103093.3772449805
1103093.3772449805
1103093.3772449805
1101908.0091349888
1101846.5726254187
1101710.8783381344
1101656.9632263395
1101575.1877561086
1101575.1877561086
1101575.1877561086
1100260.4758388244
1099954.577392152
1099954.577392152
1099574.9467734643
1099574.9467734643
1099116.9732305412
1099116.9732305412
1097742.0744107978
1097742.0744107978
1097048.3468812737
1097048.3468812737
1096939.6878161272
1096739.15684031
1095328.4563507417
1094910.8722286934
1094897.3119033389
1094494.1688982672
1094080.0575323086
1090868.0918517662
1090295.4259050668
1090295.4259050668
1090295.4259050668
1090295.4259050668
1090295.4259050668
1089776.625978445
1089697.005526262
1089697.005526262
1089635.7875244273
1089635.7875244273
1089598.37462823
1089464.9159542844
1089464.9159542844
1088836.7963185362
1088433.1686497168
1088284.9117649707
1088284.9117649707
1088284.9117649707
1087651.5269896137
1087651.5269896137
1086895.1488464838
1086895.1488464838
1086623.301292231
1085784.802245153
1085574.231976112
1085574.231976112
1085574.231976112
1085574.231976112
1085574.231976112
1085567.6187547846
1085238.837468905
1084738.097797371
1084738.097797371
1084281.4703023634
1084281.4703023634
1084256.222333998
1084256.222333998
1084256.222333998
1084031.557328727
1083552.5187215186
1083374.783254838
1083374.1138157584
1083374.1138157584
1083374.1138157584
1083374.1138157584
1083323.4501107975
1083219.7435435853
1082203.7727515271
1081576.0609456678
1081576.0609456678
1081576.0609456678
1081000.8580207522
1080960.5209642472
1080960.5209642472
1080960.5209642472
1080960.5209642472
1080960.5209642472
1080756.110177887
1080756.110177887
1080756.110177887
1080756.110177887
1080232.585440816
1080155.9339116653
1080155.9339116653
1080011.7672906683
1079414.0195676265
1079414.0195676265
1079324.117664591
1079227.3919435854
1079227.3919435854
1079227.3919435854
1078431.847121682
1078431.847121682
1078431.847121682
1078276.3542553922
1078276.3542553922
1078276.3542553922
1076691.3416771898
1076691.3416771898
1076596.2273344113
1076329.7076882739
1076329.7076882739
1075731.8363551153
1075731.8363551153
1074996.9626184315
1074996.9626184315
1074996.9626184315
1074996.9626184315
1074229.3636579239
1074229.3636579239
1074040.8019843164
1074040.8019843164
1073868.845999537
1073737.5129256744
1072642.2445888445
1072642.2445888445
1072250.9224138446
1071152.4093922249
1071075.2751074666
1071075.2751074666
1070786.6693208115
1070786.6693208115
1070766.9782963833
1069957.8418771122
1069957.8418771122
1069957.8418771122
1069957.8418771122
1069931.189382708
1069931.189382708
1069931.189382708
1069492.7559863934
1069492.7559863934
1069492.7559863934
1069492.7559863934
1069492.7559863934
1069026.9221510114
1069026.9221510114
1068144.8708244907
1068144.8708244907
1068144.8708244907
1067780.801836043
1067681.024956876
1067015.871750983
1067015.871750983
1066763.6767454096
1066660.060724953
1065817.188753362
1065817.188753362
1065817.188753362
1065389.2368724986
1065389.2368724986
1065389.2368724986
1065389.2368724986
1065389.2368724986
1064396.0418373514
1064396.0418373514
1064233.0930458934
1063077.876975299
1063077.876975299
1063077.876975299
1063077.876975299
1063077.876975299
1063077.876975299
1063077.876975299
1063077.876975299
1063077.876975299
1063077.876975299
1063001.8447264046
1062387.9988036538
1062363.092736713
1061934.5165602702
1061908.6488695322
1061480.8268145905
1061480.8268145905
1061480.8268145905
1061121.079689658
1061121.079689658
1060983.2082412622
1060983.2082412622
1060794.2490528526
1060794.2490528526
1060625.1135078717
1060625.1135078717
1059452.7096279445
1059445.1445117919
1059371.8954338958
1059371.8954338958
1059371.8954338958
1058125.5306945955
1058125.5306945955
1058125.5306945955
1057671.033922402
1057671.033922402
1057671.033922402
1057059.3207930052
1057059.3207930052
1057059.3207930052
1057059.3207930052
1057059.3207930052
1056914.2936811596
1056802.3090843477
1056802.3090843477
1056802.3090843477
1056802.3090843477
1056802.3090843477
1056734.8201792622
1056482.5539524623
1056482.5539524623
1056482.5539524623
1056404.8525648962
1056404.8525648962
1056084.2157340671
1056014.638656955
1055866.7837853755
1055866.7837853755
1055866.7837853755
1055385.4766344177
1055385.4766344177
1055385.4766344177
1055385.4766344177
1055385.4766344177
1055385.4766344177
1054476.2861478473
1054271.2276902124
1054271.2276902124
1054271.2276902124
1054005.5146864194
1054005.5146864194
1054005.5146864194
1052756.717665987
1052756.717665987
1052616.1152610565
1052245.5598510273
1051415.0441219187
1051335.567306979
1050297.1936421876
1050297.1936421876
1049848.8512183703
1049357.7052983823
1049357.7052983823
1049120.3323688672
1048432.1838796107
1048432.1838796107
1048094.7552701028
1048094.7552701028
1047730.0488661994
1047730.0488661994
1047427.2585686614
1046646.1161680623
1046646.1161680623
1046646.1161680623
1046646.1161680623
1046319.1180667131
1046319.1180667131
1046319.1180667131
1046054.333418064
1045716.4646609749
1045716.4646609749
1045716.4646609749
1045110.8252295228
1044817.941462405
1044817.941462405
1044714.8212263191
1044714.8212263191
1044520.0021684377
1044489.7670821341
1044489.7670821341
1044489.7670821341
1044489.7670821341
1044489.7670821341
1043665.4122121194
1043665.4122121194
1043665.4122121194
1043665.4122121194
1043642.3007527213
1043642.3007527213
1043642.3007527213
1043642.3007527213
1043642.3007527213
1043555.4508684255
1043277.9020653083
1043277.9020653083
1043277.9020653083
1043145.4052720532
1043145.4052720532
1042506.5797944223
1042506.5797944223
1042506.5797944223
1042506.5797944223
1042506.5797944223
1042506.5797944223
1042506.5797944223
1042428.1452543731
1041887.1779736952
1041830.2446669104
1041830.2446669104
1041830.2446669104
1041677.5861466804
1041677.5861466804
1041677.5861466804
1041276.4084658322
1040886.3766975934
1040886.3766975934
1040886.3766975934
1039952.3471315935
1039952.3471315935
1039952.3471315935
1039952.3471315935
1039624.6281523404
1039624.6281523404
1039624.6281523404
1039473.8006461784
1039473.8006461784
1039473.8006461784
1039473.8006461784
1039330.4088827134
1039330.4088827134
1039330.4088827134
1039330.4088827134
1039257.0557307686
1039257.0557307686
1039032.8965841003
1039032.8965841003
1039032.8965841003
1038152.1645860311
1038152.1645860311
1038152.1645860311
1037866.6677995855
1037866.6677995855
1037704.0830631234
1037704.0830631234
1037704.0830631234
1037305.4881278401
1036843.1201423877
1036843.1201423877
1036578.7022205051
1036338.2857687208
1036338.2857687208
1036207.0032410276
1036207.0032410276
1036207.0032410276
1036207.0032410276
1035396.0481550872
1034760.4007173736
1034760.4007173736
1034760.4007173736
1034760.4007173736
1034367.9420816891
1034367.9420816891
1034367.9420816891
1034193.6669780735
1034193.6669780735
1032710.3577115631
1032192.5721219829
1031805.0576081364
1031805.0576081364
1031805.0576081364
1031521.3657789549
1031521.3657789549
1031021.7252115528
1030245.707865529
1030245.707865529
1030245.707865529
1030245.707865529
1028388.9414973428
1028049.425493258
1028049.425493258
1027977.5606175341
1027073.241936502
1026930.1073747642
1026930.1073747642
1026866.7829607747
1026642.4839898316
1026251.5812696611
1026251.5812696611
1026171.190843396
1025984.2404132073
1025984.2404132073
1025984.2404132073
1025837.5357883559
1025837.5357883559
1025716.8926660168
1025716.8926660168
1024944.5724362764
1024944.5724362764
1024944.5724362764
1024133.4056478811
1024133.4056478811
1023967.776611467
1023967.776611467
1023967.776611467
1023967.776611467
1023967.776611467
1023967.776611467
1023967.776611467
1023967.776611467
1023728.2404755016
1023330.5907385757
1023330.5907385757
1023330.5907385757
1023330.5907385757
1023180.9158333559
1022230.6896636907
1022230.6896636907
1022230.6896636907
1022230.6896636907
1022230.6896636907
1022230.6896636907
1022230.6896636907
1022230.6896636907
1022230.6896636907
1022198.6675722897
1022198.6675722897
1022198.6675722897
1022190.422052498
1022190.422052498
1021728.7562248979
1021728.7562248979
1021687.7076335973
1021687.7076335973
1021687.7076335973
1021406.8794465695
1021406.8794465695
1021406.8794465695
1021406.8794465695
1021406.8794465695
1021406.8794465695
1021406.8794465695
1021406.8794465695
1021406.8794465695
1021406.8794465695
1021026.9329795274
1021026.9329795274
1021026.9329795274
1021026.9329795274
1021026.9329795274
1020929.1782775696
1020929.1782775696
1020929.1782775696
1020929.1782775696
1020455.3921226352
1020455.3921226352
1020455.3921226352
1020455.3921226352
1020455.3921226352
1020455.3921226352
1020455.3921226352
1020455.3921226352
1020455.3921226352
1020363.447481896
1020363.447481896
1020363.447481896
1020363.447481896
1019896.6905037354
1019896.6905037354
1019896.6905037354
1019896.6905037354
1019896.6905037354
1019274.4794965002
1019274.4794965002
1019217.053978097
1019217.053978097
1018611.0416404337
1018596.0234872967
1018471.4106723439
1018471.4106723439
1017847.9549875398
1017847.9549875398
1017847.9549875398
1017087.0930566912
1017087.0930566912
1017087.0930566912
1016915.0639458678
1016915.0639458678
1016915.0639458678
1016634.9957407019
1016634.9957407019
1016634.9957407019
1016634.9957407019
1016634.9957407019
1016634.9957407019
1016634.9957407019
1016634.9957407019
1016634.9957407019
1016634.9957407019
1016634.9957407019
1016634.9957407019
1016634.9957407019
1016634.9957407019
1016211.0572131465
1016062.0275610937
1016062.0275610937
1016062.0275610937
1016062.0275610937
1016062.0275610937
1016062.0275610937
1016062.0275610937
1016062.0275610937
1016047.215985693
1013854.8591278438
1013854.8591278438
1013618.3424876821
1013618.3424876821
1013618.3424876821
1013618.3424876821
1013069.6024796095
1013069.6024796095
1013069.6024796095
1012698.9501568743
1012250.3771435083
1012250.3771435083
1012250.3771435083
1012250.3771435083
1012172.549514534
1012172.549514534
1012172.549514534
1012172.549514534
1012172.549514534
1012172.549514534
1012172.549514534
1012083.3285386954
1011659.4868020723
1010983.879046737
1010546.3049406993
1010394.3128845862
1010201.7449405598
1010200.3777877241
1010014.3122605139
1010014.3122605139
1010014.3122605139
1010014.3122605139
1010014.3122605139
1010014.3122605139
1010014.3122605139
1008855.8521682054
1007985.3040315406
1007985.3040315406
1007985.3040315406
1007985.3040315406
1007985.3040315406
1007985.3040315406
1007894.2441491536
1007430.3549725614
1007430.3549725614
1007385.3349461103
1007385.3349461103
1007385.3349461103
1007385.3349461103
1006962.8126830559
1006962.8126830559
1006962.8126830559
1006946.9339708537
1006946.9339708537
1006867.2603694438
1006457.4784072833
1006082.4635098581
1006082.4635098581
1006082.4635098581
1006082.4635098581
1005057.8129584602
1004667.3961529299
1004667.3961529299
1004667.3961529299
1004667.3961529299
1004667.3961529299
1004667.3961529299
1004667.3961529299
1004667.3961529299
1004667.3961529299
1004667.3961529299
1004667.3961529299
1004667.3961529299
1003461.0418642757
1003461.0418642757
1003186.2072423858
1003186.2072423858
1003186.2072423858
1002001.68950627
1002001.68950627
1002001.68950627
1002001.68950627
1002001.68950627
1001911.6946047817
1001911.6946047817
1001490.9269834331
1001490.9269834331
1001425.1703871598
1001425.1703871598
1000657.2642628051
999860.1325472264
999860.1325472264
999860.1325472264
999006.1241820598
999006.1241820598
999006.1241820598
998403.6588323829
998403.6588323829
998403.6588323829
998403.6588323829
998403.6588323829
998403.6588323829
998403.6588323829
998403.6588323829
998403.6588323829
998403.6588323829
998403.6588323829
997666.0765124108
997358.5794502752
996873.712005996
996873.712005996
996873.712005996
996873.712005996
995962.1709912077
995962.1709912077
995962.1709912077
995962.1709912077
995821.2729864566
995787.8677045058
995543.95587658
995134.4212981837
995134.4212981837
993958.7633188934
993958.7633188934
993958.7633188934
993958.7633188934
993958.7633188934
993958.7633188934
993958.7633188934
993958.7633188934
993958.7633188934
993958.7633188934
993635.1389735094
993635.1389735094
993635.1389735094
993635.1389735094
993635.1389735094
993635.1389735094
993635.1389735094
993635.1389735094
993635.1389735094
993460.1496372411
992505.63227604
992488.7942733712
992488.7942733712
992488.7942733712
992488.7942733712
991986.0154143574
991752.8148782384
991752.8148782384
991244.1413514058
991244.1413514058
991244.1413514058
991233.5754813665
991233.5754813665
991233.5754813665
991233.5754813665
990481.5995314801
990481.5995314801
990481.5995314801
989957.3955555784
989957.3955555784
989957.3955555784
989957.3955555784
989843.4945489195
989843.4945489195
989843.4945489195
989843.4945489195
989843.4945489195
989843.4945489195
989843.4945489195
989735.9066071629
989735.9066071629
989735.9066071629
989372.8184983246
989372.8184983246
989372.8184983246
988495.899061991
988495.899061991
988495.899061991
988495.899061991
987802.3378153751
987000.0147376258
986958.3276495792
986885.357901047
986885.357901047
986885.357901047
986759.189515061
986759.189515061
986759.189515061
986759.189515061
986759.189515061
986654.5200802991
986637.0095618565
986185.2708090327
986185.2708090327
986185.2708090327
985846.8376913045
985846.8376913045
985463.1479208542
985424.2308791128
985424.2308791128
985424.2308791128
985424.2308791128
985424.2308791128
985031.3178630079
984975.1976220356
984975.1976220356
984879.8567237554
984879.8567237554
984879.8567237554
984879.8567237554
984879.8567237554
984879.8567237554
984879.8567237554
984879.8567237554
984394.8543474275
984394.8543474275
984394.8543474275
984394.8543474275
984394.8543474275
984394.8543474275
984394.8543474275
984339.7417783022
984209.9252455084
984209.9252455084
983903.8907403836
983903.8907403836
983830.0201842781
983641.7236706682
983641.7236706682
982795.7030586754
982733.4110956469
982416.224693333
981893.88705752
981893.88705752
981893.88705752
981893.88705752
981605.6415770783
981605.6415770783
981605.6415770783
981603.9841224684
981603.9841224684
981603.9841224684
981603.9841224684
981603.9841224684
981550.9601010829
981550.9601010829
981550.9601010829
981550.9601010829
981393.0915039568
981393.0915039568
981393.0915039568
981393.0915039568
981366.7464920867
981366.7464920867
981366.7464920867
980751.5027947361
980751.5027947361
980751.5027947361
980751.5027947361
980751.5027947361
980751.5027947361
980751.5027947361
980644.1167610395
980471.2460067007
980379.9034602812
979557.3690897387
979557.3690897387
979557.3690897387
979473.0563492189
979473.0563492189
979473.0563492189
979473.0563492189
979473.0563492189
978214.0196022852
978214.0196022852
978206.5645739834
978206.5645739834
978206.5645739834
978206.5645739834
977840.3217942097
977840.3217942097
977840.3217942097
977840.3217942097
977840.3217942097
977840.3217942097
977743.5494553243
977743.5494553243
977550.3061201518
977550.3061201518
977550.3061201518
977550.3061201518
977550.3061201518
977550.3061201518
977550.3061201518
977550.3061201518
977550.3061201518
977550.3061201518
977439.7267834875
977439.7267834875
977439.7267834875
976145.0046340297
976145.0046340297
976145.0046340297
976145.0046340297
976145.0046340297
976145.0046340297
976145.0046340297
976145.0046340297
976145.0046340297
975837.4547625112
975837.4547625112
975837.4547625112
975837.4547625112
975600.2416902632
975600.2416902632
975600.2416902632
974653.4832322442
974188.3936530756
974188.3936530756
974058.844607105
974058.844607105
974058.844607105
974058.844607105
974054.7964093949
973793.1382929331
973793.1382929331
973793.1382929331
973793.1382929331
973646.1983573507
973646.1983573507
973646.1983573507
973646.1983573507
973170.2216915295
973170.2216915295
973030.980363872
972930.05624738
972930.05624738
972930.05624738
972930.05624738
972518.5398153854
972518.5398153854
972518.5398153854
972518.5398153854
972518.5398153854
971953.9902603402
971953.9902603402
971953.9902603402
971611.8349266031
971611.8349266031
971611.8349266031
971611.8349266031
971611.8349266031
971271.238203082
971271.238203082
971271.238203082
971271.238203082
971271.238203082
971271.238203082
971271.238203082
970002.758646747
970002.758646747
970002.758646747
970002.758646747
969661.1144160335
969661.1144160335
969661.1144160335
969661.1144160335
969661.1144160335
969661.1144160335
969551.8977133792
969551.8977133792
969551.8977133792
969061.209433997
969061.209433997
969061.209433997
968458.26292843
968458.26292843
968063.1932777297
966960.7672570925
966763.864996684
966763.864996684
966763.864996684
966763.864996684
966763.864996684
966763.864996684
966763.864996684
966763.864996684
966763.864996684
966617.4028542002
966617.4028542002
966617.4028542002
966617.4028542002
966617.4028542002
966617.4028542002
965927.322551142
965541.055308023
965251.8311271097
965251.8311271097
965251.8311271097
965251.8311271097
965251.8311271097
965251.8311271097
964873.5005988722
964873.5005988722
964873.5005988722
964873.5005988722
964873.5005988722
964873.5005988722
964873.5005988722
964873.5005988722
964873.5005988722
964873.5005988722
964873.5005988722
964873.5005988722
964873.5005988722
964873.5005988722
964061.3021786066
963973.3713434113
963973.3713434113
963512.4665949156
963421.431209744
963421.431209744
963421.431209744
963421.431209744
963421.431209744
963260.046491775
963231.3488039714
963231.3488039714
963231.3488039714
963231.3488039714
962905.3887059778
962905.3887059778
962905.3887059778
962905.3887059778
962905.3887059778
961472.8123560573
961472.8123560573
961472.8123560573
961472.8123560573
961472.8123560573
960993.101003716
960993.101003716
960479.2315194556
960479.2315194556
960479.2315194556
960479.2315194556
960303.1187734222
960165.6201095014
960165.6201095014
960165.6201095014
960112.5728952729
960112.5728952729
960037.3687480589
960037.3687480589
960037.3687480589
959913.9754679268
959913.9754679268
959913.9754679268
959913.9754679268
959913.9754679268
959913.9754679268
959250.9507076808
959250.9507076808
959011.6073027439
959011.6073027439
958863.9715035623
958475.8901452096
958475.8901452096
958475.8901452096
958475.8901452096
958193.6889315665
958193.6889315665
957971.2549166089
957713.3970738014
957713.3970738014
957713.3970738014
957713.3970738014
957713.3970738014
957713.3970738014
957713.3970738014
957713.3970738014
957713.3970738014
957713.3970738014
957713.3970738014
956933.2369806117
956933.2369806117
956933.2369806117
956933.2369806117
956933.2369806117
956933.2369806117
956933.2369806117
956610.7147590744
956610.7147590744
956413.5141131979
956227.2663657077
956227.2663657077
956227.2663657077
956227.2663657077
955902.2050307039
955902.2050307039
955902.2050307039
955902.2050307039
955902.2050307039
955709.724133267
955709.724133267
955709.724133267
955709.724133267
955709.724133267
955709.724133267
955113.205218395
955113.205218395
954756.0018426736
954430.721328668
954430.721328668
954430.721328668
954430.721328668
954047.0409494957
954047.0409494957
954047.0409494957
954047.0409494957
954047.0409494957
954047.0409494957
954047.0409494957
954047.0409494957
953576.6178617668
953576.6178617668
953576.6178617668
953576.6178617668
952530.0140838578
952192.8037422312
951734.2298271072
951580.2994847697
951580.2994847697
951580.2994847697
951580.2994847697
951580.2994847697
951580.2994847697
951580.2994847697
951580.2994847697
951580.2994847697
951580.2994847697
951580.2994847697
951580.2994847697
951580.2994847697
951580.2994847697
951580.2994847697
951580.2994847697
951580.2994847697
951580.2994847697
951580.2994847697
951297.8006596094
951047.3794179608
951047.3794179608
951047.3794179608
951047.3794179608
950513.3619800652
950513.3619800652
950513.3619800652
950513.3619800652
950513.3619800652
950513.3619800652
950513.3619800652
950259.8931102958
950259.8931102958
950259.8931102958
950259.8931102958
950259.8931102958
950259.8931102958
950259.8931102958
949943.3956537362
949943.3956537362
949943.3956537362
949815.6866209791
949815.6866209791
949815.6866209791
949815.6866209791
949815.6866209791
949558.5331391866
949558.5331391866
949558.5331391866
949558.5331391866
949558.5331391866
949558.5331391866
949558.5331391866
949558.5331391866
949558.5331391866
949558.5331391866
949558.5331391866
949558.5331391866
949558.5331391866
948085.4745064593
948085.4745064593
948085.4745064593
947924.0513723858
947924.0513723858
947924.0513723858
947651.678335008
947651.678335008
947651.678335008
947651.678335008
947651.678335008
947651.678335008
947651.678335008
947651.678335008
947651.678335008
947651.678335008
947651.678335008
947651.678335008
947651.678335008
947651.678335008
947651.678335008
947651.678335008
946226.8051176849
946226.8051176849
946226.8051176849
946226.8051176849
946226.8051176849
946226.8051176849
946226.8051176849
946226.8051176849
946226.8051176849
946226.8051176849
946226.8051176849
946226.8051176849
946226.8051176849
946226.8051176849
946125.2803909675
946125.2803909675
946125.2803909675
946125.2803909675
946125.2803909675
946076.3202632943
945798.0008391206
945798.0008391206
945080.9786881561
945081.4229513815
945081.4229513815
944898.2884133119
944898.2884133119
944898.2884133119
944371.5397680368
944371.5397680368
944371.5397680368
944371.5397680368
944371.5397680368
944371.5397680368
944371.5397680368
944371.5397680368
944033.7499888422
943369.7834553756
942295.3342346073
942295.3342346073
942295.3342346073
942295.3342346073
942295.3342346073
942295.3342346073
942295.3342346073
940995.8379942324
940995.8379942324
940889.438200633
940889.438200633
940889.438200633
940537.0736568216
940537.0736568216
940344.801914237
940344.801914237
940159.7279584574
940159.7279584574
939882.8657418956
939882.8657418956
939882.8657418956
939882.8657418956
939882.8657418956
939646.6186145163
939547.042544976
939547.042544976
939404.1957163278
939404.1957163278
939404.1957163278
939046.6101637653
938784.8188631505
938784.8188631505
938784.8188631505
938314.5488084189
938314.5488084189
938180.0192769653
938180.0192769653
938180.0192769653
938180.0192769653
938027.4953402068
937773.3398988869
937633.7532024914
937633.7532024914
937633.7532024914
937552.5067062264
937552.5067062264
937552.5067062264
936983.3568331712
936983.3568331712
936983.3568331712
936983.3568331712
936983.3568331712
936983.3568331712
936983.3568331712
936983.3568331712
936983.3568331712
936983.3568331712
936767.1304012486
936767.1304012486
936646.9579171244
936598.2973903203
936109.3920083652
936109.3920083652
936109.3920083652
936109.3920083652
935878.1370459363
935459.0558508076
935459.0558508076
935459.0558508076
935459.0558508076
935459.0558508076
935459.0558508076
935241.1732264116
935103.3416972237
935103.3416972237
935103.3416972237
934926.4347330788
934926.4347330788
934855.4419605754
934855.4419605754
934855.4419605754
934719.8519384013
934719.8519384013
934190.945327769
934190.945327769
934190.945327769
934190.945327769
934190.945327769
934190.945327769
934190.945327769
934190.945327769
934190.945327769
934190.945327769
934190.945327769
934190.945327769
933914.3285280119
933914.3285280119
933914.3285280119
933914.3285280119
933901.754617699
933901.754617699
933901.754617699
933901.754617699
933901.754617699
933901.754617699
933901.754617699
933901.754617699
933887.8189514736
933887.8189514736
932924.1231185873
932115.6670138524
932115.6670138524
932115.6670138524
932115.6670138524
931806.9288287698
931806.9288287698
931806.9288287698
931806.9288287698
931806.9288287698
931806.9288287698
931806.9288287698
931806.9288287698
931806.9288287698
931806.9288287698
931806.9288287698
931806.9288287698
931806.9288287698
931806.9288287698
931806.9288287698
931806.9288287698
931806.9288287698
931806.9288287698
931806.9288287698
931775.7282881808
931775.7282881808
931775.7282881808
931775.7282881808
931775.7282881808
931775.7282881808
931775.7282881808
931352.6426808689
931352.6426808689
931352.6426808689
931352.6426808689
931352.6426808689
931352.6426808689
931352.6426808689
931352.6426808689
931240.0661959846
931220.7048058135
931220.7048058135
930799.1984340721
930055.9539141207
930055.9539141207
930055.9539141207
930055.9539141207
930055.9539141207
929671.4972941217
929671.4972941217
929671.4972941217
929671.4972941217
929671.4972941217
929645.5082923569
929645.5082923569
929595.6218966844
929595.6218966844
929595.6218966844
929595.6218966844
929595.6218966844
929555.3523506358
929555.3523506358
929555.3523506358
929066.019535667
929066.019535667
929066.019535667
929066.019535667
929066.019535667
929066.019535667
928697.2385605171
928697.2385605171
928697.2385605171
928697.2385605171
928697.2385605171
928697.2385605171
928697.2385605171
928299.2083436816
928032.7094536062
928032.7094536062
927862.5174581775
927862.5174581775
927862.5174581775
927862.5174581775
927862.5174581775
927862.5174581775
927862.5174581775
927862.5174581775
927790.257426886
927790.257426886
927790.257426886
927790.257426886
927790.257426886
927790.257426886
927790.257426886
927717.6950265773
927717.6950265773
927484.6864188241
927484.6864188241
927484.6864188241
927484.6864188241
927484.6864188241
927068.6761227209
927068.6761227209
927068.6761227209
927068.6761227209
927068.6761227209
927068.6761227209
927068.6761227209
927068.6761227209
927068.6761227209
927068.6761227209
927068.6761227209
927068.6761227209
927068.6761227209
927068.6761227209
927068.6761227209
926644.342738555
926644.342738555
926644.342738555
926123.5049387221
926123.5049387221
926123.5049387221
926123.5049387221
926123.5049387221
926123.5049387221
926123.5049387221
926123.5049387221
926123.5049387221
926123.5049387221
926062.0704585537
925803.2318552367
925348.9709834165
925348.9709834165
925348.9709834165
925348.9709834165
925348.9709834165
925348.9709834165
925342.1503645809
925342.1503645809
925342.1503645809
925342.1503645809
925342.1503645809
925342.1503645809
924619.0283726131
924619.0283726131
924619.0283726131
924619.0283726131
924619.0283726131
924619.0283726131
924619.0283726131
924619.0283726131
924619.0283726131
924619.0283726131
924406.4917052748
924406.4917052748
924406.4917052748
924406.4917052748
924406.4917052748
924406.4917052748
924354.7691846656
924354.7691846656
924354.7691846656
924354.7691846656
924354.7691846656
924354.7691846656
924354.7691846656
924190.8021594512
924190.8021594512
924190.8021594512
923955.0739349696
923955.0739349696
923955.0739349696
923904.7368957301
923904.7368957301
923622.7433448639
923622.7433448639
923622.7433448639
923550.2245249213
923550.2245249213
923550.2245249213
923550.2245249213
923274.5188482993
923274.5188482993
923274.5188482993
923274.5188482993
923045.9687338
923045.9687338
923045.9687338
923045.9687338
923045.9687338
923045.9687338
923045.9687338
923045.9687338
923026.4701360592
922877.7248126274
922877.7248126274
922877.7248126274
922877.7248126274
922877.7248126274
922877.7248126274
922428.0239647438
922428.0239647438
921930.0098550488
921930.0098550488
921930.0098550488
921930.0098550488
921930.0098550488
921548.3955669415
921548.3955669415
921548.3955669415
921548.3955669415
921548.3955669415
921548.3955669415
921548.3955669415
921188.8259523861
920024.7430021286
920024.7430021286
920024.7430021286
920024.7430021286
920024.7430021286
920024.7430021286
920024.7430021286
920024.7430021286
920024.7430021286
919946.9236058586
919946.9236058586
919946.9236058586
919946.9236058586
919946.9236058586
919683.7902510677
919512.9475853267
919512.9475853267
919013.2907300834
919013.2907300834
919013.2907300834
919013.2907300834
918871.014507459
918433.3189478408
918433.3189478408
918433.3189478408
918433.3189478408
918433.3189478408
918433.3189478408
918433.3189478408
918277.1830182045
918277.1830182045
918277.1830182045
918277.1830182045
918277.1830182045
918277.1830182045
918111.8176034886
918111.8176034886
918111.8176034886
917948.5828783361
917948.5828783361
917948.5828783361
917948.5828783361
917948.5828783361
917948.5828783361
917948.5828783361
917672.1037816352
917649.2382150262
917238.8139146857
917238.8139146857
917004.0416917426
917004.0416917426
917004.0416917426
917004.0416917426
917004.0416917426
917004.0416917426
916582.2088723304
916582.2088723304
916582.2088723304
916582.2088723304
916582.2088723304
916582.2088723304
916582.2088723304
916582.2088723304
916582.2088723304
916582.2088723304
916582.2088723304
916582.2088723304
916582.2088723304
916582.2088723304
916582.2088723304
916582.2088723304
916582.2088723304
916582.2088723304
916582.2088723304
916582.2088723304
916361.0349985892
916361.0349985892
916361.0349985892
916361.0349985892
916361.0349985892
916073.6971652901
916073.6971652901
916073.6971652901
916073.6971652901
916010.9497982997
916010.9497982997
916010.9497982997
916010.9497982997
916010.9497982997
916010.9497982997
916010.9497982997
916010.9497982997
915853.4333202724
915853.4333202724
915674.8893051553
915674.8893051553
915642.9430734827
915642.9430734827
915642.9430734827
915642.9430734827
915642.9430734827
915642.9430734827
915642.9430734827
915438.6149998169
915438.6149998169
915438.6149998169
915438.6149998169
915438.6149998169
915438.6149998169
915438.6149998169
915438.6149998169
915438.6149998169
915438.6149998169
915438.6149998169
915438.6149998169
915438.6149998169
915243.030592051
915243.030592051
915243.030592051
915162.6489748778
915162.6489748778
915162.6489748778
915162.6489748778
915087.9313393158
915087.9313393158
915087.9313393158
915087.9313393158
915087.9313393158
915087.9313393158
914413.0042266117
914413.0042266117
914413.0042266117
914413.0042266117
914413.0042266117
913919.5866089866
913888.344609248
913888.344609248
913888.344609248
913888.344609248
913888.344609248
913888.344609248
913888.344609248
913869.4640124892
913727.2046169434
913727.2046169434
913727.2046169434
913727.2046169434
913397.0724771277
913397.0724771277
913397.0724771277
913397.0724771277
913397.0724771277
913397.0724771277
913397.0724771277
913397.0724771277
913397.0724771277
913397.0724771277
913397.0724771277
913397.0724771277
913397.0724771277
913397.0724771277
913397.0724771277
913397.0724771277
913397.0724771277
913124.5983307816
913110.7056581189
913110.7056581189
913110.7056581189
913110.7056581189
913110.7056581189
912761.0155819223
912761.0155819223
912761.0155819223
912761.0155819223
912761.0155819223
912458.0765426031
912458.0765426031
912458.0765426031
912458.0765426031
912071.9299852742
912071.9299852742
912071.9299852742
911601.9855166797
911601.9855166797
911444.0825639088
911444.0825639088
911444.0825639088
911444.0825639088
911444.0825639088
911444.0825639088
911416.8090554716
911416.8090554716
911416.8090554716
911416.8090554716
911416.8090554716
911400.0222650284
911368.880484162
911368.880484162
911368.880484162
911368.880484162
911099.4475751936
911099.4475751936
911099.4475751936
910712.9930585464
910420.0013044998
910420.0013044998
910420.0013044998
910420.0013044998
910420.0013044998
909812.9579496507
909812.9579496507
909539.698048877
909539.698048877
909467.7032812333
909467.7032812333
909467.7032812333
909467.7032812333
909467.7032812333
909467.7032812333
909373.6710335691
909373.6710335691
909373.6710335691
909373.6710335691
909105.5540516663
909105.5540516663
908041.2336142636
908041.2336142636
908041.2336142636
907728.7095266924
907728.7095266924
907728.7095266924
907728.7095266924
907728.7095266924
907728.7095266924
907366.5097843846
907366.5097843846
907366.5097843846
907366.5097843846
907366.5097843846
907366.5097843846
907366.5097843846
907366.5097843846
907366.5097843846
907366.5097843846
907366.5097843846
907366.5097843846
907366.5097843846
907366.5097843846
907366.5097843846
907366.5097843846
907366.5097843846
907225.8164751942
907225.8164751942
907225.8164751942
907225.8164751942
907225.8164751942
907225.8164751942
907225.8164751942
907225.8164751942
907225.8164751942
907225.8164751942
907225.8164751942
907225.8164751942
907225.8164751942
907225.8164751942
907225.8164751942
907225.8164751942
907225.8164751942
907225.8164751942
907225.8164751942
906149.4293581084
906111.6500105475
905986.3744683121
905453.1298338904
905453.1298338904
905453.1298338904
905453.1298338904
905398.8175410631
905398.8175410631
905398.8175410631
905398.8175410631
905378.4952958149
905378.4952958149
905273.1293839507
905273.1293839507
905214.193651583
904838.1447133739
904838.1447133739
904838.1447133739
904838.1447133739
904838.1447133739
904838.1447133739
904838.1447133739
904838.1447133739
904838.1447133739
904838.1447133739
904838.1447133739
904838.1447133739
904838.1447133739
904593.0581405419
904593.0581405419
904593.0581405419
904593.0581405419
904593.0581405419
904593.0581405419
904593.0581405419
904593.0581405419
904593.0581405419
904593.0581405419
904593.0581405419
904593.0581405419
904593.0581405419
904593.0581405419
904593.0581405419
904593.0581405419
904593.0581405419
903655.6980748205
903655.6980748205
903655.6980748205
903598.9034676044
903430.0845245029
903430.0845245029
903377.6617322682
903377.6617322682
903377.6617322682
902730.5994307781
902730.5994307781
902730.5994307781
902341.782255682
902341.782255682
902341.782255682
902341.782255682
902341.782255682
902341.782255682
902341.782255682
902323.9742535043
902323.9742535043
902323.9742535043
902323.9742535043
901943.5978486354
901681.464112365
901681.464112365
901681.464112365
901118.1755055499
901118.1755055499
901118.1755055499
901118.1755055499
901118.1755055499
901118.1755055499
901118.1755055499
901118.1755055499
901118.1755055499
901118.1755055499
901118.1755055499
901118.1755055499
901118.1755055499
901118.1755055499
901118.1755055499
901118.1755055499
900964.3763873081
900152.0611904801
900152.0611904801
900152.0611904801
900152.0611904801
900152.0611904801
900152.0611904801
900152.0611904801
900152.0611904801
900152.0611904801
900152.0611904801
900152.0611904801
900152.0611904801
899771.7027640387
899771.7027640387
899771.7027640387
899771.7027640387
899771.7027640387
899490.0108452475
899373.036443128
899373.036443128
899373.036443128
899373.036443128
899358.8524261748
899358.8524261748
899250.687825101
899250.687825101
899023.800610084
898873.9296737234
898549.6153882082
898491.0296240707
898491.0296240707
898491.0296240707
898491.0296240707
898477.4407294971
898477.4407294971
898477.4407294971
898477.4407294971
898477.4407294971
898477.4407294971
898477.4407294971
898477.4407294971
898477.4407294971
898477.4407294971
898477.4407294971
898477.4407294971
898477.4407294971
898477.4407294971
898477.4407294971
898477.4407294971
898477.4407294971
898477.4407294971
898477.4407294971
898311.1882416431
898311.1882416431
898150.910766724
898150.910766724
898150.910766724
897884.6957520139
897884.6957520139
897884.6957520139
897884.6957520139
897884.6957520139
897884.6957520139
897884.6957520139
897884.6957520139
897884.6957520139
897884.6957520139
897884.6957520139
897884.6957520139
897884.6957520139
897260.0564906644
897260.0564906644
897260.0564906644
897260.0564906644
897260.0564906644
897140.320416526
897140.320416526
897032.4919050771
896783.8348357899
896783.8348357899
896783.8348357899
896783.8348357899
896783.2969529271
896783.2969529271
896783.2969529271
896783.2969529271
896664.0275718231
896499.8336058107
896499.8336058107
896499.8336058107
896352.9010122706
896352.9010122706
896352.9010122706
896352.9010122706
896352.9010122706
896352.9010122706
896252.7239272418
895848.4863338952
895848.4863338952
895848.4863338952
895848.4863338952
895848.4863338952
895848.4863338952
895780.127623931
895780.127623931
895645.1749586702
895282.6601996877
895282.6601996877
895282.6601996877
895282.6601996877
895282.6601996877
895282.6601996877
895250.6363878525
895250.6363878525
895250.6363878525
895250.6363878525
895140.8884066347
894803.6093339343
894803.6093339343
894803.6093339343
894803.6093339343
894803.6093339343
894803.6093339343
894803.6093339343
894803.6093339343
894803.6093339343
894803.6093339343
894803.6093339343
894803.6093339343
894803.6093339343
894803.6093339343
894803.6093339343
893790.0877617971
893283.8530140973
893283.8530140973
893283.8530140973
893283.8530140973
893283.8530140973
893283.8530140973
893283.8530140973
892944.5345798266
892944.5345798266
892944.5345798266
892944.5345798266
892944.5345798266
892944.5345798266
892944.5345798266
892944.5345798266
892944.5345798266
892944.5345798266
892944.5345798266
892639.9367805438
892639.9367805438
892639.9367805438
892639.9367805438
892639.9367805438
892639.9367805438
892639.9367805438
892639.9367805438
892639.9367805438
892639.9367805438
892639.9367805438
892639.9367805438
892639.9367805438
892639.9367805438
892633.3532542831
892633.3532542831
892633.3532542831
892527.9379243485
892527.9379243485
892527.9379243485
892527.9379243485
892527.9379243485
892527.9379243485
892527.9379243485
892527.9379243485
892527.9379243485
892256.764492742
892256.764492742
892256.764492742
891105.0724157928
891034.5612809455
891034.5612809455
891034.5612809455
890562.0134278837
890562.0134278837
890562.0134278837
890440.8652874711
890071.8907724171
890071.8907724171
890071.8907724171
890071.8907724171
889716.9086688218
889135.5987850081
889135.5987850081
889135.5987850081
889135.5987850081
889135.5987850081
889135.5987850081
888722.3897061206
888722.3897061206
888278.916379322
888167.7439240373
887845.5436123785
887845.5436123785
887845.5436123785
887845.5436123785
887845.5436123785
887845.5436123785
887845.5436123785
887845.5436123785
887845.5436123785
887845.5436123785
887845.5436123785
887845.5436123785
887845.5436123785
887639.6461785326
887639.6461785326
887639.6461785326
887638.3701670822
887638.3701670822
887289.3151504663
887289.3151504663
887289.3151504663
887289.3151504663
887289.3151504663
887289.3151504663
887191.7781275255
887191.7781275255
887191.7781275255
887050.155681674
887050.155681674
887050.155681674
887050.155681674
887050.155681674
886232.9739820496
886232.9739820496
886232.9739820496
886232.9739820496
886232.9739820496
886232.9739820496
886232.9739820496
884991.026654884
884991.026654884
884991.026654884
884991.026654884
884991.026654884
884991.026654884
884991.026654884
884991.026654884
884991.026654884
884991.026654884
884938.6784296217
884938.6784296217
884082.7473510373
884082.7473510373
884082.7473510373
884082.7473510373
884082.7473510373
884082.7473510373
884082.7473510373
884082.7473510373
884082.7473510373
884082.7473510373
884082.7473510373
884082.7473510373
884082.7473510373
884082.7473510373
883694.075468172
883694.075468172
883584.2762703551
882781.7177919468
882781.7177919468
882781.7177919468
882623.0549452485
882623.0549452485
882623.0549452485
882623.0549452485
882623.0549452485
882623.0549452485
882623.0549452485
882623.0549452485
882623.0549452485
882623.0549452485
882623.0549452485
882623.0549452485
882623.0549452485
882623.0549452485
882591.0797319838
882591.0797319838
882318.1226479947
882318.1226479947
882318.1226479947
882318.1226479947
882318.1226479947
881440.3948043326
881185.2224147017
881185.2224147017
881185.2224147017
881185.2224147017
881185.2224147017
881185.2224147017
881185.2224147017
881185.2224147017
881185.2224147017
881075.5796901439
881075.5796901439
881075.5796901439
881075.5796901439
881075.5796901439
881075.5796901439
881075.5796901439
881075.5796901439
881075.5796901439
881075.5796901439
881075.5796901439
881075.5796901439
881075.5796901439
881075.5796901439
881075.5796901439
881075.5796901439
881075.5796901439
881075.5796901439
881075.5796901439
881075.5796901439
881075.5796901439
880878.9250561846
880878.9250561846
880878.9250561846
880878.9250561846
880878.9250561846
880878.9250561846
880878.9250561846
880804.0459015765
880804.0459015765
880804.0459015765
880804.0459015765
880804.0459015765
880804.0459015765
880804.0459015765
880804.0459015765
880804.0459015765
880804.0459015765
880804.0459015765
880530.3618935478
880530.3618935478
880530.3618935478
880353.28272904
880240.0078059462
880240.0078059462
880240.0078059462
880240.0078059462
880240.0078059462
880107.666652006
880107.666652006
880107.666652006
880107.666652006
880107.666652006
880107.666652006
879902.7887625396
879827.4696876861
879827.4696876861
879803.3125822186
879437.1601584362
879437.1601584362
879437.1601584362
879437.1601584362
879437.1601584362
879437.1601584362
879437.1601584362
879437.1601584362
879437.1601584362
879437.1601584362
879437.1601584362
879109.1339664955
879109.1339664955
879109.1339664955
879109.1339664955
878008.4019242967
878008.4019242967
878008.4019242967
878008.4019242967
878008.4019242967
878008.4019242967
877894.9558403664
877894.9558403664
877894.9558403664
877894.9558403664
877894.9558403664
877894.9558403664
877894.9558403664
877894.9558403664
877894.9558403664
877894.9558403664
877894.9558403664
877894.9558403664
877894.9558403664
877894.9558403664
877894.9558403664
877766.8183670139
877766.8183670139
877766.8183670139
877766.8183670139
877766.8183670139
877576.7820666329
877576.7820666329
877576.7820666329
877576.7820666329
877576.7820666329
877576.7820666329
877576.7820666329
877576.7820666329
877576.7820666329
877576.7820666329
877332.736114042
877332.736114042
877332.736114042
877332.736114042
877332.736114042
877332.736114042
877332.736114042
877082.2583974653
877082.2583974653
877082.2583974653
877082.2583974653
877082.2583974653
877082.2583974653
876980.5709401241
876980.5709401241
876980.5709401241
876980.5709401241
876980.5709401241
876162.6816393873
876162.6816393873
876162.6816393873
875844.7180726789
875789.380713301
875789.380713301
875789.380713301
875789.380713301
875789.380713301
875789.380713301
875789.380713301
875789.380713301
875789.380713301
875789.380713301
875573.4587526862
875381.4011156966
875381.4011156966
875381.4011156966
875381.4011156966
875381.4011156966
875381.4011156966
875381.4011156966
875381.4011156966
875381.4011156966
875381.4011156966
875381.4011156966
875254.1820174274
875254.1820174274
875254.1820174274
875000.5634125372
875000.5634125372
875000.5634125372
875000.5634125372
875000.5634125372
874972.3597405949
874972.3597405949
874972.3597405949
874972.3597405949
874972.3597405949
874972.3597405949
874972.3597405949
874972.3597405949
874972.3597405949
874972.3597405949
874972.3597405949
874972.3597405949
874972.3597405949
874972.3597405949
874972.3597405949
874972.3597405949
874972.3597405949
874972.3597405949
874972.3597405949
874858.7994984923
874858.7994984923
874858.7994984923
874373.6280246279
874373.6280246279
874373.6280246279
873613.2988601204
873613.2988601204
873613.2988601204
873613.2988601204
873613.2988601204
873613.2988601204
873613.2988601204
873613.2988601204
873348.5523470205
873348.5523470205
873348.5523470205
873348.5523470205
873348.5523470205
873348.5523470205
873348.5523470205
873297.3193156528
873297.3193156528
873297.3193156528
873297.3193156528
873297.3193156528
873297.3193156528
873297.3193156528
873297.3193156528
873297.3193156528
873297.3193156528
873297.3193156528
873297.3193156528
873297.3193156528
873297.3193156528
872796.1251479392
872796.1251479392
872796.1251479392
872796.1251479392
872796.1251479392
872796.1251479392
872796.1251479392
872796.1251479392
872796.1251479392
872796.1251479392
872796.1251479392
872354.4876618484
872354.4876618484
871801.4352447981
871801.4352447981
871801.4352447981
871801.4352447981
871801.4352447981
871801.4352447981
871801.4352447981
871801.4352447981
871801.4352447981
871801.4352447981
871173.2078818532
871173.2078818532
871173.2078818532
871173.2078818532
870886.4720206129
870886.4720206129
870886.4720206129
870886.4720206129
870886.4720206129
870886.4720206129
870886.4720206129
870886.4720206129
870886.4720206129
870864.2419963621
870864.2419963621
870864.2419963621
870864.2419963621
870864.2419963621
870864.2419963621
870630.0406739812
870630.0406739812
870630.0406739812
870630.0406739812
870630.0406739812
870630.0406739812
870224.0881188093
870224.0881188093
870224.0881188093
870224.0881188093
870224.0881188093
870224.0881188093
870224.0881188093
870224.0881188093
870224.0881188093
870224.0881188093
870184.649662436
870184.649662436
870184.649662436
870184.649662436
870184.649662436
870040.9016574435
870040.9016574435
870040.9016574435
870040.9016574435
869792.8025357816
869646.7927329473
869646.7927329473
869646.7927329473
869646.7927329473
868552.1836325321
868552.1836325321
868552.1836325321
868552.1836325321
868419.4007100821
868419.4007100821
868419.4007100821
868419.4007100821
868419.4007100821
868419.4007100821
868419.4007100821
868419.4007100821
868419.4007100821
868419.4007100821
868419.4007100821
868200.4098488467
868200.4098488467
868200.4098488467
868200.4098488467
868200.4098488467
868200.4098488467
868200.4098488467
868200.4098488467
868200.4098488467
868200.4098488467
868200.4098488467
868200.4098488467
868200.4098488467
868200.4098488467
868200.4098488467
868200.4098488467
868200.4098488467
868200.4098488467
868200.4098488467
867357.2695134939
867357.2695134939
867357.2695134939
867357.2695134939
867357.2695134939
867357.2695134939
867357.2695134939
867357.2695134939
867357.2695134939
866513.3107285067
866513.3107285067
866513.3107285067
866458.2219821806
866458.2219821806
865301.6559259449
865301.6559259449
865301.6559259449
865279.2461194508
865249.3417893515
865148.4991524599
864207.4532620267
864207.4532620267
864207.4532620267
864207.4532620267
864207.4532620267
864207.4532620267
864207.4532620267
864207.4532620267
864207.4532620267
864207.4532620267
864207.4532620267
864207.4532620267
864143.1010454972
864143.1010454972
864143.1010454972
864143.1010454972
864143.1010454972
864143.1010454972
864143.1010454972
864143.1010454972
864143.1010454972
864143.1010454972
864143.1010454972
864143.1010454972
864143.1010454972
864143.1010454972
864143.1010454972
863653.1447835652
863653.1447835652
863653.1447835652
863653.1447835652
863653.1447835652
863653.1447835652
863653.1447835652
863653.1447835652
863653.1447835652
863653.1447835652
863653.1447835652
863609.0105341994
863609.0105341994
863609.0105341994
863609.0105341994
863609.0105341994
863609.0105341994
863609.0105341994
863609.0105341994
863609.0105341994
863609.0105341994
863609.0105341994
863609.0105341994
863609.0105341994
863609.0105341994
863609.0105341994
863609.0105341994
863609.0105341994
863609.0105341994
863609.0105341994
863609.0105341994
863609.0105341994
863609.0105341994
863609.0105341994
863609.0105341994
863609.0105341994
863609.0105341994
863609.0105341994
863609.0105341994
863609.0105341994
863609.0105341994
861712.1547448295
861712.1547448295
861712.1547448295
861712.1547448295
861712.1547448295
861712.1547448295
861712.1547448295
861712.1547448295
861130.6384952168
861130.6384952168
861130.6384952168
861130.6384952168
861130.6384952168
861130.6384952168
861130.6384952168
861130.6384952168
861130.6384952168
861130.6384952168
861130.6384952168
860747.8929347215
860747.8929347215
860747.8929347215
860399.4121318962
860399.4121318962
860399.4121318962
860399.4121318962
860399.4121318962
860399.4121318962
860399.4121318962
860399.4121318962
860399.4121318962
860399.4121318962
859632.8673651855
859632.8673651855
859632.8673651855
859632.8673651855
859632.8673651855
859632.8673651855
859574.8013679341
858048.2059858545
858048.2059858545
858048.2059858545
858048.2059858545
858048.2059858545
858048.2059858545
858048.2059858545
858048.2059858545
858048.2059858545
858048.2059858545
858048.2059858545
858048.2059858545
858048.2059858545
858048.2059858545
858048.2059858545
858048.2059858545
857910.5968141635
857889.4759141018
857889.4759141018
857889.4759141018
857889.4759141018
857889.4759141018
857889.4759141018
857450.5422557833
857450.5422557833
857450.5422557833
857450.5422557833
857450.5422557833
857450.5422557833
856424.5160584636
856424.5160584636
856424.5160584636
856424.5160584636
856424.5160584636
856420.0010745042
856420.0010745042
856420.0010745042
856171.6619432094
856171.6619432094
856171.6619432094
856171.6619432094
856171.6619432094
856072.0199601809
856072.0199601809
856072.0199601809
856072.0199601809
856072.0199601809
855804.0206793227
855804.0206793227
855804.0206793227
855804.0206793227
855804.0206793227
855804.0206793227
855683.6730484467
855683.6730484467
855683.6730484467
855683.6730484467
855683.6730484467
855683.6730484467
855683.6730484467
855683.6730484467
855683.6730484467
855683.6730484467
855683.6730484467
855683.6730484467
855683.6730484467
855683.6730484467
855683.6730484467
855683.6730484467
855683.6730484467
855683.6730484467
855683.6730484467
855683.6730484467
855683.6730484467
855683.6730484467
855499.0251656492
855499.0251656492
855499.0251656492
855499.0251656492
855499.0251656492
855499.0251656492
855499.0251656492
855490.2246100182
855490.2246100182
855490.2246100182
854734.8312648991
854734.8312648991
854734.8312648991
854734.8312648991
854673.0932278805
854673.0932278805
854673.0932278805
853218.870395679
853214.3142613843
853214.3142613843
853214.3142613843
853214.3142613843
853214.3142613843
853214.3142613843
853143.3365844671
852943.7170660662
852943.7170660662
852943.7170660662
852943.7170660662
852943.7170660662
852943.7170660662
852943.7170660662
851717.00186444
851717.00186444
851717.00186444
851717.00186444
851717.00186444
851717.00186444
851717.00186444
851717.00186444
851717.00186444
851717.00186444
851717.00186444
851717.00186444
851717.00186444
851717.00186444
851717.00186444
851717.00186444
851648.9751561969
851648.9751561969
851648.9751561969
851648.9751561969
851648.9751561969
851648.9751561969
851648.9751561969
851648.9751561969
851648.9751561969
851648.9751561969
851648.9751561969
851648.9751561969
851648.9751561969
851648.9751561969
851648.9751561969
851648.9751561969
851648.9751561969
851505.7909184857
851505.7909184857
851505.7909184857
851505.7909184857
851505.7909184857
851505.7909184857
851505.7909184857
851505.7909184857
851505.7909184857
851505.7909184857
851505.7909184857
851505.7909184857
851505.7909184857
851505.7909184857
850994.9676188575
850977.8811911085
850540.9863215376
850540.9863215376
850477.7489041481
850477.7489041481
850477.7489041481
850477.7489041481
850477.7489041481
850477.7489041481
850477.7489041481
850477.7489041481
850477.7489041481
850477.7489041481
850477.7489041481
850477.7489041481
850477.7489041481
850346.0237042373
850346.0237042373
850346.0237042373
850346.0237042373
850346.0237042373
850346.0237042373
850346.0237042373
850346.0237042373
850346.0237042373
850346.0237042373
850346.0237042373
850346.0237042373
850346.0237042373
850346.0237042373
850346.0237042373
850346.0237042373
849745.1491664837
849210.9440810402
849210.9440810402
849210.9440810402
849210.9440810402
849210.9440810402
849210.9440810402
849210.9440810402
849210.9440810402
849210.9440810402
849210.9440810402
849210.9440810402
849210.9440810402
849210.9440810402
849210.9440810402
849210.9440810402
849210.9440810402
849210.9440810402
849210.9440810402
849210.9440810402
849210.9440810402
848552.5774007738
848552.5774007738
848552.5774007738
848552.5774007738
848552.5774007738
848552.5774007738
848552.5774007738
848552.5774007738
848552.5774007738
848552.5774007738
848552.5774007738
848552.5774007738
848552.5774007738
848404.2329788886
848404.2329788886
848404.2329788886
848404.2329788886
848404.2329788886
848404.2329788886
848404.2329788886
848404.2329788886
848404.2329788886
848404.2329788886
848404.2329788886
848404.2329788886
848404.2329788886
848404.2329788886
848404.2329788886
848404.2329788886
848404.2329788886
848404.2329788886
848404.2329788886
848404.2329788886
848404.2329788886
847910.3562699589
847910.3562699589
847910.3562699589
847910.3562699589
847910.3562699589
847910.3562699589
847910.3562699589
847910.3562699589
847910.3562699589
847910.3562699589
847910.3562699589
847399.5296932654
847399.5296932654
847399.5296932654
847399.5296932654
847399.5296932654
847399.5296932654
846965.7164746963
846965.7164746963
846965.7164746963
846965.7164746963
846901.6180027458
846828.0786858795
846828.0786858795
846828.0786858795
846828.0786858795
846828.0786858795
846828.0786858795
846828.0786858795
846828.0786858795
846828.0786858795
846828.0786858795
846828.0786858795
846828.0786858795
846828.0786858795
846182.577674994
845897.3881024602
845897.3881024602
845897.3881024602
845897.3881024602
845897.3881024602
845331.728652941
845331.728652941
845331.728652941
845331.728652941
845331.728652941
845331.728652941
845331.728652941
845331.728652941
844931.6472529842
844931.6472529842
844931.6472529842
844931.6472529842
844931.6472529842
844931.6472529842
844931.6472529842
844931.6472529842
844931.6472529842
844931.6472529842
844931.6472529842
844931.6472529842
844602.0564339396
844602.0564339396
844602.0564339396
844602.0564339396
844244.714326443
844244.714326443
844244.714326443
844244.714326443
844244.714326443
844244.714326443
844244.714326443
844244.714326443
844244.714326443
844244.714326443
844244.714326443
843928.432301892
843928.432301892
843928.432301892
843928.432301892
843928.432301892
843928.432301892
843928.432301892
843928.432301892
843928.432301892
843928.432301892
843928.432301892
843928.432301892
843928.432301892
843532.6127766283
843532.6127766283
843532.6127766283
843532.6127766283
843532.6127766283
843532.6127766283
843532.6127766283
843532.6127766283
843532.6127766283
843532.6127766283
843532.6127766283
843532.6127766283
843532.6127766283
843532.6127766283
843532.6127766283
843532.6127766283
843235.3270322673
843235.3270322673
843235.3270322673
843235.3270322673
843235.3270322673
843235.3270322673
843235.3270322673
843235.3270322673
843235.3270322673
843235.3270322673
843235.3270322673
843235.3270322673
843235.3270322673
843220.163667534
843220.163667534
843220.163667534
843220.163667534
843220.163667534
843220.163667534
843220.163667534
843220.163667534
843220.163667534
843220.163667534
843220.163667534
841872.2786781319
841872.2786781319
841872.2786781319
841872.2786781319
841872.2786781319
841872.2786781319
841872.2786781319
841872.2786781319
841872.2786781319
841637.7834215893
841637.7834215893
841637.7834215893
840856.1845473209
840856.1845473209
840856.1845473209
840856.1845473209
840796.6522068927
840796.6522068927
840599.2497480577
840599.2497480577
840599.2497480577
840599.2497480577
840599.2497480577
840599.2497480577
840599.2497480577
840599.2497480577
840599.2497480577
840599.2497480577
840599.2497480577
840599.2497480577
840599.2497480577
840599.2497480577
840599.2497480577
840599.2497480577
840599.2497480577
840599.2497480577
840599.2497480577
840599.2497480577
840599.2497480577
840070.3590466082
840070.3590466082
840070.3590466082
840070.3590466082
839165.9384055012
839165.9384055012
839165.9384055012
839165.9384055012
839165.9384055012
839165.9384055012
839165.9384055012
839165.9384055012
839165.9384055012
839014.7370499502
839014.7370499502
839014.7370499502
839014.7370499502
839014.7370499502
839014.7370499502
839014.7370499502
839014.7370499502
839014.7370499502
839014.7370499502
839014.7370499502
839014.7370499502
839014.7370499502
838823.7949650211
838823.7949650211
838823.7949650211
838823.7949650211
838823.7949650211
838823.7949650211
838754.1785179424
838754.1785179424
838752.7345167845
838752.7345167845
838752.7345167845
838752.7345167845
838752.7345167845
838752.7345167845
838752.7345167845
838752.7345167845
838752.7345167845
838752.7345167845
838752.7345167845
838752.7345167845
838752.7345167845
838752.7345167845
838752.7345167845
838752.7345167845
838752.7345167845
838752.7345167845
838579.1973305726
838579.1973305726
838579.1973305726
838579.1973305726
838579.1973305726
838579.1973305726
838579.1973305726
838579.1973305726
838579.1973305726
838579.1973305726
838579.1973305726
838579.1973305726
838579.1973305726
838579.1973305726
838579.1973305726
838579.1973305726
838579.1973305726
838579.1973305726
838579.1973305726
838579.1973305726
838579.1973305726
838579.1973305726
838579.1973305726
838579.1973305726
838579.1973305726
838579.1973305726
838579.1973305726
838579.1973305726
838579.1973305726
838579.1973305726
838579.1973305726
838579.1973305726
838579.1973305726
838579.1973305726
838579.1973305726
838579.1973305726
838537.5914822445
838537.5914822445
838537.5914822445
838537.5914822445
838537.5914822445
838537.5914822445
838537.5914822445
838537.5914822445
838537.5914822445
838537.5914822445
838537.5914822445
838537.5914822445
838537.5914822445
838537.5914822445
838537.5914822445
838389.4344052488
838389.4344052488
838389.4344052488
838389.4344052488
838389.4344052488
838389.4344052488
838389.4344052488
838389.4344052488
838389.4344052488
838389.4344052488
837942.9292581098
837942.9292581098
837942.9292581098
837942.9292581098
837942.9292581098
837942.9292581098
837942.9292581098
837942.9292581098
837942.9292581098
837942.9292581098
837942.9292581098
837942.9292581098
837942.9292581098
837942.9292581098
837942.9292581098
837942.9292581098
837942.9292581098
837942.9292581098
837914.315750854
837914.315750854
837914.315750854
837914.315750854
837914.315750854
837914.315750854
837914.315750854
837812.8831093026
837812.8831093026
837812.8831093026
837812.8831093026
837812.8831093026
837812.8831093026
837812.8831093026
837812.8831093026
837812.8831093026
837812.8831093026
837812.8831093026
837812.8831093026
837812.8831093026
837812.8831093026
837812.8831093026
837812.8831093026
837812.8831093026
837812.8831093026
837812.8831093026
837667.7813051842
837667.7813051842
837667.7813051842
837667.7813051842
837667.7813051842
837656.7298227961
837656.7298227961
837656.7298227961
837656.7298227961
837656.7298227961
837656.7298227961
837656.7298227961
837656.7298227961
837372.2284840707
837372.2284840707
837372.2284840707
837372.2284840707
837372.2284840707
837372.2284840707
837372.2284840707
837372.2284840707
837372.2284840707
837217.1437548206
837217.1437548206
837217.1437548206
837217.1437548206
837217.1437548206
837217.1437548206
837217.1437548206
837217.1437548206
837217.1437548206
837217.1437548206
837217.1437548206
837217.1437548206
837217.1437548206
837217.1437548206
837217.1437548206
837217.1437548206
837217.1437548206
837217.1437548206
837217.1437548206
837217.1437548206
837217.1437548206
837217.1437548206
836891.7236853865
836891.7236853865
836891.7236853865
836891.7236853865
836891.7236853865
836891.7236853865
836891.7236853865
836786.4326813633
836786.4326813633
836786.4326813633
836786.4326813633
836786.4326813633
836786.4326813633
836786.4326813633
836786.4326813633
836786.4326813633
836677.5141838259
836677.5141838259
836677.5141838259
836677.5141838259
836677.5141838259
836677.5141838259
836677.5141838259
836677.5141838259
836677.5141838259
836524.2467562044
836524.2467562044
836524.2467562044
836524.2467562044
836524.2467562044
836522.3527264611
836522.3527264611
836522.3527264611
836522.3527264611
836522.3527264611
836522.3527264611
836522.3527264611
836522.3527264611
836522.3527264611
836522.3527264611
836522.3527264611
836522.3527264611
836522.3527264611
836522.3527264611
836522.3527264611
836522.3527264611
836522.3527264611
836512.7471772514
836512.7471772514
836512.7471772514
836512.7471772514
836512.7471772514
836512.7471772514
836512.7471772514
836512.7471772514
836512.7471772514
836512.7471772514
836512.7471772514
836512.7471772514
836512.7471772514
836512.7471772514
836512.7471772514
836512.7471772514
836512.7471772514
836512.7471772514
836512.7471772514
836512.7471772514
836512.7471772514
836512.7471772514
836512.7471772514
836512.7471772514
836512.7471772514
836512.7471772514
836512.7471772514
836512.7471772514
836512.7471772514
836512.7471772514
836512.7471772514
836512.7471772514
836512.7471772514
836512.7471772514
836512.7471772514
836512.7471772514
836447.6853096186
836447.6853096186
836447.6853096186
836447.6853096186
836447.6853096186
836447.6853096186
836150.0683126962
836150.0683126962
836150.0683126962
836150.0683126962
836150.0683126962
836150.0683126962
836150.0683126962
836150.0683126962
836150.0683126962
836150.0683126962
836150.0683126962
836150.0683126962
836150.0683126962
836150.0683126962
836150.0683126962
835934.6438010205
835934.6438010205
835934.6438010205
835934.6438010205
835934.6438010205
835934.6438010205
835934.6438010205
835934.6438010205
835820.8777568557
835820.8777568557
835546.3074522151
835546.3074522151
835546.3074522151
835288.8732539399
835288.8732539399
835288.8732539399
835288.8732539399
835288.8732539399
835288.8732539399
835288.8732539399
835288.8732539399
835288.8732539399
835288.8732539399
835288.8732539399
834705.4362475364
834705.4362475364
834705.4362475364
834705.4362475364
834681.1676821394
834673.2944916744
834673.2944916744
834673.2944916744
834673.2944916744
834424.777709122
834424.777709122
834358.2823495964
834358.2823495964
834358.2823495964
834358.2823495964
834358.2823495964
834358.2823495964
834358.2823495964
834358.2823495964
834358.2823495964
834358.2823495964
834358.2823495964
834358.2823495964
834358.2823495964
834358.2823495964
834358.2823495964
834358.2823495964
834358.2823495964
834358.2823495964
834358.2823495964
833988.9216912002
833988.9216912002
833988.9216912002
833988.9216912002
833988.9216912002
833988.9216912002
833988.9216912002
833988.9216912002
833988.9216912002
833778.1976007441
833778.1976007441
833778.1976007441
833778.1976007441
833778.1976007441
833778.1976007441
833778.1976007441
833778.1976007441
833778.1976007441
833778.1976007441
833778.1976007441
833778.1976007441
833778.1976007441
833778.1976007441
833778.1976007441
833778.1976007441
833778.1976007441
833778.1976007441
833702.2771145068
833702.2771145068
833702.2771145068
833702.2771145068
833702.2771145068
833681.7412376322
833681.7412376322
833681.7412376322
833681.7412376322
833681.7412376322
833681.7412376322
833681.7412376322
833681.7412376322
833681.7412376322
833681.7412376322
833681.7412376322
833681.7412376322
833681.7412376322
833681.7412376322
833681.7412376322
833681.7412376322
833681.7412376322
833681.7412376322
833681.7412376322
833662.4922125491
833662.4922125491
833662.4922125491
833521.8494181798
833521.8494181798
833521.8494181798
833521.8494181798
833515.1093168838
833515.1093168838
833379.9276180496
833379.9276180496
833379.9276180496
833379.9276180496
833379.9276180496
833379.9276180496
833379.9276180496
833379.9276180496
833379.9276180496
833379.9276180496
833379.9276180496
833379.9276180496
833379.9276180496
833379.9276180496
833379.9276180496
833379.9276180496
833379.9276180496
833379.9276180496
833379.9276180496
833379.9276180496
833379.9276180496
833379.9276180496
833379.9276180496
833379.9276180496
833379.9276180496
833379.9276180496
833379.9276180496
833379.9276180496
833379.9276180496
833379.9276180496
833379.9276180496
833379.9276180496
833379.9276180496
833379.9276180496
833379.9276180496
833379.9276180496
833379.9276180496
833379.9276180496
833379.9276180496
833339.2401930636
833339.2401930636
833339.2401930636
833339.2401930636
833339.2401930636
833339.2401930636
833339.2401930636
833339.2401930636
833339.2401930636
833339.2401930636
833104.3324766291
833104.3324766291
833104.3324766291
832980.2610089851
832959.8240974379
832959.8240974379
832959.8240974379
832959.8240974379
832959.8240974379
832959.8240974379
832959.8240974379
832919.5643983447
832919.5643983447
832919.5643983447
832919.5643983447
832919.5643983447
832461.1679421314
832461.1679421314
832376.6991877832
832376.6991877832
832376.6991877832
832376.6991877832
832376.6991877832
832376.6991877832
832376.6991877832
832376.6991877832
832376.6991877832
832376.6991877832
832376.6991877832
832376.6991877832
832376.6991877832
831880.9910346216
831880.9910346216
831880.9910346216
831880.9910346216
831880.9910346216
831880.9910346216
831880.9910346216
831880.9910346216
831880.9910346216
831880.9910346216
831880.9910346216
831699.9559281996
831699.9559281996
831259.9820558946
831259.9820558946
831259.9820558946
831259.9820558946
831259.9820558946
831259.9820558946
831258.58161009
831213.0164376359
831213.0164376359
831213.0164376359
831170.5710612938
831170.5710612938
831170.5710612938
831170.5710612938
831126.4626626638
831126.4626626638
831126.4626626638
831126.4626626638
831126.4626626638
831126.4626626638
831126.4626626638
831126.4626626638
831126.4626626638
831126.4626626638
831126.4626626638
831126.4626626638
831126.4626626638
831126.4626626638
831126.4626626638
831126.4626626638
831126.4626626638
831126.4626626638
831126.4626626638
831126.4626626638
831126.4626626638
831126.4626626638
831126.4626626638
831126.4626626638
831126.4626626638
831126.4626626638
831126.4626626638
831112.1877100607
830805.0715919435
830805.0715919435
830805.0715919435
830805.0715919435
830805.0715919435
830805.0715919435
830805.0715919435
830756.8098324056
830756.8098324056
830690.5547198949
830690.5547198949
830690.5547198949
830690.5547198949
830690.5547198949
830690.5547198949
830690.5547198949
830690.5547198949
830690.5547198949
830690.5547198949
830690.5547198949
830690.5547198949
830690.5547198949
830690.5547198949
830690.5547198949
830690.5547198949
830690.5547198949
830488.5227066827
830130.4902969468
830130.4902969468
830130.4902969468
830130.4902969468
830130.4902969468
830130.4902969468
830130.4902969468
830130.4902969468
830130.4902969468
830130.4902969468
830130.4902969468
830130.4902969468
830130.4902969468
830130.4902969468
830130.4902969468
830130.4902969468
830130.4902969468
830130.4902969468
830130.4902969468
830130.4902969468
830130.4902969468
830130.4902969468
830130.4902969468
830130.4902969468
830130.4902969468
830130.4902969468
830130.4902969468
830001.6379146201
830001.6379146201
830001.6379146201
830001.6379146201
830001.6379146201
830001.6379146201
830001.6379146201
830001.6379146201
830001.6379146201
830001.6379146201
830001.6379146201
830001.6379146201
830001.6379146201
830001.6379146201
830001.6379146201
830001.6379146201
830001.6379146201
830001.6379146201
830001.6379146201
830001.6379146201
830001.6379146201
830001.6379146201
830001.6379146201
830001.6379146201
830001.6379146201
830001.6379146201
830001.6379146201
830001.6379146201
830001.6379146201
830001.6379146201
829530.5473673826
829530.5473673826
829530.5473673826
829530.5473673826
829250.64300571
829250.64300571
829250.64300571
829250.64300571
829250.64300571
829250.64300571
829250.64300571
829250.64300571
829250.64300571
829250.64300571
829250.64300571
829250.64300571
829250.64300571
829250.64300571
829250.64300571
829250.64300571
829250.64300571
829250.64300571
829250.64300571
829250.64300571
829250.64300571
829250.64300571
829250.64300571
829056.3852280087
829056.3852280087
829056.3852280087
829056.3852280087
828424.401031808
828424.401031808
828424.401031808
828424.401031808
828424.401031808
828424.401031808
828424.401031808
828424.401031808
828424.401031808
828424.401031808
828424.401031808
828424.401031808
828424.401031808
828424.401031808
828424.401031808
828172.4650586465
828172.4650586465
827066.6168950482
827066.6168950482
827066.6168950482
827066.6168950482
827066.6168950482
827066.6168950482
826888.72502175
826888.72502175
826888.72502175
826888.72502175
826888.72502175
826888.72502175
826888.72502175
826888.72502175
826888.72502175
826888.72502175
826888.72502175
826888.72502175
826888.72502175
826888.72502175
826888.72502175
826557.508523039
826052.580235986
826052.580235986
826052.580235986
826052.580235986
826052.580235986
825823.762023601
825823.762023601
825823.762023601
825823.762023601
825823.762023601
825823.762023601
825823.762023601
825823.762023601
825823.762023601
825823.762023601
825823.762023601
825823.762023601
825823.762023601
825823.762023601
825823.762023601
825823.762023601
825823.762023601
825823.762023601
825823.762023601
825823.762023601
825823.762023601
825823.762023601
825823.762023601
825823.762023601
825823.762023601
825823.762023601
825823.762023601
825823.762023601
825823.762023601
825823.762023601
825823.762023601
825823.762023601
825823.762023601
825823.762023601
825823.762023601
825823.762023601
825823.762023601
825823.762023601
825823.762023601
825823.762023601
825823.762023601
825823.762023601
825802.13264738
825802.13264738
825802.13264738
825802.13264738
825802.13264738
825802.13264738
825802.13264738
825802.13264738
825802.13264738
825802.13264738
825802.13264738
825802.13264738
825802.13264738
825802.13264738
825802.13264738
825757.1515602922
825757.1515602922
825757.1515602922
825757.1515602922
825757.1515602922
825757.1515602922
825757.1515602922
825757.1515602922
825757.1515602922
825757.1515602922
825757.1515602922
825757.1515602922
825757.1515602922
825729.527101895
825729.527101895
825729.527101895
825729.527101895
825729.527101895
825729.527101895
825729.527101895
825713.028645246
825713.028645246
825713.028645246
825713.028645246
825705.556932694
825705.556932694
825705.556932694
825705.556932694
825705.556932694
825705.556932694
825705.556932694
825705.556932694
825705.556932694
825705.556932694
825705.556932694
825705.556932694
825705.556932694
825705.556932694
825705.556932694
825705.556932694
825705.556932694
825386.6168092876
825386.6168092876
825386.6168092876
825386.6168092876
825386.6168092876
825386.6168092876
825386.6168092876
825386.6168092876
825386.6168092876
825386.6168092876
825386.6168092876
825386.6168092876
825057.5246608705
825057.5246608705
825057.5246608705
825057.5246608705
825057.5246608705
825057.5246608705
825057.5246608705
825057.5246608705
825057.5246608705
825057.5246608705
825057.5246608705
825057.5246608705
825057.5246608705
825057.5246608705
825057.5246608705
825057.5246608705
825057.5246608705
825057.5246608705
825057.5246608705
825057.5246608705
825057.5246608705
825057.5246608705
825057.5246608705
825057.5246608705
825057.5246608705
825057.5246608705
825057.5246608705
825057.5246608705
825057.5246608705
825057.5246608705
825057.5246608705
825057.5246608705
825057.5246608705
825057.5246608705
825057.5246608705
825057.5246608705
824429.9071530632
824429.9071530632
824429.9071530632
824429.9071530632
824429.9071530632
824429.9071530632
823891.5880307972
823891.5880307972
823891.5880307972
823891.5880307972
823891.5880307972
823891.5880307972
823891.5880307972
823891.5880307972
823891.5880307972
823891.5880307972
823891.5880307972
823737.601499846
823737.601499846
823737.601499846
823737.601499846
823737.601499846
823737.601499846
823737.601499846
823737.601499846
823737.601499846
823737.601499846
823737.601499846
823737.601499846
823737.601499846
823737.601499846
823737.601499846
823737.601499846
823737.601499846
823737.601499846
823737.601499846
823737.601499846
823737.601499846
823737.601499846
823698.1054814062
823698.1054814062
823698.1054814062
823698.1054814062
823698.1054814062
823698.1054814062
823698.1054814062
823578.0473107343
823578.0473107343
823578.0473107343
823578.0473107343
823578.0473107343
823578.0473107343
823578.0473107343
823578.0473107343
823578.0473107343
823578.0473107343
823578.0473107343
823578.0473107343
823578.0473107343
823578.0473107343
823578.0473107343
823578.0473107343
823578.0473107343
823578.0473107343
823578.0473107343
823578.0473107343
823578.0473107343
823578.0473107343
823578.0473107343
823578.0473107343
823578.0473107343
823578.0473107343
823578.0473107343
823578.0473107343
823578.0473107343
823578.0473107343
823578.0473107343
823578.0473107343
823578.0473107343
823578.0473107343
823578.0473107343
823578.0473107343
823578.0473107343
823578.0473107343
823578.0473107343
823578.0473107343
823578.0473107343
823578.0473107343
823578.0473107343
823578.0473107343
823578.0473107343
823578.0473107343
823234.0326467338
823234.0326467338
823234.0326467338
823101.5393052173
823101.5393052173
823101.5393052173
823101.5393052173
823101.5393052173
823101.5393052173
823101.5393052173
823101.5393052173
823101.5393052173
823101.5393052173
823101.5393052173
823101.5393052173
823101.5393052173
823101.5393052173
822738.2286814905
822492.8313388783
822492.8313388783
822492.8313388783
822492.8313388783
822492.8313388783
822492.8313388783
822492.8313388783
822492.8313388783
822492.8313388783
822492.8313388783
822492.8313388783
822492.8313388783
822492.8313388783
822492.8313388783
822492.8313388783
822492.8313388783
822492.8313388783
822492.8313388783
822492.8313388783
822492.8313388783
822492.8313388783
822492.8313388783
822492.8313388783
822492.8313388783
822492.8313388783
822492.8313388783
822492.8313388783
822492.8313388783
822492.8313388783
822492.8313388783
822492.8313388783
822492.8313388783
822086.2219841455
821944.0065202432
821944.0065202432
821888.1154271454
821888.1154271454
821888.1154271454
821888.1154271454
821888.1154271454
821774.385577243
821562.9923706907
821562.9923706907
821562.9923706907
821562.9923706907
821562.9923706907
821562.9923706907
821562.9923706907
821562.9923706907
821562.9923706907
821562.9923706907
821562.9923706907
821562.9923706907
821562.9923706907
821562.9923706907
821562.9923706907
821562.9923706907
821562.9923706907
821562.9923706907
821398.0194035647
821398.0194035647
821398.0194035647
821398.0194035647
821398.0194035647
821398.0194035647
821398.0194035647
821398.0194035647
821398.0194035647
821398.0194035647
821398.0194035647
821398.0194035647
821398.0194035647
821398.0194035647
821398.0194035647
821398.0194035647
821398.0194035647
821398.0194035647
821218.0219689491
821218.0219689491
821218.0219689491
821060.4435343813
821060.4435343813
821060.4435343813
821060.4435343813
821060.4435343813
821060.4435343813
820820.3139066822
820820.3139066822
820820.3139066822
820820.3139066822
820820.3139066822
820820.3139066822
820311.8552520843
820311.8552520843
820311.8552520843
820311.8552520843
820311.8552520843
820311.8552520843
820311.8552520843
820311.8552520843
820311.8552520843
820311.8552520843
820311.8552520843
820311.8552520843
820311.8552520843
820311.8552520843
820311.8552520843
820311.8552520843
820311.8552520843
820311.8552520843
819808.3417832622
819808.3417832622
819808.3417832622
819696.5484541599
819696.5484541599
819696.5484541599
819696.5484541599
819696.5484541599
819696.5484541599
819696.5484541599
819696.5484541599
819696.5484541599
819696.5484541599
819696.5484541599
819696.5484541599
819696.5484541599
819696.5484541599
819696.5484541599
819696.5484541599
819696.5484541599
819696.5484541599
819696.5484541599
819696.5484541599
819696.5484541599
819696.5484541599
819696.5484541599
819696.5484541599
819696.5484541599
819696.5484541599
819696.5484541599
819696.5484541599
819696.5484541599
819696.5484541599
819696.5484541599
819696.5484541599
819696.5484541599
819696.5484541599
819696.5484541599
819696.5484541599
819696.5484541599
819696.5484541599
819696.5484541599
819341.9401964056
819341.9401964056
819341.9401964056
819341.9401964056
819341.9401964056
819341.9401964056
819341.9401964056
819341.9401964056
819341.9401964056
819341.9401964056
819341.9401964056
819341.9401964056
819341.9401964056
819341.9401964056
819341.9401964056
819341.9401964056
819341.9401964056
819341.9401964056
819341.9401964056
819341.9401964056
