4543431.043659413
4432648.316423435
4326468.128080644
4232444.282428072
4145519.3312354353
4062875.041138081
3992554.7717742873
3920891.4593100715
3850614.313051667
3783625.0950854784
3716893.6248498354
3645702.3247955414
3598660.7926085307
3540631.3275070856
3481908.471302797
3421510.103752314
3380634.579819616
3329817.69662582
3276809.5668699555
3225930.883987155
3186624.0203466816
3143003.6114119766
3115943.696963447
3084686.064563055
3036759.8755399827
2997626.2642696826
2960563.429719415
2923633.5582149224
2892327.7848538784
2868891.8033443373
2843225.843583466
2814770.673916318
2778538.8450798094
2749391.797215029
2711402.7398270424
2682084.8257069625
2660449.9807728124
2640548.7993042185
2623543.004796073
2599542.6301633
2571253.443295832
2547979.051260623
2524904.695958448
2502309.7402051324
2488412.2371301744
2477527.7523230873
2451743.563362117
2441672.7750652656
2429354.2809531037
2413741.1366908476
2396395.056276628
2386154.823309214
2376307.387591053
2349289.120705978
2332814.960979418
2323878.695751762
2317193.880366236
2302895.3843149412
2287621.6572344345
2260590.808825584
2245605.612906748
2229938.1287393854
2217477.1652008886
2205432.7412590766
2195042.347627514
2181535.2644468965
2172382.1168706403
2165172.636187706
2152719.5128555167
2139890.4446376697
2127229.56735003
2121709.815996075
2109271.7366700345
2098910.155353114
2090996.8084253438
2082376.8680596077
2076415.365803991
2072334.0564613803
2065895.356133792
2059391.9416065966
2049048.276974875
2044321.2519132155
2038200.2264520086
2023225.8037103573
2013006.0838574062
2007509.9757223455
2003151.5135815768
1997219.5400329104
1991676.977899692
1987229.1061363886
1978635.9587726058
1969702.1618077476
1965758.3325473364
1963853.9380629503
1956906.6212513712
1946692.9352833484
1942037.7340988363
1936726.578016759
1926656.30279756
1924299.7283448176
1919956.8310073675
1908325.8008905794
1896994.570284338
1886602.7532329815
1873919.361208749
1869667.549648367
1868142.4081259407
1863590.3775700089
1859537.264527812
1853107.9064984496
1847695.635449937
1841440.3772144807
1837057.4908781494
1831448.3527697767
1823991.606920496
1821348.4643314225
1815054.3698577166
1807128.5914482167
1802537.3180848318
1798733.1715637255
1794039.5086164565
1792439.3209286884
1785249.7040329543
1784088.6704042295
1780334.758293497
1777012.152693469
1773372.1631793908
1770689.4659200949
1767622.582166636
1764665.5074263248
1760958.1541828094
1751649.5766282333
1750886.7048326666
1748469.0040425952
1741914.890538187
1739829.867229063
1734084.3134517118
1731505.2236815116
1726882.7907852116
1720622.909548293
1714444.276838578
1710859.481699837
1705851.3411472428
1702368.7864860713
1698848.49384189
1694731.6978283848
1692270.7250556499
1687017.5422080979
1685961.2202780559
1684793.190324943
1683167.8381670453
1677265.1133466733
1675635.0293725454
1673591.0227115077
1673591.0227115077
1672124.2450924632
1670048.877373864
1667902.8849883592
1663408.2403705595
1663124.8524036314
1661125.943853959
1657665.9637245014
1654109.9598318092
1653250.2731788326
1650717.338318554
1648968.3505379437
1646955.2033469537
1645299.5644772123
1641819.6683602938
1638201.930358871
1636641.9355683823
1633355.2673335448
1632038.8248085424
1631485.9274041052
1628229.7903901753
1625572.8021462506
1621785.051050428
1618158.7573488555
1615288.783402708
1613676.0924191833
1611769.9511272563
1606144.238889636
1604330.50534352
1602192.1419172436
1601893.5857022856
1599422.0967096793
1599315.5202327492
1596866.1432231672
1595841.5455271108
1593051.4609770856
1590397.7554451243
1587975.5803590151
1586034.1327892602
1583701.913522495
1580861.369197437
1577993.7982674155
1577663.1967772266
1576883.0003482974
1575172.7999384035
1573709.282287136
1570132.004434825
1566685.8289920078
1563255.9156113416
1560036.6629492845
1559562.742152174
1558115.8813616005
1555173.7780035238
1555084.6861273085
1550107.5227260948
1549274.692734118
1547888.3800090835
1542941.4495407036
1541607.8264146429
1541269.7548706222
1539014.9210609647
1536190.1711746468
1536190.1711746468
1532913.9028590615
1531327.446018424
1528623.3949513081
1526055.7003633354
1523292.49574745
1523292.49574745
1522387.9405677943
1520426.552983325
1520301.5754938915
1519031.8364255228
1516622.5800713892
1515374.0102475993
1515094.4649122292
1511809.6665640771
1508838.16494671
1505786.6517281933
1503140.8384542488
1499119.9114992828
1496363.3916781903
1493214.102867002
1490211.0523923999
1489444.5562247846
1485834.1262493455
1485123.309493577
1481160.076962959
1479375.565065748
1478154.1271776147
1477268.2659734923
1473713.7185716056
1473713.7185716056
1472837.2357974101
1472127.3552798242
1470158.4126375741
1466106.6928047175
1465565.3652213584
1464315.2418422657
1463509.658072039
1459737.180333525
1459443.5575229735
1458806.037907806
1457341.1576056723
1455449.5362395192
1454140.3067388728
1451001.2093062517
1450508.8558538463
1449588.412585428
1447585.9366882676
1447585.9366882676
1446597.582048685
1446061.2880637164
1444213.7268293195
1443548.823401054
1443163.2998047075
1442298.249931905
1441512.991177873
1439189.5624227473
1438061.3592927656
1437323.1387865534
1436278.4047162854
1436057.953204748
1435447.7251094622
1432748.5907076562
1431008.2130876898
1428333.2458011047
1428159.345967813
1426630.063091565
1424698.3608619745
1423457.2135239607
1423057.3360988088
1422920.9511494935
1422210.32421197
1418986.1891705657
1415998.8413625509
1414190.621667285
1413644.0180033469
1411840.1222694414
1410941.506994002
1409594.6674916183
1409118.8922820287
1407381.9157823054
1407136.3788823835
1406332.7477274954
1405669.0427625938
1403933.3281048448
1403015.1003946108
1401554.0133749268
1400749.8155102571
1398820.7647882195
1396717.8616606062
1395968.206114637
1393417.742448565
1392664.4038277143
1390940.4399996407
1389797.6464953562
1389075.8072733681
1388346.6747010709
1386130.2266981397
1385815.618713938
1385472.2462293836
1383929.394170891
1382465.333302784
1382186.3380282344
1381621.2093093325
1380487.6147246412
1378643.1970083783
1376193.6135552116
1374639.951869051
1374567.7525166078
1372705.148102169
1372705.148102169
1372606.6527740438
1369818.583057131
1367915.7584003725
1365806.220684051
1363933.86534044
1362239.1206803527
1360722.1731051323
1358236.1747132216
1357629.0631106617
1357621.017717717
1356930.2995609709
1356458.516649931
1356458.516649931
1355599.3705856325
1353673.43936212
1352944.0779758082
1351517.6504151947
1351090.133257558
1350105.8228683937
1348921.7485265387
1348264.6751448922
1347136.890954787
1346708.763078605
1346708.763078605
1345605.1538635683
1344877.734812763
1344546.9650073424
1342604.6499284566
1341094.9425421462
1339590.730653479
1337131.09540316
1336003.3452757827
1336003.3452757827
1334508.5648619635
1334474.7188958183
1332669.797092915
1332575.6451482028
1332207.2873798914
1331050.7152883182
1328298.82810747
1328298.82810747
1327851.308294487
1327148.334058812
1325864.3114151666
1325864.3114151666
1323993.2292145086
1323993.2292145086
1323993.2292145086
1323786.6670622833
1321608.2243538767
1321608.2243538767
1319770.4961756752
1318603.2787580083
1318246.1202185913
1316733.7323950701
1316420.0435611825
1316347.1222239195
1315899.2882514484
1314963.4459856655
1312457.0867932087
1311433.212760514
1310497.5283559533
1310374.9099485686
1308559.992363633
1308197.1366744903
1308197.1366744903
1308197.1366744903
1308197.1366744903
1308197.1366744903
1308197.1366744903
1308197.1366744903
1308197.1366744903
1308197.1366744903
1308197.1366744903
1308197.1366744903
1308197.1366744903
1308197.1366744903
1308197.1366744903
1308197.1366744903
1308197.1366744903
1308197.1366744903
1308063.5547569313
1308063.5547569313
1306818.6916875844
1305261.8507386865
1305261.8507386865
1304976.5785282704
1304968.2837215518
1302529.2976756468
1301162.2387447248
1300622.2239738135
1300124.261570532
1300104.2168058823
1298815.5722656995
1298730.536559224
1298639.687602094
1298468.5237206575
1298031.9310039543
1296826.4948848067
1296126.3825180607
1295617.341640184
1293250.5303717228
1292291.4086408322
1292157.3747716332
1292135.6180468295
1292135.6180468295
1292029.6349574267
1291785.8018635134
1291717.650841185
1290935.4857135369
1290479.5364824058
1290442.9993318052
1290262.401368334
1289727.2331634932
1288884.4141523493
1288044.110197268
1288044.110197268
1286532.5806589462
1286201.426156004
1286028.2927124496
1283730.2472145406
1283381.6258343477
1282432.277270554
1281311.497044082
1281311.497044082
1281194.1120498255
1280237.2253210733
1280237.2253210733
1278640.0555566223
1278164.8577819911
1277331.4765186594
1276253.4226327394
1275279.9865379827
1275279.9865379827
1274638.1887917696
1274638.1887917696
1273985.0752091839
1273909.3583984622
1273909.3583984622
1273909.3583984622
1270614.0561781293
1268730.0316680097
1268606.687081655
1268535.5242028662
1268535.5242028662
1267654.5025977292
1266118.4385016367
1265301.5521384408
1264397.9338703833
1263286.0551700338
1262883.7861768533
1262536.7807793873
1262211.043373088
1262211.043373088
1260972.3508407632
1259397.3552373606
1259397.3552373606
1259397.3552373606
1257077.7969111905
1256705.5877120583
1255017.6676891698
1255017.6676891698
1254267.1172690147
1253304.0554483398
1252881.0087503958
1252357.103906822
1250757.5204095023
1250374.0345828384
1250362.9994096465
1249788.2967553826
1248677.7024381196
1248186.5344942058
1247004.6337323808
1246072.4284550825
1244889.7606520457
1243857.409161379
1242535.3451598804
1240770.117828487
1240546.2587592648
1239339.205447635
1239339.205447635
1239339.205447635
1239339.205447635
1239339.205447635
1238505.94027984
1237612.3642652575
1237201.1134079783
1236365.9399708998
1236365.9399708998
1236365.9399708998
1236111.1396447862
1236111.1396447862
1236111.1396447862
1235919.9329635215
1235819.962184208
1235551.435352869
1235551.435352869
1235020.4782158532
1234815.7867288068
1233810.0981289938
1230834.7509244697
1230626.292272562
1230626.292272562
1230241.2552455277
1229714.4471592274
1227891.213039897
1227226.2259822527
1226206.8254669118
1225841.6231873068
1225391.0458199037
1224456.317123278
1223502.1531065167
1222360.771065019
1220498.3395611616
1220448.1323658628
1220448.1323658628
1220448.1323658628
1219793.3609542737
1217664.5366538963
1217319.2311471438
1217319.2311471438
1217265.2526025581
1216543.0737040557
1215247.8831871578
1214154.8946374655
1214154.8946374655
1214154.8946374655
1214154.8946374655
1213843.5316844522
1213821.999168551
1212943.2830316736
1212943.2830316736
1211574.796446723
1211495.422520502
1211495.422520502
1210920.0490206375
1210920.0490206375
1210357.2216757932
1208873.0852647985
1208741.8560533654
1207657.1119386624
1207657.1119386624
1207144.210279434
1207036.2259677649
1206813.413800043
1206813.413800043
1206168.3123397923
1206164.7537620603
1204797.4539293514
1204163.2020165264
1203326.5269327704
1203326.5269327704
1203326.5269327704
1201990.5025549175
1201826.4053602843
1199592.5058615974
1199375.5023923442
1198706.9420566554
1198194.4685822
1197671.559848011
1197129.5549355426
1196097.2997076588
1194696.3200056031
1194696.3200056031
1193970.8685379988
1193084.2833448136
1193067.4906418934
1192448.7709029429
1192448.7709029429
1192058.2567973237
1191938.0414162804
1191778.3958543483
1191065.5651758676
1191065.5651758676
1190529.466886786
1190529.466886786
1190529.466886786
1190449.0314416382
1189730.447381696
1188562.2463579597
1188227.7053257686
1188227.7053257686
1188208.89017929
1188160.6844876343
1187815.5063361095
1187615.4014581193
1187615.4014581193
1186695.5997607212
1186359.6251484188
1186165.422588162
1186165.422588162
1186165.422588162
1185290.3430326106
1185290.3430326106
1185191.6735373735
1185109.9367130552
1184691.2257138244
1182676.5143147802
1182615.345455924
1182450.286057542
1182092.765963161
1181939.1184827944
1181568.6416206642
1181568.6416206642
1181224.8358165757
1180931.7918761852
1180852.5567533767
1180063.8020752212
1179238.8156137452
1179026.5548069936
1178972.7497784835
1178972.7497784835
1178425.2412060346
1178314.0322450858
1178105.7297150078
1177769.6004247013
1177432.3678293705
1176930.4784523805
1176930.4784523805
1174653.8963637957
1174336.9465875842
1174336.9465875842
1173842.8875518586
1173772.2639127155
1173230.9493968235
1173175.6136749263
1171379.2386509439
1171379.2386509439
1170469.1413747014
1170469.1413747014
1170255.6118665645
1170255.6118665645
1169303.920419462
1169128.7220593106
1169128.7220593106
1169128.7220593106
1169128.7220593106
1169128.7220593106
1168713.6106482209
1168526.4086362503
1167571.5576982643
1167322.4354253316
1167165.4336790056
1166241.0335618053
1163969.808867978
1163953.1830419614
1163484.151067521
1163484.151067521
1162622.5968426145
1162410.7923546275
1162410.7923546275
1162410.7923546275
1162410.7923546275
1162238.2997805108
1161741.9180744332
1161741.9180744332
1161741.9180744332
1160800.035902111
1160758.9054619307
1160516.5366729475
1160516.5366729475
1160516.5366729475
1160385.3191558737
1160385.3191558737
1160387.05486038
1159595.9048575745
1157975.698148253
1157975.698148253
1157474.0413054028
1157326.2877020328
1156575.2338522333
1156575.2338522333
1155728.4585775945
1154590.7912299521
1154590.7912299521
1154590.7912299521
1154248.151037642
1154248.151037642
1154248.151037642
1154248.151037642
1153690.2924914532
1153690.2924914532
1153208.2762982226
1153208.2762982226
1152476.5110195824
1152476.5110195824
1151626.7838485786
1150659.6413606938
1150052.0867710444
1150052.0867710444
1150052.0867710444
1150052.0867710444
1149937.498017049
1148339.382926514
1148339.382926514
1147977.765609067
1147482.999146178
1147468.0403040752
1146253.668410337
1146141.684178318
1146141.684178318
1146117.188999116
1146117.188999116
1145962.7657208631
1145962.7657208631
1145804.9945459892
1145275.2665535375
1144730.9206253379
1144687.325821359
1144687.325821359
1143751.0125277564
1143206.5480299182
1142410.795409223
1141058.5610155272
1140453.7698188294
1139733.5910944599
1139733.5910944599
1139733.5910944599
1139670.713538391
1138752.541305466
1138752.541305466
1138325.704877397
1137875.45288677
1137875.45288677
1136383.995560965
1134928.4325986719
1134928.4325986719
1134928.4325986719
1134928.4325986719
1134928.4325986719
1134928.4325986719
1134928.4325986719
1134441.9287269711
1134441.9287269711
1134153.7066028598
1133437.2649672884
1133437.2649672884
1133437.2649672884
1133294.5723750328
1131829.9553023884
1131682.5579394666
1131496.9664101251
1131496.9664101251
1131496.9664101251
1131496.9664101251
1131496.9664101251
1131438.0637174929
1131206.0908844369
1131206.0908844369
1131206.0908844369
1130792.0969621085
1130087.685511914
1130087.685511914
1129768.6399773536
1129768.6399773536
1129364.1109699924
1128218.7010320174
1127168.333986951
1127168.333986951
1126211.3166681337
1124618.6774117851
1124618.6774117851
1124618.6774117851
1123624.771243349
1123430.078196431
1122543.7235321086
1122543.7235321086
1122059.1706537926
1121717.4573644123
1121717.4573644123
1121717.4573644123
1121049.9771376094
1121049.9771376094
1121049.9771376094
1120827.2993113184
1120709.9044561784
1120563.2303811344
1120563.2303811344
1120563.2303811344
1119237.2972393164
1119237.2972393164
1118555.035503668
1118555.035503668
1118426.8269683458
1118426.8269683458
1117360.2032054015
1116991.2773257717
1116953.1580553674
1116953.1580553674
1116854.2437121924
1116379.0275918962
1116379.0275918962
1115876.9287596666
1115876.9287596666
1115728.2771621812
1115157.882994473
1115052.037391678
1113930.881392913
1113904.4492492755
1113904.4492492755
1113904.4492492755
1113747.6771112778
1113652.8496785294
1112682.7855823038
1112682.7855823038
1111488.5509519102
1110678.9217420889
1110669.0988930045
1110488.7801598886
1109839.0823323948
1109272.2461527633
1108321.1144313389
1108321.1144313389
1108321.1144313389
1107974.3315073382
1107974.3315073382
1107721.0465823463
1107590.1508467083
1106352.4339362425
1106352.4339362425
1105573.3199734187
1104998.5487624276
1104998.5487624276
1103729.3810475308
1103729.3810475308
1103660.4126853575
1103278.7931047897
1103278.7931047897
1103278.7931047897
1100824.6831908952
1100824.6831908952
1100824.6831908952
1100608.5795629744
1100355.2030622778
1100355.2030622778
1099950.257997167
1099950.257997167
1099193.5289631127
1099193.5289631127
1099193.5289631127
1099193.5289631127
1098772.946317148
1098772.946317148
1098772.946317148
1098772.946317148
1098772.946317148
1098772.946317148
1097773.4253324787
1097736.0896838205
1097736.0896838205
1097736.0896838205
1097736.0896838205
1096839.1786846365
1096839.1786846365
1096839.1786846365
1096808.5947717899
1096808.5947717899
1095997.2558705625
1095997.2558705625
1095997.2558705625
1095687.911842085
1095687.911842085
1095337.8787240903
1095337.8787240903
1095337.8787240903
1095337.8787240903
1095038.6942115913
1094602.4292298926
1094241.8329900787
1094204.761104211
1094160.8223754885
1094160.8223754885
1094160.8223754885
1094160.8223754885
1094160.8223754885
1094160.8223754885
1094160.8223754885
1093734.297863949
1093734.297863949
1093734.297863949
1093144.7168361945
1093144.7168361945
1093144.7168361945
1092854.5092848083
1092670.5692029335
1092514.216107402
1091879.6107181697
1091755.9378594859
1091346.427334073
1090709.3130338797
1090709.3130338797
1090240.207500627
1090207.770342387
1090207.770342387
1090207.770342387
1090207.770342387
1090207.770342387
1090207.770342387
1089356.0783801733
1089309.8326320862
1089309.8326320862
1089190.7647449917
1088933.7830027414
1088933.7830027414
1088005.8901389414
1087882.5530750789
1087563.1364409751
1087563.1364409751
1087214.3420235298
1086877.5511129862
1086877.5511129862
1086773.3780471585
1086286.2234449042
1086284.6893354463
1086284.6893354463
1086284.6893354463
1085898.6563185006
1085898.6563185006
1085842.0414232803
1085413.3615764193
1085395.2226098392
1085395.2226098392
1085395.2226098392
1085391.5715141657
1085279.2513740417
1084708.4987760256
1084643.4070210252
1084181.9093171177
1084181.9093171177
1084181.9093171177
1083998.3454416015
1083818.1911112384
1083818.1911112384
1083818.1911112384
1083818.1911112384
1083811.4161202079
1083314.3664955487
1083314.3664955487
1083078.2051887512
1083078.2051887512
1082846.8035031606
1082139.9062742824
1082121.8369715614
1081111.086791506
1081111.086791506
1081111.086791506
1081111.086791506
1081068.8554980124
1080203.3005904588
1080203.3005904588
1080203.3005904588
1080203.3005904588
1080203.3005904588
1079658.2232044612
1079658.2232044612
1079658.2232044612
1079412.5309036681
1078794.737224847
1078794.737224847
1078707.9488178594
1078707.9488178594
1078707.9488178594
1078707.9488178594
1078409.931284242
1077851.5077413379
1077021.3455797918
1076854.2270941813
1076227.797078464
1076227.797078464
1076227.797078464
1075762.9518201882
1075456.5859354385
1075103.258081569
1074396.5822360092
1073637.3341090863
1073637.3341090863
1073637.3341090863
1073637.3341090863
1073637.3341090863
1073637.3341090863
1073422.965767445
1073422.965767445
1073236.2667825827
1072515.8515293705
1072324.7001164118
1072324.7001164118
1072311.453140207
1072311.453140207
1071695.95150726
1071695.95150726
1071695.95150726
1071341.1141802839
1071337.1006264812
1071337.1006264812
1071337.1006264812
1071145.1880468614
1071145.1880468614
1071145.1880468614
1071145.1880468614
1071145.1880468614
1071145.1880468614
1071145.1880468614
1071145.1880468614
1071145.1880468614
1071125.377179142
1071112.5070253783
1070624.3890175647
1069797.8083600376
1069797.8083600376
1069797.8083600376
1069502.4694402707
1068714.0709399339
1068714.0709399339
1068497.425118179
1068146.3723050042
1068146.3723050042
1067977.5297343582
1067977.5297343582
1067679.9318727246
1067679.9318727246
1067679.9318727246
1067608.243280195
1067608.243280195
1067195.148300867
1067195.148300867
1066502.8076519754
1065376.3184193699
1065376.3184193699
1065084.598024759
1065084.598024759
1065084.598024759
1065084.598024759
1065084.598024759
1064729.0150681501
1064729.0150681501
1064729.0150681501
1064655.5677062678
1064655.5677062678
1064655.5677062678
1064655.5677062678
1064497.9141089064
1063980.3705301685
1063672.137524341
1063271.7968026313
1062638.558858434
1062627.927680226
1062350.536337222
1062350.536337222
1062312.7877343958
1062312.7877343958
1062297.0232136918
1062135.7420636816
1061314.963743907
1061314.963743907
1061170.0143925252
1061041.0912525814
1061041.0912525814
1061041.0912525814
1061041.0912525814
1061036.3871064163
1061036.3871064163
1061036.3871064163
1060671.945670394
1060671.945670394
1060671.945670394
1060671.945670394
1060671.945670394
1059882.800353361
1059545.3539708182
1059545.3539708182
1059545.3539708182
1059545.3539708182
1059545.3539708182
1058938.2542958893
1058540.5971198692
1058540.5971198692
1058540.5971198692
1058540.5971198692
1057718.098932612
1057656.574422069
1057656.574422069
1057621.326714302
1056881.162892541
1056881.162892541
1056881.162892541
1055493.736656922
1055493.736656922
1055493.736656922
1054791.239311045
1054791.239311045
1054106.0211367798
1054106.0211367798
1053511.481874939
1053457.8447444632
1053457.8447444632
1053457.8447444632
1053457.8447444632
1053395.8186020288
1053395.8186020288
1053395.8186020288
1053395.8186020288
1052476.4091756803
1052266.3890552816
1052266.3890552816
1051458.3234495744
1051458.3234495744
1051458.3234495744
1051076.1506515068
1050859.7309395135
1050845.2113164163
1050234.0789470067
1050234.0789470067
1050160.898479911
1049818.1922563748
1049818.1922563748
1049209.987345832
1049209.987345832
1047955.9416299901
1047955.9416299901
1047645.8797439708
1047645.8797439708
1046280.1600266064
1046280.1600266064
1046139.4812838009
1046139.4812838009
1046139.4812838009
1046086.3882457655
1045945.9919219984
1045820.3677746045
1045572.0978531365
1045572.0978531365
1045572.0978531365
1045061.2894531259
1045061.2894531259
1045061.2894531259
1044059.2291299434
1044059.2291299434
1044059.2291299434
1043425.0709643816
1043425.0709643816
1043370.6176393423
1041987.5435255456
1041554.5023091448
1041312.5301564606
1041312.5301564606
1041312.5301564606
1041312.5301564606
1041312.5301564606
1041312.5301564606
1040806.2054552126
1040806.2054552126
1040806.2054552126
1040566.4366265041
1040300.7107417942
1038767.5015397966
1038470.9792648862
1038470.9792648862
1038470.9792648862
1038470.9792648862
1038470.9792648862
1037974.1077875269
1037444.7188486843
1037444.7188486843
1036926.1844780783
1036926.1844780783
1036926.1844780783
1036926.1844780783
1036926.1844780783
1036926.1844780783
1036837.0602613871
1036837.0602613871
1036837.0602613871
1036837.0602613871
1036837.0602613871
1036837.0602613871
1036837.0602613871
1036837.0602613871
1036828.3706256931
1036366.3507057289
1036366.3507057289
1036134.9887462601
1036134.9887462601
1036134.9887462601
1036046.2629197594
1036046.2629197594
1036046.2629197594
1036046.2629197594
1036046.2629197594
1035786.1652907813
1035786.1652907813
1035576.1379532748
1034172.9363381648
1034172.9363381648
1034172.9363381648
1034172.9363381648
1033467.012752879
1033407.2331329494
1033407.2331329494
1033388.6141481147
1033064.9788922475
1032942.525780288
1032332.1111902066
1032332.1111902066
1032332.1111902066
1031412.949080832
1031412.949080832
1031412.949080832
1031041.0799424654
1031041.0799424654
1031041.0799424654
1031041.0799424654
1031041.0799424654
1031041.0799424654
1031041.0799424654
1031041.0799424654
1031041.0799424654
1031041.0799424654
1030815.8475994596
1030815.8475994596
1030192.9559485333
1029887.0316789085
1029887.0316789085
1029887.0316789085
1029887.0316789085
1029887.0316789085
1029887.0316789085
1029795.1637126603
1029773.7094622676
1029501.8081936818
1029501.8081936818
1029492.0352002766
1029492.0352002766
1029321.7159233933
1029321.7159233933
1029321.7159233933
1029321.7159233933
1029321.7159233933
1029321.7159233933
1029321.7159233933
1029321.7159233933
1029303.3025702483
1029221.6147375304
1029221.6147375304
1029013.1245925135
1028936.30427515
1028936.30427515
1028936.30427515
1028684.3233229187
1028091.5840888266
1027649.0808008243
1027558.0769198873
1026898.6726878627
1026583.6881521968
1026583.6881521968
1026583.6881521968
1026583.6881521968
1026583.6881521968
1026452.0470489666
1026452.0470489666
1026307.4717007682
1026307.4717007682
1026307.4717007682
1026307.4717007682
1026307.4717007682
1026307.4717007682
1026307.4717007682
1026307.4717007682
1026307.4717007682
1026307.4717007682
1026240.750315977
1026240.750315977
1026240.750315977
1026240.750315977
1026159.0217116927
1026149.2397467323
1026149.2397467323
1026149.2397467323
1026149.2397467323
1026149.2397467323
1025900.7441497762
1025012.7294282302
1025012.7294282302
1025012.7294282302
1025012.7294282302
1025012.7294282302
1025012.7294282302
1024740.6763260211
1024047.7778408492
1024047.7778408492
1023858.7016909218
1023858.7016909218
1023376.8738425614
1023124.0077794115
1023124.0077794115
1023124.0077794115
1023124.0077794115
1021797.2613713787
1021674.5382947683
1021674.5382947683
1021674.5382947683
1021674.5382947683
1021674.5382947683
1021674.5382947683
1021674.5382947683
1021636.9967069244
1020937.6993906428
1020937.6993906428
1020937.6993906428
1020937.6993906428
1020937.6993906428
1020937.6993906428
1020929.7108408732
1020929.7108408732
1020427.7579161694
1020427.7579161694
1020286.3849401076
1020286.3849401076
1020225.2226623677
1020225.2226623677
1020225.2226623677
1020225.2226623677
1020225.2226623677
1019963.226013151
1019963.226013151
1019262.8028274162
1019262.8028274162
1019200.7728233924
1019200.7728233924
1019200.7728233924
1019200.7728233924
1018718.7088369499
1017886.7482416353
1017886.7482416353
1017485.1982510497
1017485.1982510497
1017485.1982510497
1017485.1982510497
1017485.1982510497
1017485.1982510497
1015924.5921754376
1015924.5921754376
1015862.5054487783
1015810.8302643369
1015244.1425238762
1015244.1425238762
1015160.6466133741
1015160.6466133741
1014955.8763668155
1014955.8763668155
1014955.8763668155
1014882.1941184036
1014882.1941184036
1014882.1941184036
1014383.3286160025
1014383.3286160025
1014383.3286160025
1014383.3286160025
1013829.3845111709
1013829.3845111709
1013829.3845111709
1013590.6631878889
1013590.6631878889
1013346.5937104835
1013346.5937104835
1013164.4946441931
1012753.2209707611
1012312.4022246881
1012103.7849539192
1012103.7849539192
1011727.63774784
1011206.8642363248
1011206.8642363248
1011172.3345504485
1011172.3345504485
1010957.9226502448
1010957.9226502448
1010251.6215886518
1009485.8845826585
1009485.8845826585
1009485.8845826585
1008628.3413897008
1008628.3413897008
1008047.7838761632
1008047.7838761632
1007276.9727485038
1007276.9727485038
1007271.2054210035
1007271.2054210035
1007271.2054210035
1006982.9114210285
1006865.334882329
1006865.334882329
1006865.334882329
1006824.4080182416
1006824.4080182416
1006824.4080182416
1006824.4080182416
1006824.4080182416
1006824.4080182416
1006749.828668986
1006749.828668986
1006749.828668986
1006749.828668986
1006749.828668986
1006502.4004405106
1006502.4004405106
1006502.4004405106
1006241.221310365
1006241.221310365
1006241.221310365
1006241.221310365
1006241.221310365
1006241.221310365
1006114.2321992924
1006114.2321992924
1006114.2321992924
1006114.2321992924
1006114.2321992924
1006114.2321992924
1005862.378819884
1005025.7942327647
1005025.7942327647
1004650.1675395921
1004650.1675395921
1004650.1675395921
1004644.663843632
1004177.6232391552
1003535.2284665443
1003490.0780655639
1003490.0780655639
1003490.0780655639
1003490.0780655639
1003485.7361530752
1003485.7361530752
1003485.7361530752
1003344.6135558453
1003344.6135558453
1003344.6135558453
1003344.6135558453
1003344.6135558453
1003344.6135558453
1003009.8893527635
1003009.8893527635
1002671.6289088225
1002671.6289088225
1002671.6289088225
1002671.6289088225
1002130.188187485
1001959.6874280027
1001959.6874280027
1001959.6874280027
1001959.6874280027
1001959.6874280027
1001959.6874280027
1001959.6874280027
1001959.6874280027
1001959.6874280027
1001959.6874280027
1001959.6874280027
1001959.6874280027
1001433.6758686615
1001030.6971709179
1001030.6971709179
1001030.6971709179
1001030.6971709179
1000784.2992610091
1000784.2992610091
1000784.2992610091
1000784.2992610091
1000784.2992610091
1000784.2992610091
1000784.2992610091
1000784.2992610091
1000726.4535817571
999947.0043184124
999728.751805384
999728.751805384
999456.0218339297
998643.1744993886
998643.1744993886
998643.1744993886
998536.1992931096
998536.1992931096
998536.1992931096
998536.1992931096
998536.1992931096
998536.1992931096
998536.1992931096
998536.1992931096
998458.7691382827
998386.0482681964
998367.5509676068
997237.077174533
997237.077174533
997048.0912075662
997013.4544839703
997013.4544839703
996780.6772958378
996780.6772958378
996780.6772958378
996407.5867334087
996407.5867334087
995011.4583729835
995011.4583729835
995011.4583729835
995011.4583729835
995011.4583729835
995011.4583729835
995011.4583729835
995011.4583729835
995011.4583729835
995011.4583729835
995011.4583729835
995011.4583729835
995011.4583729835
995011.4583729835
994234.3323149632
993874.0803873257
993874.0803873257
993874.0803873257
993874.0803873257
993874.0803873257
993874.0803873257
993745.3609989457
993745.3609989457
993745.3609989457
993745.3609989457
993371.450590084
993029.3792563666
993029.3792563666
992127.8227134394
992127.8227134394
991907.3513338361
991907.3513338361
991442.210360842
991442.210360842
991343.2871378756
990635.9282725072
990635.9282725072
990635.9282725072
990635.9282725072
990635.9282725072
990404.3610846018
990404.3610846018
990313.3791390478
990313.3791390478
990281.3979197827
989867.4951448455
989867.4951448455
989867.4951448455
989800.5154014499
989800.5154014499
989398.1576512039
989248.3631377392
988901.4445147736
988789.9651408207
988789.9651408207
988789.9651408207
988789.9651408207
988633.457002945
988633.457002945
988222.7473040655
988222.7473040655
987462.7151281422
987462.7151281422
987177.5674640787
987177.5674640787
986805.4728766946
986805.4728766946
986805.4728766946
986805.4728766946
986689.5828847496
986689.5828847496
986689.5828847496
986537.0496679954
986537.0496679954
986318.3172760693
986170.4462232423
986170.4462232423
986170.4462232423
986170.4462232423
986170.4462232423
986170.4462232423
986170.4462232423
985987.740255655
985987.740255655
985937.6610454267
985937.6610454267
985937.6610454267
985937.6610454267
985877.3192692434
985877.3192692434
985877.3192692434
985604.5081985045
985540.6061423369
985540.6061423369
985074.7672407386
985074.7672407386
984950.8841653202
984950.8841653202
984259.335009852
984259.335009852
983708.3169193908
983708.3169193908
983708.3169193908
983708.3169193908
983444.9950510273
983444.9950510273
983444.9950510273
983444.9950510273
983444.9950510273
983444.9950510273
983444.9950510273
983444.9950510273
983444.9950510273
983042.9522924649
981874.0317556516
981857.8805526721
981610.4241906754
981610.4241906754
980950.8992434554
980950.8992434554
980950.8992434554
980643.1325781946
980643.1325781946
980245.4576114962
980245.4576114962
980097.0868877111
979881.9090187126
979881.9090187126
979881.9090187126
979881.9090187126
979710.5417382501
979710.5417382501
979503.2405744011
979453.315274315
979453.315274315
979453.315274315
979453.315274315
979453.315274315
979453.315274315
979453.315274315
979453.315274315
979453.315274315
979453.315274315
979453.315274315
979453.315274315
979453.315274315
979113.0627401547
978877.5882964728
978732.7611128695
978732.7611128695
978732.7611128695
978732.7611128695
978732.7611128695
978732.7611128695
977524.6479360997
977524.6479360997
977524.6479360997
977524.6479360997
977524.6479360997
977524.6479360997
977492.238726589
977356.731736892
977345.0717447051
977345.0717447051
977345.0717447051
977345.0717447051
977345.0717447051
977345.0717447051
977345.0717447051
977345.0717447051
977345.0717447051
977345.0717447051
977345.0717447051
977345.0717447051
977345.0717447051
977286.6744891899
977286.6744891899
977286.6744891899
977286.6744891899
977247.9631298089
977213.181153884
977213.181153884
977213.181153884
977213.181153884
976850.2466584401
976614.9595057133
976614.9595057133
976614.9595057133
976258.1531312515
975945.0050503702
975945.0050503702
975476.9998500805
975476.9998500805
975476.9998500805
974618.6648428901
974262.316568158
974262.316568158
974262.316568158
972724.5074835792
972724.5074835792
972724.5074835792
972676.5357965319
972676.5357965319
972676.5357965319
971998.1182682835
971995.5358647659
971995.5358647659
971921.4519190709
971921.4519190709
971809.1768613996
971809.1768613996
971809.1768613996
971809.1768613996
971664.5824829228
971539.2471334005
971539.2471334005
971539.2471334005
971539.2471334005
971538.6535663032
971538.6535663032
971538.6535663032
971538.6535663032
971538.6535663032
971538.6535663032
971416.1699343518
971416.1699343518
971416.1699343518
971229.9678535184
970187.0588197081
970187.0588197081
970187.0588197081
970187.0588197081
970187.0588197081
970187.0588197081
970097.4400649706
970097.4400649706
970086.6685103589
970086.6685103589
970086.6685103589
970086.6685103589
970086.6685103589
969534.2467425163
969534.2467425163
969298.5480081051
969298.5480081051
969298.5480081051
969298.5480081051
969298.5480081051
969298.5480081051
969298.5480081051
969298.5480081051
969090.4146842227
969090.4146842227
969090.4146842227
969090.4146842227
969090.4146842227
969090.4146842227
969090.4146842227
969090.4146842227
969090.4146842227
969090.4146842227
969090.4146842227
969090.4146842227
968995.3813203335
967968.9791212541
967968.9791212541
967968.9791212541
967968.9791212541
967968.9791212541
967968.9791212541
967968.9791212541
967302.7287402248
967223.5669041156
966936.7069349908
966936.7069349908
966936.7069349908
966936.7069349908
966936.7069349908
966936.7069349908
966936.7069349908
966936.7069349908
966936.7069349908
966936.7069349908
966104.0543116063
966023.2068116895
965713.253705485
965713.253705485
965485.2257751925
965485.2257751925
965473.6162389489
965473.6162389489
965473.6162389489
965473.6162389489
965473.6162389489
965147.7185195307
964978.1939684888
964978.1939684888
964978.1939684888
964978.1939684888
964978.1939684888
964978.1939684888
964978.1939684888
964978.1939684888
964978.1939684888
964978.1939684888
964978.1939684888
964978.1939684888
964978.1939684888
964881.0485460464
964881.0485460464
964881.0485460464
964410.7240558788
964410.7240558788
964222.562121025
964222.562121025
964222.562121025
964222.562121025
964222.562121025
964222.562121025
964222.562121025
964222.562121025
964222.562121025
964222.562121025
964222.562121025
964221.8012764164
963426.8161388142
963426.8161388142
963426.8161388142
962950.7746604948
962950.7746604948
962950.7746604948
962950.7746604948
962950.7746604948
962950.7746604948
962950.7746604948
962950.7746604948
962469.2114059118
962469.2114059118
962469.2114059118
962469.2114059118
961010.0112332641
961010.0112332641
961010.0112332641
961010.0112332641
961010.0112332641
961010.0112332641
960902.5170599838
960832.1190965937
960832.1190965937
960832.1190965937
960052.9576896729
959846.5576396743
959846.5576396743
959846.5576396743
958952.5461096454
958952.5461096454
958455.9608121477
958455.9608121477
958455.9608121477
958205.7310406466
958205.7310406466
957309.2858348642
957309.2858348642
956885.9628509778
956885.9628509778
956875.4413268783
956875.4413268783
956875.4413268783
956875.4413268783
956875.4413268783
956875.4413268783
956830.3864700592
956668.4692109269
956668.4692109269
956668.4692109269
956668.4692109269
956668.4692109269
956668.4692109269
956668.4692109269
956504.9652710576
956504.9652710576
956504.9652710576
956504.9652710576
956504.9652710576
956504.9652710576
955933.4570850584
955933.4570850584
955933.4570850584
955933.4570850584
955732.8420384492
955732.8420384492
955732.8420384492
955732.8420384492
955732.8420384492
955732.8420384492
955732.8420384492
955522.9594032629
955522.9594032629
955522.9594032629
955387.9463715481
955387.9463715481
955387.9463715481
955387.9463715481
955369.4624097883
955124.1636497412
955124.1636497412
954773.804017761
954773.804017761
954773.804017761
954773.804017761
954773.804017761
954773.804017761
953806.0733286288
953806.0733286288
952562.4140681082
952553.8941204766
952553.8941204766
952553.8941204766
952553.8941204766
952553.8941204766
952553.8941204766
952172.3587554635
952172.3587554635
952172.3587554635
952172.3587554635
952172.3587554635
952172.3587554635
952172.3587554635
952172.3587554635
952172.3587554635
952172.3587554635
952172.3587554635
952172.3587554635
952109.1302919684
951683.3119515332
951683.3119515332
951559.9491252278
951559.9491252278
951559.9491252278
951559.9491252278
951219.0189263319
951219.0189263319
951135.758532558
951135.758532558
951135.758532558
951135.758532558
951135.758532558
950843.3946521763
950843.3946521763
950843.3946521763
950751.5740602883
950751.5740602883
950493.6523254408
950493.6523254408
950493.6523254408
950493.6523254408
950493.6523254408
950493.6523254408
950493.6523254408
950493.6523254408
950493.6523254408
949967.7088618714
949967.7088618714
949967.7088618714
949967.7088618714
949967.7088618714
949967.7088618714
949967.7088618714
949967.7088618714
949967.7088618714
949429.3873070317
949429.3873070317
949429.3873070317
949429.3873070317
949429.3873070317
949429.3873070317
949205.620792113
949205.620792113
949205.620792113
949205.620792113
949205.620792113
949205.620792113
947838.1712734713
947838.1712734713
947814.6859247376
947814.6859247376
947814.6859247376
947682.8371786299
946802.2807193401
946537.4034686853
946537.4034686853
946537.4034686853
946537.4034686853
946537.4034686853
946537.4034686853
946278.5818126269
946278.5818126269
946278.5818126269
946278.5818126269
946278.5818126269
946278.5818126269
946278.5818126269
946278.5818126269
946278.5818126269
946278.5818126269
946278.5818126269
946278.5818126269
946278.5818126269
946278.5818126269
946278.5818126269
946278.5818126269
946082.9989229003
946082.9989229003
946082.9989229003
946082.9989229003
946082.9989229003
946082.9989229003
946082.9989229003
946082.9989229003
945633.0154512802
945633.0154512802
945633.0154512802
945633.0154512802
945332.3350283233
945332.3350283233
945332.3350283233
945332.3350283233
945332.3350283233
945332.3350283233
945332.3350283233
945175.5255680991
945175.5255680991
945175.5255680991
945175.5255680991
945175.5255680991
944707.1534446466
944707.1534446466
944707.1534446466
944707.1534446466
944707.1534446466
944707.1534446466
944707.1534446466
944707.1534446466
944420.6275143949
943869.7766538765
943869.7766538765
943869.7766538765
943218.1551560974
943218.1551560974
943218.1551560974
943218.1551560974
943218.1551560974
943218.1551560974
943218.1551560974
943218.1551560974
943218.1551560974
943206.3937413105
943206.3937413105
943206.3937413105
943206.3937413105
943018.2159602807
942972.2373192634
942972.2373192634
942972.2373192634
942972.2373192634
942972.2373192634
942972.2373192634
942972.2373192634
942972.2373192634
942972.2373192634
942972.2373192634
942972.2373192634
942972.2373192634
942972.2373192634
942972.2373192634
942959.2498268541
942959.2498268541
942959.2498268541
942959.2498268541
942959.2498268541
942959.2498268541
942959.2498268541
942959.2498268541
942959.2498268541
942959.2498268541
942959.2498268541
942959.2498268541
942959.2498268541
942108.857463093
941402.8895756637
941402.8895756637
941402.8895756637
941402.8895756637
941402.8895756637
941087.8525618365
941087.8525618365
941087.8525618365
941087.8525618365
940978.7308787638
940978.7308787638
940978.7308787638
940978.7308787638
940978.7308787638
940978.7308787638
940978.7308787638
940768.3729556857
940768.3729556857
940299.3408772078
940299.3408772078
940299.3408772078
940299.3408772078
940299.3408772078
940299.3408772078
940299.3408772078
940299.3408772078
940299.3408772078
940299.3408772078
939892.3968970138
939722.8734470052
939722.8734470052
939722.8734470052
939722.8734470052
939420.8085056446
939420.8085056446
939420.8085056446
939420.8085056446
939420.8085056446
939420.8085056446
938974.8529663072
938745.3386936492
938745.3386936492
938643.0236011522
938643.0236011522
938643.0236011522
938643.0236011522
938574.1926425251
938574.1926425251
938574.1926425251
938574.1926425251
938574.1926425251
938574.1926425251
938574.1926425251
938574.1926425251
938574.1926425251
938574.1926425251
938574.1926425251
938574.1926425251
938574.1926425251
938569.0629246006
938528.1890336432
938266.5916235193
938266.5916235193
938266.5916235193
937719.2091898662
937709.3204958295
937709.3204958295
937381.4062435684
937049.8057387148
937049.8057387148
937049.8057387148
937049.8057387148
937049.8057387148
936898.9366105013
936898.9366105013
936898.9366105013
936898.9366105013
936898.9366105013
936898.9366105013
936330.9960308059
936330.9960308059
936330.9960308059
936330.9960308059
936330.9960308059
936330.9960308059
936330.9960308059
936330.9960308059
936330.9960308059
936330.9960308059
936330.9960308059
936330.9960308059
935610.4201545614
935303.0516613252
935303.0516613252
935303.0516613252
935303.0516613252
935303.0516613252
935251.9515577221
933581.5416293119
933581.5416293119
933581.5416293119
933581.5416293119
933581.5416293119
933430.4507538851
933430.4507538851
933430.4507538851
933430.4507538851
933430.4507538851
933430.4507538851
933430.4507538851
933430.4507538851
933430.4507538851
933430.4507538851
933183.8535721786
932081.9183967339
931561.8429367577
931561.8429367577
931561.8429367577
931561.8429367577
931356.8161772253
931356.8161772253
930606.7665093485
930606.7665093485
930440.8168221929
930440.8168221929
930440.8168221929
930440.8168221929
930440.8168221929
930440.8168221929
930440.8168221929
930440.8168221929
930440.8168221929
929913.1785471415
928897.9356563244
928897.9356563244
928897.9356563244
928897.9356563244
928897.9356563244
928897.9356563244
928897.9356563244
928897.9356563244
928897.9356563244
928897.9356563244
928897.9356563244
928864.5891822735
928864.5891822735
928864.5891822735
928864.5891822735
928864.5891822735
928864.5891822735
928864.5891822735
928864.5891822735
928864.5891822735
928864.5891822735
928864.5891822735
928864.5891822735
928864.5891822735
927744.9551024921
927744.9551024921
927744.9551024921
927264.9636883463
927264.9636883463
927264.9636883463
927264.9636883463
927264.9636883463
927264.9636883463
927264.9636883463
927264.9636883463
927264.9636883463
927264.9636883463
927264.9636883463
927043.3595565851
927043.3595565851
927043.3595565851
927043.3595565851
927043.3595565851
927006.9154946645
927006.9154946645
926350.8248657628
926350.8248657628
925952.4072330534
925525.6644194536
924672.897684406
924642.4947722536
924642.4947722536
924642.4947722536
924642.4947722536
924642.4947722536
924642.4947722536
924593.7785309383
924593.7785309383
924593.7785309383
924593.7785309383
924141.3771277565
924141.3771277565
924141.3771277565
924141.3771277565
924141.3771277565
924141.3771277565
924141.3771277565
924067.4101996575
924067.4101996575
924067.4101996575
924067.4101996575
924067.4101996575
923909.4787530233
923905.5923519786
923905.5923519786
923905.5923519786
923905.5923519786
923905.5923519786
923525.2702347306
923525.2702347306
923525.2702347306
923525.2702347306
923525.2702347306
923344.8397383429
923344.8397383429
923344.8397383429
923344.8397383429
922734.6194343299
922734.6194343299
922734.6194343299
922707.2172094949
922707.2172094949
922707.2172094949
922707.2172094949
922303.4508190753
922303.4508190753
922198.4487149956
922198.4487149956
922198.4487149956
922198.4487149956
922198.4487149956
922198.4487149956
922164.078419257
922164.078419257
922164.078419257
922164.078419257
922164.078419257
922164.078419257
922164.078419257
921740.8070119838
921740.8070119838
921740.8070119838
921541.0014529857
921541.0014529857
921541.0014529857
921541.0014529857
921541.0014529857
920735.0089637523
920735.0089637523
920490.5567504878
919248.9119826771
918934.4662548598
918934.4662548598
918934.4662548598
918934.4662548598
918934.4662548598
918934.4662548598
918934.4662548598
918934.4662548598
918934.4662548598
918776.051210447
918776.051210447
918776.051210447
918776.051210447
918776.051210447
918573.7800163141
918457.9830746253
918457.9830746253
918373.6524962822
918373.6524962822
918373.6524962822
918373.6524962822
918373.6524962822
918373.6524962822
918373.6524962822
918373.6524962822
918035.3893099276
918035.3893099276
917968.7367504849
917968.7367504849
917964.0300331787
917953.7646495355
917953.7646495355
917790.4673743423
917790.4673743423
917790.4673743423
917790.4673743423
917790.4673743423
917790.4673743423
917790.4673743423
917790.4673743423
917535.5935092571
917535.5935092571
917535.5935092571
917535.5935092571
917535.5935092571
917535.5935092571
917535.5935092571
917535.5935092571
916402.1532588685
916402.1532588685
916402.1532588685
916402.1532588685
916402.1532588685
916402.1532588685
916402.1532588685
916173.4823406878
916173.4823406878
916173.4823406878
916173.4823406878
916173.4823406878
916173.4823406878
916173.4823406878
916173.4823406878
916088.5127362839
916088.5127362839
915892.5372477245
915892.5372477245
915178.3034817539
915178.3034817539
915178.3034817539
915178.3034817539
914632.004169333
914632.004169333
914632.004169333
914632.004169333
914612.5679999525
914612.5679999525
914612.5679999525
914612.5679999525
914612.5679999525
914599.6347528107
914599.6347528107
914599.6347528107
914599.6347528107
914599.6347528107
914599.6347528107
914599.6347528107
914599.6347528107
913913.6887425606
913913.6887425606
913913.6887425606
913913.6887425606
913913.6887425606
913913.6887425606
913913.6887425606
913673.7807296477
913673.7807296477
913673.7807296477
913673.7807296477
913673.7807296477
913673.7807296477
913673.7807296477
913673.7807296477
913673.7807296477
913673.7807296477
913673.7807296477
913663.0592800132
913663.0592800132
913140.2158830515
913140.2158830515
913140.2158830515
913140.2158830515
912663.5725473964
912663.5725473964
912663.5725473964
912663.5725473964
912663.5725473964
912663.5725473964
912157.6104209052
911899.2420806341
911899.2420806341
911899.2420806341
911899.2420806341
911899.2420806341
911899.2420806341
911899.2420806341
911899.2420806341
911899.2420806341
911899.2420806341
911899.2420806341
911899.2420806341
911899.2420806341
911899.2420806341
911899.2420806341
911899.2420806341
911899.2420806341
911899.2420806341
911564.1930707423
911564.1930707423
911564.1930707423
911564.1930707423
911450.2863391055
911450.2863391055
911450.2863391055
911381.5154781876
911381.5154781876
911345.2505555735
911345.2505555735
911345.2505555735
911345.2505555735
911345.2505555735
909683.9621285812
909683.9621285812
909683.9621285812
909683.9621285812
909541.2105259261
909541.2105259261
909431.8172274719
909431.8172274719
909431.8172274719
909431.8172274719
909431.8172274719
909431.8172274719
909431.8172274719
909431.8172274719
909431.8172274719
909431.8172274719
909431.8172274719
909431.8172274719
909431.8172274719
909431.8172274719
909431.8172274719
909431.8172274719
909431.8172274719
909431.8172274719
908975.1552694471
908737.3372721944
908737.3372721944
908737.3372721944
908737.3372721944
908737.3372721944
908737.3372721944
908737.3372721944
908737.3372721944
908737.3372721944
908737.3372721944
908737.3372721944
908737.3372721944
908737.3372721944
908737.3372721944
908737.3372721944
908737.3372721944
908737.3372721944
908521.4247677098
908521.4247677098
908521.4247677098
908521.4247677098
908521.4247677098
908521.4247677098
908521.4247677098
907318.7330556521
907318.7330556521
907318.7330556521
907032.7014279802
907032.7014279802
906635.4342682132
906571.9131338496
906571.9131338496
906571.9131338496
906571.9131338496
906571.9131338496
906571.9131338496
906571.9131338496
906571.9131338496
906428.212219268
906428.212219268
906428.212219268
906428.212219268
906088.2763154383
906088.2763154383
906088.2763154383
906088.2763154383
906088.2763154383
906088.2763154383
905959.300018163
905959.300018163
905658.9349739455
905658.9349739455
905658.9349739455
905658.9349739455
905658.9349739455
905658.9349739455
905658.9349739455
905437.456466966
905437.456466966
905437.456466966
905437.456466966
905428.2955144945
905428.2955144945
905428.2955144945
905428.2955144945
905428.2955144945
905428.2955144945
905428.2955144945
905428.2955144945
905428.2955144945
905428.2955144945
905428.2955144945
905428.2955144945
905428.2955144945
905428.2955144945
905239.0925586943
905239.0925586943
905239.0925586943
904980.4067330456
904422.873675706
904422.873675706
904422.873675706
904422.873675706
903771.4407391394
903771.4407391394
903771.4407391394
903771.4407391394
903771.4407391394
903771.4407391394
903771.4407391394
903771.4407391394
903771.4407391394
903204.0144701756
903204.0144701756
903204.0144701756
903204.0144701756
903204.0144701756
903204.0144701756
903204.0144701756
903204.0144701756
903204.0144701756
903204.0144701756
903204.0144701756
903204.0144701756
903132.0080934324
903064.480856817
902674.8426435024
902674.8426435024
902674.8426435024
902255.2398843148
902255.2398843148
902255.2398843148
902255.2398843148
902255.2398843148
902255.2398843148
902255.2398843148
901528.0600585217
901528.0600585217
901528.0600585217
901528.0600585217
900698.2564481404
900454.1404891497
900454.1404891497
900454.1404891497
900454.1404891497
900384.2300033433
900316.2973485765
900316.2973485765
900316.2973485765
900316.2973485765
900316.2973485765
900316.2973485765
900316.2973485765
900316.2973485765
900316.2973485765
900316.2973485765
900316.2973485765
900316.2973485765
900316.2973485765
900316.2973485765
900316.2973485765
900316.2973485765
900316.2973485765
900316.2973485765
900316.2973485765
900316.2973485765
900316.2973485765
899707.228616898
899707.228616898
899707.228616898
899707.228616898
899707.228616898
899628.5367568892
899628.5367568892
899628.5367568892
899628.5367568892
899628.5367568892
899628.5367568892
899628.5367568892
899628.5367568892
899576.9774671241
899576.9774671241
899576.9774671241
899576.9774671241
899576.9774671241
899387.3483904564
898614.4619442371
898614.4619442371
898614.4619442371
898031.0558594785
898031.0558594785
898031.0558594785
897456.6115328374
897456.6115328374
897456.6115328374
897456.6115328374
897456.6115328374
897456.6115328374
897456.6115328374
897456.6115328374
897386.4337799042
897386.4337799042
897386.4337799042
897386.4337799042
897386.4337799042
897386.4337799042
897386.4337799042
897312.9944052177
897312.9944052177
897312.9944052177
897312.9944052177
897312.9944052177
897312.9944052177
897312.5639792305
897312.5639792305
897312.5639792305
897312.5639792305
897282.4284231509
897282.4284231509
897282.4284231509
897282.4284231509
897282.4284231509
897282.4284231509
897282.4284231509
897282.4284231509
897282.4284231509
897282.4284231509
897164.2542018794
897164.2542018794
897164.2542018794
897164.2542018794
897164.2542018794
897164.2542018794
897164.2542018794
897164.2542018794
897164.2542018794
897164.2542018794
897164.2542018794
897111.269885574
897111.269885574
897111.269885574
897111.269885574
897111.269885574
897111.269885574
897111.269885574
897111.269885574
897111.269885574
896894.2552410519
896876.9538439636
896876.9538439636
896876.9538439636
896728.4401685864
896728.4401685864
896728.4401685864
896728.4401685864
896728.4401685864
896728.4401685864
896728.4401685864
896728.4401685864
896728.4401685864
896728.4401685864
896234.3013173603
896234.3013173603
896234.3013173603
896234.3013173603
896234.3013173603
896234.3013173603
895847.3002516461
895847.3002516461
895847.3002516461
895847.3002516461
895847.3002516461
895803.8351463391
895803.8351463391
895803.8937214405
895803.8937214405
895803.8937214405
895803.8937214405
895803.8937214405
895803.8937214405
895803.8937214405
895803.8937214405
895803.8937214405
895803.8937214405
895803.8937214405
895803.8937214405
895803.8937214405
895803.8937214405
895803.8937214405
895517.7837075042
895517.7837075042
895517.7837075042
895517.7837075042
895279.6922968995
895279.6922968995
895279.6922968995
895279.6922968995
895279.6922968995
895279.6922968995
895279.6922968995
895279.6922968995
895279.6922968995
895279.6922968995
895279.6922968995
894753.4254041838
894753.4254041838
894753.4254041838
894394.181848461
894394.181848461
894394.181848461
894394.181848461
894394.181848461
894394.181848461
894394.181848461
894312.2192843176
894312.2192843176
894222.1937845427
894222.1937845427
894222.1937845427
894222.1937845427
894222.1937845427
894222.1937845427
894222.1937845427
894222.1937845427
894222.1937845427
894194.4449616895
894194.4449616895
894194.4449616895
894194.4449616895
894194.4449616895
894194.4449616895
894194.4449616895
894194.4449616895
894194.4449616895
894194.4449616895
894194.4449616895
894194.4449616895
894194.4449616895
894047.5553601036
894047.5553601036
894047.5553601036
894047.5553601036
894047.5553601036
893642.2552007271
893642.2552007271
893642.2552007271
893642.2552007271
893642.2552007271
893642.2552007271
893642.2552007271
892793.5829278284
892793.5829278284
892793.5829278284
892793.5829278284
892793.5829278284
892793.5829278284
892168.2216436389
892168.2216436389
892168.2216436389
892168.2216436389
892168.2216436389
892168.2216436389
892168.2216436389
891670.5533485524
891670.5533485524
891670.5533485524
891670.5533485524
891670.5533485524
891308.9471837201
891308.9471837201
891120.4602368472
891120.4602368472
891120.4602368472
891120.4602368472
891120.4602368472
891120.4602368472
890902.0605250307
890326.1303789506
889639.6995892199
889639.6995892199
889639.6995892199
889333.983110055
889333.983110055
889333.983110055
889333.983110055
889333.983110055
889333.983110055
889333.983110055
889114.3170729233
889114.3170729233
889114.3170729233
888987.7566455865
888987.7566455865
888987.7566455865
888987.7566455865
888987.7566455865
888987.7566455865
888987.7566455865
888987.7566455865
888987.7566455865
888987.7566455865
888987.7566455865
888987.7566455865
888987.7566455865
888987.7566455865
888987.7566455865
888987.7566455865
888987.7566455865
888882.113552693
888635.0363700609
888635.0363700609
888635.0363700609
888635.0363700609
888635.0363700609
888635.0363700609
888635.0363700609
888635.0363700609
888635.0363700609
888635.0363700609
887991.6917948974
887991.6917948974
887991.6917948974
887991.6917948974
887991.6917948974
887991.6917948974
887991.6917948974
887991.6917948974
887991.6917948974
887991.6917948974
887991.6917948974
887539.380782403
887539.380782403
887539.380782403
887539.380782403
887539.380782403
887539.380782403
887492.9383582008
887492.9383582008
887492.9383582008
887492.9383582008
887026.6302021602
887026.6302021602
887026.6302021602
887026.6302021602
887026.6302021602
887026.6302021602
886852.2998644304
886852.2998644304
886852.2998644304
886852.2998644304
886852.2998644304
886852.2998644304
886852.2998644304
886852.2998644304
886852.2998644304
886852.2998644304
886852.2998644304
886852.2998644304
886852.2998644304
886852.2998644304
886852.2998644304
886852.2998644304
886834.9467787119
886834.9467787119
886532.9783998469
886532.9783998469
886532.9783998469
886532.9783998469
886532.9783998469
886532.9783998469
886532.9783998469
886532.9783998469
886532.9783998469
886532.9783998469
886532.9783998469
886532.9783998469
886532.9783998469
886532.9783998469
886532.9783998469
886532.9783998469
886532.9783998469
886532.9783998469
886532.9783998469
886532.9783998469
886532.9783998469
886475.3590785819
886475.3590785819
886475.3590785819
886475.3590785819
886475.3590785819
886475.3590785819
886475.3590785819
886475.3590785819
886475.3590785819
886475.3590785819
886475.3590785819
886475.3590785819
886475.3590785819
886475.3590785819
886475.3590785819
886475.3590785819
886475.3590785819
886475.3590785819
886475.3590785819
886173.6256996077
886173.6256996077
886173.6256996077
886173.6256996077
886173.6256996077
886173.5184150111
886173.5184150111
886173.5184150111
886173.5184150111
886173.5184150111
886173.5184150111
886173.5184150111
886173.5184150111
886173.5184150111
886173.5184150111
886173.5184150111
886173.5184150111
886173.5184150111
886173.5184150111
886173.5184150111
886173.5184150111
886173.5184150111
886108.2800996746
886108.2800996746
886108.2800996746
886108.2800996746
886108.2800996746
886108.2800996746
886108.2800996746
885698.0762015575
885698.0762015575
885698.0762015575
885698.0762015575
885698.0762015575
885698.0762015575
885538.4727731964
885538.4727731964
885538.4727731964
885538.4727731964
885538.4727731964
885159.6222642078
885159.6222642078
885159.6222642078
885159.6222642078
885159.6222642078
885159.6222642078
885159.6222642078
885159.6222642078
885159.6222642078
885159.6222642078
885159.6222642078
885159.6222642078
885159.6222642078
885159.6222642078
885159.6222642078
885159.6222642078
885159.6222642078
885159.6222642078
884712.0894420643
884712.0894420643
884712.0894420643
884712.0894420643
884712.0894420643
884712.0894420643
884712.0894420643
884712.0894420643
884712.0894420643
884712.0894420643
884712.0894420643
884712.0894420643
884712.0894420643
884712.0894420643
884712.0894420643
884712.0894420643
884712.0894420643
884712.0894420643
884712.0894420643
884712.0894420643
884712.0894420643
884712.0894420643
884712.0894420643
884586.3772686915
884586.3772686915
884586.3772686915
884586.3772686915
884586.3772686915
884586.3772686915
884586.3772686915
884586.3772686915
884586.3772686915
884586.3772686915
884581.4197651583
884581.4197651583
884581.4197651583
884581.4197651583
884581.4197651583
884122.361278014
884122.361278014
884122.361278014
884122.361278014
883923.5761985997
883923.5761985997
883434.7367730676
883434.7367730676
883434.7367730676
883434.7367730676
883434.7367730676
883434.7367730676
883434.7367730676
883434.7367730676
883434.7367730676
883434.7367730676
883434.7367730676
883434.7367730676
883434.7367730676
883297.9859915446
883297.9859915446
882875.1453581151
882875.1453581151
882875.1453581151
882875.1453581151
882875.1453581151
882875.1453581151
882875.1453581151
882875.1453581151
882875.1453581151
882875.1453581151
882875.1453581151
882875.1453581151
882875.1453581151
882875.1453581151
882875.1453581151
882875.1453581151
882875.1453581151
882875.1453581151
882875.1453581151
882875.1453581151
882875.1453581151
882875.1453581151
882875.1453581151
882875.1453581151
882875.1453581151
882875.1453581151
882875.1453581151
882676.5940596557
882676.5940596557
882676.5940596557
882676.5940596557
882676.5940596557
882676.5940596557
882676.5940596557
882676.5940596557
882676.5940596557
882676.5940596557
882676.5940596557
882676.5940596557
882676.5940596557
882676.5940596557
882676.5940596557
882676.5940596557
882676.5940596557
882676.5940596557
882676.5940596557
882634.2305822582
882400.8654582375
882400.8654582375
882400.8654582375
882400.8654582375
882400.8654582375
882400.8654582375
882400.8654582375
882400.8654582375
882400.8654582375
882400.8654582375
882400.8654582375
882400.8654582375
882400.8654582375
882227.1911618635
882227.1911618635
882227.1911618635
882227.1911618635
882227.1911618635
882227.1911618635
882227.1911618635
882227.1911618635
881641.6967193611
881587.7905709423
881587.7905709423
881587.7905709423
881153.9553245127
881153.9553245127
881153.9553245127
881153.9553245127
881153.9553245127
881153.9553245127
881153.9553245127
881153.9553245127
880891.4111055768
880891.4111055768
880891.4111055768
880891.4111055768
880891.4111055768
880891.4111055768
880891.4111055768
880468.9367145707
880468.9367145707
880468.9367145707
880165.6619801896
880165.6619801896
880165.6619801896
880165.6619801896
879949.6574732298
879949.6574732298
879949.6574732298
879949.6574732298
879949.6574732298
879742.9771021018
879742.9771021018
879742.9771021018
879742.9771021018
879742.9771021018
879742.9771021018
879742.9771021018
879742.9771021018
879742.9771021018
879742.9771021018
879742.9771021018
879742.9771021018
879742.9771021018
879437.2282624356
879437.2282624356
879437.2282624356
879419.0610609252
879419.0610609252
879419.0610609252
879419.0610609252
879419.0610609252
879419.0610609252
879419.0610609252
879419.0610609252
879419.0610609252
879419.0610609252
879346.913375329
879346.913375329
879346.913375329
879346.913375329
879346.913375329
879346.913375329
879346.913375329
879346.913375329
879346.913375329
879346.913375329
879346.913375329
879346.913375329
879346.913375329
879346.913375329
879346.913375329
879346.913375329
879346.913375329
879346.913375329
879002.7923338558
879002.7923338558
879002.7923338558
879002.7923338558
879002.7923338558
879002.7923338558
879002.7923338558
879002.7923338558
879002.7923338558
879002.7923338558
879002.7923338558
879002.7923338558
879002.7923338558
878943.2172890115
878943.2172890115
878867.5069897689
878867.5069897689
878867.5069897689
878867.5069897689
878867.5069897689
878867.5069897689
878867.5069897689
878867.5069897689
878785.449304148
877737.7747670512
877725.0933952081
877725.0933952081
877725.0933952081
877725.0933952081
877725.0933952081
877725.0933952081
877725.0933952081
877725.0933952081
877725.0933952081
877725.0933952081
877725.0933952081
877725.0933952081
877725.0933952081
877725.0933952081
877725.0933952081
877725.0933952081
877725.0933952081
877725.0933952081
877725.0933952081
877495.0607944237
877495.0607944237
877495.0607944237
877495.0607944237
877495.0607944237
877495.0607944237
877495.0607944237
877495.0607944237
877495.0607944237
877495.0607944237
877495.0607944237
877282.9086861699
877282.9086861699
877282.9086861699
877282.9086861699
877282.9086861699
877282.9086861699
877282.9086861699
877282.9086861699
877282.9086861699
877282.9086861699
877010.6530004153
877010.6530004153
877010.6530004153
877010.6530004153
877010.6530004153
877010.6530004153
877010.6530004153
877010.6530004153
877010.6530004153
876909.2992389018
876909.2992389018
876909.2992389018
876909.2992389018
876909.2992389018
876799.6210404187
876799.6210404187
876799.6210404187
876799.6210404187
876799.6210404187
876799.6210404187
876492.3525776113
876492.3525776113
875921.5880440655
875921.5880440655
875921.5880440655
875921.5880440655
875637.0107551656
875637.0107551656
875637.0107551656
875637.0107551656
875386.2634056223
875386.2634056223
875296.765266032
875296.765266032
875296.765266032
874830.361106897
874830.361106897
874830.361106897
874830.361106897
874429.1820124947
874429.1820124947
874429.1820124947
874429.1820124947
874429.1820124947
874429.1820124947
874429.1820124947
874405.3993329196
874405.3993329196
874405.3993329196
874405.3993329196
874405.3993329196
874405.3993329196
874405.3993329196
874405.3993329196
874405.3993329196
874405.3993329196
874405.3993329196
874163.964489489
874163.964489489
874163.964489489
874163.964489489
874033.1661646434
874033.1661646434
874033.1661646434
874033.1661646434
874033.1661646434
874033.1661646434
874033.1661646434
874033.1661646434
873752.3018133204
873752.3018133204
873752.3018133204
873752.3018133204
873752.3018133204
873752.3018133204
873752.3018133204
873752.3018133204
873752.3018133204
873752.3018133204
873752.3018133204
873752.3018133204
873752.3018133204
873622.678256846
873622.678256846
873622.678256846
873622.678256846
873622.678256846
873439.6699830105
873283.1068038291
873283.1068038291
873283.1068038291
873283.1068038291
873283.1068038291
872958.443138811
872958.443138811
872958.443138811
872958.443138811
872958.443138811
872958.443138811
872958.443138811
872958.443138811
872958.443138811
872958.443138811
872958.443138811
872958.443138811
872958.443138811
872783.3947970471
872783.3947970471
872783.3947970471
872783.3947970471
872653.7228703352
872653.7228703352
872653.7228703352
872653.7228703352
872653.7228703352
872629.3099302149
872629.3099302149
872629.3099302149
872488.7567618266
872488.7567618266
872285.5280662245
872204.2844433273
872204.2844433273
872170.0137791231
872170.0137791231
872170.0137791231
872170.0137791231
872170.0137791231
872170.0137791231
872170.0137791231
872067.7676632304
872067.7676632304
872067.7676632304
872067.7676632304
872067.7676632304
871788.6073925553
871788.6073925553
871788.6073925553
871788.6073925553
871788.6073925553
871788.6073925553
871788.6073925553
871788.6073925553
871788.6073925553
871788.6073925553
871788.6073925553
871788.6073925553
871788.6073925553
871676.8124622862
871676.8124622862
871676.8124622862
871676.8124622862
871676.8124622862
871676.8124622862
871547.1056659166
871547.1056659166
871547.1056659166
871493.7599012698
871493.7599012698
871493.7599012698
871493.7599012698
871493.7599012698
871350.8697948536
871350.8697948536
870891.3348167421
870834.5316180764
870834.5316180764
870834.5316180764
870834.5316180764
870834.5316180764
870834.5316180764
870834.5316180764
870834.5316180764
870834.5316180764
870834.5316180764
870834.5316180764
870834.5316180764
870834.5316180764
870834.5316180764
870834.5316180764
870834.5316180764
870834.5316180764
870834.5316180764
870834.5316180764
870834.5316180764
870834.5316180764
870834.5316180764
870834.5316180764
870416.9058305795
870416.9058305795
870416.9058305795
870416.9058305795
870195.52477185
870195.52477185
870195.52477185
870195.52477185
870195.52477185
870195.52477185
870195.52477185
870195.52477185
870195.52477185
870195.52477185
870195.52477185
870195.52477185
870195.52477185
870195.52477185
870195.52477185
870195.52477185
870195.52477185
870195.52477185
870195.52477185
870195.52477185
869708.4871970206
869708.4871970206
869708.4871970206
869268.562210308
869268.562210308
869268.562210308
869071.5094571544
869071.5094571544
869071.5094571544
869071.5094571544
869071.5094571544
869071.5094571544
869071.5094571544
869071.5094571544
869071.5094571544
869071.5094571544
868407.8858342587
868407.8858342587
868377.5618771336
868377.5618771336
868377.5618771336
868377.5618771336
868377.5618771336
868377.5618771336
868377.5618771336
868364.8303691016
868364.8303691016
868246.3726843907
868220.651293189
868220.651293189
868220.651293189
868220.651293189
868220.651293189
868220.651293189
868220.651293189
868019.823247879
868019.823247879
868019.823247879
868019.823247879
868019.823247879
868019.823247879
868019.823247879
867839.2973444769
867839.2973444769
867839.2973444769
867839.2973444769
867839.2973444769
867839.2973444769
867839.2973444769
867839.2973444769
867839.2973444769
867839.2973444769
867025.6337028279
867025.6337028279
867025.6337028279
867025.6337028279
867025.6337028279
866604.1182261287
866604.1182261287
866604.1182261287
866604.1182261287
866604.1182261287
866604.1182261287
866604.1182261287
866604.1182261287
866604.1182261287
866583.4137861255
866583.4137861255
866583.4137861255
866583.4137861255
866583.4137861255
866583.4137861255
866583.4137861255
866583.4137861255
866488.6477824724
866488.6477824724
866488.6477824724
866488.6477824724
866488.6477824724
866488.6477824724
866488.6477824724
866488.6477824724
866488.6477824724
866488.6477824724
866158.1224162488
866158.1224162488
866158.1224162488
866158.1224162488
866158.1224162488
866099.8130542012
866099.8130542012
866099.8130542012
866099.8130542012
866099.8130542012
866099.8130542012
866099.8130542012
866099.8130542012
866099.8130542012
866099.8130542012
866099.8130542012
866099.8130542012
866099.8130542012
866099.8130542012
866065.6466346958
866022.1668423974
866022.1668423974
866022.1668423974
865982.3384030277
865982.3384030277
865982.3384030277
865982.3384030277
865982.3384030277
865982.3384030277
865982.3384030277
865982.3384030277
865894.1577334906
865740.0873720439
865388.638644547
865388.638644547
865388.638644547
865388.638644547
865388.638644547
865388.638644547
865388.638644547
865320.0926754478
865320.0926754478
865320.0926754478
865320.0926754478
865320.0926754478
865320.0926754478
865320.0926754478
865320.0926754478
865320.0926754478
865320.0926754478
865320.0926754478
865251.2937527528
865251.2937527528
865251.2937527528
865251.2937527528
865251.2937527528
865251.2937527528
865251.2937527528
865251.2937527528
865251.2937527528
865251.2937527528
865251.2937527528
865251.2937527528
865251.2937527528
865251.2937527528
865251.2937527528
865251.2937527528
865251.2937527528
864908.7802892611
864908.7802892611
864883.2302579139
864883.2302579139
864883.2302579139
864883.2302579139
864883.2302579139
864883.2302579139
864883.2302579139
864883.2302579139
864883.2302579139
864883.2302579139
864883.2302579139
864883.2302579139
864531.235598007
864531.235598007
864531.235598007
864531.235598007
864531.235598007
864531.235598007
864531.235598007
864531.235598007
864531.235598007
864531.235598007
864531.235598007
864497.2608347258
864497.2608347258
864497.2608347258
864497.2608347258
864497.2608347258
864497.2608347258
864497.2608347258
864497.2608347258
864497.2608347258
864497.2608347258
864497.2608347258
864366.7978148974
864366.7978148974
864366.7978148974
864366.7978148974
864366.7978148974
864366.7978148974
864366.7978148974
864366.7978148974
864366.7978148974
864366.7978148974
864366.7978148974
864296.3920277869
864296.3920277869
864101.5096446547
864101.5096446547
864101.5096446547
864101.5096446547
864101.5096446547
864101.5096446547
864101.5096446547
864101.5096446547
864101.5096446547
864101.5096446547
863348.9980616968
863348.9980616968
863348.9980616968
863348.9980616968
863348.9980616968
863348.9980616968
863348.9980616968
863348.9980616968
863348.9980616968
863118.7112402854
862809.2961905088
862809.2961905088
862809.2961905088
862809.2961905088
862809.2961905088
862809.2961905088
862809.2961905088
862809.2961905088
862809.2961905088
862809.2961905088
862809.2961905088
862319.6843839352
862319.6843839352
862047.1849840742
862047.1849840742
862047.1849840742
862047.1849840742
862047.1849840742
862047.1849840742
862047.1849840742
861197.2177455053
861197.2177455053
861197.2177455053
861197.2177455053
861197.2177455053
861197.2177455053
861197.2177455053
861070.5281851073
861070.5281851073
861070.5281851073
861070.5281851073
861070.5281851073
861070.5281851073
861070.5281851073
861070.5281851073
861070.5281851073
861070.5281851073
861070.5281851073
861070.5281851073
861070.5281851073
861070.5281851073
861070.5281851073
861070.5281851073
860757.5137321805
860757.5137321805
860757.5137321805
860757.5137321805
860757.5137321805
860757.5137321805
860259.5576913864
859998.0022431386
859998.0022431386
859998.0022431386
859998.0022431386
859953.8632688813
859691.9008139195
859650.0990720423
859567.5246841597
859567.5246841597
859567.5246841597
859567.5246841597
859567.5246841597
859567.5246841597
859567.5246841597
859567.5246841597
859567.5246841597
859567.5246841597
859557.364927419
859557.364927419
859557.364927419
858754.3723100153
858660.2498151592
858660.2498151592
858453.319784374
858400.0924499568
858400.0924499568
858360.989772022
858076.9702386882
858076.9702386882
858076.9702386882
858076.9702386882
857872.341332221
857872.341332221
857872.341332221
857872.341332221
857872.341332221
857872.341332221
857872.341332221
856569.2537129917
856569.2537129917
856523.5277643707
856523.5277643707
856523.5277643707
856302.9132507794
856302.9132507794
856302.9132507794
856302.9132507794
856302.9132507794
856302.9132507794
856197.0532642573
856197.0532642573
856197.0532642573
856197.0532642573
856197.0532642573
856197.0532642573
856197.0532642573
856197.0532642573
856197.0532642573
856197.0532642573
856197.0532642573
856197.0532642573
856197.0532642573
855970.6958664379
855970.6958664379
855970.6958664379
855280.5147608987
855280.5147608987
855280.5147608987
855280.5147608987
855280.5147608987
854574.353711817
854574.353711817
854574.353711817
854574.353711817
854574.353711817
854574.353711817
854574.353711817
854304.6852764911
854304.6852764911
854304.6852764911
854304.6852764911
854304.6852764911
854304.6852764911
854304.6852764911
854304.6852764911
854304.6852764911
854304.6852764911
854304.6852764911
854304.6852764911
854217.8553318306
854217.8553318306
854217.8553318306
854217.8553318306
854217.8553318306
854217.8553318306
854217.8553318306
854217.8553318306
854217.8553318306
853717.4536756563
853717.4536756563
853717.4536756563
853351.4282891636
853351.4282891636
853351.4282891636
853351.4282891636
853351.4282891636
853351.4282891636
853351.4282891636
853351.4282891636
853351.4282891636
853297.7162038299
853297.7162038299
853297.7162038299
853297.7162038299
853297.7162038299
853297.7162038299
853297.7162038299
853297.2780819803
853297.2780819803
853297.2780819803
853297.2780819803
853297.2780819803
852871.7038719042
852666.7908168419
852666.7908168419
852666.7908168419
852666.7908168419
851098.348896276
851098.348896276
851098.348896276
850780.6567376248
850780.6567376248
850780.6567376248
850780.6567376248
850780.6567376248
850780.6567376248
850780.6567376248
850780.6567376248
850780.6567376248
850283.626800243
850283.626800243
850283.626800243
849899.6540513795
849899.6540513795
849861.9342891689
849861.9342891689
849861.9342891689
849861.9342891689
849861.9342891689
849861.9342891689
849861.9342891689
849861.9342891689
849861.9342891689
849861.9342891689
849861.9342891689
849861.9342891689
849861.9342891689
849861.9342891689
849798.2573167356
849798.2573167356
849798.2573167356
849798.2573167356
849798.2573167356
849798.2573167356
849798.2573167356
849798.2573167356
849798.2573167356
849798.2573167356
849798.2573167356
849798.2573167356
849798.2573167356
849798.2573167356
849798.2573167356
849798.2573167356
849798.2573167356
849798.2573167356
849798.2573167356
849798.2573167356
849798.2573167356
849798.2573167356
849798.2573167356
849798.2573167356
849798.2573167356
849798.2573167356
849798.2573167356
849798.2573167356
849798.2573167356
849798.2573167356
849798.2573167356
849798.2573167356
849798.2573167356
849798.2573167356
849798.2573167356
849798.2573167356
849798.2573167356
849798.2573167356
849798.2573167356
849798.2573167356
849798.2573167356
849798.2573167356
849798.2573167356
849798.2573167356
849798.2573167356
849629.3200758412
849629.3200758412
849629.3200758412
849629.3200758412
849629.3200758412
849379.6885982591
849379.6885982591
849379.6885982591
849379.6885982591
849379.6885982591
849379.6885982591
849379.6885982591
849379.6885982591
849379.6885982591
849379.6885982591
849379.6885982591
849379.6885982591
849379.6885982591
849311.5450449847
849311.5450449847
849311.5450449847
849311.5450449847
848716.5717871473
848667.898440699
848667.898440699
848667.898440699
848667.898440699
848667.898440699
848667.898440699
848667.898440699
848667.898440699
848396.0434560778
848108.7666608319
847852.8994075775
847852.8994075775
847613.4663647423
847613.4663647423
847613.4663647423
847613.4663647423
847613.4663647423
847142.1433804268
847142.1433804268
847142.1433804268
847142.1433804268
847142.1433804268
847060.206282085
847060.206282085
847060.206282085
847060.206282085
847060.206282085
847060.206282085
847060.206282085
847060.206282085
847060.206282085
847060.206282085
847060.206282085
847060.206282085
847060.206282085
847060.206282085
847060.206282085
847060.206282085
847060.206282085
847060.206282085
847060.206282085
846873.7117405942
846873.7117405942
846873.7117405942
846873.7117405942
846026.3083715198
846026.3083715198
846026.3083715198
846026.3083715198
845936.7456841535
845936.7456841535
845581.0574320159
845581.0574320159
844542.6028393359
844542.6028393359
844542.6028393359
844542.6028393359
843893.9831735888
843381.0151821696
843246.6967512937
843246.6967512937
843246.6967512937
843246.6967512937
843246.6967512937
843246.6967512937
843246.6967512937
843246.6967512937
843045.6197038564
843045.6197038564
843045.6197038564
843045.6197038564
843045.6197038564
843045.6197038564
843045.6197038564
843045.6197038564
843045.6197038564
843045.6197038564
843019.8218559779
843019.8218559779
843019.8218559779
843019.8218559779
843019.8218559779
843019.8218559779
843019.8218559779
842973.092704864
842973.092704864
842896.0376629818
842896.0376629818
842478.483876534
842478.483876534
842478.483876534
842478.483876534
842478.483876534
842478.483876534
842478.483876534
842478.483876534
842145.0286108514
842145.0286108514
842145.0286108514
842145.0286108514
842145.0286108514
842145.0286108514
842145.0286108514
842145.0286108514
842145.0286108514
842145.0286108514
842145.0286108514
842145.0286108514
842145.0286108514
842145.0286108514
842145.0286108514
842145.0286108514
842120.1314182992
842120.1314182992
842120.1314182992
842120.1314182992
842120.1314182992
842120.1314182992
842120.1314182992
842055.6905237265
842055.6905237265
842055.6905237265
842055.6905237265
842055.6905237265
842055.6905237265
842055.6905237265
842055.6905237265
842055.6905237265
842055.6905237265
842055.6905237265
842055.6905237265
842055.6905237265
842055.6905237265
842055.6905237265
842055.6905237265
842055.6905237265
842055.6905237265
842055.6905237265
842055.6905237265
842055.6905237265
842055.6905237265
842055.6905237265
842055.6905237265
842055.6905237265
842055.6905237265
842055.6905237265
841538.6880767776
841538.6880767776
841538.6880767776
841538.6880767776
841178.9654765518
840882.7186923001
840882.7186923001
840882.7186923001
840882.7186923001
840882.7186923001
840882.7186923001
840882.7186923001
840632.2513050454
840632.2513050454
840632.2513050454
840632.2513050454
840632.2513050454
840632.2513050454
840632.2513050454
840632.2513050454
840601.3122135182
840601.3122135182
840601.3122135182
840601.3122135182
840601.3122135182
839961.5632465216
839961.5632465216
839961.5632465216
839961.5632465216
839961.5632465216
839961.5632465216
839961.5632465216
839961.5632465216
839911.5482653392
839911.5482653392
839911.5482653392
839911.5482653392
839911.5482653392
839911.5482653392
839574.883430406
839574.883430406
839574.883430406
839574.883430406
839574.883430406
839574.883430406
839560.3041516226
839560.3041516226
839560.3041516226
839560.3041516226
839560.3041516226
839530.6301162367
839530.6301162367
839530.6301162367
839530.6301162367
839530.6301162367
839530.6301162367
839530.6301162367
839530.6301162367
839530.6301162367
839530.6301162367
839530.6301162367
839530.6301162367
839530.6301162367
839530.6301162367
839530.6301162367
839530.6301162367
839481.3873555604
839481.3873555604
839481.3873555604
839481.3873555604
839481.3873555604
839481.3873555604
839481.3873555604
839317.6028132938
839317.6028132938
839317.6028132938
839317.6028132938
839317.6028132938
839317.6028132938
839317.6028132938
839317.6028132938
839317.6028132938
839317.6028132938
839317.6028132938
838731.5378318813
838313.3127475033
838096.3883964329
838096.3883964329
838096.3883964329
838096.3883964329
838096.3883964329
838096.3883964329
838096.3883964329
838096.3883964329
838096.3883964329
838096.3883964329
838096.3883964329
838096.3883964329
838096.3883964329
838096.3883964329
838096.3883964329
838096.3883964329
838096.3883964329
838096.3883964329
837984.6526298525
837984.6526298525
837984.6526298525
837984.6526298525
837984.6526298525
837984.6526298525
837984.6526298525
837984.6526298525
837984.6526298525
837984.6526298525
837984.6526298525
837984.6526298525
837699.9896027197
837699.9896027197
837699.9896027197
837699.9896027197
837699.9896027197
837699.9896027197
837699.9896027197
837699.9896027197
837699.9896027197
837699.9896027197
837699.9896027197
837699.9896027197
837699.9896027197
837699.9896027197
837699.9896027197
837699.9896027197
837699.9896027197
837699.9896027197
837699.9896027197
837699.9896027197
837699.9896027197
837699.9896027197
837699.9896027197
837699.9896027197
837699.9896027197
837699.9896027197
837699.9896027197
837293.3482175574
837293.3482175574
837293.3482175574
837293.3482175574
837293.3482175574
837293.3482175574
837293.3482175574
837293.3482175574
837293.3482175574
837293.3482175574
837293.3482175574
837293.3482175574
837293.3482175574
837293.3482175574
837293.3482175574
837293.3482175574
837293.3482175574
837293.3482175574
837293.3482175574
837293.3482175574
837293.3482175574
837017.5581130767
836979.9509378404
836979.9509378404
836979.9509378404
836979.9509378404
836979.9509378404
836979.9509378404
836979.9509378404
836954.3887345965
836954.3887345965
836954.3887345965
836954.3887345965
836954.3887345965
836954.3887345965
836954.3887345965
836954.3887345965
836954.3887345965
836954.3887345965
836954.3887345965
836954.3887345965
836954.3887345965
836954.3887345965
836954.3887345965
836954.3887345965
836726.6732569786
836726.6732569786
836726.6732569786
836726.6732569786
836726.6732569786
836726.6732569786
836726.6732569786
836726.6732569786
836726.6732569786
836726.6732569786
836726.6732569786
836726.6732569786
836726.6732569786
836726.6732569786
836726.6732569786
836726.6732569786
836726.6732569786
836726.6732569786
836726.6732569786
836726.6732569786
836726.6732569786
836726.6732569786
836726.6732569786
836726.6732569786
836726.6732569786
836726.6732569786
836726.6732569786
836726.6732569786
836726.6732569786
836726.6732569786
836726.6732569786
836726.6732569786
836726.6732569786
836726.6732569786
836726.6732569786
836726.6732569786
836726.6732569786
836726.6732569786
836726.6732569786
836726.6732569786
836726.6732569786
836726.6732569786
836726.6732569786
836726.6732569786
836726.6732569786
836726.6732569786
836726.6732569786
836726.6732569786
836726.6732569786
836726.6732569786
836726.6732569786
