4511061.511683586
4400357.649251705
4295065.688662313
4189247.1997980946
4105398.7581071695
3999800.665905432
3941813.2175432118
3851345.1709468374
3788385.6730991052
3712948.526874401
3672306.669224199
3595858.621154001
3543698.8043242125
3474235.6799896723
3414773.721741988
3372391.2009359
3298786.402085019
3259584.816267648
3215276.821082541
3171215.209045173
3123345.463481879
3089086.1756812083
3048674.7961481665
3019164.4430938493
2979780.492472152
2942864.9272698904
2912921.2876470657
2886264.962845493
2865355.21188227
2818567.5345343617
2798585.5659482153
2781485.432276511
2754722.45138974
2725326.054745988
2697891.0302724545
2667611.2301264917
2632144.336557188
2615425.2717557745
2593832.799201378
2570067.4393747943
2555231.038295404
2528261.9268979784
2507293.9722556714
2493478.1536722225
2472607.6460466525
2460640.201283334
2447787.827791633
2428982.123434149
2415709.2890379895
2400675.5764211277
2380873.23978677
2362132.017835091
2331331.2527445024
2324045.5780006694
2314962.0658977497
2303940.6009247107
2292353.2681056038
2279752.590477038
2268198.116564515
2260984.657856218
2250732.123181858
2239230.05888998
2223263.072130313
2208134.347763597
2198569.5072863377
2188724.3663887624
2180377.7769793123
2164306.53324549
2154989.242520599
2148713.702639427
2137636.3444608804
2128783.855629377
2116656.425905593
2106239.1832493236
2097853.5525675295
2087497.9044709597
2081460.8088443321
2071177.1572752493
2061736.7526766285
2056870.831902031
2043243.6604994452
2030973.3251865876
2022194.1697304435
2012433.7806187489
2002102.268030636
1993164.35786126
1985181.285911745
1977859.8019391932
1974938.8392861835
1965150.6854615891
1954114.7179467804
1945689.599846218
1936966.8265805864
1934424.607488727
1930771.6917827793
1923724.2960678346
1920416.9639719168
1910709.4135210335
1901613.8744487404
1893912.3813653453
1888179.0630964076
1883903.672145109
1877173.863581639
1872832.785648211
1868959.987701835
1863886.181020168
1856809.4988894074
1850440.2853012797
1843696.1685969417
1838323.6966524515
1830388.1961175953
1821225.6288359899
1816236.5105152845
1809063.1138669383
1805467.736303714
1800043.9337523894
1793846.4752778169
1786371.4460593895
1782042.784370165
1779073.8977697054
1775243.0533972615
1769013.1256994484
1765683.821395569
1761866.3560868267
1758197.03374023
1755844.4721520208
1750465.601457335
1746912.5078734015
1745027.113572835
1742520.0999506908
1738677.6860615353
1735396.8200223595
1731671.6459377157
1725476.710812657
1719244.9304328915
1714978.672382786
1712554.9995246024
1704731.7505196612
1702235.8397825616
1700963.242724496
1699199.3473358382
1696360.464781038
1696229.4885979935
1693648.0489540617
1689690.9382562868
1687099.6394473526
1684643.5754064068
1678763.5691711414
1676045.9783534824
1673968.6997760297
1671172.3176016868
1670402.9465732845
1669171.0670998935
1667952.1133883586
1663735.2386673607
1661232.2104024782
1659290.5889219334
1658531.8825617302
1657528.5449724763
1651029.3272589394
1647201.5998146639
1643456.0943629795
1639469.3637180114
1636141.1520697966
1635442.4429473034
1632751.4908519213
1626719.3907743185
1623218.492156377
1617978.242803793
1614992.232723714
1613721.3758725002
1611802.5422622445
1608882.2142967433
1606438.0483922365
1604768.8251499012
1602870.5081021558
1599085.839472772
1596789.501405771
1592634.2900977442
1591331.843016024
1585786.6781134938
1585275.5746995904
1583023.2649206487
1580964.5645287172
1578352.166057981
1575671.7011992042
1574276.293860885
1571018.3136981055
1568113.5247922728
1562251.169004279
1560005.9000951056
1558436.338250649
1557764.74709694
1555239.9619964887
1553705.1730451332
1552328.5728850958
1551242.781003818
1551242.781003818
1549094.5088708694
1547577.7569625024
1542879.836024146
1539268.2494828808
1537207.0412075731
1533530.4616712015
1533119.9651552364
1533002.5202858273
1529916.1367057343
1525756.9088402872
1524084.40581403
1522643.3011666872
1520359.4430411868
1518177.810389189
1517236.125913012
1515859.7651997395
1515614.334032903
1514255.5867919254
1512187.7425465456
1511118.8426399587
1509183.4369778815
1504815.1402415494
1503277.6645832057
1503127.545891739
1501156.5152180856
1498483.7413035424
1496981.318959809
1495187.2447326183
1493972.422662535
1490819.416258453
1490049.873891731
1487930.5302825742
1485675.8960250672
1485430.1825721134
1484352.8248917127
1483878.533273351
1483150.549940006
1482466.3855532329
1481214.194118212
1481123.876676377
1479648.656175023
1478534.8316150624
1476081.453668099
1475902.112620993
1474267.4149695672
1473537.0633432392
1471425.8102873373
1470422.5403736483
1468015.1959534143
1466548.8070998688
1463915.5946649783
1460170.1801273483
1459680.4496100275
1458173.5637550876
1457047.2731009326
1453148.6350202695
1452979.8818108197
1452524.5584006924
1451231.3523080563
1449937.2442613994
1449709.7872356377
1446412.5578567535
1442807.8606705212
1439630.2002668134
1439276.2493857373
1436487.3135257228
1433163.4244518057
1431718.355658352
1431040.8607144654
1430308.9197034682
1429874.7347859354
1427955.900190626
1426214.4256812828
1425004.4716632823
1424651.0914415247
1423736.7778734928
1421740.1008413576
1417012.6756633907
1415270.414426684
1414571.4580246003
1413331.775281359
1410353.1077945116
1408654.2642468512
1407094.2383386465
1405063.7236011508
1404351.7405156374
1404099.3571855421
1403759.1383207776
1402695.910599818
1402623.5611608643
1400619.6027550655
1398375.7798898262
1398066.4009943274
1397643.283392403
1396376.8474365913
1395892.7362871692
1395054.1180688571
1394873.7770428087
1393185.2450800329
1393185.2450800329
1393025.4914603187
1390494.3231421472
1389068.9087717067
1386768.163130472
1384998.5931085146
1384203.428656829
1382485.245439855
1381555.145527045
1381555.145527045
1379361.3948606364
1379015.5558839268
1376778.7980312845
1374757.2866229732
1373443.0234972278
1371724.676606176
1371205.3308064875
1369362.2871390306
1367001.951451597
1366751.093660572
1366282.044473648
1365782.7323209355
1363189.0786864134
1362687.4169511462
1362228.6789859296
1361526.1742523976
1359955.9130522981
1358766.541907445
1358413.8125041034
1357072.4806442899
1356036.6285132691
1355976.5359579122
1355804.7203499402
1354627.7765470333
1354288.1505762609
1354122.8468225566
1353300.3489996442
1353300.3489996442
1351968.2087844869
1351093.535037533
1350943.5361075094
1350193.7057058793
1349516.1314896652
1348968.0952085552
1348704.7310597796
1346293.0862930743
1345783.4276985866
1345431.4766359825
1345089.4751264006
1344380.7707235909
1344380.7707235909
1344104.5148855478
1343725.603448065
1342209.471440693
1341969.6451724702
1339797.2229924689
1339793.4539202757
1339771.440341163
1339625.0704275332
1339194.5822260955
1338168.1491004147
1337838.5851920145
1337838.5851920145
1336745.7881418937
1336745.7881418937
1336544.8762940622
1334631.856420053
1334347.8680372043
1333127.918983864
1329597.8050773186
1329246.913470732
1328474.9424989368
1327977.6509813797
1327977.6509813797
1327806.5635070386
1327385.1401428645
1327376.3301014912
1327289.2675034408
1327289.2675034408
1326576.0448625311
1325862.2201801622
1325456.1745117297
1324996.9151981673
1323441.8623513286
1322377.4904430606
1321706.3819393793
1321199.1857011535
1320573.95659362
1320329.7699746627
1319799.528676779
1319484.4874705004
1317950.1111104249
1315987.3028997714
1313572.7895015692
1312540.108567226
1312540.108567226
1312540.108567226
1310851.9311356856
1310357.7457090695
1308223.4168943977
1306731.2726404816
1306342.756920883
1303419.8165512227
1302901.6552902218
1302845.1984359242
1301569.2741650585
1300540.8121493938
1300457.1182359057
1300036.777772483
1299722.2414574472
1298637.4717946372
1297170.613092643
1296880.198770918
1296558.5342278834
1296194.2345561837
1294292.4121763129
1294104.904722358
1291557.8247432262
1290072.705565561
1289306.2523795771
1289114.723207119
1288684.3487674992
1288339.9193642566
1287634.186700732
1287551.5495752515
1286175.1714455737
1286175.1714455737
1285080.2880980093
1284686.1418895
1282985.8553952826
1282985.8553952826
1282090.7912996444
1281905.4542400367
1281018.6489043895
1280910.4936347734
1280508.2897435762
1280402.035482189
1279733.4724167467
1279035.4424017235
1277326.5692824612
1277046.3268136843
1276267.2327009402
1275097.6595966637
1274954.811925817
1274910.3157738182
1272363.5154330796
1270962.7340164748
1269936.418917811
1269698.5441369647
1269193.1025421596
1268772.859519652
1268772.859519652
1267649.466787751
1266872.5345071503
1266827.709086435
1265578.0649733748
1265517.63595058
1261920.6297179176
1261584.842283438
1260544.5859099266
1260039.3404607363
1258186.5859882873
1257124.2785098632
1255612.147151034
1254599.9782814542
1254403.3836876303
1253127.3723426575
1252129.2565939026
1251674.3640341212
1251651.8234969946
1249753.3625083298
1249612.0792798444
1249612.0792798444
1248503.7774340461
1247940.0175164354
1246869.855631338
1246869.855631338
1245993.2503100734
1245023.4692832334
1243698.0132150543
1242604.4421023852
1241467.8981711562
1241399.9401805038
1241140.8452652744
1241067.61374244
1240422.7412617062
1239995.9529611152
1239721.1719810031
1239569.3891704744
1239137.3938082424
1239137.3938082424
1238705.8190912963
1237682.3183454536
1237242.7972475293
1235735.0220058174
1235735.0220058174
1235735.0220058174
1235381.6733014174
1234901.7038478004
1233816.673998612
1233441.6446504204
1232898.8645756273
1231951.3074540973
1231308.1980279696
1230754.2417789996
1230754.2417789996
1230711.8149614409
1230295.430951587
1228709.6629336942
1228542.516295071
1228542.516295071
1227757.3375523775
1224967.8505002111
1224967.8505002111
1224257.9360705377
1224171.506469032
1224171.506469032
1222837.6419936744
1222224.410270559
1221589.2366883457
1220499.6448293673
1220348.9933734378
1220126.065707211
1219365.3338272716
1219156.2791396058
1219156.2791396058
1218394.9745994564
1218278.24953256
1217561.8233883372
1217561.8233883372
1216366.3464768487
1214661.1343862677
1214661.1343862677
1214114.0804457548
1213384.2689500172
1212792.1711682798
1212503.2124062274
1210820.6985087674
1210022.8503311428
1210022.8503311428
1210022.8503311428
1209785.507366192
1209437.99853613
1209437.99853613
1209076.5922432137
1208734.9044309198
1208734.9044309198
1208077.5878675752
1208077.5878675752
1207197.602467257
1206998.1079373076
1206459.7613270823
1205731.9638750618
1205321.903382348
1205321.903382348
1204952.3865310117
1204192.926572144
1204065.327021191
1203899.5853172517
1202854.7334899865
1202319.375684578
1202207.3424825727
1201162.692554066
1201162.692554066
1201162.692554066
1201162.692554066
1200966.4506270112
1200056.3389088581
1199668.379562172
1198742.3104063263
1198742.3104063263
1198742.3104063263
1198004.5071509923
1198004.5071509923
1198004.5071509923
1197870.6965222186
1197870.6965222186
1197870.6965222186
1197144.637826813
1197144.637826813
1197050.739906267
1197050.739906267
1195329.338630433
1195101.2868613442
1194940.8328821575
1194234.0261528518
1194006.6479048221
1194006.6479048221
1191460.5076144857
1191460.5076144857
1190912.4646687715
1189692.3037697463
1189143.278323541
1188109.7245316063
1186524.9391760945
1186524.9391760945
1186524.9391760945
1186180.2239776729
1183237.7196344207
1182701.159461008
1181702.3057805165
1181603.6070549726
1181603.6070549726
1180618.6237791341
1180366.0590986433
1180118.2501569367
1179573.7033206401
1179573.7033206401
1179573.7033206401
1179573.7033206401
1179479.415580422
1179479.415580422
1179177.5034641512
1177674.573070739
1176723.6763432468
1176723.6763432468
1176508.5003632463
1176508.5003632463
1176320.8263491984
1175562.8272138936
1175379.942616093
1175367.4963095048
1174830.4931899847
1174438.1253600102
1174001.9787912269
1172478.2251469349
1172473.6886189962
1172473.6886189962
1171902.9835053973
1171854.3869287574
1171207.367493011
1170291.3542150944
1170035.2059382058
1170035.2059382058
1169916.8210013062
1169464.8667265342
1168812.3741642812
1168784.3624628482
1168562.227121885
1168320.8145262373
1167965.6324022838
1167594.6639445038
1167555.75155656
1167080.941024348
1166858.74040406
1165844.6454939423
1165594.3786307834
1164178.7401935058
1163978.641610945
1163978.641610945
1163961.8127084887
1163961.8127084887
1163134.8405835896
1163134.8405835896
1162184.4911175924
1161814.3779790094
1161814.3779790094
1161038.7035952169
1161038.7035952169
1160664.8963105995
1160314.530754495
1160055.342310114
1160055.342310114
1160055.342310114
1157925.993300923
1157384.743319382
1156959.7918918321
1156815.8448826722
1156815.8448826722
1155811.0920307667
1155811.0920307667
1155738.035542201
1154082.4263407872
1154044.760806257
1152639.746592484
1152470.4313028685
1152470.4313028685
1152470.4313028685
1151957.1726165754
1151785.3383299843
1151695.743492725
1151695.743492725
1151695.743492725
1151597.8378727501
1150203.8369579427
1149280.8937111206
1148978.6992226676
1148074.1102627385
1147471.0854175054
1147167.6648574453
1146663.856346401
1146663.856346401
1146663.856346401
1146029.4873395928
1146002.3851057645
1145542.1313049567
1145542.1313049567
1145542.1313049567
1145542.1313049567
1145542.1313049567
1144053.445381315
1143816.4649439636
1143816.4649439636
1142757.2741492526
1142757.2741492526
1142757.2741492526
1142184.5407272503
1141234.1056727674
1141234.1056727674
1141234.1056727674
1141234.1056727674
1140444.0295725216
1139627.7483462065
1138696.648046198
1138564.5750747414
1138414.6100643976
1138345.454853482
1137223.9406435085
1136618.257575454
1135864.7685208581
1135864.7685208581
1135864.7685208581
1135864.7685208581
1135864.7685208581
1135864.7685208581
1135198.7563888473
1135198.7563888473
1135198.7563888473
1135198.7563888473
1135109.9872554748
1134992.6087993514
1134743.297190155
1134743.297190155
1134743.297190155
1134718.0032178992
1134718.0032178992
1134718.0032178992
1134204.9344170159
1133900.9252598467
1133517.709882441
1132847.9437001604
1132847.9437001604
1132313.1548625058
1132313.1548625058
1132313.1548625058
1132313.1548625058
1132241.6768491135
1132241.6768491135
1132117.3782518627
1132117.3782518627
1131150.9044027042
1131150.9044027042
1131150.9044027042
1130803.471172263
1130173.1037950977
1130173.1037950977
1130173.1037950977
1129898.8698583972
1129309.5220619014
1127980.8814052949
1127465.5168433043
1127042.2698189714
1126732.3624808276
1126732.3624808276
1126382.9866202502
1125642.6010328075
1124585.113792066
1124316.5363852228
1123347.4774630093
1123347.4774630093
1123347.4774630093
1123347.4774630093
1123347.4774630093
1123143.3538205028
1123143.3538205028
1123143.3538205028
1122716.3388357458
1121191.7688077993
1121128.7236275785
1121128.7236275785
1121128.7236275785
1120610.5486037387
1120283.6247315737
1119830.681956005
1119830.681956005
1119362.5662363428
1118856.1387836582
1117891.008334532
1117822.9803638416
1117572.210249342
1117562.09066907
1116975.0033111358
1116975.0033111358
1116975.0033111358
1116975.0033111358
1116734.1504810005
1116734.1504810005
1116734.1504810005
1116734.1504810005
1116734.1504810005
1116422.261103533
1115996.859447886
1115267.285176719
1115267.285176719
1115065.8293681564
1114639.1475397318
1114379.3971844814
1113227.2246125913
1113227.2246125913
1112471.514599604
1112471.514599604
1112471.514599604
1112212.6510342741
1112212.6510342741
1111678.557590103
1111301.9096841856
1110872.2677072578
1110872.2677072578
1110872.2677072578
1110872.2677072578
1110481.0987557126
1109048.66834657
1108862.1240852412
1108862.1240852412
1108354.156139317
1108183.6611598236
1108183.6611598236
1108183.6611598236
1108058.1694411384
1107375.1261861243
1107375.1261861243
1107375.1261861243
1106458.029407917
1106423.7333908277
1106423.7333908277
1105947.6430204934
1105947.6430204934
1105947.6430204934
1105947.6430204934
1105947.6430204934
1105947.6430204934
1105802.1813723275
1105802.1813723275
1105802.1813723275
1105802.1813723275
1104820.0995232859
1104725.5839716801
1104725.5839716801
1103625.9420030592
1103153.7159599825
1103153.7159599825
1103140.6382752156
1103140.6382752156
1102516.143264824
1102169.5096020638
1100833.879536644
1100833.879536644
1100169.0068344981
1100169.0068344981
1100169.0068344981
1100169.0068344981
1100169.0068344981
1100169.0068344981
1099567.1011381033
1099567.1011381033
1099567.1011381033
1099368.233500929
1098623.20196011
1098061.33663344
1098061.33663344
1097733.6315893256
1097494.2248559925
1097494.2248559925
1096917.078355583
1096917.078355583
1096917.078355583
1096868.5617473302
1095910.771759885
1095910.771759885
1095406.7927405392
1095406.7927405392
1095406.7927405392
1094876.6675736571
1094876.6675736571
1094075.0375933382
1093966.8831957518
1093966.8831957518
1093966.8831957518
1093966.8831957518
1093838.8432182572
1093838.8432182572
1093639.3809484253
1093631.0740799366
1093631.0740799366
1093564.8129242947
1093564.8129242947
1093450.345419122
1093450.345419122
1093450.345419122
1093302.3223870527
1093063.744400361
1093063.744400361
1092849.4386901436
1092849.4386901436
1092849.4386901436
1092849.4386901436
1092106.4220191506
1092106.4220191506
1092106.4220191506
1091988.7459837408
1091367.0320727206
1090377.4436645461
1090377.4436645461
1090358.3358993803
1090190.2337530465
1089411.9033970544
1089069.7436702913
1088928.8309209577
1088928.8309209577
1088928.8309209577
1088928.8309209577
1088928.8309209577
1088634.7416032068
1087755.6590633038
1086915.2360880552
1086915.2360880552
1086301.919108572
1086301.919108572
1086301.919108572
1086301.919108572
1086301.919108572
1086031.9225161872
1085588.6063854473
1085588.6063854473
1085588.6063854473
1085588.6063854473
1085588.6063854473
1085588.6063854473
1085588.6063854473
1084454.250894527
1084454.250894527
1084454.250894527
1084454.250894527
1084454.250894527
1084077.4771484546
1083386.0032130757
1083190.110872101
1083190.110872101
1083028.3236907334
1082903.998665976
1081989.5235197863
1081984.6048261118
1081984.6048261118
1081984.6048261118
1081984.6048261118
1081984.6048261118
1081984.6048261118
1081849.8008697694
1081849.8008697694
1081849.8008697694
1081304.9518950717
1081304.9518950717
1080323.5858255033
1080323.5858255033
1080323.5858255033
1080323.5858255033
1080261.124817464
1079244.9232938746
1078594.864751529
1078235.1952607038
1077983.623391302
1077596.5277461428
1077378.352840017
1077259.3757432601
1077118.846167625
1077075.5905733372
1077075.5905733372
1076779.3660919727
1076779.3660919727
1076779.3660919727
1076779.3660919727
1076778.047419467
1076477.4429777092
1076477.4429777092
1076477.4429777092
1076477.4429777092
1076452.8243614044
1076452.8243614044
1076452.8243614044
1076055.3374946786
1076055.3374946786
1075978.1365873795
1075978.1365873795
1075978.1365873795
1075978.1365873795
1075844.602525826
1075753.6931264363
1075753.6931264363
1075278.9012773915
1075278.9012773915
1075101.9677127013
1074101.5075144845
1074101.5075144845
1074101.5075144845
1073591.7874687877
1073552.8420464527
1073552.8420464527
1073111.5706946633
1073111.5706946633
1073111.5706946633
1073111.5706946633
1072441.1185678556
1072441.1185678556
1072441.1185678556
1072441.1185678556
1072339.1283763247
1072103.7119536712
1072103.7119536712
1072103.7119536712
1072103.7119536712
1072103.7119536712
1072103.7119536712
1071636.864916115
1071636.864916115
1070787.6226139613
1070441.1410449357
1068980.1046404229
1068568.800971789
1066660.3365766956
1066660.3365766956
1066655.9720783124
1066655.9720783124
1065130.3348402632
1065130.3348402632
1065130.3348402632
1065130.3348402632
1064708.0428267284
1064708.0428267284
1064708.0428267284
1064347.6577790503
1064347.6577790503
1064145.8980317926
1064145.8980317926
1063942.7552378569
1063942.7552378569
1063942.7552378569
1063716.5980641064
1063192.7944346576
1063192.7944346576
1062201.3917032997
1062201.3917032997
1062201.3917032997
1061316.0013303212
1061263.0157442153
1061263.0157442153
1061263.0157442153
1061263.0157442153
1061263.0157442153
1061263.0157442153
1061193.7238831255
1061193.7238831255
1061193.7238831255
1060919.514728818
1060919.514728818
1059793.9414033676
1059793.9414033676
1059618.3270672339
1059618.3270672339
1059618.3270672339
1059524.299721836
1059524.299721836
1057793.5241945793
1057793.5241945793
1057553.647226572
1057500.2443134333
1057262.6931697596
1056565.9609905793
1056565.9609905793
1056389.659552894
1056350.6320327332
1056125.7195277887
1056125.7195277887
1055696.2822659963
1055584.6756467018
1055584.6756467018
1055256.1569478237
1055256.1569478237
1054772.384376432
1054772.384376432
1054772.384376432
1054772.384376432
1054772.384376432
1053686.4094810998
1053686.4094810998
1053686.4094810998
1052899.3927755123
1052899.3927755123
1052899.3927755123
1052587.8203751668
1052587.8203751668
1052204.4516355156
1052204.4516355156
1052204.4516355156
1052105.6083774893
1052105.6083774893
1051441.6864924491
1051441.6864924491
1051441.6864924491
1051441.6864924491
1051441.6864924491
1051240.5916271657
1051240.5916271657
1050950.3999244224
1050264.863338927
1050264.863338927
1050264.863338927
1050264.863338927
1050264.863338927
1050237.905847016
1050237.905847016
1050072.5073115528
1050072.5073115528
1049865.4723097244
1049590.205719571
1049426.3720077276
1049426.3720077276
1049066.4560055968
1048603.3440876012
1048603.3440876012
1048603.3440876012
1048603.3440876012
1048603.3440876012
1048599.6767532243
1048599.6767532243
1048262.8159274403
1047755.9995376981
1046295.7692734536
1046295.7692734536
1045892.3867094886
1045892.3867094886
1045892.3867094886
1045892.3867094886
1045892.3867094886
1045892.3867094886
1045540.2204338294
1045241.8213998477
1045241.8213998477
1045241.8213998477
1045241.8213998477
1045241.8213998477
1045241.8213998477
1045241.8213998477
1045241.8213998477
1045088.4343241961
1045088.4343241961
1045088.4343241961
1045088.4343241961
1045088.4343241961
1045088.4343241961
1045088.4343241961
1045088.4343241961
1045088.4343241961
1045029.9322483903
1044753.654705645
1044403.9094893694
1044403.9094893694
1044312.0802122471
1044312.0802122471
1044274.5432145513
1044274.5432145513
1044274.5432145513
1043929.7783163299
1043476.4116543769
1043476.4116543769
1043395.7442742658
1043395.7442742658
1043393.3616412325
1043393.3616412325
1043393.3616412325
1043393.3616412325
1043393.3616412325
1042749.9567342899
1042749.9567342899
1042749.9567342899
1042749.9567342899
1042701.3907125308
1042701.3907125308
1041944.44226245
1041819.4649418946
1041323.3412340207
1041323.3412340207
1040775.3573380336
1040775.3573380336
1040775.3573380336
1040557.5871204454
1040557.5871204454
1040557.5871204454
1040557.5871204454
1040557.5871204454
1040557.5871204454
1040557.5871204454
1040557.5871204454
1040557.5871204454
1040557.5871204454
1040557.5871204454
1040557.5871204454
1039633.2813909267
1039512.779737994
1039512.779737994
1039512.779737994
1039512.779737994
1039512.779737994
1039111.6299698355
1039111.6299698355
1038612.3093020774
1038612.3093020774
1038108.9783348256
1038108.9783348256
1037946.9728853279
1037946.9728853279
1037946.9728853279
1037346.2443536831
1037346.2443536831
1037346.2443536831
1036432.5081713689
1036296.3692753045
1035719.3985035538
1035719.3985035538
1035719.3985035538
1035719.3985035538
1035702.659094255
1035325.1538381835
1034947.432728633
1034848.1778213425
1034848.1778213425
1034848.1778213425
1033921.7025557098
1033921.7025557098
1033921.7025557098
1033921.7025557098
1033921.7025557098
1032967.2737036229
1032967.2737036229
1032967.2737036229
1032967.2737036229
1032967.2737036229
1032957.790057916
1032957.790057916
1032957.790057916
1032627.6557353106
1032096.819655453
1032096.819655453
1031740.1101495412
1031740.1101495412
1031740.1101495412
1031597.9308546298
1031597.9308546298
1031597.9308546298
1031597.9308546298
1031597.9308546298
1031597.9308546298
1031110.5329601658
1031110.5329601658
1031017.7488187974
1031017.7488187974
1031017.7488187974
1031017.7488187974
1031017.7488187974
1030968.6133615142
1030968.6133615142
1030427.7822849716
1030159.049084797
1030159.049084797
1030159.049084797
1029664.6309273099
1029664.6309273099
1029274.6270848183
1029274.6270848183
1029274.6270848183
1029274.6270848183
1029089.6580055536
1028451.264093958
1028227.7523083368
1028004.4642465006
1028004.4642465006
1028004.4642465006
1027929.6392693429
1027666.5235116908
1027666.5235116908
1027666.5235116908
1027666.5235116908
1027457.3030396977
1027457.3030396977
1027457.3030396977
1027457.3030396977
1026685.3156865787
1026685.3156865787
1026685.3156865787
1026685.3156865787
1026685.3156865787
1026685.3156865787
1026676.9841676714
1026511.1823012873
1026511.1823012873
1026511.1823012873
1026130.004883317
1026112.4496777576
1025620.3910528579
1025428.3378837896
1025428.3378837896
1025402.0354674999
1025402.0354674999
1025402.0354674999
1025402.0354674999
1025402.0354674999
1025402.0354674999
1025013.7108342006
1025013.7108342006
1025013.7108342006
1025013.7108342006
1025013.7108342006
1025013.7108342006
1025013.7108342006
1024768.9277378042
1023712.7528973584
1022382.7238937592
1022382.7238937592
1020546.4684060072
1020395.3851507611
1020395.3851507611
1020395.3851507611
1020395.3851507611
1019703.3132194346
1019703.3132194346
1019414.5706688858
1019414.5706688858
1018471.6446987188
1018471.6446987188
1018471.6446987188
1018471.6446987188
1018158.6020120584
1016558.5445297919
1016558.5445297919
1016558.5445297919
1016511.1867872854
1016427.7408705076
1016427.7408705076
1016338.3986395267
1016227.3919978125
1016227.3919978125
1015827.9063661073
1015827.9063661073
1015783.5964629047
1015570.2373744828
1015080.2573021628
1014643.2259167375
1014580.0319893479
1014580.0319893479
1013851.5967243459
1013851.5967243459
1013731.4141191767
1013710.8382464268
1013710.6709902579
1012201.2964828708
1012201.2964828708
1012201.2964828708
1012074.8038818105
1012074.8038818105
1011894.3111619889
1011894.3111619889
1011894.3111619889
1011894.3111619889
1011894.3111619889
1011644.2293491419
1011644.2293491419
1011033.6138495647
1011033.6138495647
1010929.6043609489
1010929.6043609489
1010929.6043609489
1010602.9419426845
1010602.9419426845
1010602.9419426845
1010602.9419426845
1010602.9419426845
1010602.9419426845
1010602.9419426845
1010255.2331760912
1010255.2331760912
1010255.2331760912
1010255.2331760912
1010255.2331760912
1009902.1113508029
1009399.5039221453
1009399.5039221453
1008145.6310771231
1007802.6921675587
1007802.6921675587
1007802.6921675587
1007802.6921675587
1007352.786099918
1007352.786099918
1007269.1904166483
1007269.1904166483
1006511.3361831552
1006293.7746346842
1006129.0814195058
1005407.4469534461
1005407.4469534461
1004413.9646283672
1004077.457403884
1004077.457403884
1003646.8109312267
1003646.8109312267
1003593.776021648
1002967.4830479657
1002967.4830479657
1002967.4830479657
1002967.4830479657
1002967.4830479657
1002967.4830479657
1002084.3999914572
1002084.3999914572
1002084.3999914572
1001133.2620145776
1001133.2620145776
1001133.2620145776
1000415.4750345163
1000415.4750345163
1000234.7060194202
1000016.9791802308
1000016.9791802308
1000016.9791802308
1000016.9791802308
1000016.9791802308
999774.0517981516
999668.2387439336
998657.5111535094
998627.0778756903
998627.0778756903
998627.0778756903
998627.0778756903
998627.0778756903
997937.4128477375
997365.0466793324
997365.0466793324
997268.0189907635
996663.9243526489
996663.9243526489
996663.9243526489
996663.9243526489
996663.9243526489
996663.9243526489
996663.9243526489
996597.7524806483
996579.5338878876
995981.275554315
995981.275554315
995981.275554315
995981.275554315
995981.275554315
995417.1196628998
995376.87000849
995376.87000849
994853.678148859
994423.4963395142
994423.4963395142
994423.4963395142
994423.4963395142
994283.8144162166
994283.8144162166
994228.4905499246
994228.4905499246
993847.6730335017
993847.6730335017
993782.7785055861
993782.7915298968
993782.5170859728
993398.644500206
993398.644500206
993398.644500206
992745.3296130821
992745.3296130821
992745.3296130821
992381.7095396293
992355.6210046029
992355.6210046029
992355.6210046029
992355.6210046029
991658.1016992134
991424.4496985122
991424.4496985122
991424.4496985122
991280.368088305
991280.368088305
991280.368088305
991253.0791191689
990711.0104440623
990711.0104440623
990711.0104440623
990711.0104440623
990711.0104440623
990711.0104440623
990711.0104440623
990711.0104440623
990711.0104440623
989976.1150710267
989976.1150710267
989976.1150710267
989976.1150710267
989976.1150710267
989976.1150710267
989976.1150710267
989976.1150710267
989976.1150710267
989179.2855574134
989179.2855574134
989179.2855574134
989179.2855574134
989179.2855574134
989179.2855574134
988949.1397408033
988949.1397408033
988311.0999114837
988311.0999114837
987496.6400312576
987296.423035658
986757.1778482988
986757.1778482988
986230.0627117201
986230.0627117201
986230.0627117201
986230.0627117201
985806.1402465068
985806.1402465068
985806.1402465068
985492.7054765772
985492.7054765772
985492.7054765772
985492.7054765772
985492.7054765772
985492.7054765772
985492.7054765772
985492.7054765772
985492.7054765772
985492.7054765772
985314.6693323108
985314.6693323108
985314.6693323108
984673.3802187205
984673.3802187205
984673.3802187205
984673.3802187205
983094.3521798946
983094.3521798946
982974.9065388739
982554.8887620751
982554.8887620751
982508.8085342969
982314.3319245926
982314.3319245926
982314.3319245926
982314.3319245926
982314.3319245926
982314.3319245926
982314.3319245926
982314.3319245926
982314.3319245926
982314.3319245926
982314.3319245926
982314.3319245926
982314.3319245926
982171.7048001499
982171.7048001499
982171.7048001499
982171.7048001499
982171.7048001499
982171.7048001499
982171.7048001499
982171.7048001499
981973.6807086742
981696.1610293302
981696.1610293302
981696.1610293302
981696.1610293302
981696.1610293302
981696.1610293302
981696.1610293302
981696.1610293302
981696.1610293302
981179.5586812848
981179.5586812848
981004.2097892719
981004.2097892719
981004.2097892719
980995.5870131883
980995.5870131883
980995.5870131883
980816.3390805372
980816.3390805372
980816.3390805372
979726.0224980318
979554.8967419406
979481.965342476
979481.965342476
979171.4023548164
979171.4023548164
979136.3763596078
979136.3763596078
979136.3763596078
979136.3763596078
978992.4387037412
978992.4387037412
978992.4387037412
978437.3268942207
978240.1368878953
978240.1368878953
978225.2622302338
978225.2622302338
978225.2622302338
978158.3117033886
978150.8367213466
977692.793342333
977692.793342333
977692.793342333
977692.793342333
977349.8795530092
977349.8795530092
977349.8795530092
977349.8795530092
977349.8795530092
977349.8795530092
976874.5655743517
976874.5655743517
976874.5655743517
976254.8798243871
976254.8798243871
976254.8798243871
976254.8798243871
976254.8798243871
976254.8798243871
976254.8798243871
976254.8798243871
976176.9434861792
976176.9434861792
975525.2161478009
975525.2161478009
974434.0409822528
974434.0409822528
974434.0409822528
974434.0409822528
974434.0409822528
974434.0409822528
973778.0597724544
973770.1062061047
973745.8309500277
973745.8309500277
973501.7090499725
973501.7090499725
973417.7440771284
973290.8651158577
973290.8651158577
973290.8651158577
973290.8651158577
973290.8651158577
973290.8651158577
973290.8651158577
973290.8651158577
973290.8651158577
973290.8651158577
973253.5936309837
973073.1844695548
972910.2431558559
972910.2431558559
972910.2431558559
972910.2431558559
972910.2431558559
972910.2431558559
972910.2431558559
972910.2431558559
972894.3099320577
972894.3099320577
971942.9323953408
971942.9323953408
971036.8906813802
971036.8906813802
971036.8906813802
971036.8906813802
971036.8906813802
970903.8535162999
970447.2405317625
970447.2405317625
970447.2405317625
970308.4027679455
970308.4027679455
970308.4027679455
970308.4027679455
970308.4027679455
970308.4027679455
970308.4027679455
970308.4027679455
970308.4027679455
970308.4027679455
970308.4027679455
970308.4027679455
970308.4027679455
970308.4027679455
970308.4027679455
970308.4027679455
970308.4027679455
970308.4027679455
970308.4027679455
970308.4027679455
970308.4027679455
970308.4027679455
970308.4027679455
969660.7448886621
969660.7448886621
969660.7448886621
969660.7448886621
969268.2180952174
968577.6412382815
968380.091016321
968380.091016321
968380.091016321
968380.091016321
968380.091016321
967882.5227600351
967882.5227600351
967882.5227600351
967016.7299692221
966621.7843527262
966590.7496703306
966590.7496703306
966590.7496703306
966590.7496703306
966590.7496703306
966590.7496703306
966590.7496703306
966590.7496703306
966590.7496703306
966390.3747702979
966390.3747702979
965774.5542493293
965767.7729460266
965767.7729460266
965767.7729460266
965536.0472872849
965536.0472872849
964797.6862278155
964797.6862278155
963394.0383005673
963394.0383005673
962937.1642696746
962937.1642696746
962937.1642696746
962585.1030620167
962585.1030620167
962585.1030620167
962585.1030620167
962585.1030620167
962585.1030620167
962585.1030620167
962585.1030620167
962585.1030620167
962585.1030620167
962585.1030620167
962521.6057617402
962521.6057617402
962521.6057617402
962521.6057617402
962521.6057617402
962521.6057617402
962521.6057617402
962521.6057617402
962521.6057617402
962521.6057617402
962521.6057617402
962521.6057617402
962522.651075738
962522.651075738
962522.651075738
962522.651075738
962522.651075738
962522.651075738
962522.651075738
962522.651075738
962522.651075738
962522.651075738
962522.651075738
962522.651075738
962522.651075738
962522.651075738
962522.651075738
962297.1457407047
962297.1457407047
962297.1457407047
962297.1457407047
961144.677142161
961144.677142161
961144.677142161
960683.8655809606
960683.8655809606
960579.2919845565
960579.2919845565
960579.2919845565
960579.2919845565
960579.2919845565
960113.8026563071
960113.8026563071
960050.693401389
960050.693401389
960050.693401389
960050.693401389
959499.4088931459
959499.4088931459
959499.4088931459
959499.4088931459
959499.4088931459
959147.9979348151
957881.9655269926
957881.9655269926
957881.9655269926
957364.8748187916
957364.8748187916
957356.2850281602
956917.4937061621
956917.4937061621
956917.4937061621
956917.4937061621
956140.0802741991
955945.9745895381
955846.3614248997
955846.3614248997
955846.3614248997
955846.3614248997
955702.6815771245
955702.6815771245
955454.3843371485
955251.7500805408
955251.7500805408
954400.49637726
954400.49637726
954400.49637726
954258.6783006962
954258.6783006962
954258.6783006962
954258.6783006962
954258.6783006962
954258.6783006962
954120.3919116467
954120.3919116467
953799.8064369456
953495.1662691334
953495.1662691334
953495.1662691334
953036.7504023752
952489.7074230262
952489.7074230262
952489.7074230262
952489.7074230262
952489.7074230262
952314.8164538204
951994.9767820323
951994.9767820323
951432.6691331065
951025.1505783049
950409.0063256221
950409.0063256221
950409.0063256221
950409.0063256221
950409.0063256221
950409.0063256221
950409.0063256221
950409.0063256221
950409.0063256221
950301.7698950294
949655.0282542605
949655.0282542605
949655.0282542605
949655.0282542605
949655.0282542605
949655.0282542605
949655.0282542605
949655.0282542605
949655.0282542605
949655.0282542605
948643.8260870653
948643.8260870653
948643.8260870653
948643.8260870653
948643.8260870653
948643.8260870653
948643.8260870653
948643.8260870653
948584.8822697063
948584.8822697063
948584.8822697063
948584.8822697063
948584.8822697063
948449.1063811599
948449.1063811599
948449.1063811599
948449.1063811599
948449.1063811599
948449.1063811599
948449.1063811599
948449.1063811599
948449.1063811599
948316.0175714064
947848.1658726332
947631.1223105853
947062.6794404772
947062.6794404772
947062.6794404772
947062.6794404772
946388.1438675473
945693.4305325506
945693.4305325506
945693.4305325506
945659.7013483461
945659.7013483461
945659.7013483461
945659.7013483461
945659.7013483461
945659.7013483461
945659.7013483461
945659.7013483461
945659.7013483461
945659.7013483461
945659.7013483461
945659.7013483461
945046.6796223719
945046.6796223719
945046.6796223719
945046.6796223719
944876.3900516967
944305.9958299974
944305.9958299974
944305.9958299974
944305.9958299974
944305.9958299974
944305.9958299974
944073.5039780065
944073.5039780065
944073.5039780065
944073.5039780065
944073.5039780065
943772.4791079592
943772.4791079592
943772.4791079592
943772.4791079592
943772.4791079592
943772.4791079592
943772.4791079592
942891.296934335
942891.296934335
942891.296934335
942891.296934335
942891.296934335
942508.0880167496
942508.0880167496
942508.0880167496
942508.0880167496
942508.0880167496
942508.0880167496
942508.0880167496
942508.0880167496
942508.0880167496
942508.0880167496
942508.0880167496
942508.0880167496
942508.0880167496
942508.0880167496
942231.0263199096
941945.2353497822
941945.2353497822
941765.2377210803
941765.2377210803
941765.2377210803
941765.2377210803
941509.6053476327
941052.9482820963
940319.1646296118
940319.1646296118
940319.1646296118
940319.1646296118
940319.1646296118
940280.2614084075
940236.5028902338
940176.9782118265
940176.9782118265
940176.9782118265
940176.9782118265
940176.9782118265
940176.9782118265
940176.9782118265
939628.8949695043
939593.0452937104
939593.0452937104
939593.0452937104
939415.4638714879
939415.4638714879
939415.4638714879
939415.4638714879
939415.4638714879
939257.3198477465
939257.3198477465
939257.3198477465
939257.3198477465
939054.2558685364
938719.162201477
938719.162201477
938719.162201477
938719.162201477
937802.9546577432
937802.9546577432
937802.9546577432
937802.9546577432
937802.9546577432
937802.9546577432
937802.9546577432
937802.9546577432
937792.424961237
937792.424961237
937792.424961237
937792.424961237
937792.424961237
937792.424961237
937462.9250164537
937462.9250164537
937462.9250164537
937462.9250164537
937462.9250164537
937462.9250164537
937462.9250164537
937462.9250164537
937462.9250164537
937462.9250164537
937462.9250164537
937235.8223767597
937235.8223767597
937235.8223767597
937235.8223767597
937235.8223767597
937235.8223767597
937235.8223767597
937235.8223767597
937235.8223767597
937235.8223767597
937235.8223767597
937235.8223767597
937235.8223767597
937235.8223767597
937235.8223767597
937235.8223767597
937174.7241546012
937174.7241546012
937174.7241546012
937082.7661151345
937082.7661151345
937082.7661151345
937082.7661151345
937082.7661151345
936952.0365433865
936952.0365433865
936952.0365433865
936952.0365433865
936952.0365433865
936952.0365433865
936952.0365433865
936952.0365433865
936952.0365433865
936628.2364711019
936628.2364711019
936628.2364711019
936628.2364711019
936628.2364711019
936628.2364711019
936628.2364711019
936628.2364711019
936628.2364711019
936628.2364711019
936628.2364711019
936628.2364711019
936628.2364711019
936628.2364711019
936628.2364711019
936628.2364711019
936628.2364711019
935915.1669103676
935753.3313429714
935753.3313429714
935753.3313429714
935753.3313429714
935200.8323152501
935200.8323152501
935200.8323152501
935200.8323152501
935200.8323152501
935188.2049686739
935188.2049686739
935188.2049686739
935188.2049686739
935188.2049686739
935188.2049686739
934613.1400506778
934613.1400506778
934613.1400506778
934613.1400506778
934613.1400506778
934613.1400506778
934613.1400506778
934385.3669838979
934385.3669838979
934385.3669838979
933426.3764992318
933426.3764992318
933426.3764992318
933426.3764992318
933426.3764992318
933426.3764992318
933273.283103098
933064.9793122691
933064.9793122691
933064.9793122691
932802.136758253
932802.136758253
932802.136758253
932802.136758253
932802.136758253
932802.136758253
932468.8326293547
931817.5465385476
931292.6722400583
931192.2893460451
931192.2893460451
930834.5209008581
930834.5209008581
930834.5209008581
930834.5209008581
930834.5209008581
930834.5209008581
930834.5209008581
930834.5209008581
930639.6462017506
930416.7972622789
930416.7972622789
930416.7972622789
930249.548489573
930249.548489573
930249.548489573
930249.548489573
930249.548489573
930249.548489573
930249.548489573
930249.548489573
930249.548489573
930249.548489573
930249.548489573
930249.548489573
930249.548489573
930249.548489573
930249.548489573
930249.548489573
930249.548489573
930249.548489573
930249.548489573
930249.548489573
930138.5694690964
930138.5694690964
930138.5694690964
929931.2436749358
929697.9332636961
929697.9332636961
929697.9332636961
929697.9332636961
929697.9332636961
929697.9332636961
929314.1631547727
929314.1631547727
929314.1631547727
928984.9037901582
928984.9037901582
928984.9037901582
928984.9037901582
928984.9037901582
928984.9037901582
928984.9037901582
928413.4773200311
928413.4773200311
928413.4773200311
928413.4773200311
928413.4773200311
928413.4773200311
928413.4773200311
928413.4773200311
928413.4773200311
928413.4773200311
928413.4773200311
928413.4773200311
927845.6256184998
927359.9142872377
927359.9142872377
927359.9142872377
927359.9142872377
927359.9142872377
927242.8109369046
927242.8109369046
927242.8109369046
927242.8109369046
927242.8109369046
927242.8109369046
927242.8109369046
926793.5118725833
926793.5118725833
926793.5118725833
926793.5118725833
926741.8283774413
926741.8283774413
926741.8283774413
926741.8283774413
926741.8283774413
926423.1694486472
926423.1694486472
926423.1694486472
926423.1694486472
926423.1694486472
926423.1694486472
926423.1694486472
926423.1694486472
926423.1694486472
926423.1694486472
926401.8678405586
926401.8678405586
926401.8678405586
926241.4573913063
926241.4573913063
926241.4573913063
926241.4573913063
926241.4573913063
925432.1300221024
925432.1300221024
925432.1300221024
925432.1300221024
925432.1300221024
925432.1300221024
925432.1300221024
925432.1300221024
925432.1300221024
925257.7211743694
925257.7211743694
925257.7211743694
925257.7211743694
925257.7211743694
925257.7211743694
925257.7211743694
925257.7211743694
925257.7211743694
925257.7211743694
925257.7211743694
925257.7211743694
925257.7211743694
925257.7211743694
925257.7211743694
925257.7211743694
925257.7211743694
925257.7211743694
925257.7211743694
925257.7211743694
925257.7211743694
925257.7211743694
925257.7211743694
925257.7211743694
925257.7211743694
925257.7211743694
925257.7211743694
925257.7211743694
925257.7211743694
925257.7211743694
925257.7211743694
925257.7211743694
925257.7211743694
925257.7211743694
925257.7211743694
925049.3957365003
925049.3957365003
924819.4302620906
924819.4302620906
924792.7499495354
924792.7499495354
924544.929840747
924544.929840747
924544.929840747
924544.929840747
924544.929840747
924544.929840747
924544.929840747
924544.929840747
924544.929840747
924544.929840747
924544.929840747
924544.929840747
924544.929840747
924544.929840747
924544.929840747
924107.2020611151
924107.2020611151
924107.2020611151
924107.2020611151
924107.2020611151
924107.2020611151
924107.2020611151
923757.4406507446
923757.4406507446
923757.4406507446
923757.4406507446
923757.4406507446
923606.002956038
923485.5520009687
923485.5520009687
923485.5520009687
923485.5520009687
923053.8978163806
922574.5011987564
922574.5011987564
922574.5011987564
922574.5011987564
922574.5011987564
922574.5011987564
922574.5011987564
922008.1852354603
921788.563333751
921788.563333751
921788.563333751
921788.563333751
921788.563333751
921788.563333751
921430.8914500987
921285.3960182401
921285.3960182401
921285.3960182401
921023.4129784708
921023.4129784708
921023.4129784708
921023.4129784708
920659.4169969815
920659.4169969815
920659.4169969815
920659.4169969815
920659.4169969815
920659.4169969815
920659.4169969815
920659.4169969815
920659.4169969815
920659.4169969815
920659.4169969815
920659.4169969815
920659.4169969815
920508.3904692763
920508.3904692763
920508.3904692763
920508.3904692763
920508.3904692763
920508.3904692763
920504.1011883365
920504.1011883365
920504.1011883365
920504.1011883365
920504.1011883365
920504.1011883365
920431.2635056276
920431.2635056276
920431.2635056276
920431.2635056276
920431.2635056276
920431.2635056276
920431.2635056276
920431.2635056276
920388.3473646856
920388.3473646856
920388.3473646856
920213.3141746102
920213.3141746102
920213.3141746102
920213.3141746102
920213.3141746102
920213.3141746102
920213.3141746102
920213.3141746102
919606.3113875688
919606.3113875688
919606.3113875688
919606.3113875688
919606.3113875688
919333.2795217695
919333.2795217695
918866.9056263533
918866.9056263533
918866.9056263533
918866.9056263533
918866.9056263533
918866.9056263533
918866.9056263533
918866.9056263533
918207.0724931634
917442.1254643011
917442.1254643011
917442.1254643011
917442.1254643011
917082.5850736981
916919.8894048538
916919.8894048538
916919.8894048538
916919.8894048538
916919.8894048538
916919.8894048538
916919.8894048538
916919.8894048538
916737.0493453813
916737.0493453813
916737.0493453813
916737.0493453813
916737.0493453813
916737.0493453813
916737.0493453813
916301.5487328304
916301.5487328304
916301.5487328304
916301.5487328304
916301.5487328304
915940.9267808695
915940.9267808695
915940.9267808695
915940.9267808695
915940.9267808695
915908.213824574
915883.1704270516
915883.1704270516
915883.1704270516
915883.1704270516
915883.1704270516
915883.1704270516
915883.1704270516
915883.1704270516
915883.1704270516
915835.1208987106
915835.1208987106
915176.323824863
915176.323824863
915123.7866490398
915123.7866490398
915123.7866490398
915123.7866490398
915123.7866490398
915123.7866490398
915123.7866490398
915123.7866490398
914905.954548154
914905.954548154
914905.954548154
914905.954548154
914905.954548154
914905.954548154
914905.954548154
914712.0143322232
914712.0143322232
914587.3942278426
914383.4687826158
914383.4687826158
914383.4687826158
914383.4687826158
914076.9332327177
914076.9332327177
914076.9332327177
914076.9332327177
914076.9332327177
914076.9332327177
914076.9332327177
914076.9332327177
914076.9332327177
914076.9332327177
914076.9332327177
914076.9332327177
913953.898990458
913953.898990458
913953.898990458
913953.898990458
913953.898990458
913953.898990458
913953.898990458
913953.898990458
913953.898990458
913953.898990458
913953.898990458
913953.898990458
913100.294092787
913100.294092787
913100.294092787
913100.294092787
913061.8400676074
913061.8400676074
913061.8400676074
913061.8400676074
913061.8400676074
913061.8400676074
913061.8400676074
913061.8400676074
913061.8400676074
913061.8400676074
911658.9869468227
911658.9869468227
911658.9869468227
911658.9869468227
911658.9869468227
911658.9869468227
911658.9869468227
911658.9869468227
911658.9869468227
911658.9869468227
911658.9869468227
911658.9869468227
911658.9869468227
911658.9869468227
911658.9869468227
911658.9869468227
911658.9869468227
911658.9869468227
911658.9869468227
910583.5833821914
910583.5833821914
910583.5833821914
910200.0207888372
910200.0207888372
910200.0207888372
910200.0207888372
910030.7650442775
910030.7650442775
910030.7650442775
910030.7650442775
909793.6589025316
909026.6556939806
909026.6556939806
909026.6556939806
909026.6556939806
909026.6556939806
908679.469627794
908679.469627794
908679.469627794
908679.469627794
908679.469627794
908679.469627794
908679.469627794
908679.469627794
908679.469627794
908679.469627794
908679.469627794
908679.469627794
908679.469627794
908679.469627794
908679.469627794
908679.469627794
908679.469627794
908679.469627794
908543.6517283405
908543.6517283405
908543.6517283405
908543.6517283405
908543.6517283405
908543.6517283405
908543.6517283405
908543.6517283405
908462.5745917233
908462.5745917233
908462.5745917233
908462.5745917233
908462.5745917233
908462.5745917233
907571.8279101033
907571.8279101033
907525.497341441
907525.497341441
907525.497341441
907525.497341441
907525.497341441
907525.497341441
907525.497341441
907525.497341441
907357.7213858156
907357.7213858156
907357.7213858156
907357.7213858156
907357.7213858156
907357.7213858156
907357.7213858156
907357.7213858156
907357.7213858156
907357.7213858156
907357.7213858156
906762.6328282522
906762.6328282522
906762.6328282522
906762.6328282522
906762.6328282522
906490.103691234
906146.3205742305
906146.3205742305
906146.3205742305
906146.3205742305
906146.3205742305
906146.3205742305
906146.3205742305
906146.3205742305
906146.3205742305
905331.4361572324
905331.4361572324
904539.5193776218
904539.5193776218
904539.5193776218
904127.4587990484
904127.4587990484
904127.4587990484
902919.9041279042
902919.9041279042
902919.9041279042
902919.9041279042
902485.5701239627
902485.5701239627
902485.5701239627
902485.5701239627
902485.5701239627
902485.5701239627
902485.5701239627
902485.5701239627
902485.5701239627
902485.5701239627
902485.5701239627
902485.5701239627
902485.5701239627
902485.5701239627
902485.5701239627
902345.2333211366
902345.2333211366
902345.2333211366
902345.2333211366
902345.2333211366
902345.2333211366
902052.8049018877
902052.8049018877
902023.1550362335
902023.4441440399
902023.4441440399
902023.4441440399
902023.4441440399
902023.4441440399
902023.4441440399
902023.4441440399
902023.4441440399
902023.4441440399
902023.4441440399
902023.4441440399
902023.4441440399
902023.4441440399
902023.4441440399
902023.4441440399
902023.4441440399
902023.4441440399
902023.4441440399
902023.4441440399
902023.4441440399
902023.4441440399
902023.4441440399
902023.4441440399
902023.4441440399
902023.4441440399
902023.4441440399
902023.4441440399
902023.4441440399
902023.4441440399
902023.4441440399
902023.4441440399
902023.4441440399
902023.4441440399
902023.4441440399
902023.4441440399
902023.4441440399
902023.4441440399
902023.4441440399
902023.4441440399
902023.4441440399
902023.4441440399
902023.4441440399
902023.4441440399
902023.4441440399
902023.4441440399
902023.4441440399
902023.4441440399
902023.4441440399
902023.4441440399
902023.4441440399
902023.4441440399
