4536258.047205531
4404091.221388446
4281819.320104481
4221948.3276204765
4136865.8323735404
4037559.9252911042
3954766.160932194
3910688.4420422474
3835571.5954774967
3773185.771409513
3706117.249611063
3632520.7181228464
3562779.19189917
3498784.5417381017
3420669.3455654955
3362935.399674245
3312439.3333422765
3262021.809232666
3211683.7334621777
3174520.134292879
3128522.076223138
3094259.151146737
3041015.813696437
3005813.461201397
2962997.949252161
2925257.9920107634
2887449.6370650125
2851293.7548121237
2826344.070953659
2798619.976788548
2777226.150034292
2758050.532470157
2724370.941889869
2690990.332107662
2674190.5024518277
2652981.042005933
2630827.5288501433
2608471.9217591593
2592457.5640488006
2570535.287685954
2549144.2205474884
2537528.6993515138
2516587.387072053
2497633.355419019
2480713.358065141
2467646.7583126477
2451518.255290104
2438419.597810646
2419547.356799977
2398834.4825856294
2377876.7289169542
2362208.1907415846
2345816.0852104956
2336057.817762614
2321014.687293276
2307894.0561975315
2301962.3458898664
2293179.1063135546
2273940.091796618
2262580.440030137
2247340.4752992317
2232384.5349245975
2224533.8439402413
2213205.2541154195
2204664.6038828427
2193129.2814436434
2177600.4007740663
2171218.9161150027
2157996.7164646396
2147303.079976799
2134762.7902607922
2122734.1036881446
2109670.9208642608
2097538.141311405
2089006.9599968484
2078638.1559922462
2071073.823833933
2062172.7256550004
2056192.2274580458
2050432.8582969592
2045583.0794470569
2040425.7362188464
2029580.4644999802
2023035.873087734
2014816.3136040824
2005062.24545711
1993778.1079991544
1987953.9400206488
1975688.1894407002
1971530.629804893
1962262.4653542843
1954544.847650349
1948153.295182771
1943074.862066859
1937715.8421689607
1935180.420022862
1928715.8394269992
1922641.0200937556
1920524.6403782503
1910345.313852556
1906312.4696286232
1899406.660820556
1889133.7994490885
1885237.911310901
1876832.8774861346
1872190.8513985516
1864966.001712509
1857486.8924771484
1848326.078112747
1838299.821755636
1837102.3656251808
1831765.0193573285
1828071.189731488
1824837.980331717
1818628.0321718357
1817104.6273831532
1809348.1243305863
1804330.6326741807
1798998.8900050176
1796390.6153214192
1790360.8212804133
1787029.2671354767
1781644.554646891
1779647.779568323
1777030.9003577265
1775018.9800165128
1770747.4995226208
1766866.7605592096
1763607.5967243584
1757715.7768750547
1753826.0269578337
1752925.0165778012
1750558.9659830169
1744240.5999061037
1737747.206949598
1733678.2005429496
1730529.308915936
1725299.8825538154
1723012.2631988067
1720782.081596938
1717011.942184292
1712509.1796672617
1709212.881199758
1705889.6654392194
1701349.7968017356
1700122.0267042443
1695053.8642538753
1693042.899228409
1690144.6919549592
1688264.7014095117
1683816.0694987634
1680093.3297475982
1678514.2850198706
1674033.7669330915
1672152.5131229702
1665140.0610918351
1660068.2539738645
1660021.4990266121
1656114.2050366884
1651871.9122896136
1649259.2695240057
1644600.5652198796
1641584.8686879738
1640742.2014276166
1636058.1173292522
1633547.0840581856
1632608.7513967962
1629492.394405735
1628654.0376202664
1626627.9508423535
1619567.2554052367
1617925.35671544
1617806.6472774195
1614996.605333836
1610989.8256761772
1607346.81884324
1606299.6864523352
1603392.1535707153
1602562.8213733896
1599995.327825911
1597876.142754578
1596938.8723218588
1596020.241938876
1594061.3693328882
1590169.0213860285
1585702.9858531794
1582535.180956962
1578323.366400932
1576642.8634018833
1574570.944998538
1572859.9669058793
1569571.5776693497
1567188.5254040011
1562372.3224248765
1558746.3829466887
1557890.626700519
1557203.5616359746
1555046.2538675112
1553268.9773088372
1551316.8155496144
1548015.6919673476
1546795.4393069097
1544214.874080224
1543008.5873566836
1541996.4742864494
1540482.9945024247
1540107.3022047677
1539077.1402691978
1538421.5205853193
1535810.438340758
1533497.353636113
1532524.639968287
1530451.7411631965
1528294.4176153776
1527549.2672668463
1524481.170211907
1522652.1929623587
1521720.3764164557
1520786.0651433577
1516191.1018141361
1513644.002120102
1509598.731662324
1508354.1918572355
1505329.59029246
1501189.6654682704
1499878.571031772
1497200.6755811428
1495487.9169783902
1492986.165118751
1490133.0890412668
1486467.9066803588
1483694.2079446795
1482702.9197465747
1481992.2906897652
1480622.738800295
1478424.49965329
1475555.0549220073
1473965.1595273244
1473301.7840426918
1472418.5312066013
1472161.1780615207
1471598.9138211175
1470931.5875895517
1470144.3399800994
1467895.7862652848
1467604.2804045868
1466115.9697808693
1464388.4409653675
1462567.7858917182
1460335.9967884107
1459003.9842189502
1455714.1057065385
1454292.3787019993
1453986.4931141527
1452477.2717493658
1452133.0354468296
1450830.434857238
1448573.8926408906
1446565.259334276
1445612.1038499451
1443552.7907170318
1443227.4679933959
1440734.991556976
1439506.0176605259
1437939.2669882907
1437939.2669882907
1437727.6037802822
1437689.956217296
1436376.3201496052
1436159.4534727342
1434669.007600578
1434051.1892628958
1432806.6728202093
1431109.1418248299
1429521.0054668551
1428723.9689198297
1427987.0850227824
1426810.052972187
1426254.4223018074
1425931.9876678318
1424144.636202313
1421444.6304353583
1419421.4160956987
1418222.031048969
1417310.848336083
1416890.198525658
1415911.0082772353
1414781.0882051862
1414545.2803392666
1412304.432941149
1410267.0572303238
1407165.5191441015
1404157.5740835327
1403869.0922138083
1401420.9451531752
1400265.4259639168
1399348.3216220522
1398906.9403867023
1398408.8772398522
1396163.9129444133
1394906.764216903
1393814.2835377005
1393027.8213906935
1392081.3096395722
1389551.1366429774
1388767.6152658297
1388167.99487088
1387319.084860943
1386821.4624381545
1385708.693111645
1385096.8776203643
1383955.2109925228
1381121.6741113456
1379691.806348395
1378109.8144102083
1377768.4579261667
1375651.8280676021
1375246.9506050346
1374756.9265539444
1372559.49938121
1371767.6902141327
1370267.8139647227
1368821.2142916773
1368669.2219599532
1368521.980788614
1367094.8105805127
1365909.951488744
1364875.7735803
1363596.8666625894
1362085.3584815408
1360888.5171021784
1359934.8327039613
1359800.9960067526
1358847.9161071016
1358549.7152413055
1358009.2164481136
1356391.2399436277
1356119.434106961
1354973.7329263235
1354166.464085942
1352797.6266332134
1351040.2175126793
1350038.9817903473
1347733.498011536
1346840.701961768
1346044.6688469434
1344799.224781409
1344582.9298808598
1344453.9487649556
1343785.7908030401
1343167.9370748894
1340443.8298256365
1339397.1739087391
1337567.6750694804
1334763.5470239893
1333258.5952314977
1332120.1181081212
1332113.2318669404
1330924.074568807
1329562.2790465301
1326801.934389912
1325459.3059581392
1324080.9778142294
1321635.082521769
1321632.1438318808
1321475.753004753
1320127.8015291435
1320047.9594283588
1319798.641449118
1319301.9402779522
1318034.4662631988
1317405.1814972584
1317289.6587351405
1317235.600374758
1317058.6988980016
1315638.9462529197
1313928.7751911215
1313309.3877265998
1311434.347281495
1310749.2244346868
1310448.5418386497
1310056.5200969323
1310056.5200969323
1309492.1398689672
1309492.1398689672
1309261.9054291463
1309147.6402320284
1308963.9877487435
1308964.1914075203
1308964.1914075203
1308964.1914075203
1308964.1914075203
1308964.1914075203
1308964.1914075203
1308964.1914075203
1308964.1914075203
1308964.1914075203
1308964.1914075203
1308283.5894662156
1305331.8669570088
1304816.6845060834
1304251.6542097884
1304251.6542097884
1304251.6542097884
1303580.84800132
1302662.0607791287
1302469.944503949
1301693.3093570396
1299224.3271641363
1299033.2271410504
1298278.5823835568
1297684.5545935375
1297131.2016107552
1295286.587137431
1295286.587137431
1294313.0961868188
1293952.519996744
1293520.994904398
1293520.994904398
1293372.1543280317
1291851.8298158925
1291327.737440555
1291327.737440555
1291123.2818760343
1291123.2818760343
1291091.559427476
1290691.8778772973
1290545.3597786678
1290320.9810747784
1289366.0364515781
1289276.7859732728
1289137.285761342
1288390.232920614
1287812.923379559
1287411.5872147814
1287411.5872147814
1287411.5872147814
1287353.9325324618
1286256.9276001123
1286050.672740147
1285880.6673736484
1283806.9983816752
1281628.1411484047
1281253.7727458668
1281253.7727458668
1279212.7140616851
1279051.822935719
1279051.822935719
1278591.695323485
1277794.3371353599
1276651.5612776005
1276599.595605066
1275414.0030747945
1273050.0742632807
1272247.628763082
1271599.63466063
1270867.7825231985
1270111.9902261407
1269478.1430566246
1268695.621720708
1268032.6170658206
1267718.443917778
1267555.3851368446
1266258.567437688
1266258.567437688
1265382.711206589
1262991.2438980462
1262435.496403526
1262435.496403526
1262124.4457360841
1258391.7692494597
1256663.881379001
1255636.221764119
1254621.9249184127
1254621.9249184127
1254408.6788292893
1252181.4869223046
1251895.0170971053
1251895.0170971053
1251283.5424032211
1249739.3497752617
1249228.6077964995
1246525.2969933506
1246093.4523170597
1243963.6470751155
1242970.144561031
1242751.076338966
1241799.5767405857
1241799.5767405857
1241600.4454145846
1241262.3929008776
1240523.5264897705
1239947.5679316306
1239154.299352611
1239154.299352611
1238509.8448675002
1237953.7960264427
1237953.7960264427
1237953.7960264427
1235065.1764452988
1234115.1623889098
1233971.0233468367
1233669.5506666242
1231340.9531999389
1230988.7102900622
1230269.5999002745
1230269.5999002745
1230269.5999002745
1229359.5439084927
1227662.591519047
1227475.899550883
1226281.4654843048
1225134.18056173
1224433.920066379
1224433.920066379
1224165.3816573792
1222952.1825539037
1222484.0315361153
1221085.0627794375
1220269.866724471
1219065.237258674
1218237.5469111535
1217952.0074699149
1217682.5725712157
1217537.7579246485
1217261.3515448142
1217261.3515448142
1216376.9706201153
1216335.665782135
1215542.482265153
1215373.9702483024
1214082.918040426
1213914.9223246574
1213914.9223246574
1213828.6129673952
1213303.600761607
1213116.2950353678
1212698.9045634398
1212698.9045634398
1212180.1366556329
1211452.2284380244
1211452.2284380244
1211206.2154233311
1211206.2154233311
1210947.8147740904
1210338.5229895758
1210338.5229895758
1210133.0761500825
1210035.1260618856
1208064.536579255
1207266.8349961268
1207214.370290313
1207214.370290313
1207214.370290313
1207149.7548551224
1207149.7548551224
1206466.6880054637
1206461.8201067308
1206339.0083575281
1206339.0083575281
1206188.226866666
1206188.226866666
1205894.9612057426
1204310.9915898563
1204002.333717363
1203284.8318803175
1203284.8318803175
1201968.2340653422
1200886.3752272609
1200864.5306058237
1200689.1749807831
1200689.1749807831
1200224.497193484
1200123.5190063321
1200107.2938098258
1199306.968570371
1199306.968570371
1197516.5135114547
1197516.5135114547
1197516.5135114547
1196961.027321607
1196559.4550698523
1196559.4550698523
1196023.9125232268
1195796.6249005422
1195370.7426628312
1193357.402471233
1192262.9938261653
1191229.161274178
1190963.6155338683
1190555.1161190202
1190118.247213038
1189680.6571436445
1189250.7026510672
1189141.4820493893
1189141.4820493893
1189141.4820493893
1188806.7139440342
1188806.7139440342
1188806.7139440342
1187958.477465658
1186006.6642273613
1185949.4029554694
1185928.0536694988
1185285.7873152606
1185285.7873152606
1185285.7873152606
1185285.7873152606
1185114.7358863442
1185114.7358863442
1185114.7358863442
1185114.7358863442
1185064.301029148
1184869.088993109
1184472.4986800153
1183585.5408790698
1182894.9299865845
1182894.9299865845
1181949.8395047183
1181949.8395047183
1181657.9277564224
1180053.1605073856
1180053.1605073856
1179872.7493394641
1178898.4720572229
1178843.3336111922
1178843.3336111922
1178759.9270264977
1178483.7372926176
1178135.9300812434
1177898.4881898076
1177541.2292115544
1177541.2292115544
1177016.6901826216
1176322.2595411255
1175897.90062779
1175028.1924350783
1174467.9560115898
1173542.2506221663
1173542.2506221663
1173542.2506221663
1171983.4571418709
1171983.4571418709
1171983.4571418709
1171983.4571418709
1171971.9929383434
1171197.4676626907
1171197.4676626907
1171149.8458280605
1171149.8458280605
1171025.148593261
1171025.148593261
1170244.931370311
1170094.6305402934
1170086.9218343894
1169996.5235892425
1169771.456696095
1169224.0441490915
1168676.7442849171
1168507.47541686
1168412.1849104683
1168412.1849104683
1168412.1849104683
1167149.0476714987
1167149.0476714987
1167149.0476714987
1167071.7017685955
1166977.0425609672
1166977.0425609672
1166372.606912678
1166372.606912678
1166078.8598567776
1166078.8598567776
1166078.8598567776
1166078.8598567776
1166078.8598567776
1166078.8598567776
1166078.8598567776
1166034.0009778398
1166034.0009778398
1166034.0009778398
1165053.0914661286
1164058.8193950048
1164039.504081077
1162777.0967087075
1162777.0967087075
1162270.4948361868
1161619.5458449523
1161208.3563831677
1160993.5381118553
1160993.5381118553
1160993.5381118553
1160591.145240961
1160587.1997699253
1160587.1997699253
1159048.4778862207
1158375.824812484
1157652.3143337169
1157171.0711182235
1156392.778227516
1156386.6581732233
1156386.6581732233
1156386.6581732233
1156133.7781088275
1156133.7781088275
1155918.1288884357
1154973.7365813286
1154973.7365813286
1154147.0909143626
1153523.5739930682
1153523.5739930682
1153058.1040987684
1152847.3293015263
1152847.3293015263
1152765.7257738116
1152765.7257738116
1152765.7257738116
1152494.6024373954
1152054.9482736092
1151719.5986982556
1151719.5986982556
1151719.5986982556
1151719.5986982556
1151719.5986982556
1150375.9122697844
1149355.3093412342
1149187.1204336332
1149187.1204336332
1149187.1204336332
1148955.1952827997
1148834.9723604843
1148682.7306326858
1148560.6981447618
1148067.3721122826
1146291.8219152186
1146091.94470541
1146091.94470541
1145728.9916815043
1144890.4194748937
1144890.4194748937
1144890.4194748937
1144655.4290375793
1144050.765666672
1144050.765666672
1143710.2099597212
1143710.2099597212
1143710.2099597212
1143068.6750900894
1142936.9371567098
1142377.7097356874
1141945.479016405
1140709.3792946895
1139727.0389046147
1139727.0389046147
1139163.2240727379
1138856.5230535306
1138593.0454222532
1138479.6686795354
1138479.6686795354
1138479.6686795354
1137878.025944658
1135892.607107099
1135886.35561474
1135799.7083650013
1135234.068609614
1135010.6216279077
1135007.859587944
1135007.859587944
1135007.859587944
1135007.859587944
1134872.1351254485
1134872.1351254485
1134872.1351254485
1134872.1351254485
1134533.6520376327
1134533.6520376327
1133425.3517656978
1133039.1489277496
1132874.3712888388
1132874.3712888388
1132874.3712888388
1132874.3712888388
1132874.3712888388
1132874.3712888388
1132874.3712888388
1132630.1196225728
1132630.1196225728
1131983.7624645373
1131729.8296772449
1131729.8296772449
1130717.5873397011
1130717.5873397011
1130717.5873397011
1130496.0164111138
1130496.0164111138
1129732.652100271
1129564.9686658522
1129564.9686658522
1129484.7891674929
1129484.7891674929
1129484.7891674929
1129484.7891674929
1129012.9590173282
1129012.9590173282
1128657.9785790937
1128657.9785790937
1128239.6327616617
1128239.6327616617
1128081.4705759871
1128081.4705759871
1127734.1302539934
1127097.9632243395
1126147.8603781085
1126147.8603781085
1125509.6137734028
1125314.9679403028
1125308.4365566033
1125308.4365566033
1124967.5359891383
1124967.5359891383
1124967.5359891383
1124943.875714471
1123697.8847012196
1123531.405516378
1123210.4959450304
1123210.4959450304
1123012.9854625207
1122539.8955994188
1122539.8955994188
1121122.5553143895
1120192.4315354154
1120192.4315354154
1120192.4315354154
1120192.4315354154
1120048.7391523984
1119361.5721354708
1119344.8860686738
1119229.8339317914
1118779.5686060078
1118779.5686060078
1118779.5686060078
1118032.4429752901
1117987.3098483635
1117631.4616227658
1117298.6136926692
1116660.999995369
1116660.999995369
1116660.999995369
1116406.8359904445
1116406.8359904445
1115736.9216426967
1115736.9216426967
1115736.9216426967
1114875.2413695455
1112876.3004507907
1112051.5555685977
1111706.8756956644
1111564.3022593253
1111023.6599396188
1110585.953945143
1110320.344201555
1110320.344201555
1110150.1484721575
1110105.8284558556
1110034.7528143409
1108333.8423028379
1108306.7165792766
1108115.5806697584
1107730.1705060373
1106797.8324502935
1106797.8324502935
1106797.8324502935
1106431.4839316662
1106410.0467099221
1106410.0467099221
1106388.8287733141
1105830.8282533193
1104566.8665508765
1104566.8665508765
1104566.8665508765
1104566.8665508765
1104473.1797308382
1104247.6073294033
1104247.6073294033
1104048.4322898998
1104048.4322898998
1103589.7327758514
1103589.7327758514
1103542.7781677232
1101441.696368816
1101441.696368816
1100237.6535096667
1100237.6535096667
1100237.6535096667
1100237.6535096667
1100237.6535096667
1100237.6535096667
1098486.5478669973
1098393.5440721347
1098224.565961219
1098157.1105019948
1098157.1105019948
1098130.9861250394
1097866.107828837
1097742.3205904001
1097586.686325159
1097465.0843871562
1097434.9395013044
1096088.5662863108
1095584.6434467128
1095584.6434467128
1095584.6434467128
1095485.0868604786
1095186.6560837124
1093400.0195725043
1093153.0257133096
1093153.0257133096
1093153.0257133096
1093122.2016991172
1093122.2016991172
1092994.148008326
1092685.873344712
1092685.873344712
1092685.873344712
1092655.966669931
1092655.966669931
1092134.7751127032
1091926.8244574843
1091878.1037133848
1091110.1633404866
1089926.6740812808
1089242.055059208
1089033.059817879
1088325.584875681
1088325.584875681
1088041.907267647
1087676.0939393975
1087676.0939393975
1087473.0354711912
1087203.1387112169
1087097.5700731855
1087079.842594142
1087079.842594142
1087079.842594142
1087079.842594142
1086869.0393474267
1086869.0393474267
1086869.0393474267
1086791.5183717136
1085811.6196547644
1085811.6196547644
1085811.6196547644
1085794.1664007837
1085134.1071278276
1084095.4663292407
1084095.4663292407
1083971.045681701
1083590.4411588835
1083590.4411588835
1083590.4411588835
1083008.6721226273
1083008.6721226273
1082483.9895651466
1082446.9575337989
1082446.9575337989
1080475.766538468
1079796.7608231222
1079204.9902893507
1079020.024823197
1078573.0697302497
1078573.0697302497
1078573.0697302497
1078573.0697302497
1078573.0697302497
1078573.0697302497
1077370.5210981332
1076279.5340341027
1076279.5340341027
1076279.5340341027
1076279.5340341027
1076093.7858934938
1075206.7200124073
1074623.3961242223
1074124.8351159943
1074124.8351159943
1073917.9241053169
1073394.2753288872
1073394.2753288872
1073322.686316568
1073322.686316568
1073322.686316568
1072942.0285447522
1072942.0285447522
1072495.044556335
1072119.868095051
1072119.868095051
1071874.8599471627
1071539.1291959195
1071539.1291959195
1071539.1291959195
1071539.1291959195
1071539.1291959195
1071539.1291959195
1071539.1291959195
1071350.3343489221
1070030.5619223288
1070030.5619223288
1070030.5619223288
1070030.5619223288
1070030.5619223288
1069935.9196108435
1069385.3696999452
1069385.3696999452
1069385.3696999452
1069129.7085025173
1067809.7734294746
1067809.7734294746
1066797.292384028
1066797.292384028
1066797.292384028
1065299.0969104953
1065187.85481952
1063378.551398425
1063378.551398425
1063022.7053643772
1062651.3575600747
1062651.3575600747
1062651.3575600747
1062651.3575600747
1062651.3575600747
1062651.3575600747
1062635.613018215
1062635.613018215
1062457.547102574
1062457.547102574
1062457.547102574
1062457.547102574
1062095.7684943497
1062095.7684943497
1060716.92942862
1060497.2900071708
1060497.2900071708
1059705.5808807893
1058970.7813173905
1058970.7813173905
1058970.7813173905
1058448.0724708366
1058448.0724708366
1058448.0724708366
1058226.6688441867
1058226.6688441867
1058226.6688441867
1058226.6688441867
1058170.4896475095
1057491.160823195
1057491.160823195
1055746.1609176344
1055684.4517444205
1055684.4517444205
1054947.3169107556
1054947.3169107556
1054947.3169107556
1054719.7081725087
1054719.7081725087
1054719.7081725087
1054719.7081725087
1054227.768077236
1054227.768077236
1054021.68570352
1054021.68570352
1054021.68570352
1053583.0499423053
1053583.0499423053
1053310.542496265
1053310.542496265
1053310.542496265
1053058.4942254787
1052771.4119224038
1052771.4119224038
1052243.5954294493
1051806.5917368573
1051806.5917368573
1051806.5917368573
1051806.5917368573
1051520.794871176
1050977.685199367
1050775.7245695873
1050775.7245695873
1050698.721610879
1050698.721610879
1050698.721610879
1050698.721610879
1050698.721610879
1050535.1610765033
1049830.8804294013
1049830.8804294013
1049830.8804294013
1049274.8126170249
1049274.8126170249
1048150.7907879965
1048150.7907879965
1048150.7907879965
1047970.3868712464
1047970.3868712464
1047970.3868712464
1047940.4385627679
1047275.7170855086
1047275.7170855086
1047275.7170855086
1047275.7170855086
1047275.7170855086
1047275.7170855086
1047275.7170855086
1047220.2231282397
1047220.2231282397
1046684.2016239599
1046515.5719471594
1046515.5719471594
1046217.4012070833
1046217.4012070833
1045739.4023508633
1045739.4023508633
1045739.4023508633
1045739.4023508633
1045739.4023508633
1045457.1434649
1045457.1434649
1045457.1434649
1045457.1434649
1045457.1434649
1045457.1434649
1045337.0054983229
1045115.0893175892
1045115.0893175892
1044398.6442343886
1044163.6461764328
1043583.308075141
1043583.308075141
1043583.308075141
1043061.6119794
1043012.7474924638
1043012.7474924638
1043012.7474924638
1043012.7474924638
1041577.5816568275
1041577.5816568275
1041148.0725191538
1040622.1337230159
1040487.7985882522
1040188.1159838568
1039645.5012814065
1039645.5012814065
1039498.2171912638
1039498.2171912638
1039439.2392149926
1039439.2392149926
1039439.2392149926
1039439.2392149926
1039439.2392149926
1038425.489683286
1038225.9521587368
1038225.9521587368
1038225.9521587368
1038131.165110586
1038131.165110586
1038079.8584095971
1038079.8584095971
1038079.8584095971
1038079.8584095971
1038079.8584095971
1038079.8584095971
1038079.8584095971
1038079.8584095971
1038079.8584095971
1037977.2169560314
1037977.2169560314
1037977.2169560314
1037243.6597648117
1036966.2864658596
1036721.3092199623
1036464.5513565028
1036464.5513565028
1036433.7136506467
1036433.7136506467
1036433.7136506467
1035659.4700127557
1035093.7166023862
1035093.7166023862
1035045.6027373365
1034940.6409836761
1034940.6409836761
1034940.6409836761
1034940.6409836761
1034940.6409836761
1034940.6409836761
1034940.6409836761
1034940.6409836761
1034940.6409836761
1034940.6409836761
1034940.6409836761
1034940.6409836761
1034940.6409836761
1034940.6409836761
1034846.3198548467
1034846.3198548467
1034846.3198548467
1034846.3198548467
1034846.3198548467
1034846.3198548467
1034846.3198548467
1034846.3198548467
1034846.3198548467
1034846.3198548467
1034509.6189668789
1034509.6189668789
1034509.6189668789
1033928.6147658393
1033928.6147658393
1033928.6147658393
1033928.6147658393
1033928.6147658393
1033928.6147658393
1033449.7936850642
1033449.7936850642
1032801.0144851583
1032801.0144851583
1032801.0144851583
1031728.1422808147
1031133.0790194403
1030647.1455589344
1030647.1455589344
1030647.1455589344
1030647.1455589344
1030350.4916388822
1030350.4916388822
1030350.4916388822
1030350.4916388822
1030329.8055544347
1030329.8055544347
1029360.3297014802
1029360.3297014802
1028546.074386024
1028237.9224158719
1028237.9224158719
1028237.9224158719
1027623.8238806817
1027334.6497474497
1026440.0863685128
1026440.0863685128
1026440.0863685128
1026327.8218677724
1026266.590157711
1025890.3239053064
1025890.3239053064
1025890.3239053064
1025890.3239053064
1025657.9469053249
1023867.3248690707
1023867.3248690707
1022653.8337513052
1022294.1860670465
1022294.1860670465
1021713.2644319285
1021557.1838596585
1021252.1226270027
1021252.1226270027
1021252.1226270027
1021252.1226270027
1021095.1889833927
1020339.6763110157
1020333.4155914607
1020333.4155914607
1020333.4155914607
1020333.4155914607
1020333.4155914607
1020030.6541716503
1019931.6184008599
1019931.6184008599
1019931.6184008599
1019736.379681204
1019736.379681204
1019601.0197741273
1019172.0754686302
1018815.2840886157
1018330.1171995869
1018288.5672275139
1018210.0770242153
1018210.0770242153
1018210.0770242153
1018210.0770242153
1018210.0770242153
1018210.0770242153
1018210.0770242153
1017769.1338180093
1017560.2176494603
1017269.906818794
1017269.906818794
1017012.6505282618
1016491.8247288193
1016009.4207184496
1016009.4207184496
1016009.4207184496
1016009.4207184496
1015621.3696863871
1015621.3696863871
1015621.3696863871
1015621.3696863871
1015621.3696863871
1014484.7349728532
1014462.8961888081
1014345.2384153865
1014237.7047566206
1014237.7047566206
1014237.7047566206
1014237.7047566206
1014237.7047566206
1014237.7047566206
1014237.7047566206
1013717.3776708632
1013717.3776708632
1013663.57046378
1013663.57046378
1013663.57046378
1013663.57046378
1013663.57046378
1013663.57046378
1013663.57046378
1013248.1809556233
1013248.1809556233
1013248.1809556233
1012767.5654488886
1012767.5654488886
1012767.5654488886
1012767.5654488886
1012534.0132096936
1012534.0132096936
1011729.6987747964
1011729.6987747964
1011729.6987747964
1011648.3781901804
1011648.3781901804
1011648.3781901804
1011648.3781901804
1011436.2008099598
1011320.2136312629
1011320.2136312629
1011300.2378699589
1011214.7011544862
1011214.7011544862
1011029.0135370479
1009722.6759705627
1009438.5447880214
1008687.3897094785
1008687.3897094785
1008687.3897094785
1008687.3897094785
1008687.3897094785
1008687.3897094785
1008687.3897094785
1008687.3897094785
1008687.3897094785
1008687.3897094785
1008687.3897094785
1008687.3897094785
1008687.3897094785
1008687.3897094785
1008172.0037830678
1008065.4244873559
1008065.4244873559
1008065.4244873559
1007941.4687958515
1007941.4687958515
1007941.4687958515
1007941.4687958515
1007915.0780913468
1007915.0780913468
1007674.3050493773
1007674.3050493773
1007590.1263210732
1007317.9852886344
1006974.2147605221
1006974.2147605221
1006974.2147605221
1006974.2147605221
1006974.2147605221
1006974.2147605221
1006974.2147605221
1006974.2147605221
1006974.2147605221
1006974.2147605221
1006974.2147605221
1006974.2147605221
1006826.4126889608
1006826.4126889608
1006324.7409921447
1006324.7409921447
1005606.9954295387
1005606.9954295387
1005606.9954295387
1005352.4278632065
1005041.8959325019
1005041.8959325019
1005041.8959325019
1004073.2019625012
1004073.2019625012
1004073.2019625012
1003865.9452734685
1003865.9452734685
1003865.9452734685
1003865.9452734685
1003613.5549693622
1003613.5549693622
1003613.5549693622
1003371.046524416
1003371.046524416
1002871.5507348052
1002195.8350404657
1002195.8350404657
1002195.8350404657
1002195.8350404657
1002195.8350404657
1002072.2488337094
1001589.987052903
1001589.987052903
1001589.987052903
1001589.987052903
1001409.4055353623
1001329.1987580552
1001329.1987580552
1001329.1987580552
1000504.372470665
1000388.9529556265
999700.5002549615
999700.5002549615
999674.9714880914
999674.9714880914
999674.9714880914
999674.9714880914
999674.9714880914
999674.9714880914
999674.9714880914
999674.9714880914
999674.9714880914
999674.9714880914
999551.717805673
999551.717805673
999551.717805673
999485.9991579903
999485.9991579903
998721.0682083643
998255.1857610657
998255.1857610657
998255.1857610657
998245.4875087808
998245.4875087808
997629.7145400324
997451.8096912662
997451.8096912662
997354.4600767489
997354.4600767489
997354.4600767489
997321.6880706442
996834.9553644578
996834.9553644578
996834.9553644578
996834.9553644578
996834.9553644578
996834.9553644578
996823.1572221357
996823.1572221357
996823.1572221357
996765.8261874326
996765.8261874326
996765.8261874326
996765.8261874326
996765.8261874326
996765.8261874326
996765.8261874326
996765.8261874326
996765.8261874326
996765.8261874326
996434.0029341932
996434.0029341932
996434.0029341932
996193.6567136322
996193.6567136322
996193.6567136322
996193.6567136322
996193.6567136322
996193.6567136322
996193.6567136322
996193.6567136322
996193.6567136322
996193.6567136322
996193.6567136322
995824.1314681177
995824.1314681177
995824.1314681177
995824.1314681177
995540.5149325493
995540.5149325493
995540.5149325493
995540.5149325493
995540.5149325493
994911.7396927516
994911.7396927516
994911.7396927516
994911.7396927516
992654.8881381036
992654.8881381036
992654.8881381036
992568.4087591586
992568.4087591586
992568.4087591586
992446.5646277885
992446.5646277885
992446.5646277885
992441.909564005
992441.909564005
991389.3284755372
991389.3284755372
990273.4165659794
990273.4165659794
990273.4165659794
990273.4165659794
990018.6965272815
990018.6965272815
990018.6965272815
989990.3058267994
989990.3058267994
989175.5225684065
989175.5225684065
989175.5225684065
989175.5225684065
988455.2329820817
988455.2329820817
987879.1532039787
987462.6068874002
987462.6068874002
987462.6068874002
987462.6068874002
987462.6068874002
987455.9962521386
987455.9962521386
987455.9962521386
987455.9962521386
987455.9962521386
987211.8628220931
986958.1958709279
986671.3032832083
986671.3032832083
985990.4477540676
985990.4477540676
985990.4477540676
985990.4477540676
985442.9109329577
985442.9109329577
985442.9109329577
984813.4756838365
984813.4756838365
984813.4756838365
984813.4756838365
984713.0082150822
984713.0082150822
984312.1535923807
984312.1535923807
984312.1535923807
984312.1535923807
984312.1535923807
984312.1535923807
982722.665326424
982472.4320600742
982472.4320600742
982472.4320600742
982342.5132929271
982082.3111180253
982082.3111180253
981838.248728195
980889.3102320957
980889.3102320957
980889.3102320957
980889.3102320957
980512.9287561248
980512.9287561248
980512.9287561248
980512.9287561248
980326.3233435706
980326.3233435706
980326.3233435706
980326.3233435706
979954.6483308724
979954.6483308724
979954.6483308724
979954.6483308724
979954.6483308724
979954.6483308724
979954.6483308724
979954.6483308724
979763.494644254
979763.494644254
979763.494644254
979342.0752981626
979126.6122111815
979126.6122111815
977203.7454794236
977203.7454794236
977203.7454794236
977203.7454794236
976727.6739771201
976727.6739771201
976727.6739771201
976727.6739771201
976727.6739771201
976727.6739771201
976727.6739771201
976727.6739771201
976727.6739771201
976727.6739771201
976727.6739771201
976727.6739771201
976727.6739771201
976564.9808742581
976564.9808742581
976564.9808742581
976564.9808742581
976564.9808742581
976432.6126497027
976407.5123019461
976407.5123019461
976407.5123019461
976245.0972063132
976245.0972063132
976057.5127639417
976057.5127639417
975445.1366499884
975445.1366499884
975445.1366499884
975445.1366499884
975445.1366499884
975305.6578596043
975150.379880282
975150.379880282
974913.8320182026
974913.8320182026
974913.8320182026
974913.8320182026
974875.8051375019
974875.8051375019
974875.8051375019
974875.8051375019
974875.8051375019
974875.8051375019
974875.8051375019
974875.8051375019
974648.6404880657
974329.3018079461
973157.9936741076
973157.9936741076
973157.9936741076
972378.6443099244
972378.6443099244
972378.6443099244
972378.6443099244
972378.6443099244
972378.6443099244
972378.6443099244
972378.6443099244
971966.9126685908
971966.9126685908
971966.9126685908
971555.9622005547
971555.9622005547
971284.114297956
971284.114297956
971284.114297956
971224.1770688064
971165.9988724964
969346.455409994
969346.455409994
969346.455409994
969346.455409994
969085.7239068449
969085.7239068449
969085.7239068449
969085.7239068449
969085.7239068449
968759.3475457921
968759.3475457921
968600.3520503198
968600.3520503198
968292.7298934727
968292.7298934727
968292.7298934727
968292.7298934727
968272.1420940604
968272.1420940604
968094.9384074598
968094.9384074598
967976.1856405714
967843.2060679322
967220.361811233
967220.361811233
967220.361811233
967220.361811233
966896.4988539617
966896.4988539617
966720.0436259373
966720.0436259373
966720.0436259373
966720.0436259373
966163.1362428548
966163.1362428548
966163.1362428548
966163.1362428548
966163.1362428548
966163.1362428548
966134.9076177573
965669.3910112143
965669.3910112143
965669.3910112143
965669.3910112143
965669.3910112143
965492.3291881895
965492.3291881895
965492.3291881895
965492.3291881895
965492.3291881895
965492.3291881895
965492.3291881895
965492.3291881895
965492.3291881895
964992.7176878748
964992.7176878748
964992.7176878748
964992.7176878748
964992.7176878748
964992.7176878748
964992.7176878748
964992.7176878748
964992.7176878748
964992.7176878748
964487.5124118037
964487.5124118037
964487.5124118037
963924.5017820909
963924.5017820909
963850.5425904253
963850.5425904253
963850.5425904253
963850.5425904253
963714.1128708487
963714.1128708487
963693.9518832073
963159.3567253993
963159.3567253993
963069.2607544854
962556.4353853274
962556.4353853274
962556.4353853274
962497.8469055062
962497.8469055062
962356.8369313315
962356.8369313315
962356.8369313315
962356.8369313315
962356.8369313315
961989.5147756317
961989.5147756317
961989.5147756317
961989.5147756317
961989.5147756317
961989.5147756317
961989.5147756317
961989.5147756317
961989.5147756317
961989.5147756317
961989.5147756317
961989.5147756317
961941.4597541736
961161.7816601433
960432.2969838768
960023.2538525646
959839.1995147853
959839.1995147853
959839.1995147853
959839.1995147853
959839.1995147853
959506.4639123725
959506.4639123725
959506.4639123725
959446.878719311
959446.878719311
959446.878719311
959446.878719311
959446.878719311
959446.878719311
959446.878719311
959446.878719311
959446.878719311
959446.878719311
959446.878719311
959446.878719311
959446.878719311
959358.0666144555
959358.0666144555
959358.0666144555
958997.9810988938
958929.0262260817
958929.0262260817
958929.0262260817
958929.0262260817
958659.876127873
958659.876127873
958659.876127873
958659.876127873
958659.876127873
958659.876127873
958495.9580957405
958418.3866690802
958033.7687817649
957410.9702615798
957410.9702615798
957410.9702615798
957410.9702615798
957410.9702615798
957410.9702615798
956796.0002687518
956561.0533022122
956527.7226263102
956527.7226263102
955640.9483277418
955640.9483277418
955375.7896051409
955360.6496961918
955360.6496961918
955360.6496961918
955360.6496961918
955360.6496961918
955360.6496961918
955283.0613813088
955079.8020022137
955079.8020022137
955079.8020022137
955079.8020022137
955079.8020022137
954344.4769828916
954344.4769828916
954344.4769828916
954301.928618106
954301.928618106
954030.4085473269
954030.4085473269
954030.4085473269
953703.8204654418
953703.8204654418
953703.8204654418
953703.8204654418
953703.8204654418
953565.9224999694
953565.9224999694
953565.9224999694
953565.9224999694
953563.0979534207
953412.4855239686
953412.4855239686
953412.4855239686
953412.4855239686
953412.4855239686
953412.4855239686
953412.4855239686
953412.4855239686
953108.3554534635
953084.2482086873
953084.2482086873
953084.2482086873
953084.2482086873
953084.2482086873
952222.5000704728
952222.5000704728
952222.5000704728
952222.5000704728
952222.5000704728
952222.5000704728
951974.3863771241
951974.3863771241
951974.3863771241
951974.3863771241
951974.3863771241
951974.3863771241
951607.7754413518
951585.1682724741
951585.1682724741
951585.1682724741
951585.1682724741
951585.1682724741
951585.1682724741
951585.1682724741
951313.2869227423
951313.2869227423
949896.256696471
949896.256696471
949283.566056776
949283.566056776
949283.566056776
949283.566056776
949283.566056776
949283.566056776
949283.566056776
949283.566056776
949283.566056776
949283.566056776
948955.9570611482
948955.9570611482
948955.9570611482
948955.9570611482
948955.9570611482
948955.9570611482
948955.9570611482
948927.3261758683
948927.3261758683
948485.1644814585
948218.2344491914
947990.1612731295
947990.1612731295
947990.1612731295
947990.1612731295
947990.1612731295
947990.1612731295
947990.1612731295
947990.1612731295
947990.1612731295
947990.1612731295
947940.2174223119
947940.2174223119
947940.2174223119
947940.2174223119
947940.2174223119
947940.2174223119
947940.2174223119
947940.2174223119
947940.2174223119
947940.2174223119
947765.3834085776
947765.3834085776
947765.3834085776
947765.3834085776
947765.3834085776
947765.3834085776
947765.3834085776
947765.3834085776
947765.3834085776
946440.165391183
946440.165391183
946440.165391183
946440.165391183
946440.165391183
946251.7386630282
946251.7386630282
946251.7386630282
946251.7386630282
945962.5126265124
945962.5126265124
945962.5126265124
945962.5126265124
945962.5126265124
945739.8810733262
945739.8810733262
945332.8450795892
944572.0718964402
944572.0718964402
944149.6369288714
944149.6369288714
944149.6369288714
943115.8225907717
943115.8225907717
943115.8225907717
943011.1516135866
943011.1516135866
943011.1516135866
942626.0784527137
942626.0784527137
942626.0784527137
942626.0784527137
942626.0784527137
941422.1347024827
940433.6504955104
940433.6504955104
940433.6504955104
940433.6504955104
940433.6504955104
940433.6504955104
940433.6504955104
940368.617267018
940368.617267018
940204.266382844
940204.266382844
940079.7280047068
940079.7280047068
939997.3583366121
939997.3583366121
939862.3838399883
939687.9249555554
939687.9249555554
939608.4227201531
939608.4227201531
939608.4227201531
939103.8267125548
939103.8267125548
938883.0017760262
938883.0017760262
938883.0017760262
938883.0017760262
938883.0017760262
938883.0017760262
938883.0017760262
938883.0017760262
938883.0017760262
938883.0017760262
938883.0017760262
938246.3725147479
938246.3725147479
938246.3725147479
938246.3725147479
938246.3725147479
937024.5285807289
936866.1690166355
936866.1690166355
936866.1690166355
936866.1690166355
936866.1690166355
936866.1690166355
936866.1690166355
936866.1690166355
936850.6623967774
936850.6623967774
936613.1147785084
936613.1147785084
936613.1147785084
936033.7096977378
936033.7096977378
934408.9215928015
934408.9215928015
934408.9215928015
934306.7729518483
934306.7729518483
934306.7729518483
934306.7729518483
934306.7729518483
934306.7729518483
934306.7729518483
933908.4171014826
933908.4171014826
933637.8768892784
933637.8768892784
933637.8768892784
933420.4813816182
933095.2786620733
933005.0676292849
932405.5122506882
932405.5122506882
932405.5122506882
932405.5122506882
932405.5122506882
932405.5122506882
932405.5122506882
932405.5122506882
932405.5122506882
932405.5122506882
932405.5122506882
932405.5122506882
932405.5122506882
932080.5079789918
932080.5079789918
932080.5079789918
931877.3157253105
931857.5350610506
931857.5350610506
931857.5350610506
931796.9690210748
931787.2456992225
931787.2456992225
931787.2456992225
931787.2456992225
931787.2456992225
931657.9673513307
931657.9673513307
931657.9673513307
931657.9673513307
931657.9673513307
931657.9673513307
931657.9673513307
931657.9673513307
931657.9673513307
931657.9673513307
931657.9673513307
931657.9673513307
931276.3378312436
931276.3378312436
930931.4922018703
930931.4922018703
930931.4922018703
930931.4922018703
930931.4922018703
930931.4922018703
930931.4922018703
930931.4922018703
930931.4922018703
930931.4922018703
930931.4922018703
930931.4922018703
930931.4922018703
930931.4922018703
930591.7086681062
930591.7086681062
930591.7086681062
930313.3780189274
930313.3780189274
929733.5690902453
929733.5690902453
929733.5690902453
929733.5690902453
929733.5690902453
929733.5690902453
929733.5690902453
929733.5690902453
929224.4857713501
929224.4857713501
929224.4857713501
929224.4857713501
929057.7568039545
928728.1697905103
928728.1697905103
928728.1697905103
928728.1697905103
928728.1697905103
928670.6955946787
928670.6955946787
928670.6955946787
928584.5928485
928584.5928485
928584.5928485
928584.5928485
928584.5928485
928584.5928485
928584.5928485
928584.5928485
928584.5928485
928584.5928485
928584.5928485
928584.5928485
928031.85094139
928031.85094139
927909.0803287572
927749.9466129376
927749.9466129376
927749.9466129376
927749.9466129376
927251.55445304
927251.55445304
927196.9659932909
927196.9659932909
927196.9659932909
926904.7423830561
926725.3214934553
926725.3214934553
926725.3214934553
926725.3214934553
926377.0537197043
926377.0537197043
926128.9430560978
926128.9430560978
926128.9430560978
926128.9430560978
926128.9430560978
926128.9430560978
926003.6110235539
926003.6110235539
925323.4226519417
925323.4226519417
925233.4542611786
925233.4542611786
925233.4542611786
925233.4542611786
925233.4542611786
925233.4542611786
925233.4542611786
925233.4542611786
925233.4542611786
924903.9151595691
924903.9151595691
924434.5107083034
924434.5107083034
924434.5107083034
924156.9042629694
923949.8444569341
923949.8444569341
923703.5181347777
923703.5181347777
923703.5181347777
923703.5181347777
923703.5181347777
923703.5181347777
923703.5181347777
923703.5181347777
923703.5181347777
923703.5181347777
923703.5181347777
923697.7042533017
923697.7042533017
923697.7042533017
923697.7042533017
923697.7042533017
923697.7042533017
923697.7042533017
923697.7042533017
923697.7042533017
923697.7042533017
923697.7042533017
923697.7042533017
923697.7042533017
923697.7042533017
923697.7042533017
923697.7042533017
923697.7042533017
922989.8902136502
922343.9316150608
922343.9316150608
922343.9316150608
922343.9316150608
922343.9316150608
922343.9316150608
922343.9316150608
922343.9316150608
922343.9316150608
922343.9316150608
922343.9316150608
922343.9316150608
922343.9316150608
922343.9316150608
922343.9316150608
922198.6975073975
922198.6975073975
922198.6975073975
922198.6975073975
922198.6975073975
922198.6975073975
922198.6975073975
922198.6975073975
921881.041401023
921881.041401023
921725.573692509
921716.9317372382
921716.9317372382
921716.9317372382
921074.1777937502
921074.1777937502
921074.1777937502
921074.1777937502
921074.1777937502
920677.8329792834
920509.5267076315
920509.5267076315
920509.5267076315
920509.5267076315
920509.5267076315
920509.5267076315
920509.5267076315
920509.5267076315
919829.6921607531
919770.9675953087
919770.9675953087
919770.9675953087
919770.9675953087
919770.9675953087
919770.9675953087
919770.9675953087
919770.9675953087
919635.0276619891
919635.0276619891
919635.0276619891
919635.0276619891
919620.0269131653
919620.0269131653
919620.0269131653
919620.0269131653
919620.0269131653
919620.0269131653
919620.0269131653
919620.0269131653
919620.0269131653
919620.0269131653
919620.0269131653
919620.0269131653
919620.0269131653
919620.0269131653
919620.0269131653
919597.1897311986
919546.7589610429
919546.7589610429
919546.7589610429
919546.7589610429
919546.7589610429
919546.7589610429
919546.7589610429
919546.7589610429
919474.4950235058
919474.4950235058
919474.4950235058
919417.4673334706
919417.4673334706
919417.4673334706
919417.4673334706
919417.4673334706
919417.4673334706
919417.4673334706
919417.4673334706
918719.4215166819
918719.4215166819
918719.4215166819
918719.4215166819
918719.4215166819
918719.4215166819
918719.4215166819
918719.4215166819
918719.4215166819
918719.4215166819
918719.4215166819
918719.4215166819
918719.4215166819
918719.4215166819
918719.4215166819
918719.4215166819
918324.7287520135
918049.8362242647
918049.8362242647
918049.8362242647
917781.3149607565
917781.3149607565
917781.3149607565
917781.3149607565
917781.3149607565
917781.3149607565
917781.3149607565
917781.3149607565
917781.3149607565
917781.3149607565
917781.3149607565
917781.3149607565
917781.3149607565
917781.3149607565
917781.3149607565
917552.570062524
917552.570062524
917552.570062524
917552.570062524
917552.570062524
917325.2297981089
917325.2297981089
917325.2297981089
917325.2297981089
917325.2297981089
917325.2297981089
917315.459827831
917315.459827831
917315.459827831
917189.7841675103
916410.6595097429
916410.6595097429
916410.6595097429
916410.6595097429
916170.3279778319
916170.3279778319
916170.3279778319
916170.3279778319
916170.3279778319
916170.3279778319
915942.8096655074
915942.8096655074
915263.327756568
915263.327756568
915263.327756568
915263.327756568
915263.327756568
914916.5216311896
914916.5216311896
914916.5216311896
914916.5216311896
914916.5216311896
914916.5216311896
914916.5216311896
914916.5216311896
914906.7067968104
914906.7067968104
914906.7067968104
914664.4463915826
914664.4463915826
914639.6555189317
914639.6555189317
914639.6555189317
914639.6555189317
914639.6555189317
914639.6555189317
914639.6555189317
914639.6555189317
914639.6555189317
914639.6555189317
914639.6555189317
914639.6555189317
914639.6555189317
914639.6555189317
914639.6555189317
914639.6555189317
914639.6555189317
914639.6555189317
914441.457019557
914441.457019557
914441.457019557
914441.457019557
914441.457019557
914441.457019557
914441.457019557
913947.1662122093
913947.1662122093
913947.1662122093
913947.1662122093
913947.1662122093
913856.6325875329
913049.1369602798
913049.1369602798
913049.1369602798
913049.1369602798
913049.1369602798
913049.1369602798
913049.1369602798
913049.1369602798
913049.1369602798
912924.1204211435
912924.1204211435
912924.1204211435
912924.1204211435
912561.3351266762
912512.8602169565
912512.8602169565
912217.3536481629
912217.3536481629
912217.3536481629
911934.9599346232
911934.9599346232
911934.9599346232
911934.9599346232
911826.937068497
911826.937068497
911826.937068497
911826.937068497
911826.937068497
911380.4547341744
911102.8946495624
911102.8946495624
911102.8946495624
911102.8946495624
910678.2526368882
910678.2526368882
910678.2526368882
910662.2045889323
910662.2045889323
910662.2045889323
910571.0398647485
910571.0398647485
910571.0398647485
910571.0398647485
910141.5021030111
910141.5021030111
910141.5021030111
910141.5021030111
909135.9795857328
909135.9795857328
909135.9795857328
908945.6596653168
908945.6596653168
908785.2507325031
908785.2507325031
908785.2507325031
908785.2507325031
908785.2507325031
908785.2507325031
908785.2507325031
908535.8803600327
908535.8803600327
908535.8803600327
908535.8803600327
908535.8803600327
908535.8803600327
908535.8803600327
908535.8803600327
908535.8803600327
908535.8803600327
908535.8803600327
908479.0154657271
908479.0154657271
908095.4191835248
908095.4191835248
908095.4191835248
908095.4191835248
907278.3491322219
907278.3491322219
907050.1376529697
907050.1376529697
907050.1376529697
907050.1376529697
907050.1376529697
907050.1376529697
907041.1152458937
907041.1152458937
907041.1152458937
907011.109725466
907011.109725466
907011.109725466
907011.109725466
907011.109725466
906828.5963449185
906828.5963449185
906828.5963449185
906828.5963449185
906828.5963449185
906828.5963449185
906828.5963449185
906828.5963449185
906828.5963449185
906828.5963449185
906828.5963449185
906828.5963449185
906828.5963449185
906828.5963449185
906828.5963449185
906828.5963449185
906828.5963449185
906828.5963449185
906828.5963449185
906828.5963449185
906685.7299470678
906685.7299470678
906685.7299470678
906685.7299470678
906685.7299470678
906685.7299470678
906685.7299470678
906685.7299470678
906685.7299470678
906685.7299470678
906494.3496011598
906494.3496011598
906494.3496011598
906494.3496011598
906494.3496011598
906494.3496011598
906494.3496011598
906494.3496011598
906494.3496011598
906494.3496011598
906494.3496011598
906494.3496011598
906494.3496011598
905560.3296320448
905560.3296320448
905560.3296320448
905560.3296320448
905560.3296320448
905560.3296320448
905560.3296320448
905560.3296320448
905560.3296320448
905560.3296320448
905560.3296320448
905560.3296320448
905560.3296320448
905560.3296320448
905560.3296320448
905560.3296320448
905436.9931060532
905436.9931060532
905436.9931060532
905436.9931060532
905436.9931060532
905436.9931060532
905436.9931060532
905436.9931060532
905436.9931060532
905436.9931060532
905436.9931060532
905347.6724836201
905347.6724836201
905347.6724836201
905317.1914752931
905317.1914752931
905317.1914752931
905317.1914752931
905317.1914752931
905317.1914752931
905317.1914752931
905317.1914752931
905317.1914752931
905317.1914752931
905317.1914752931
905317.1914752931
904415.3683086191
904415.3683086191
904415.3683086191
904415.3683086191
903636.0466437063
903636.0466437063
903636.0466437063
903636.0466437063
903086.486227877
903086.486227877
902990.2972389937
902990.2972389937
902990.2972389937
902753.5581684418
902753.5581684418
902753.5581684418
902718.3228550719
902718.3228550719
902718.3228550719
902718.3228550719
902718.3228550719
902215.747852428
902215.747852428
902215.747852428
902215.747852428
902215.747852428
902215.747852428
902215.747852428
902215.747852428
902215.747852428
902215.747852428
902215.747852428
902215.747852428
902215.747852428
902215.747852428
902215.747852428
902215.747852428
902215.747852428
902215.747852428
902215.747852428
902215.747852428
902074.3763644337
902074.3763644337
902074.3763644337
902074.3763644337
901779.2063232076
901779.2063232076
901779.2063232076
901779.2063232076
901712.9323158619
901712.9323158619
901712.9323158619
901712.9323158619
901712.9323158619
901712.9323158619
901637.2294515434
901637.2294515434
901637.2294515434
901283.8378769557
901283.8378769557
901283.8378769557
901283.8378769557
901283.8378769557
901283.8378769557
901283.8378769557
901283.8378769557
901283.8378769557
901283.8378769557
901283.8378769557
901283.8378769557
901283.8378769557
901283.8378769557
901283.8378769557
901283.8378769557
901283.8378769557
901283.8378769557
901283.8378769557
901283.8378769557
901283.8378769557
901283.8378769557
901186.1803464859
901186.1803464859
901097.9169831899
900897.4879112497
900897.4879112497
900897.4879112497
900897.4879112497
899782.1065218993
899782.1065218993
899782.1065218993
899782.1065218993
899782.1065218993
899782.1065218993
899509.5545741043
899509.5545741043
899509.5545741043
899509.5545741043
899509.5545741043
899372.438250622
899372.438250622
899214.2855114611
899214.2855114611
899214.2855114611
898859.4592424482
898859.4592424482
898859.4592424482
898859.4592424482
898026.8670681253
898026.8670681253
898026.8670681253
898026.8670681253
897341.6047083839
897341.6047083839
897341.6047083839
897341.6047083839
897341.6047083839
897171.3285280184
897171.3285280184
897023.9164353298
897023.9164353298
897023.9164353298
897023.9164353298
897023.9164353298
897023.9164353298
897023.9164353298
897023.9164353298
897023.9164353298
897023.9164353298
896422.2435444086
896422.2435444086
896422.2435444086
896206.5546348575
896206.5546348575
896206.5546348575
896206.5546348575
896185.4461773771
896185.4461773771
895867.9316264894
895558.4561874978
895558.4561874978
895558.4561874978
895407.268361555
895407.268361555
895407.268361555
895407.268361555
895407.268361555
895407.268361555
895407.268361555
895407.268361555
895407.268361555
894374.9190138393
894374.9190138393
894374.9190138393
894083.7251070592
894083.7251070592
894083.7251070592
893865.5229275797
893865.5229275797
893865.5229275797
892999.019437847
892999.019437847
892999.019437847
892999.019437847
892999.019437847
892999.019437847
892999.019437847
892999.019437847
892999.019437847
892791.9071719964
892791.9071719964
892791.9071719964
892791.9071719964
892791.9071719964
892791.9071719964
892225.1336218779
892225.1336218779
892225.1336218779
892225.1336218779
892225.1336218779
892225.1336218779
891944.7023303026
891944.7023303026
891944.7023303026
891944.7023303026
891944.7023303026
891944.7023303026
891944.7023303026
891944.7023303026
891944.7023303026
891944.7023303026
891944.7023303026
891944.7023303026
891944.7023303026
891944.7023303026
891944.7023303026
891944.7023303026
891944.7023303026
891944.7023303026
891944.7023303026
891944.7023303026
891944.7023303026
891944.7023303026
891944.7023303026
891944.7023303026
891944.7023303026
891944.7023303026
891944.7023303026
891944.7023303026
891944.7023303026
891944.7023303026
891944.7023303026
891692.0020878437
891692.0020878437
891692.0020878437
891692.0020878437
891692.0020878437
891692.0020878437
891692.0020878437
891692.0020878437
891692.0020878437
891692.0020878437
891579.235231769
891579.235231769
891579.235231769
891579.235231769
891579.235231769
891561.461728427
891529.7740875845
891529.7740875845
891529.7740875845
891529.7740875845
891529.7740875845
891529.7740875845
890849.0391526286
890849.0391526286
890849.0391526286
890849.0391526286
890567.3756122312
890567.3756122312
890567.3756122312
890567.3756122312
890567.3756122312
890567.3756122312
890567.3756122312
890567.3756122312
890567.3756122312
890567.3756122312
889450.6020208604
889450.6020208604
889450.6020208604
889450.6020208604
889450.6020208604
889415.9591968342
889415.9591968342
889415.9591968342
889415.9591968342
889415.9591968342
889415.9591968342
889415.9591968342
889415.9591968342
889415.9591968342
889415.9591968342
889415.9591968342
889415.9591968342
889415.9591968342
889415.9591968342
889415.9591968342
889415.9591968342
889415.9591968342
889357.7388814513
889357.7388814513
889357.7388814513
888379.2908537886
888379.2908537886
888379.2908537886
888299.2677928433
888299.2677928433
888299.2677928433
888299.2677928433
888299.2677928433
888299.2677928433
888299.2677928433
888299.2677928433
888299.2677928433
888299.2677928433
888299.2677928433
888299.2677928433
887987.4604627353
887987.4604627353
887987.4604627353
887987.4604627353
887987.4604627353
887987.4604627353
887987.4604627353
887987.4604627353
887987.4604627353
887987.4604627353
887245.9732830906
887245.9732830906
887245.9732830906
887245.9732830906
887245.9732830906
887245.9732830906
887245.9732830906
886735.716007601
886505.2382324289
886505.2382324289
886505.2382324289
886505.2382324289
886505.2382324289
886505.2382324289
886505.2382324289
886505.2382324289
886505.2382324289
886266.676782887
886266.676782887
886266.676782887
886200.0249791238
886200.0249791238
886200.0249791238
886200.0249791238
886200.0249791238
886200.0249791238
886200.0249791238
886200.0249791238
886200.0249791238
886200.0249791238
886200.0249791238
886200.0249791238
886200.0249791238
886200.0249791238
886200.0249791238
886200.0249791238
886196.9398235746
885872.5449774785
885872.5449774785
885872.5449774785
885872.5449774785
885872.5449774785
885872.5449774785
885809.6214966065
885139.1834412571
885139.1834412571
885139.1834412571
885139.1834412571
885014.9569826836
885014.9569826836
883936.1560674361
883936.1560674361
883936.1560674361
883936.1560674361
883595.4269408819
883595.4269408819
883595.4269408819
883256.9753245442
883085.2033559638
882778.6824922517
882778.6824922517
882778.6824922517
882778.6824922517
882285.9438343744
882285.9438343744
882285.9438343744
882285.9438343744
882285.9438343744
882285.9438343744
882285.9438343744
882285.9438343744
882285.9438343744
882107.1293309041
882107.1293309041
882107.1293309041
882107.1293309041
882107.1293309041
882107.1293309041
882107.1293309041
882107.1293309041
882107.1293309041
882107.1293309041
882107.1293309041
882107.1293309041
881732.8769388717
881635.7075690542
881635.7075690542
881635.7075690542
881635.7075690542
881635.7075690542
881621.1532302536
881621.1532302536
881621.1532302536
881621.1532302536
881621.1532302536
881621.1532302536
881619.3956535547
881619.3956535547
881619.3956535547
881619.3956535547
881619.3956535547
881072.5810939842
881072.5810939842
881072.5810939842
881020.2345072884
881020.2345072884
881020.2345072884
881020.2345072884
881020.2345072884
881020.2345072884
881020.2345072884
881020.2345072884
881020.2345072884
881020.2345072884
881020.2345072884
881020.2345072884
881020.2345072884
881020.2345072884
880949.824762648
880949.824762648
880949.824762648
880726.8725195252
880726.8725195252
880726.8725195252
880345.7969535508
880345.7969535508
880345.7969535508
880345.7969535508
880345.7969535508
880000.4226669378
880000.4226669378
879616.2747301157
879616.2747301157
879616.2747301157
879616.2747301157
879616.2747301157
879616.2747301157
879332.1559259952
879332.1559259952
879332.1559259952
879332.1559259952
879332.1559259952
878790.3635384799
878660.6804499562
878660.6804499562
878660.6804499562
878660.6804499562
878660.6804499562
878427.1630132316
878427.1630132316
878427.1630132316
878427.1630132316
877767.6533235927
877767.6533235927
877767.6533235927
877767.6533235927
877767.6533235927
877767.6533235927
877767.6533235927
877767.6533235927
877767.6533235927
877767.6533235927
877767.6533235927
877767.6533235927
877767.6533235927
877767.6533235927
877767.6533235927
877767.6533235927
877767.6533235927
877767.6533235927
877767.6533235927
877767.6533235927
877756.9952933639
877756.9952933639
877756.9952933639
877756.9952933639
877756.9952933639
877705.2319912694
877705.2319912694
877520.4970416727
877520.4970416727
877520.4970416727
877520.4970416727
877520.4970416727
877213.1755700936
877213.1755700936
877213.1755700936
877213.1755700936
876998.1858874413
876998.1858874413
876998.1858874413
876814.4984245986
876814.4984245986
876814.4984245986
876814.4984245986
876772.0307613481
876772.0307613481
876772.0307613481
876712.9969675972
876712.9969675972
876712.9969675972
876712.9969675972
876712.9969675972
876712.9969675972
876712.9969675972
876510.6303238445
876510.6303238445
876510.6303238445
876220.6957418092
876220.6957418092
876220.6957418092
876220.6957418092
876220.6957418092
876220.6957418092
876220.6957418092
876220.6957418092
876220.6957418092
876220.6957418092
876220.6957418092
876220.6957418092
876220.6957418092
876220.6957418092
875872.5097294063
875036.3136667035
875036.3136667035
874755.0457074427
874755.0457074427
874755.0457074427
874660.2560611565
874660.2560611565
874660.2560611565
874660.2560611565
874660.2560611565
874660.2560611565
874660.2560611565
874660.2560611565
874660.2560611565
874660.2560611565
874529.2300513112
873592.3605664934
873592.3605664934
873341.6684303794
873341.6684303794
873341.6684303794
873341.6684303794
873295.3169595406
873295.3169595406
873295.3169595406
873166.6331338284
873166.6331338284
873166.6331338284
873166.6331338284
873166.6331338284
873166.6331338284
873166.6331338284
872516.4462943445
872516.4462943445
872516.4462943445
872516.4462943445
872516.4462943445
872516.4462943445
872516.4462943445
872516.4462943445
872516.4462943445
872516.4462943445
872516.4462943445
872516.4462943445
872516.4462943445
872516.4462943445
872516.4462943445
872516.4462943445
872489.8195589951
872489.8195589951
872489.8195589951
872489.8195589951
872489.8195589951
872489.8195589951
872489.8195589951
872489.8195589951
872489.8195589951
872335.1354570319
872335.1354570319
872243.904224273
872178.1805374927
872178.1805374927
872178.1805374927
872178.1805374927
872144.7912622932
872144.7912622932
872144.7912622932
872144.7912622932
872144.7912622932
872144.7912622932
872144.7912622932
872144.7912622932
872144.7912622932
871642.283187769
871642.283187769
871642.283187769
871642.283187769
871642.283187769
871642.283187769
871642.283187769
871642.283187769
871642.283187769
871642.283187769
871642.283187769
871642.283187769
871642.283187769
871642.283187769
871642.283187769
871642.283187769
871431.4854707771
871431.4854707771
871169.1800955035
871169.1800955035
871169.1800955035
871169.1800955035
870666.8997561038
870320.8670061026
870320.8670061026
870320.8670061026
870320.8670061026
870320.8670061026
870320.8670061026
870320.8670061026
870320.8670061026
870320.8670061026
870320.8670061026
870320.8670061026
870320.8670061026
870320.8670061026
869488.5726656251
869307.5722814839
869307.5722814839
869307.5722814839
869307.5722814839
869307.5722814839
869307.5722814839
869307.5722814839
869307.5722814839
869307.5722814839
869307.5722814839
869307.5722814839
869307.5722814839
869307.5722814839
869307.5722814839
869307.5722814839
869307.5722814839
869307.5722814839
868876.0837927288
868876.0837927288
868689.06312624
868689.06312624
868689.06312624
868689.06312624
868689.06312624
868689.06312624
868689.06312624
868689.06312624
868689.06312624
868689.06312624
868689.06312624
868689.06312624
868689.06312624
868689.06312624
868689.06312624
868606.3977463745
868606.3977463745
868606.3977463745
868606.3977463745
868606.3977463745
868606.3977463745
868606.3977463745
868606.3977463745
868606.3977463745
868606.3977463745
868606.3977463745
868415.2311970934
868415.2311970934
868415.2311970934
868329.6494582447
868329.6494582447
868329.6494582447
868329.6494582447
868329.6494582447
868329.6494582447
868329.6494582447
868329.6494582447
868329.6494582447
868120.5293357589
868120.5293357589
868120.5293357589
868120.5293357589
868120.5293357589
868120.5293357589
868120.5293357589
868120.5293357589
868120.5293357589
868120.5293357589
868120.5293357589
868120.5293357589
868120.5293357589
868120.5293357589
868120.5293357589
868120.5293357589
868120.5293357589
868120.5293357589
868120.5293357589
868120.5293357589
868120.5293357589
868120.5293357589
868120.5293357589
868120.5293357589
868120.5293357589
868120.5293357589
868120.5293357589
867850.276712782
867850.276712782
867850.276712782
867850.276712782
867850.276712782
867633.1164965353
867496.7112702071
867496.7112702071
867496.7112702071
867496.7112702071
867496.7112702071
867103.3958072322
867103.3958072322
867103.3958072322
867103.3958072322
867103.3958072322
867103.3958072322
867103.3958072322
867103.3958072322
867103.3958072322
867103.3958072322
867103.3958072322
867103.3958072322
867103.3958072322
867103.3958072322
867103.3958072322
866945.9761804747
866945.9761804747
866945.9761804747
866945.9761804747
866945.9761804747
866945.9761804747
866757.1206878149
866757.1206878149
866757.1206878149
866757.1206878149
866757.1206878149
866757.1206878149
866757.1206878149
866757.1206878149
866757.1206878149
866206.5513359259
866206.5513359259
866206.5513359259
866206.5513359259
866206.5513359259
866206.5513359259
866206.5513359259
866206.5513359259
866206.5513359259
866206.5513359259
866206.5513359259
866206.5513359259
866206.5513359259
866206.5513359259
865894.0029602135
865894.0029602135
865894.0029602135
865894.0029602135
865894.0029602135
865894.0029602135
865748.9506189513
865748.9506189513
865748.9506189513
865748.9506189513
865748.9506189513
865748.9506189513
865748.9506189513
865748.9506189513
865748.9506189513
865748.9506189513
865748.9506189513
865724.9792831447
865724.9792831447
865724.9792831447
865724.9792831447
865724.9792831447
865724.9792831447
865724.9792831447
865559.4164767149
865298.9453613744
865298.9453613744
865298.9453613744
865298.9453613744
865298.9453613744
865298.9453613744
865298.9453613744
865298.9453613744
865298.9453613744
865112.3031672083
864604.5903995156
864604.5903995156
864604.5903995156
864604.5903995156
864604.5903995156
864604.5903995156
864604.5903995156
864604.5903995156
864204.9081800047
864172.9522236416
864172.9522236416
864172.9522236416
864172.9522236416
864172.9522236416
864172.9522236416
864172.9522236416
864172.9522236416
864172.9522236416
864172.9522236416
864172.9522236416
864172.9522236416
864172.9522236416
864172.9522236416
864172.9522236416
864016.4866970334
864016.4866970334
864016.4866970334
864016.4866970334
864016.4866970334
864016.4866970334
864016.4866970334
864016.4866970334
864016.4866970334
864016.4866970334
863280.3059964932
863280.3059964932
863280.3059964932
863280.3059964932
863280.3059964932
863280.3059964932
863280.3059964932
863280.3059964932
863280.3059964932
863280.3059964932
863280.3059964932
863280.3059964932
863280.3059964932
863280.3059964932
863280.3059964932
863280.3059964932
862803.0295308925
862803.0295308925
862803.0295308925
862746.7431768118
862746.7431768118
862746.7431768118
862746.7431768118
862746.7431768118
862746.7431768118
862746.7431768118
862746.7431768118
862746.7431768118
862746.7431768118
862746.7431768118
862746.7431768118
862746.7431768118
862746.7431768118
862746.7431768118
862746.7431768118
862746.7431768118
862746.7431768118
862746.7431768118
862321.4201238538
862321.4201238538
862321.4201238538
862321.4201238538
862321.4201238538
862321.4201238538
862321.4201238538
862321.4201238538
862321.4201238538
862220.7378712762
862220.7378712762
862220.7378712762
862220.7378712762
862220.7378712762
862220.7378712762
862220.7378712762
862220.7378712762
862220.7378712762
862220.7378712762
862220.7378712762
862220.7378712762
862220.7378712762
862220.7378712762
862220.7378712762
862220.7378712762
862220.7378712762
862220.7378712762
861842.1519809908
861842.1519809908
861842.1519809908
861842.1519809908
861842.1519809908
861536.3840475776
861536.3840475776
861536.3840475776
861536.3840475776
861536.3840475776
861536.3840475776
861536.3840475776
861536.3840475776
861536.3840475776
861536.3840475776
861536.3840475776
861536.3840475776
861536.3840475776
861536.3840475776
861536.3840475776
861536.3840475776
861149.5195165271
861149.5195165271
861149.5195165271
861149.5195165271
861149.5195165271
861149.5195165271
861149.5195165271
861149.5195165271
861149.5195165271
861149.5195165271
861149.5195165271
860892.5744242884
860892.5744242884
860730.5731936954
860670.0638338154
860670.0638338154
860670.0638338154
860670.0638338154
860670.0638338154
860670.0638338154
860670.0638338154
860670.0638338154
860670.0638338154
860670.0638338154
860670.0638338154
860670.0638338154
860670.0638338154
860670.0638338154
860670.0638338154
860670.0638338154
860670.0638338154
860670.0638338154
860670.0638338154
860670.0638338154
860670.0638338154
860670.0638338154
860444.5495911418
860429.5092316093
860429.5092316093
860429.5092316093
860429.5092316093
860287.8445799424
860287.8445799424
860222.471416659
860053.8793387034
860053.8793387034
860053.8793387034
860053.8793387034
860053.8793387034
860053.8793387034
860053.8793387034
860053.8793387034
860053.8793387034
860053.8793387034
860053.8793387034
860053.8793387034
860053.8793387034
860053.8793387034
860053.8793387034
860053.8793387034
859871.3291244622
859871.3291244622
859871.3291244622
859871.3291244622
859103.6953532489
858672.5470109527
858672.5470109527
858672.5470109527
858672.5470109527
858672.5470109527
858672.5470109527
858672.5470109527
858672.5470109527
858672.5470109527
858672.5470109527
858666.936100515
858666.936100515
858666.936100515
858666.936100515
858666.936100515
858666.936100515
858364.1565610196
858364.1565610196
858364.1565610196
858364.1565610196
858364.1565610196
858364.1565610196
858364.1565610196
858364.1565610196
858364.1565610196
858364.1565610196
858364.1565610196
857670.7590492901
857670.7590492901
857670.7590492901
857670.7590492901
857670.7590492901
857670.7590492901
857670.7590492901
857670.7590492901
857670.7590492901
857670.7590492901
857670.7590492901
857670.7590492901
857670.7590492901
857670.7590492901
857670.7590492901
857670.7590492901
857670.7590492901
857670.7590492901
857670.7590492901
857670.7590492901
857670.7590492901
857670.7590492901
857670.7590492901
857670.7590492901
857670.7590492901
857670.7590492901
857647.6083359537
857596.1469729732
857596.1469729732
857596.1469729732
857596.1469729732
857596.1469729732
857596.1469729732
857596.1469729732
857596.1469729732
857596.1469729732
857596.1469729732
857418.150378129
857418.150378129
857418.150378129
856866.5984726341
856866.5984726341
856866.5984726341
856866.5984726341
856866.5984726341
856866.5984726341
856866.5984726341
856866.5984726341
856866.5984726341
856834.052068226
856834.052068226
856834.052068226
856834.052068226
856834.052068226
856834.052068226
856834.052068226
856640.4604195143
856640.4604195143
856640.4604195143
856640.4604195143
856640.4604195143
856640.4604195143
856640.4604195143
856638.4911743095
856638.4911743095
856638.4911743095
856638.4911743095
856638.4911743095
856638.4911743095
856638.4911743095
856638.4911743095
856638.4911743095
856489.0139494768
856489.0139494768
856489.0139494768
856489.0139494768
856489.0139494768
856489.0139494768
856489.0139494768
856130.8111529446
856130.8111529446
856130.8111529446
855985.03916911
855985.03916911
855985.03916911
855985.03916911
855985.03916911
855985.03916911
855985.03916911
855985.03916911
855852.0689668178
855852.0689668178
855852.0689668178
855852.0689668178
855852.0689668178
855852.0689668178
855852.0689668178
855852.0689668178
855852.0689668178
855852.0689668178
855834.0056370863
855834.0056370863
855834.0056370863
855834.0056370863
855834.0056370863
855696.8635861652
855696.8635861652
855406.0526645016
855406.0526645016
855406.0526645016
855406.0526645016
855406.0526645016
855406.0526645016
855406.0526645016
855406.0526645016
855406.0526645016
855406.0526645016
855406.0526645016
855406.0526645016
855406.0526645016
855406.0526645016
855341.3254180849
855341.3254180849
855341.3254180849
855341.3254180849
855341.3254180849
855341.3254180849
855341.3254180849
855341.3254180849
855341.3254180849
855341.3254180849
855341.3254180849
855341.3254180849
855236.4626178807
855236.4626178807
855236.4626178807
855236.4626178807
855133.6556562704
855133.6556562704
855133.6556562704
854911.4075519925
854911.4075519925
854911.4075519925
854911.4075519925
854911.4075519925
854911.4075519925
854911.4075519925
854911.4075519925
854911.4075519925
854911.4075519925
854911.4075519925
854911.4075519925
854911.4075519925
854790.8833048877
854790.8833048877
854790.8833048877
854790.8833048877
854790.8833048877
854790.8833048877
854520.5924366417
854520.5924366417
854520.5924366417
854520.5924366417
854520.5924366417
854520.5924366417
854520.5924366417
854520.5924366417
854520.5924366417
854520.5924366417
854520.5924366417
854520.5924366417
854520.5924366417
854520.5924366417
854520.5924366417
854520.5924366417
854520.5924366417
854520.5924366417
854520.5924366417
854362.0169931799
854362.0169931799
854362.0169931799
854362.0169931799
854362.0169931799
854262.0329242699
854262.0329242699
854262.0329242699
854262.0329242699
854262.0329242699
854262.0329242699
854262.0329242699
854262.0329242699
854150.9994288718
854150.9994288718
854150.9994288718
854150.9994288718
854150.9994288718
854150.9994288718
854150.9994288718
854150.9994288718
854150.9994288718
854150.9994288718
853884.3814404985
853884.3814404985
853884.3814404985
853884.3814404985
853884.3814404985
853884.3814404985
853884.3814404985
853884.3814404985
853884.3814404985
853884.3814404985
853884.3814404985
853373.4664184351
853366.6750929154
853366.6750929154
853366.6750929154
853366.6750929154
853366.6750929154
853366.6750929154
853366.6750929154
853366.6750929154
853236.812689956
853236.812689956
853236.812689956
853236.812689956
853236.812689956
852891.1147755305
852891.1147755305
852891.1147755305
852891.1147755305
852891.1147755305
852891.1147755305
852891.1147755305
852891.1147755305
852891.1147755305
852891.1147755305
852015.1487152493
851889.0517772681
851738.4517588598
851738.4517588598
851738.4517588598
851738.4517588598
851738.4517588598
851738.4517588598
851738.4517588598
851738.4517588598
851738.4517588598
851738.4517588598
851738.4517588598
851738.4517588598
851678.2438846084
851678.2438846084
851678.2438846084
851678.2438846084
851678.2438846084
851678.2438846084
851678.2438846084
851612.0461140785
851612.0461140785
851612.0461140785
851612.0461140785
851612.0461140785
851612.0461140785
851612.0461140785
851612.0461140785
851612.0461140785
851612.0461140785
851612.0461140785
850609.635201171
850609.635201171
850609.635201171
850609.635201171
850609.635201171
850609.635201171
850283.955987029
850189.0625779328
850189.0625779328
850189.0625779328
850189.0625779328
850189.0625779328
850189.0625779328
850189.0625779328
850189.0625779328
850189.0625779328
850189.0625779328
850189.0625779328
850189.0625779328
850189.0625779328
850189.0625779328
850189.0625779328
850189.0625779328
850189.0625779328
850189.0625779328
849250.3935989547
849250.3935989547
849250.3935989547
849250.3935989547
849250.3935989547
849250.3935989547
849250.3935989547
849250.3935989547
849250.3935989547
849250.3935989547
849250.3935989547
849250.3935989547
849250.3935989547
849250.3935989547
849250.3935989547
849250.3935989547
849250.3935989547
849250.3935989547
849250.3935989547
849250.3935989547
849250.3935989547
849250.3935989547
849250.3935989547
849250.3935989547
849250.3935989547
849250.3935989547
849250.3935989547
849250.3935989547
849250.3935989547
849250.3935989547
849250.3935989547
849250.3935989547
849250.3935989547
849250.3935989547
849250.3935989547
849250.3935989547
849250.3935989547
849250.3935989547
849250.3935989547
849250.3935989547
848821.5044680029
848821.5044680029
848821.5044680029
848821.5044680029
848782.3889985022
848782.3889985022
848782.3889985022
848782.3889985022
848681.466420781
848681.466420781
848681.466420781
848681.466420781
848681.466420781
848681.466420781
848518.5166590438
848518.5166590438
848518.5166590438
848518.5166590438
848518.5166590438
848518.5166590438
848518.5166590438
848518.5166590438
848518.5166590438
848518.5166590438
848512.0680769391
848512.0680769391
847884.5116912965
847884.5116912965
847884.5116912965
847884.5116912965
847884.5116912965
847884.5116912965
847884.5116912965
847884.5116912965
847884.5116912965
847884.5116912965
847884.5116912965
847884.5116912965
847884.5116912965
847884.5116912965
847884.5116912965
847884.5116912965
847884.5116912965
847884.5116912965
847884.5116912965
847884.5116912965
847884.5116912965
847776.649220058
847228.1765169887
847228.1765169887
847228.1765169887
847228.1765169887
847214.8602514506
847214.8602514506
847214.8602514506
847214.8602514506
847214.8602514506
847214.8602514506
847214.8602514506
847060.5648984374
847060.5648984374
847060.5648984374
846416.0072287342
846416.0072287342
846416.0072287342
846416.0072287342
846416.0072287342
846416.0072287342
846416.0072287342
846416.0072287342
845866.8023169732
845866.8023169732
845866.8023169732
845866.8023169732
845866.8023169732
845738.9362839013
845738.9362839013
845738.9362839013
845738.9362839013
845475.3420817682
845475.3420817682
845475.3420817682
845475.3420817682
845475.3420817682
845475.3420817682
845475.3420817682
845475.3420817682
845475.3420817682
845475.3420817682
845475.3420817682
845475.3420817682
845254.76180144
845254.76180144
845254.76180144
845254.76180144
845254.76180144
845254.76180144
845254.76180144
845254.76180144
845254.76180144
845254.76180144
845254.76180144
845254.76180144
845254.76180144
845254.76180144
845254.76180144
845254.76180144
845254.76180144
845254.76180144
845215.9852004678
844841.9750047829
844841.9750047829
844841.9750047829
844841.9750047829
844841.9750047829
844628.8241601386
844628.8241601386
844628.8241601386
844628.8241601386
844628.8241601386
844628.8241601386
844628.8241601386
844628.8241601386
844628.8241601386
844628.8241601386
844618.6923759669
844618.6923759669
844618.6923759669
844618.6923759669
844618.6923759669
844618.6923759669
844618.6923759669
844618.6923759669
844618.6923759669
844618.6923759669
844618.6923759669
844618.6923759669
844618.6923759669
844618.6923759669
844618.6923759669
844618.6923759669
844618.6923759669
844618.6923759669
844618.6923759669
844618.6923759669
844618.6923759669
844618.6923759669
844618.6923759669
844618.6923759669
844618.6923759669
844452.3226881493
844303.4238623941
844303.4238623941
844303.4238623941
844303.4238623941
844303.4238623941
844303.4238623941
844303.4238623941
844303.4238623941
844303.4238623941
844303.4238623941
844303.4238623941
844272.5724918937
844272.5724918937
844272.5724918937
844251.641237701
844251.641237701
844251.641237701
844251.641237701
844251.641237701
844251.641237701
844251.641237701
844251.641237701
844251.641237701
844251.641237701
844251.641237701
844251.641237701
844251.641237701
844251.641237701
844251.641237701
844251.641237701
844251.641237701
844251.641237701
844251.641237701
844251.641237701
844251.641237701
844251.641237701
844251.641237701
844251.641237701
844251.641237701
844251.641237701
844251.641237701
844251.641237701
844251.641237701
844251.641237701
844251.641237701
844251.641237701
844109.3014992892
844109.3014992892
844109.3014992892
844109.3014992892
844109.3014992892
844109.3014992892
844109.3014992892
844109.3014992892
844109.3014992892
843719.6282128976
843719.6282128976
843719.6282128976
843527.0682514348
843437.8836402597
843437.8836402597
843437.8836402597
843437.8836402597
843437.8836402597
843437.8836402597
842745.638796597
842745.638796597
842745.638796597
842745.638796597
842745.638796597
842745.638796597
842745.638796597
842745.638796597
842745.638796597
842745.638796597
842745.638796597
842745.638796597
842699.6619848373
842699.6619848373
842699.6619848373
842699.6619848373
842452.9155980789
842452.9155980789
842452.9155980789
842452.9155980789
842452.9155980789
842452.9155980789
842452.9155980789
842452.9155980789
842452.9155980789
842452.9155980789
841913.0989123384
841913.0989123384
841913.0989123384
841913.0989123384
841913.0989123384
841913.0989123384
841913.0989123384
841913.0989123384
841913.0989123384
841913.0989123384
841913.0989123384
841913.0989123384
841913.0989123384
841913.0989123384
841913.0989123384
841913.0989123384
841913.0989123384
841913.0989123384
841913.0989123384
841913.0989123384
841913.0989123384
841913.0989123384
841913.0989123384
841913.0989123384
841913.0989123384
841913.0989123384
841913.0989123384
841913.0989123384
841498.9390864237
841498.9390864237
841498.9390864237
841498.9390864237
841498.9390864237
841156.7271986054
841156.7271986054
841156.7271986054
841156.7271986054
841156.7271986054
841156.7271986054
841156.7271986054
841155.008006295
841155.008006295
841155.008006295
841155.008006295
841105.2210800941
841105.2210800941
841105.2210800941
841105.2210800941
840382.0736958078
840382.0736958078
840382.0736958078
839205.0421876002
839205.0421876002
839205.0421876002
839205.0421876002
839205.0421876002
839205.0421876002
839205.0421876002
839205.0421876002
839205.0421876002
839205.0421876002
839205.0421876002
839205.0421876002
839205.0421876002
839205.0421876002
839205.0421876002
839205.0421876002
839205.0421876002
839205.0421876002
839205.0421876002
839205.0421876002
839205.0421876002
839205.0421876002
839205.0421876002
839205.0421876002
839194.9228023855
839194.9228023855
839167.2025323522
839167.2025323522
839167.2025323522
839167.2025323522
839167.2025323522
839167.2025323522
839167.2025323522
839167.2025323522
839167.2025323522
838927.5454839943
838927.5454839943
838927.5454839943
838927.5454839943
838927.5454839943
838927.5454839943
838927.5454839943
838927.5454839943
838927.5454839943
838927.5454839943
838927.5454839943
838927.5454839943
838927.5454839943
838927.5454839943
838927.5454839943
838927.5454839943
838927.5454839943
838927.5454839943
838927.5454839943
838927.5454839943
838927.5454839943
838882.3251272211
838882.3251272211
838882.3251272211
838882.3251272211
838882.3251272211
838882.3251272211
838882.3251272211
838882.3251272211
838882.3251272211
838882.3251272211
838882.3251272211
838882.3251272211
838882.3251272211
838882.3251272211
838882.3251272211
838882.3251272211
838882.3251272211
838882.3251272211
838882.3251272211
838882.3251272211
838820.8995498405
838820.8995498405
838820.8995498405
838820.8995498405
838820.8995498405
838820.8995498405
838820.8995498405
838820.8995498405
838820.8995498405
838820.8995498405
838820.8995498405
838820.8995498405
837869.0061323775
837425.3090638897
837425.3090638897
837425.3090638897
837425.3090638897
837180.6623196771
837180.6623196771
837180.6623196771
837180.6623196771
837180.6623196771
837180.6623196771
837180.6623196771
837180.6623196771
837180.6623196771
837180.6623196771
837180.6623196771
837180.6623196771
837180.6623196771
837180.6623196771
837180.6623196771
837180.6623196771
837180.6623196771
837180.6623196771
837180.6623196771
837180.6623196771
837180.6623196771
837180.6623196771
837180.6623196771
837180.6623196771
837180.6623196771
837180.6623196771
837180.6623196771
837180.6623196771
837180.6623196771
837180.6623196771
837180.6623196771
837180.6623196771
837180.6623196771
837180.6623196771
837180.6623196771
837180.6623196771
837180.6623196771
837180.6623196771
837180.6623196771
837180.6623196771
837180.6623196771
837180.6623196771
837180.6623196771
837180.6623196771
837180.6623196771
837180.6623196771
837151.0903115277
837151.0903115277
837151.0903115277
837151.0903115277
837151.0903115277
837151.0903115277
837151.0903115277
837151.0903115277
837151.0903115277
837151.0903115277
837151.0903115277
837151.0903115277
837151.0903115277
837151.0903115277
837151.0903115277
837151.0903115277
837151.0903115277
837151.0903115277
837151.0903115277
837151.0903115277
837151.0903115277
837151.0903115277
837151.0903115277
837151.0903115277
837151.0903115277
837151.0903115277
837151.0903115277
837151.0903115277
837151.0903115277
837151.0903115277
837151.0903115277
837151.0903115277
836988.5459699386
836988.5459699386
836988.5459699386
836791.7836577422
836791.7836577422
836791.7836577422
836791.7836577422
836791.7836577422
836791.7836577422
836791.7836577422
836747.422734547
836747.422734547
836747.422734547
836747.422734547
836747.422734547
836556.9510955245
836556.9510955245
836556.9510955245
836556.9510955245
836556.9510955245
836556.7737991703
836556.7737991703
836556.7737991703
836556.7737991703
836556.7737991703
836556.7737991703
836556.7737991703
836556.7737991703
836556.7737991703
836556.7737991703
836556.7737991703
836556.7737991703
836400.4393723353
836400.4393723353
836400.4393723353
836400.4393723353
836315.9420789892
836315.9420789892
836315.9420789892
836315.9420789892
836315.9420789892
836315.9420789892
836091.0621607564
836091.0621607564
836091.0621607564
836091.0621607564
836091.0621607564
836091.0621607564
836091.0621607564
836091.0621607564
836091.0621607564
836091.0621607564
836091.0621607564
836091.0621607564
836091.0621607564
836091.0621607564
836091.0621607564
836091.0621607564
836091.0621607564
836091.0621607564
836091.0621607564
836091.0621607564
836091.0621607564
836091.0621607564
836091.0621607564
836091.0621607564
836091.0621607564
836091.0621607564
836091.0621607564
836091.0621607564
836091.0621607564
836089.4121615428
836089.4121615428
835814.8987462051
835814.8987462051
835814.8987462051
835814.8987462051
835814.8987462051
835814.8987462051
835814.8987462051
835814.8987462051
835814.8987462051
835814.8987462051
835814.8987462051
835814.8987462051
835814.8987462051
835814.8987462051
835814.8987462051
835814.8987462051
835814.8987462051
835814.8987462051
835814.8987462051
835814.8987462051
835814.8987462051
835814.8987462051
835814.8987462051
835814.8987462051
835814.8987462051
835814.8987462051
835318.8885213102
835318.8885213102
835318.8885213102
835318.8885213102
835318.8885213102
835318.8885213102
835318.8885213102
835318.8885213102
835318.8885213102
835318.8885213102
835318.8885213102
835318.8885213102
835318.8885213102
835318.8885213102
835318.8885213102
835318.8885213102
835318.8885213102
835318.8885213102
835318.8885213102
835318.8885213102
835162.4397623647
835162.4397623647
834976.8296068892
834976.8296068892
834976.8296068892
834976.8296068892
834765.8680717925
834765.8680717925
834765.8680717925
834765.8680717925
834765.8680717925
834765.8680717925
834765.8680717925
834765.8680717925
834765.8680717925
834765.8680717925
834765.8680717925
834765.8680717925
834765.8680717925
834765.8680717925
834722.5241790563
834667.7124950729
834667.7124950729
834667.7124950729
834667.7124950729
834667.7124950729
834667.7124950729
834667.7124950729
834666.4443698365
834666.4443698365
834666.4443698365
834666.4443698365
834628.5888817981
834628.5888817981
834628.5888817981
834628.5888817981
834628.5888817981
834628.5888817981
834628.5888817981
834628.5888817981
834628.5888817981
834628.5888817981
834628.5888817981
834628.5888817981
834628.5888817981
834628.5888817981
834628.5888817981
834628.5888817981
834628.5888817981
834628.5888817981
834628.5888817981
834628.5888817981
834628.5888817981
834287.5213591906
834287.5213591906
834287.5213591906
834287.5213591906
834287.5213591906
834287.5213591906
834287.5213591906
834287.5213591906
834287.5213591906
834287.5213591906
834287.5213591906
834287.5213591906
834287.5213591906
834287.5213591906
834287.5213591906
834115.9554941774
834115.9554941774
834115.9554941774
834115.9554941774
834115.9554941774
834115.9554941774
834115.9554941774
833830.1194971601
833830.1194971601
833830.1194971601
833522.1850157212
833522.1850157212
833522.1850157212
833522.1850157212
833500.5102329296
833500.5102329296
833500.5102329296
833480.3416945706
833480.3416945706
833480.3416945706
833416.9944147859
833416.9944147859
833416.9944147859
833416.9944147859
833416.9944147859
833416.9944147859
833416.9944147859
833416.9944147859
833416.9944147859
833416.9944147859
833416.9944147859
833416.9944147859
833127.5670398674
833127.5670398674
833127.5670398674
833127.5670398674
833127.5670398674
833127.5670398674
833127.5670398674
833127.5670398674
833127.5670398674
833127.5670398674
833127.5670398674
833127.5670398674
833127.5670398674
833127.5670398674
832946.6400934346
832946.6400934346
832946.6400934346
832946.6400934346
832946.6400934346
832946.6400934346
832946.6400934346
832946.6400934346
832946.6400934346
832946.6400934346
832946.6400934346
832736.2282782542
832502.4556021458
832220.582476245
832220.582476245
832206.4849269765
832076.1629926914
832076.1629926914
832076.1629926914
832076.1629926914
831930.8334039942
831930.8334039942
831930.8334039942
831930.8334039942
831930.8334039942
831930.8334039942
831930.8334039942
831930.8334039942
831704.554771848
831704.554771848
831704.554771848
831704.554771848
831704.554771848
831704.554771848
831704.554771848
831704.554771848
831339.0910784074
831339.0910784074
831339.0910784074
831339.0910784074
831339.0910784074
831339.0910784074
831339.0910784074
831339.0910784074
831339.0910784074
831339.0910784074
831339.0910784074
831339.0910784074
831339.0910784074
831339.0910784074
831339.0910784074
831339.0910784074
831339.0910784074
831339.0910784074
831339.0910784074
831339.0910784074
831339.0910784074
831339.0910784074
830642.9853683941
830642.9853683941
830642.9853683941
830642.9853683941
830642.9853683941
830642.9853683941
830642.9853683941
830332.6932358672
830332.6932358672
830332.6932358672
830332.6932358672
830277.9553111338
830277.9553111338
830277.9553111338
830277.9553111338
830277.9553111338
830277.9553111338
830277.9553111338
830277.9553111338
830277.9553111338
830277.9553111338
830277.9553111338
830277.9553111338
830277.9553111338
830277.9553111338
829341.7023728157
829341.7023728157
829341.7023728157
829341.7023728157
829341.7023728157
829341.7023728157
829341.7023728157
829341.7023728157
829341.7023728157
829341.7023728157
829341.7023728157
829341.7023728157
829341.7023728157
829341.7023728157
829341.7023728157
829341.7023728157
829341.7023728157
829341.7023728157
829341.7023728157
829341.7023728157
829341.7023728157
829341.7023728157
829341.7023728157
829162.9708046413
828919.9450380942
828919.9450380942
828914.7532195142
828914.7532195142
828914.7532195142
828914.7532195142
828564.6002898971
827949.6615914926
827949.6615914926
827949.6615914926
827949.6615914926
827949.6615914926
827949.6615914926
827949.6615914926
827949.6615914926
827949.6615914926
827949.6615914926
827949.6615914926
827949.6615914926
827949.6615914926
827949.6615914926
827949.6615914926
827949.6615914926
827949.6615914926
827949.6615914926
827949.6615914926
827949.6615914926
827949.6615914926
827949.6615914926
827949.6615914926
827949.6615914926
827847.7881176604
827847.7881176604
827801.3195059629
827801.3195059629
827801.3195059629
827801.3195059629
827801.3195059629
827801.3195059629
827801.3195059629
827801.3195059629
827224.9664594723
827224.9664594723
827224.9664594723
827224.9664594723
826072.8238336262
826072.8238336262
826072.8238336262
826072.8238336262
826072.8238336262
826072.8238336262
826072.8238336262
826072.8238336262
826072.8238336262
826072.8238336262
826072.8238336262
826072.8238336262
826072.8238336262
826072.8238336262
826072.8238336262
826072.8238336262
826072.8238336262
826072.8238336262
825580.7379685952
825580.7379685952
825580.7379685952
825580.7379685952
825580.7379685952
825580.7379685952
825580.7379685952
825580.7379685952
825128.5624453833
825128.5624453833
825128.5624453833
824523.7454247063
824523.7454247063
824523.7454247063
824523.7454247063
824523.7454247063
824523.7454247063
824523.7454247063
824523.7454247063
824523.7454247063
824523.7454247063
824523.7454247063
824523.7454247063
824523.7454247063
824523.7454247063
824523.7454247063
824523.7454247063
824523.7454247063
824523.7454247063
824523.7454247063
824523.7454247063
824523.7454247063
824523.7454247063
824482.2315508605
824411.2491651297
824411.2491651297
824411.2491651297
824411.2491651297
824411.2491651297
824411.2491651297
824411.2491651297
824411.2491651297
824411.2491651297
824411.2491651297
824411.2491651297
824411.2491651297
824411.2491651297
824411.2491651297
824411.2491651297
824411.2491651297
824411.2491651297
824411.2491651297
824411.2491651297
824411.2491651297
824411.2491651297
824411.2491651297
824371.8635786545
824048.6411576325
824048.6411576325
824048.6411576325
824048.6411576325
824048.6411576325
824048.6411576325
824048.6411576325
824048.6411576325
824048.6411576325
824048.6411576325
823949.3776344173
823949.3776344173
823949.3776344173
823949.3776344173
823949.3776344173
823949.3776344173
823939.5763214396
823939.5763214396
823939.5763214396
823939.5763214396
823939.5763214396
823619.6963214277
823619.6963214277
823619.6963214277
823619.6963214277
823619.6963214277
823619.6963214277
823619.6963214277
823619.6963214277
823619.6963214277
823610.908026155
823610.908026155
823610.908026155
823610.908026155
823610.908026155
823610.908026155
823610.908026155
823610.908026155
823610.908026155
823610.908026155
823610.908026155
823610.908026155
823610.908026155
823581.4017063531
823581.4017063531
823581.4017063531
823581.4017063531
823581.4017063531
823581.4017063531
823581.4017063531
823581.4017063531
823581.4017063531
823581.4017063531
823581.4017063531
823581.4017063531
823581.4017063531
823581.4017063531
823581.4017063531
822322.040249542
822322.040249542
822322.040249542
822322.040249542
822322.040249542
822322.040249542
822322.040249542
822322.040249542
822322.040249542
822322.040249542
822322.040249542
822322.040249542
822322.040249542
822322.040249542
822322.040249542
822322.040249542
822322.040249542
822322.040249542
822322.040249542
822322.040249542
822322.040249542
822322.040249542
822322.040249542
822322.040249542
822322.040249542
822079.3226408405
822079.3226408405
821921.7104730166
821921.7104730166
821921.7104730166
821921.7104730166
821921.7104730166
821921.7104730166
821921.7104730166
821921.7104730166
821921.7104730166
821921.7104730166
821921.7104730166
821921.7104730166
821921.7104730166
821921.7104730166
821921.7104730166
821921.7104730166
821921.7104730166
821921.7104730166
821921.7104730166
821921.7104730166
821921.7104730166
821921.7104730166
821633.5529393614
821633.5529393614
821633.5529393614
821633.5529393614
821633.5529393614
821633.5529393614
821633.5529393614
821633.5529393614
821633.5529393614
821429.780360769
821429.780360769
821429.780360769
821429.780360769
821429.780360769
821429.780360769
821429.780360769
