4127605.9646131354
3728571.451743533
3367063.380672002
3061237.941841418
2785682.246160128
2533486.667602567
2309504.557738744
2107364.029847621
1913412.2765368763
1754022.801260819
1619069.795391603
1491085.256440834
1376743.0152986092
1277176.3294357588
1187781.753027618
1110745.7864457378
1025538.0175763826
959189.2011537205
900271.8774083316
848615.9850624774
801066.4583975929
753849.6188126085
716180.5943274492
677539.0414390597
646146.8081182602
616577.3151866258
586508.2217315333
563761.5000330908
539899.3456488838
518643.2788294751
496994.98483911704
475888.7596809842
459932.77710672666
443110.9849101381
427847.69342799176
414272.71337532846
402060.9637139565
391274.24140283617
378961.17040533293
370005.5732487758
359920.0978039382
349976.0311055172
340496.7663254408
331518.491171416
324057.7306441655
314413.7971394998
307007.77681814705
301569.8236870902
295192.6968135227
288498.5781362266
283399.06297015084
277676.06960621994
274000.8397103214
267937.89998852613
263279.9519392537
258244.23159314806
255185.56774917102
251192.27234839994
246691.1436039064
241937.3648036599
238578.94605695887
235048.89034544688
232049.45483198293
228705.4199639602
225879.85568172298
222661.84851419865
218701.09456882818
215607.32498324965
212741.96308586173
210565.54426291847
208057.5365407376
205103.97086525126
202757.06808645657
200846.79029034288
199295.46116657899
198058.46719168857
196427.71590072807
194882.20601048734
193088.37137236356
191657.8937633985
190302.36617446708
188853.47510514222
187042.88268580905
185206.61313909275
183425.27140578645
181859.26431818135
180315.96986939356
179349.8467622421
178258.32729252713
176935.03114565613
175389.92587974246
174519.79529080633
173993.5459575417
172982.86125195504
171676.56564183248
170662.19357643963
169723.3478402585
168564.79340280793
168058.07872970097
167241.69796269148
166141.39857744548
165432.4172012916
164473.60691671836
164096.77948375215
163082.9671719529
162373.56851757868
161967.71440163095
161480.64200900204
160753.42186205112
160060.2453629304
159333.9552843906
158793.46357142247
157973.9044026655
156985.4240811005
156335.16311225103
156013.5837129008
155732.34958460188
155340.16523594788
154406.6736518239
153895.92825351757
153400.3388369877
153118.95418589853
152657.74330540205
152191.4610617655
151613.66843333218
151229.4214270803
150676.43987393694
149962.05302567466
149310.28126099746
148976.36794910574
148736.62903652838
148435.27303802484
148010.40201212827
147683.15616050112
147560.7936314874
147319.25635016736
147082.5335813267
146731.03642160585
146442.70339229025
146044.8378967576
145827.87888702608
145500.0754344596
145272.14177782706
145105.24361171474
144942.4253034438
144414.35382646322
144117.07755234907
143647.53810916175
143440.62088189193
143206.49161264586
142967.5893933241
142737.98100698052
142446.27431762195
142063.47859197305
141882.90835845505
141686.12467906505
141189.9659360309
141049.98962695152
140852.70577565575
140660.56567831303
140394.45721307892
140321.68426169688
140133.28086501762
139830.39353286359
139661.6674990667
139501.03250644758
139209.233892776
139052.40243426463
138932.64121188276
138778.3313646788
138596.26137730642
138372.8513898747
138116.56413494176
137793.03033754617
137740.59144666448
137521.91647872044
137335.26688252357
137167.75800867373
136933.0880890364
136734.50454641218
136605.72245978017
136516.19223173885
136323.37675381353
136087.59116272425
135948.894787527
135735.0053132054
135591.96886561747
135452.82492599566
135359.2831702144
135163.40236378252
135079.72981818914
134876.22965602134
134731.21033795713
134592.27311277558
134499.1605663824
134313.2839712826
134095.78553083842
133970.43569748139
133842.51934213593
133818.8332234751
133761.64039667987
133643.71140394208
133566.03635930218
133262.0898557319
133074.58451175186
132851.4579508711
132765.590876078
132677.48196694555
132653.25148223038
132511.23984045992
132313.85442572867
132210.15473785062
132195.6044975723
132142.4253236465
131955.75300016731
131887.05554263745
131764.3052572683
131734.1070706823
131632.01214981452
131556.36540397984
131525.99375120323
131492.52852466228
131403.56018777748
131359.8470012878
131283.37100338226
131221.42446546917
131010.85540517798
130866.72330701894
130805.57562476402
130800.19784968579
130745.93784898319
130700.66339307904
130653.66216649677
130617.96327358732
130486.01547429546
130442.60567009033
130333.64433257413
130200.21516722548
130107.81957766131
130032.54247836741
129963.74792778006
129831.98655950431
129707.27825212938
129651.5721938458
129476.18716809366
129427.35945543858
129410.41619611476
129242.27256877374
129115.43279723922
129019.13631903334
129012.07260490059
128994.9293608177
128970.61241464208
128904.79320236883
128884.96858816243
128782.30424039377
128681.57487723476
128618.52330373946
128555.4235860985
128444.41125656725
128344.97305569638
128341.21972089492
128309.8873426597
128259.97488922384
128088.09452266472
128044.35871156197
128033.13816251242
127951.58723619023
127839.9971893192
127806.2477900067
127784.61118214941
127775.82892568666
127715.29555550737
127658.63708344413
127600.8672382806
127533.22610935444
127472.46603683862
127472.23612229634
127424.17013060972
127383.25162316764
127269.80339593085
127269.85786092264
127271.14846769471
127237.2021088037
127162.23682088013
127156.79359660918
127105.07529411552
126996.76070995524
126958.20279513592
126903.85091978396
126761.43786806104
126718.48822521325
126707.23006167423
126708.11417024423
126593.27323537743
126595.15193039167
126579.39345388317
126481.51731805486
126422.18980836702
126297.1714384408
126204.92284881098
126210.4861743917
126206.11082960905
126197.57096765208
126197.71934207644
126197.71934207644
126148.75602403801
126126.42828271491
126038.44335248019
126022.59479877856
126013.79302538541
126003.66523634235
126003.66523634235
126008.147038105
125992.04613583327
125950.48627135222
125950.48627135222
125949.84648833412
125921.55521544453
125875.33285363771
125852.52038119508
125852.52038119508
125751.17133420924
125688.9713596694
125627.88348495729
125583.98163241109
125517.49393148316
125482.75327309666
125369.32719170475
125355.37001009256
125343.36536835736
125312.99015927964
125257.58494517059
125192.71695324974
125194.3117776091
125164.60695698697
125150.92172538745
125137.33028513796
125138.62089191005
125011.87877065936
125002.90445995115
124953.36662122564
124938.63421448584
124910.51463883133
124848.12315162679
124840.49171520752
124766.58379231456
124756.5012094867
124751.96337991631
124749.98798143133
124738.9569127764
124740.42421013972
124645.48753061834
124585.01250039297
124531.24714143088
124482.0291398495
124452.9459635251
124414.01474816477
124391.9636448852
124382.67785061203
124337.86275772633
124327.96720552107
124267.58540271509
124238.52852082155
124234.99713814919
124154.909846
124123.62696006104
124105.41889884605
124045.61489665529
124046.23619221887
124044.65314409384
123941.60592869618
123931.49864579768
123922.74333021588
123873.27034533443
123833.44782272822
123788.9455402143
123784.75975603575
123765.39155672972
123746.7128809873
123745.26168968275
123692.7748003827
123670.01431915595
123643.33041057608
123624.60288802315
123618.02346039662
123543.56089511781
123495.77344808503
123461.76555208293
123422.0193556052
123375.13488320551
123355.38276697678
123332.44017087536
123314.1518346318
123314.1518346318
123247.3062564458
123244.9617986661
123186.74102213763
123186.74102213763
123154.36437184941
123113.78066651535
123111.89877287226
123076.87018298311
123070.1748060688
123045.32095559509
123026.48110224334
122977.17605048235
122950.52691074813
122933.02261135356
122862.13811659018
122862.13811659018
122862.13811659018
122862.13811659018
122862.7146784921
122826.200460289
122713.75233092764
122710.558516693
122710.558516693
122699.17551202784
122661.65910628095
122661.65910628095
122616.998702883
122610.7806292485
122597.9778434364
122587.83417310438
122440.49773669016
122416.38632115716
122359.59496940896
122338.63607728347
122331.11879918467
122318.88259023866
122302.60061040135
122305.42950281585
122268.75256917052
122261.24169391237
122258.47281415306
122257.88127340126
122257.88127340126
122226.48217490215
122225.73274680955
122221.73014635962
122167.72545533345
122147.39235751508
122096.76718513577
122093.83329252573
122072.24302419761
122035.32396439346
121982.02525036332
121974.39601777721
121969.732427773
121924.83377988494
121885.36550262547
121885.36550262547
121885.1832023595
121781.05364821592
121774.64881214539
121767.76057406701
121721.42835172819
121700.12445618941
121661.95342574007
121627.53766128593
121548.56025747885
121548.56025747885
121548.56025747885
121545.34263323789
121545.34263323789
121498.9176320578
121436.09947536554
121436.09947536554
121416.72138437576
121416.72138437576
121410.04916710184
121397.88907907091
121397.88907907091
121394.22304220826
121323.86390977859
121320.24175042889
121313.93645317179
121317.71902227605
121281.64594395326
121271.0667255217
121240.77446409408
121232.57007022639
121186.865568733
121186.865568733
121189.233173629
121160.0382627011
121149.52444223982
121145.49588509729
121149.46517041842
121111.00617610657
121108.63857121058
121094.01303858263
121081.89223732916
121079.35073308468
121063.59659560915
121062.30598883706
121024.72096896436
120987.19581202403
120979.55965092155
120978.57568263992
120977.62769769836
120964.34816155446
120964.34816155446
120963.5143264767
120963.5143264767
120949.1010493895
120926.44339156369
120914.31344750723
120893.36466724708
120893.36466724708
120874.55254939379
120866.09393556624
120853.44941170492
120852.07408812313
120829.91608378917
120786.82925538874
120774.45591523912
120772.14141596932
120772.92256665652
120765.71695781517
120749.16460634975
120740.52882254739
120727.99891605588
120706.988543249
120708.0492732434
120708.0492732434
120709.12627136735
120687.00003485408
120679.70177222471
120664.4559462564
120643.75168329441
120647.12118406547
120636.43917912917
120636.43917912917
120502.69715133408
120502.69715133408
120466.5450369127
120466.5450369127
120452.67163010436
120455.6674829626
120455.6674829626
120446.51662027428
120434.75987005758
120435.32810069017
120430.4978705582
120430.4978705582
120430.4978705582
120418.41825657073
120418.41825657073
120418.41825657073
120406.12539834781
120405.70703371486
120390.34513871055
120384.5681785418
120385.10225644862
120385.10225644862
120382.45651517803
120375.37464091714
120364.46370251686
120362.71310334842
120362.71310334842
120321.88449751884
120321.88449751884
120321.88449751884
120320.5706993067
120291.27000134769
120291.64244200011
120233.488675084
120224.17892784797
120224.17892784797
120224.41893844582
120228.40478912047
120228.40478912047
120195.69626835975
120195.8453563602
120192.63710799639
120192.60700181486
120180.48507067832
120180.56781502004
120180.56781502004
120181.80228446111
120181.80228446111
120178.21013631971
120177.49516458908
120147.72411518423
120145.67835279222
120145.60479664168
120144.29099842955
120144.29099842955
120144.29099842955
120144.29099842955
120142.31368716544
120142.26465691265
120140.79344281812
120140.79344281812
120123.687019932
120122.62240253085
120122.62240253085
120111.44301227714
120111.44301227714
120069.57743941771
120069.57743941771
120067.4100997304
120063.30113332495
120063.30113332495
120061.20035458237
120061.20035458237
120061.3392374554
120058.52336015197
120058.82123343956
120058.82123343956
120058.82123343956
120058.82123343956
120036.9248579456
120014.49619419705
120016.34648216273
120020.10694381726
120019.06541571087
120020.61125095046
120020.61125095046
120020.61125095046
119985.04799094476
119985.04799094476
119979.08685909433
119980.02229965111
119980.02229965111
119980.02229965111
119976.41388695242
119958.86357386419
119945.80590373842
119925.07420267833
119925.07420267833
119921.69878467947
119920.7541155515
119910.27455323454
119901.34481105694
119902.28025161373
119901.28731894563
119904.49556730941
119888.78785895417
119885.55407643056
119885.55407643056
119885.55407643056
119885.55407643056
119883.54278868955
119883.54278868955
119883.54278868955
119883.54278868955
119876.16018279466
119877.27240968592
119878.39392327174
119882.55965485633
119882.4769105146
119882.4769105146
119882.16127512442
119878.67412310536
119878.67412310536
119878.67412310536
119878.67412310536
119878.67412310536
119875.54605594918
119874.09114360354
119873.73020795242
119875.3175950367
119875.3175950367
119875.3175950367
119875.3175950367
119875.3175950367
119875.3175950367
119875.3175950367
119851.6523331051
119846.132843054
119844.04243906529
119840.87847439016
119816.26724547835
119814.13370837734
119814.13370837734
119812.17981527747
119813.6956292984
119813.6956292984
119814.31335237849
119814.31335237849
119809.55652319053
119809.55652319053
119766.74262351729
119766.74262351729
119749.47747468823
119747.94920957302
