4177569.6628111275
3794192.7405311014
3429108.525853975
3116162.8829395436
2814571.497506064
2567687.943909331
2332195.6640849086
2122742.1420107298
1948642.792532518
1787201.8781465774
1645270.3665591073
1511383.6041469262
1396807.5534367776
1291972.9685602225
1201877.9222207149
1119652.9353326247
1048835.686095124
984625.6204365938
923418.924450872
874768.0801903426
826747.3990170984
780876.5186449421
737116.1045375552
690535.2081160201
658527.4347145918
629088.6389022416
602318.0955418093
574618.7609089456
550632.3208961263
526859.1656622597
505561.9145068354
485750.8324035797
466477.57254178176
446841.1533997027
431657.70704785315
419183.4699133717
405453.39966395544
391732.93501140375
378823.8201381669
366266.91651165526
355211.2405356873
344478.39039487066
336225.2408481596
328832.19578564604
322804.7058670215
316117.1895018878
308703.5103250181
302093.0212461505
295578.30177839065
290364.04424626706
286063.40114435076
280289.0395488905
275777.86633484135
270389.80331765604
265773.9116927128
261084.60738418973
256839.71165399568
253707.66284803645
250095.6837670997
246110.73264293923
241578.1953022105
237486.28178942093
234413.1900230925
229976.16713150535
227704.9333402468
224638.37920715328
222694.92405005728
219849.79935192203
217214.93697807222
214149.21991120442
211426.04047758694
208668.02080078286
206845.31598689643
203877.06243033498
201667.01235130287
199617.94317282905
197673.49134794244
195195.1618085206
192327.75176337638
190249.0202106486
188455.87393315707
186856.59012637637
184819.5930508968
183687.21190063297
182277.2835812064
180966.10588234523
180125.18099361044
177941.4339546427
176834.55299756076
176243.0728260249
175029.2844264508
173839.2240993686
172575.5873697002
171562.3213370425
170755.22833991973
169419.7272175827
168646.086156151
167561.21095769713
167014.93683010535
165797.36523812002
164485.62284284964
163739.0148251814
162852.74897843774
162226.2818431688
161702.7864352476
160803.95993142482
159854.0573308448
159330.18658684328
158628.75048405628
157793.0920981094
157230.10341402615
156421.48762855504
155867.0821706591
155249.58296200563
154856.32329275014
154390.48377370444
153804.6546858035
152973.5048338435
152325.8363712152
152091.17073626304
151391.33651874916
150823.5358670143
150515.32840301987
150162.81593452796
149891.1009551175
149294.38363156095
149070.4995742977
148609.98206646688
148178.8657943869
147859.9933269427
147478.93776759814
147296.8218876173
146883.18742336915
146602.99629121146
146349.62093485915
146103.51795428182
145659.77172865893
144986.068117684
144863.43758932868
144551.03302584816
144389.65108760764
144171.01469584036
143933.69690036937
143406.60423595208
143282.41308638995
143138.05392794625
142826.12570905074
142541.92395742272
142295.92754604708
142042.84469725552
141992.72142973036
141673.88954525098
141545.72135491826
141277.50937427866
141002.96114707136
140230.13863092568
139936.4268372089
139802.61953149847
139554.80863940474
139291.77891455145
139171.56687870674
139090.6677892201
138970.81681985426
138747.9645428785
138683.9934303563
138290.8103175475
138056.57987238147
137958.80849472535
137759.41602697008
137648.56202070497
137527.82595393743
137442.8961511612
137267.64313260483
137186.3990799299
137137.52571288758
136854.99587207666
136806.1592690259
136757.01616859817
136706.58007052224
136516.83451650548
136340.38776409355
136230.33781904945
136123.436065095
136038.41551760092
135807.2675756236
135484.176748014
135308.68371631938
135011.94024425437
134907.45860131754
134680.91015459603
134538.2629475644
134405.62852194897
134195.72430475254
134167.30789343017
134067.82071052204
133959.33875014656
133908.03341353819
133771.0357994691
133665.90907846516
133641.90139410825
133621.3449568643
133590.71817388502
133550.29043968237
133386.44792313146
133238.81371257812
133217.04326054527
133046.12009952072
133010.30217558122
132971.03776843255
132923.03988849354
132793.07801740424
132665.0051613702
132605.03283229668
132505.3085618816
132455.92607291025
132401.43123415145
132316.70751458826
132304.4501676077
132303.8240958521
132298.55300922523
132242.0964796917
132184.59792163124
131998.37492690975
131953.43669230252
131898.2315132398
131808.58520797951
131760.082949013
131674.58270535088
131633.31277814705
131544.65233325318
131491.03527922515
131486.58463506086
131347.32266836474
131249.88965364802
131168.7678217657
131117.9210274497
131110.68537209078
131081.94599279834
131044.44060909307
130918.30002554104
130888.32766389089
130856.63354072657
130793.14576664109
130711.84504696856
130653.03961706239
130648.87318057717
130602.28372135358
130602.18036462092
130556.35201965383
130517.12970733615
130481.48208280896
130444.67090824721
130393.36107109695
130361.68971945491
130350.56493431158
130258.15121047659
130194.26356963848
129982.8643087346
129938.52544906556
129845.15630210347
129696.14336962279
129601.39505546764
129585.12886065988
129570.76967534809
129555.69317655542
129506.8544281171
129453.9134461499
129413.99898436095
129361.81184181858
129287.57024586073
129278.98178689866
129205.04335570187
129205.04335570187
129181.36056673984
129139.3026506821
129107.67795907712
129107.67795907712
129044.03306465587
128942.10477325345
128901.15292375852
128895.61865994518
128821.33942963157
128812.25909139974
128793.18813569413
128679.29365831689
128655.1972704654
128623.16708444398
128548.2651296687
128517.10225468014
128481.47036429888
128447.96157185189
128353.70512533757
128292.19165308046
128175.00576755518
128147.77370076277
128055.98603673441
128033.20522165569
127978.9663347597
127925.72154072212
127851.04156713611
127809.39080157981
127809.39080157981
127762.32823947229
127741.9785144059
127596.25621847338
127584.5167473043
127543.46733388888
127528.63909035541
127482.72630932531
127432.51833061781
127414.72416224792
127371.34776767484
127371.34776767484
127312.9747764516
127310.0411188223
127308.49166532219
127274.50574371027
127249.36586698252
127242.64569287558
127231.88962812569
127190.96127488143
127174.2484899649
127163.68702508889
127093.93503747392
127077.93152060018
127071.31123601066
127019.15025326842
126927.09303254516
126892.87431086853
126793.97131503826
126793.97131503826
126773.17662004654
126645.714282696
126632.95915331683
126608.68874045822
126559.5972053732
126499.624007718
126447.12794064538
126430.31390182629
126358.86600418865
126326.69328531221
126310.6180826707
126287.44276233914
126282.44676644623
126203.06959266477
126183.07502436463
126131.81198225517
126079.9760132531
126004.58114728233
125997.98687707307
125989.08886728031
125919.57818714525
125880.780445245
125879.2279309427
125869.7880187681
125867.98291243549
125770.90151537
125623.86774820474
125600.5307573898
125596.42148306766
125538.28586618623
125513.67038308672
125416.32463155549
125407.84677508402
125369.87109805255
125366.88326293886
125366.88326293886
125339.1499605524
125320.50875292573
125300.9392633321
125279.79802786377
125262.66806657604
125242.63415693445
125117.46023449712
125057.87521848141
125057.85158201455
125010.90838249127
124937.99585390012
124910.57227810108
124865.77518442406
124862.8052222241
124762.35121761868
124756.38809715146
124711.1373237485
124672.07111989692
124672.07111989692
124649.97682965596
124618.9677763486
124500.75670256771
124472.50872096696
124455.02610134214
124385.47385921738
124249.4130912283
124233.52543335466
124181.97071649408
124171.6627653836
124098.56272597915
124052.23053580493
124006.42204777221
123993.21834296726
123976.07007915164
123969.17007873798
123905.18026318678
123864.17883727976
123757.94801702512
123704.48862471188
123668.77076463164
123612.59513926896
123588.45168197862
123582.2651969929
123574.32728131406
123554.80105438651
123542.71155552112
123533.51884630878
123524.28995258924
123523.57097552904
123466.34702717252
123452.93731094315
123374.00283371532
123326.86708324011
123320.0026134274
123233.16495133736
123214.832747198
123182.71426749865
123107.38073751258
123099.89371672875
123099.89371672875
123074.48936286973
123070.27307459872
123042.25669612302
123006.50699191791
123006.50699191791
122961.65667647669
122915.12727724964
122911.93885334945
122889.40871507418
122821.01748673488
122806.02225977051
122806.02225977051
122788.9661450932
122755.53662612251
122744.58161216478
122742.12431003817
122742.12431003817
122680.76244468204
122674.28273109402
122667.57880891321
122667.57880891321
122617.08382645612
122617.08382645612
122614.92927265484
122606.2158682704
122606.2158682704
122606.39412875005
122600.2833942775
122600.2833942775
122600.2833942775
122573.27989049585
122548.83658021438
122446.96544551093
122445.15197293108
122445.19516903989
122425.42731027171
122425.42731027171
122425.38411416288
122366.90247757288
122359.32461373557
122333.8236119351
122298.28697626249
122298.28697626249
122284.08557844302
122230.62457929828
122230.62457929828
122230.62457929828
122230.62457929828
122230.62457929828
122214.0677766515
122214.0677766515
122213.41524406726
122213.41524406726
122213.41524406726
122189.73153636383
122185.59857381228
122185.59857381228
122169.88315153576
122169.29100144954
122169.29100144954
122166.4643022966
122162.14889971353
122147.0402485234
122140.53160464499
122061.86103965675
122060.6680383177
122060.6680383177
122058.94855160697
122058.94855160697
122058.94855160697
122053.95911928831
122050.96613423996
122050.96613423996
122050.96613423996
122050.96613423996
122049.67890292728
122049.67890292728
122042.9197685066
122011.24238569349
122011.41648803877
121994.1837075646
121992.97549827475
121992.97549827475
121982.01353439997
121982.01353439997
121976.54720388458
121976.58647777361
121971.17954439309
121968.67281749485
121937.96701203356
121874.76046935775
121841.54955488266
121841.54955488266
121827.68790808818
121827.68790808818
121826.73604692343
121810.80807841681
121810.80807841681
121810.80807841681
121810.80807841681
121810.80807841681
121810.64260604147
121808.11324111962
121808.11324111962
121801.54399407536
121801.54399407536
121801.54399407536
121794.78956757617
121794.78956757617
121790.12526854227
121790.3299409446
121788.91063654618
121788.70596414384
121788.70596414384
121788.70596414384
121788.83716254977
121781.70422626137
121778.44558272796
121778.44558272796
121777.65526859948
121777.6669895901
121762.12181931714
121762.12181931714
121762.12181931714
121709.22861252332
121697.22138620351
121683.74471140988
121683.74471140988
121668.682630153
121575.70307063381
121575.70307063381
121572.32843371466
121570.97536975554
121570.97536975554
121570.97536975554
121570.97536975554
121544.74750312007
121544.74750312007
121544.74750312007
121517.51671466125
121468.42996773549
121468.42996773549
121468.42996773549
121443.5565567205
121443.5565567205
121403.81129566253
121395.36828125906
121395.36828125906
121395.36828125906
121395.36828125906
121395.36828125906
121395.41222433592
121383.86912144822
121375.47224552228
121373.12662304773
121351.26459870244
121337.59280073778
121337.59280073778
121312.2607743701
121312.2607743701
121312.2607743701
121312.2607743701
121296.663161823
121250.45503663245
121250.45503663245
121219.86915527914
121218.48472361715
121219.00202159976
121219.00202159976
121219.00202159976
121219.00202159976
121219.0592630684
121202.97369043439
121184.44601500599
121184.44601500599
121178.96263419009
121175.72671027307
121175.72671027307
121123.57313292302
121103.60102025793
121103.60102025793
121103.60102025793
121103.60102025793
121103.60102025793
121099.05004776747
121099.05004776747
121099.05004776747
121098.83696974587
121080.64449408089
121074.2025738539
121072.30627775754
121072.30627775754
121072.30627775754
121072.30627775754
121072.30627775754
121019.93268932306
121019.93268932306
121019.93268932306
121019.93268932306
121019.51023194104
121019.51023194104
121003.93036948572
120936.77916809646
120922.42229278627
120922.42229278627
120922.42229278627
120922.42229278627
120922.42229278627
120916.5012016322
120916.03182354392
120916.03182354392
120904.01393546208
120904.01393546208
120899.99584983813
120899.99584983813
120895.36113771939
120895.36113771939
120895.36113771939
120895.29977691095
120892.10448900954
120892.10448900954
120892.01981678762
120892.01981678762
120892.01981678762
120892.01981678762
120885.15770196592
120883.21979311487
120883.28329244241
120876.80428728269
120876.80428728269
120876.80428728269
120876.80428728269
120863.71510134585
120863.51003410836
120831.81828847487
120831.81828847487
120823.9422067505
120800.09213343766
120800.09213343766
120800.09213343766
120800.09213343766
120789.38718204522
120789.38718204522
120789.38718204522
120776.05795751898
120776.05795751898
120770.32339629985
120770.32339629985
120745.1103017727
120745.1103017727
120736.03365995672
120736.03365995672
120736.03365995672
120736.03365995672
120736.03365995672
120680.73903911136
120680.73903911136
120680.73903911136
120675.48940009037
120672.37210909708
120647.15464136258
120647.15464136258
120647.15464136258
120641.51185967894
120603.449040165
120593.6979235762
120593.6979235762
120593.6979235762
120593.6979235762
120593.6979235762
120590.54988847837
120590.54988847837
120590.54988847837
120590.54988847837
120590.54988847837
120590.54988847837
120590.54988847837
120590.54988847837
120590.54988847837
120590.54988847837
120586.7985729117
120586.7985729117
120586.7985729117
120586.7985729117
120586.7985729117
120586.7985729117
120586.7985729117
120582.50591705897
120574.52919450788
120570.64876658903
120570.64876658903
120570.64876658903
120570.64876658903
120525.82367117402
120525.82367117402
120525.82367117402
120525.82367117402
120522.3825411312
120522.3825411312
120522.3825411312
120500.38628834774
120500.38628834774
120500.38628834774
120500.38628834774
120484.86656923077
120484.86656923077
120484.86656923077
120484.86656923077
120484.86656923077
120466.12803855841
