4163448.1068944223
3751918.647230901
3393697.151516035
3067172.6556321094
2781066.8336638417
2534122.1878037606
2321274.12961638
2118260.4607761772
1942449.691255346
1779539.7841526638
1637440.5527629296
1507459.647403448
1385418.7419131915
1277321.1575232365
1180576.227750155
1101088.154001275
1026630.200705368
958482.625814121
896933.3343734025
840759.7496230511
793003.3864111179
747335.456433261
704733.7778587951
670689.2176715445
636968.9544643834
608506.4681448762
577740.6767845631
552610.2191137327
526570.2484573305
505002.6885517152
484245.95805107075
466768.95494057797
449453.2746476144
434220.7474409046
417125.6074043226
401681.144424215
389617.6817588797
376879.351085473
362907.53983424767
353416.51438192057
342383.03466921113
334566.3436849665
324436.4040236943
316987.7321084372
310036.2865215671
301921.5320003941
294206.226729488
287807.2160125839
282525.43482473
275171.2830489563
270176.8716258937
265182.03478797834
260743.2648968965
255074.44700703758
251166.2551925428
247401.32179794734
243566.2084818053
240251.75670221937
236431.08575455475
233780.2527701893
230027.04224139918
227305.34281424267
223025.53977685873
219413.40584884823
216895.41905496782
213917.47093171757
210169.76858389413
208065.87900395348
206077.36694329843
203198.34694685822
200588.36770245127
198708.6222509191
196039.03148979018
193396.20329665556
191067.18999412254
188881.43450240267
186507.76671793577
184725.24840604304
182998.42147492548
181302.8275625
179647.97500474064
178131.98660384116
176490.09514600824
174901.77071302244
173468.06338678102
172754.9314877909
171660.47067215692
170740.62792470696
169730.5779193021
168865.880525726
167662.37447365193
166935.86442883953
165773.81984058896
164620.09495788597
163476.70563858253
162010.13465121092
161341.54886611644
160469.02492112594
159997.05468966858
159290.0944813853
158764.54345744016
157913.72170307743
156925.8186950601
156536.74207983408
156010.36726284327
154908.60022395136
154225.39500054266
153430.02560986334
152582.3764760695
152227.9733483144
151607.04798629426
150648.4957393473
149960.0053074177
149056.65659530467
148257.0745033024
147555.45925683624
146731.43171155365
145987.5024708573
145600.14949915197
144923.92281575297
144438.19644362212
143781.9247453491
143085.41895247516
142484.57943222194
141839.64372630525
141443.68084028576
141240.557867476
140967.64121613666
140572.21990679565
139932.4012412707
139418.8721390566
139057.28184970684
138850.95342883095
138572.83499658725
138123.26027408068
137840.66709334205
137668.38321635593
137343.5975133632
137062.76802302495
136846.6040690077
136388.04735152947
136195.73600841247
135697.35526677748
135443.85754799529
135301.72797819052
135044.33278609827
134933.07594101047
134666.52002840306
134270.71579393497
134027.4795873316
133846.21020132647
133621.6414100223
133352.71303734567
132965.22860850766
132678.83947094163
132460.07653369545
132160.87264969677
132066.04492149357
132048.1400635625
132002.7464025883
131786.11176248745
131590.2846879855
131388.38511017058
131209.46530412382
131063.13218779032
130888.80925070815
130686.97521530016
130459.6065668102
130275.47649884396
130130.09922864403
130013.07310864411
129911.22379222128
129819.00843293127
129680.62786720748
129473.57851643882
129312.96596279604
129178.93263675978
128949.89576339058
128835.7686281564
128392.17251730598
128220.56100583462
128160.13004426734
128031.77180726567
127939.6768983876
127858.49540791866
127821.36793337262
127737.58393077129
127571.02588168332
127533.40860932907
127387.14105407223
127326.4072141326
127071.06666788574
126885.21186093506
126735.91496315975
126647.46212476192
126617.07480616857
126561.29199886663
126520.64986613483
126481.42256950792
126314.68709842498
126177.54252128917
126090.8776205724
125987.04950017674
125763.03756688286
125740.73687788492
125688.50551605395
125530.0965153669
125341.55222221496
125228.12758540637
125143.61454423441
125039.30884752618
124955.76560709774
124863.80804096596
124752.96838827184
124632.89243219269
124606.8683873718
124434.9992582444
124303.00286838203
124233.98966650615
124173.6429037872
124142.73789666788
124060.01318123347
123867.51878070066
123831.96566247038
123722.80735249157
123657.7485338542
123572.84522586342
123520.33945341299
123437.32737224683
123390.11819096729
123301.90000894773
123203.08426361207
123109.7618783452
123047.11493328464
122996.76980775574
122915.8435774167
122800.46311711268
122757.2662269875
122666.43882584653
122607.84375068013
122591.07036950695
122455.4577391829
122452.5588338369
122447.32165616057
122428.08015154026
122375.09414414575
122294.43001504886
122282.17106262266
122223.97664456145
122184.69674541696
122179.8254553621
122145.57113324755
122106.69188141586
122092.49832885359
122049.51792688234
122002.9578375547
121901.9609660613
121807.5775070531
121763.23982580943
121667.72331988899
121591.18394364821
121511.42030433263
121492.06332156228
121430.29754194227
121355.14523604153
121275.79248372745
121215.9875713365
121100.72313281201
121064.94897960071
121030.12683346929
121024.41059999817
120949.16714804023
120882.53643657392
120866.31493305707
120796.80162812634
120776.06071999343
120770.22292561132
120743.96771699682
120728.86157752885
120571.7815312205
120541.27765398734
120534.80389363912
120472.0145908003
120451.02185596903
120370.76511615641
120337.03162839772
120250.67100239446
120250.67100239446
120244.02493809574
120244.02493809574
120231.11752081825
120228.90703617719
120199.11409806367
120143.48249746779
120089.8509501534
120003.72056036908
120000.42797291913
119991.07139160075
119892.82512439237
119824.41159805775
119798.40767393276
119765.67203974193
119759.60931748027
119713.70312057482
