4166650.963769716
3793872.175670336
3431050.010108912
3096861.989234971
2803707.276820641
2550014.8067019787
2316733.9580976632
2110480.3887496283
1913590.2490616906
1748576.5577464025
1616678.4743860117
1485189.378305699
1359544.6513632387
1248051.4359028318
1157033.6159175711
1085641.141592012
1012250.5583837344
944266.1446170469
888543.1718734252
841409.3439796751
796143.731540614
747247.7456756679
706411.086953884
673908.8496918657
642414.865231704
611023.3467925027
584348.9189850462
559796.5717949127
536110.3510648754
516412.927172935
494648.2453359292
474272.0262383143
459809.99047971517
443251.99669838266
427387.1578333378
413133.3725482895
400211.9929571217
388621.9590374653
375710.7974146053
366237.3038309412
356993.77190823044
347864.6172396747
339430.01962390903
331588.97613504715
323087.8369474972
316548.7050175
308541.2706593197
302270.9128015444
294329.31379396823
289298.4151736731
282999.9639857379
277111.9672618725
271622.16056441155
267436.5282121692
262279.81610959006
257396.18604397695
252777.899794425
249290.1436868942
245012.45592250658
240958.71192770015
236891.76767371784
232987.41325699555
230018.7658077223
227837.78561709425
224708.427382111
222127.25298097616
218615.66118222434
216053.00488839828
212145.23230851584
209967.249992009
208410.96679260692
206289.19890902098
203850.27865234765
201328.5715728859
199577.9254075258
197629.82935728834
196164.1740450619
194456.33087594368
193253.07068499783
191494.35604794233
189816.5480159666
187949.74048723342
186109.28948418464
184811.78593259724
183672.37975004723
182717.23075767898
181165.82874052163
179622.75290067616
178138.98550223492
177016.6792306775
176063.3874783289
175235.29507669943
173850.98113777838
172958.1570372959
171499.54864822366
170552.82403447857
169334.59403700772
167854.7960430581
166681.95663192737
165912.33857218898
164927.5427738424
163759.76813283624
162724.49023826537
162230.81698088354
161723.5033404928
160788.83978248778
160068.55004923936
159613.69463610146
158751.58111954885
157955.5470034498
157458.57860812248
156370.12266252085
155456.04415658332
155170.72508073633
154716.0168586678
154252.90504670228
153957.6200635677
153628.10410938016
153125.144442584
152480.5118570776
152249.94585355138
151930.42489693104
151525.32394270046
151144.12082746424
150678.17655894026
150437.2806751423
150223.89203935728
149943.23643103655
149497.51893015887
149015.32536765502
148736.5279152809
148445.7361173841
148170.74352734315
147616.99071008284
147074.2264610006
146673.98539700964
146240.7403554546
145833.3687954249
145528.2971442339
145286.8867944793
144889.83084353412
144620.4056253898
144184.46529978976
144034.53096183494
143775.8409766805
143662.12177052046
143329.71105899982
143153.2376296869
142936.1244805914
142630.57867807322
142404.60487919988
142160.0260015344
141703.7282774772
141594.55746659104
141329.4068552885
140644.77856291877
140420.01524579574
140134.97912475234
139979.18403178488
139717.69905050448
139417.434314651
139287.38643882348
139201.7460132289
139082.27907249797
138868.76320915774
138762.27922487952
138676.4849733846
138451.41883865895
138324.63563884408
138146.09691115626
137576.39056495077
137273.63117965063
137089.36938153053
136917.27500211087
136754.61648502026
136554.98747212894
136420.5919247405
136285.99965072676
135864.71822061916
135827.0191610491
135512.97888510677
135439.18835609383
135078.1795731206
134965.58923885145
134783.32614387263
134658.21036233846
134466.1791384444
134387.4146953067
134362.2089997121
134236.43812095094
134068.33849189547
133853.45720045577
133674.1255107279
133642.21231140618
133563.35761587747
133223.48333797642
133120.9334597456
132988.67456184563
132870.8867547133
132714.29685014972
132605.1619045457
132502.2419157441
132435.20835572836
132261.53205351136
132190.27538070822
132061.2121905649
131932.04260402426
131886.7428851255
131718.9005407177
131587.05883436534
131536.09650337577
131521.71748818102
131402.14962165075
131310.56512979002
131277.31347741914
131050.00338653213
130990.30966777011
130951.52129353335
130766.89771437313
130635.68627035209
130515.92598862854
130271.05933727598
130106.61802655863
130064.9435537569
129998.70781919043
129894.62858685093
129806.73820656724
129670.15389897279
129608.34620252984
129581.54269474163
129573.08557362128
129430.54312512823
129397.31981086786
129321.88342697363
129272.82704977649
129231.38174839703
129187.52567065794
129155.92192453949
129144.29039758256
129137.67310530643
128923.04446190958
128847.60651759479
