4285784.010546124
3847008.851260987
3492881.011439032
3143548.023944461
2873030.0875415094
2600953.8590264637
2372644.8509116992
2168528.17774339
1968784.1721048122
1803858.0827172147
1662015.0622253765
1548554.5291174848
1426675.6405457295
1320259.1099997712
1229339.9514882234
1141295.334111606
1071307.8688549926
997465.8181322026
937938.1538057907
881525.4729598009
830642.8908968683
781147.0035616589
741261.5709291978
706085.9494082802
671957.6582382829
640244.0895005492
607677.96002342
580488.3669776133
551896.7817988459
532291.230414343
509677.0201341472
486496.37622915587
470395.4182391805
455023.0661341236
440892.08542650647
425183.58037977427
410500.7601431393
396524.82075527974
386462.3239942458
376203.1106774418
366680.3764938064
356051.16214517364
345101.8902657164
336699.8474179928
328108.72253867984
319762.0388688119
312731.62735951366
305378.27290116774
297072.3103687408
291455.3623395732
286415.59139834775
281431.3242902831
276104.4503019274
271749.80381979875
265494.4438875719
261073.5935281794
255270.77106373684
251510.75119679468
247926.2945494202
244939.80853906978
241295.16543194628
237362.2916154706
234622.64730609852
231038.64769669634
227787.67398154933
223865.2339977725
221075.61304348573
218209.3425307764
215553.2536512515
212985.72921650906
210668.03874021853
208570.88208837665
205671.6601232489
202860.63894033612
200950.8387645765
198087.3597727808
196951.2552836143
195136.09437534047
193452.5551257071
190928.90239461794
189021.93807012175
187896.72285376146
186205.52592670868
184583.79674223266
182616.90373101013
180564.4131508469
179047.9320707619
177301.57200784129
176144.29601040483
174996.51195647824
174022.51473725325
172103.2108416024
171103.59695372113
169565.63476777702
168502.99343458822
167296.78505086916
166204.40574192043
165361.06783032906
164667.91436939166
163666.80929102795
163024.06526776985
162710.47789106544
162071.1309044834
160499.9461805527
160032.02494388993
159112.37729631996
158672.06110402563
157998.835250878
157349.97875761264
156878.35896757955
156132.29513269052
155347.30344224832
155042.42232453387
154438.18333654682
153936.37009790627
153352.0787059146
153002.00859148835
152536.47177621772
152144.64754654246
151299.3515314394
150605.59389383113
149281.54654168786
149059.68966914812
148376.05689041712
147562.89784038728
147441.58601527533
147223.4744188489
146640.17957227048
146332.80324088281
145906.41657584446
145576.58400103787
145335.95346276317
144928.92888549948
144685.03633200243
144227.51552347786
143831.53094283037
143493.0436806974
143279.8029434784
143129.5875727432
142898.6944696374
142574.62593444472
142107.88530373556
141833.8783947164
141574.4257921796
141501.14880121325
140887.6686457519
140715.87592422304
140397.64729278127
140165.18277944313
139883.26750502523
139771.80308991598
139663.51683081195
139418.05413186864
139247.7863315718
139056.56252014026
138922.50624012738
138853.66780001324
138672.52772040103
138130.8266373011
137692.22802603027
137552.03301624418
137104.03439653182
136928.16123607723
136884.85097060996
136746.25164045196
136500.29825412403
136315.27264037234
136056.9380751779
135903.24313127724
135693.78153002556
135560.81323760154
135450.55696204823
135270.13728161718
135234.0857836833
135095.94465641462
134935.8833929063
134853.65830861972
134737.9768147076
134628.76264603922
134486.31110308692
134401.05670045578
134212.42364048064
134019.8028655441
133899.21604923735
133786.1596874861
133618.38985750388
133493.93340165055
133446.0680992267
133220.19968183243
133141.93814708974
133024.36911978788
132900.8315247136
132703.56117084433
132420.48956497473
132401.83156178155
132354.15649096158
132136.15687504972
132034.18921378715
132009.46798719268
131906.5087549523
131853.70528688742
131690.80399480843
131535.3030133986
131472.0924607197
131366.54558295006
131182.34243245702
131078.8455061959
130885.2993654823
130804.1586456328
130645.9822770581
130581.66210042367
130491.95333996619
130413.8892342053
130303.90495247702
130241.29906843186
130145.4266638067
130128.19426711317
130085.44078898247
129966.69421009877
129868.70985298128
129799.62117913392
129668.07064603956
129623.05782293403
129556.33601597154
129274.43986849263
129202.56192373307
129145.89218071703
128999.28473455552
128915.27748968551
128842.11803736362
128774.37630933194
128589.16028956394
128590.17755469456
128464.58842292312
128394.3706145385
128278.57006630983
128237.32590447497
128101.72710950181
128043.81819273032
127933.40810802398
127870.68347513184
127766.40149561301
127748.69344453914
127627.81369545835
127624.63042910142
127572.66510813613
127502.66384630051
127423.67585676462
127381.45683633062
127330.01326851986
127240.86941754083
127143.18391493299
127055.48248932803
126898.2447914175
126772.41839914597
126752.02070629553
126691.04681957181
126671.39994012237
126580.55965372517
126468.07101093636
126356.44971954258
126306.50814997879
126250.1730308567
126107.04333858693
126107.04333858693
126027.04483109797
125982.73525364196
125868.43128098898
125841.9765610371
125739.56349056493
125720.02296308348
125701.27219965558
125610.125266772
125574.3269370551
125505.18205809753
125472.06948323609
125463.16215670318
125400.50704896433
125377.72173662497
125352.15865654874
125297.48911039362
125196.95793718158
125173.44441319912
125134.8970591849
125126.6718821041
125092.09121883754
124998.674949073
124968.61365571979
124948.32411641307
124941.61850129707
124929.484501336
124877.67910848888
124864.78049103389
124766.84061852089
124749.50740005629
124735.37272983881
124701.26508033033
124678.77156313027
124673.83014847533
124652.09501470561
124649.8976442355
124633.64812275892
124619.20225478677
124596.1310293687
124593.26098608217
124565.7705577568
124534.89426598203
124533.06671040574
124529.51121091019
124518.73794466359
124440.35884107047
124398.07445995454
124344.73065539624
124297.0245177914
124274.68688588838
124233.76215785646
124213.31822931394
124163.14567234399
124152.62390911425
124082.43170911362
124058.50965751731
123991.47800199903
123988.45275459581
123964.89246050156
123933.27796029754
123919.13794056379
123907.43122095871
123907.43122095871
123885.00232001723
123869.01938181366
123847.77944828379
123813.98467250852
123774.39526476966
123742.77872939553
123695.2100379492
123638.21009627392
123635.64414977389
123608.1556353532
123579.43071770405
123566.39272374602
123565.24922772427
123565.24922772427
123541.41334296507
123541.75593863583
123533.6034266537
123533.6611882137
123488.05893679413
123482.22263318503
123462.72266210534
123462.24745501278
123385.15099204268
123355.4717977505
123326.34089012278
123300.07813004592
123275.83142621003
123222.5906886968
123209.22644574768
123188.15453832806
123182.66017563877
123180.14518845789
123180.14518845789
123164.64420203949
123164.64420203949
123148.56811186529
123105.96641860929
123102.42692848334
123092.3267334274
123061.97097451752
123061.97097451752
123046.36641662465
123041.2586445888
123034.03812282703
123029.24551764214
123029.24551764214
123016.21091307481
122953.41651968751
122948.72448380783
122921.75836655268
122889.61216680365
122889.61216680365
122867.34388466342
122867.34388466342
122835.74779550539
122835.74779550539
122820.22756814375
122808.50967390875
122792.48696262034
122729.47895553026
122726.9001598238
122721.15272935474
122717.4636470202
122717.40464771865
122717.40464771865
122714.50345898475
122691.82022319274
122682.50824790847
122658.95263756982
122658.95263756982
122655.0347124947
122644.047568193
122644.047568193
122594.87220436672
122566.33315507944
122566.33315507944
122557.8599893111
122548.12665004365
122547.87984333276
122537.01762530609
122519.72357489375
122508.65472475268
122507.28779579091
122480.4584175483
122462.82530331073
122450.9592019241
122428.8240512744
122428.8240512744
122428.8240512744
122425.28321766222
122409.88925555743
122389.8680468556
122351.30466693506
122330.82812862887
122319.13065818328
122321.49506402775
122237.64373789221
122181.36580071464
122173.26828989122
122157.02332586648
122127.3414511043
122111.97363573316
122060.04674698802
122034.34881090873
122034.00131177151
122034.00131177151
122015.56279862308
122011.59603395403
122001.96203199966
122001.96203199966
122001.96203199966
121970.30647475194
121963.78171689712
121962.47006240801
121962.47006240801
121952.93275531131
121936.77544527798
121936.77544527798
121939.40414185607
121868.6976060686
121849.68155067717
121824.91147517892
121825.11731899367
121825.11731899367
121821.82814177408
121818.83866329539
121819.51281569294
121766.9308978364
121762.74305233722
121762.74305233722
121762.89107953182
121764.53993975208
121764.53993975208
121731.60190219826
121726.40324341689
121663.23733068536
121663.23733068536
121663.29509224533
121636.91465307078
121631.88925264862
121631.88925264862
121575.3693182519
121562.6907068232
121562.6907068232
121561.522495961
121561.89033738745
121551.66421921566
121468.0690658551
121465.11935948416
121465.11935948416
121437.44757202329
121419.53051564307
121409.93266395616
121409.93266395616
121367.1954748228
121358.354326281
121358.354326281
121358.354326281
121344.11245069858
121307.78125064533
121307.78125064533
121307.36217076592
121289.75839653023
121282.29414987133
121282.29414987133
121273.43120815343
121264.20621549517
121264.20621549517
121262.32528516665
121245.06753976335
121200.9647193783
121139.7673641312
121138.85296223323
121129.049501211
121106.24990458267
121100.68367877183
121100.33788255019
121070.14708160357
121063.68997790094
121023.8442346001
120961.11517711393
120944.33601159272
120928.39014152043
120928.39014152043
120917.4400827401
120918.03278218364
120898.90752420161
120898.90752420161
120898.35209509596
120861.37976873311
120853.30352569767
120842.53774854928
120842.47998698929
120835.58977152812
120835.51079328908
120780.1745904955
120780.1745904955
120780.1745904955
120778.41898217986
120778.41898217986
120778.41898217986
120748.87280980783
120748.87280980783
120748.87280980783
120748.87280980783
120748.76650950091
120720.99849535103
120692.66445471343
120692.72221627343
120689.97354182413
120689.97354182413
120689.97354182413
120689.97354182413
120689.97354182413
120688.44082088032
120681.3836069681
120661.17799139248
120661.17799139248
120661.17799139248
120643.37651752292
120532.51612877584
120529.06586984615
120505.41377861389
120505.41377861389
120505.41377861389
120505.41377861389
120501.58344411271
120501.58344411271
120500.40542541056
120457.55159713564
120403.74256437525
120392.22022694198
120388.62846836547
120388.62846836547
120389.8827523207
120386.63082339235
120386.63082339235
120386.14977683319
120376.49104411842
120343.20039976892
120332.46409222187
120310.15630974442
120310.2140713044
120297.90566003669
120297.90566003669
120298.09868714871
120298.09868714871
120297.86853526921
120297.86853526921
120297.86853526921
120297.82377257585
120298.55307467065
120241.39757265197
120241.38964534312
120241.38964534312
120232.38954893564
120227.09625919553
120227.09625919553
120226.39736636291
120226.39736636291
120226.30301111101
120226.33960480292
120227.13547017217
120227.19323173215
120220.14183179277
120216.3588931498
120204.7461930065
120204.7461930065
120187.56185875664
120185.51444317194
120184.30477218892
120184.58394169438
120164.92250061527
120150.68281269533
120138.8879974757
120109.86192597133
120109.86192597133
120104.37398123476
120099.85484767798
120095.3769969552
120094.38027514087
120094.38027514087
120094.38027514087
120094.42503783421
120094.42503783421
120084.23846912713
120060.25376452968
120060.25376452968
120060.07910764066
120024.84282662804
120024.84282662804
120025.03585374006
120025.09361530005
120025.09361530005
120025.09361530005
120009.3717391796
120009.3717391796
120009.3717391796
120009.3717391796
120009.3717391796
120003.2275749796
120004.14820513687
120004.14820513687
120004.14820513687
120003.22417292383
119992.70763781777
119994.57027095162
119994.52550825826
119994.52550825826
119994.52550825826
119961.26758179217
119961.26758179217
119960.16436228398
119960.16436228398
119960.16436228398
119959.93505121092
119959.93505121092
119949.68163596049
119949.68163596049
119949.68163596049
119949.68163596049
119907.96860627852
119907.96860627852
119887.75716447875
119890.28894694227
119859.6375139113
119797.16411134155
119797.16411134155
119797.16411134155
119773.00357582886
119763.92163081201
119763.92163081201
119763.92163081201
119763.92163081201
119730.64250176468
119730.64250176468
119730.64250176468
119703.03151111856
119703.03151111856
119701.02629987191
119698.92182870234
119698.40504156098
119648.44161178208
119644.60727163019
119644.60727163019
119644.60727163019
119644.60727163019
119644.60727163019
119644.60727163019
119644.60727163019
119644.60727163019
119606.50326843948
119607.77512821108
119607.54698945963
119607.54698945963
119592.2928696633
119592.2928696633
119577.51181759953
119577.38799592838
119577.38799592838
119577.38799592838
119577.38799592838
119577.38799592838
119577.38799592838
119578.67268391565
119578.67268391565
119578.67268391565
119578.67268391565
119559.44539631269
119559.44539631269
119560.03454396735
119560.03454396735
119560.08481341982
119558.6477620902
119558.6477620902
119558.6477620902
119559.01589141032
119559.01589141032
119548.60741194556
119545.14538034625
119545.14538034625
119545.14538034625
119545.14538034625
119538.25228337679
119538.25228337679
119536.54317899313
119519.23172196475
119519.32608772212
119499.66558058912
119499.66558058912
119495.6708179161
119495.6708179161
119495.6708179161
119495.6708179161
119495.6708179161
119490.32505399582
119490.32505399582
119490.32505399582
119490.32505399582
119490.32505399582
119490.32505399582
119490.32505399582
119490.32505399582
119490.32505399582
119489.58541125756
119489.58541125756
119459.67267058045
119459.67267058045
119440.323425273
119406.16437206867
119406.16437206867
119406.10661050868
119381.45655627604
119381.45655627604
119381.45655627604
119371.63095849883
119371.63095849883
119366.2170509847
119249.0317764692
119244.36836969317
119244.42613125316
119239.00346157912
119229.21822636177
119229.21822636177
119229.21822636177
119229.21822636177
119229.21822636177
119210.94466699124
119210.94466699124
119165.78739645
119163.6926233506
119163.6926233506
119152.26192265179
119152.26192265179
119152.26192265179
119152.26192265179
119146.65366315996
119146.65366315996
119146.65366315996
119124.47615426322
119124.47615426322
119126.88938562165
119126.88938562165
119128.7757013375
119127.50384156588
119127.50384156588
119127.50384156588
119127.50384156588
119127.50384156588
119130.10900716468
119130.10900716468
119115.96704606322
119115.96704606322
119115.96704606322
119115.96704606322
119116.89107827625
119116.89107827625
119117.19500198064
119117.19500198064
119117.19500198064
119103.4303342577
119103.4303342577
119103.4303342577
119103.89542466548
119103.89542466548
119103.89542466548
119102.91363089244
119105.35677297779
119105.35677297779
119105.35677297779
119105.35677297779
119105.70460053635
119105.70460053635
119105.70460053635
119105.70460053635
119105.70460053635
119105.70460053635
119043.85802144154
119043.85802144154
119043.10355836304
119043.10355836304
119040.44063120424
119040.09280364568
119039.65408543264
119039.65408543264
118985.81291912275
118985.81291912275
118948.0443120754
118948.0443120754
118948.0443120754
118939.3986682806
118939.3986682806
118938.93357787284
118938.93357787284
118937.48754456831
118937.48754456831
118938.48426638264
118938.54202794263
118938.54202794263
118938.54202794263
118938.54202794263
118938.54202794263
118938.54202794263
118940.24119908451
118940.24119908451
118940.24119908451
118940.59806655711
118940.59806655711
118940.59806655711
118941.39422372339
118941.39422372339
118941.3364621634
118940.97959469081
118940.97959469081
118938.16190911908
118938.16190911908
118939.12794119987
118938.86537282035
118935.6857298472
118935.22063943942
118922.68081572106
118922.68081572106
118922.68081572106
118922.73857728105
118922.73857728105
118921.31320499173
118923.82367650047
118918.73732721366
118918.73732721366
118915.51293374339
118915.51293374339
118915.97802415115
118914.85789975201
118914.85789975201
118910.18732175545
118910.18732175545
118910.18732175545
118910.26263179193
118910.26263179193
118910.79379593523
118907.25790867742
118907.25790867742
118893.64363438
118892.67760229923
118892.67760229923
118892.73536385919
118889.0695883641
118887.83225434547
118889.09021358029
118889.09021358029
118889.09021358029
118889.0324520203
118889.0324520203
118889.0324520203
118829.25275332993
118819.08132762239
118819.0235660624
118819.0235660624
118819.0235660624
118819.0235660624
118819.0235660624
118819.0235660624
118819.0235660624
118819.0235660624
118819.0235660624
118819.0235660624
118819.0235660624
118819.0235660624
118819.0235660624
118820.2834951198
118812.0934893551
118812.0934893551
118812.0934893551
118812.0934893551
118802.6747614681
118802.6747614681
118802.6747614681
118802.57311378597
118802.57311378597
118797.60753919723
118797.65142531936
118797.70918687937
118797.70918687937
118797.70918687937
118797.70918687937
118797.46302473496
118797.46302473496
118797.40526317497
118797.40526317497
118797.40526317497
118797.40526317497
118798.9978131009
118798.9978131009
118798.89559359463
118798.89559359463
118797.8988717803
118797.8988717803
118797.8988717803
118797.8988717803
118797.8988717803
118796.6389427229
118797.66497596473
118797.66497596473
118783.66877320613
118783.72653476612
118783.97269691052
118707.83729900444
118707.83729900444
118707.83729900444
118707.77953744445
118676.01898089254
118676.01898089254
118676.05570002896
118676.05570002896
118676.05570002896
118676.41256750157
118676.41256750157
118676.41256750157
118676.05570002896
118676.05570002896
118675.86729944457
118675.86729944457
118675.86729944457
118675.80953788456
118675.80953788456
118675.80953788456
118675.80953788456
118675.461710326
118675.461710326
118675.28924297579
118671.52627535845
118670.1967469735
118670.1967469735
118670.1967469735
118670.1967469735
118670.1967469735
118654.63245304927
118654.63245304927
118654.63245304927
118654.63245304927
118654.63245304927
118619.3704234928
118619.3704234928
118619.3704234928
118619.42818505279
118619.42818505279
118619.6743471972
118619.6743471972
118619.6743471972
118619.6743471972
118619.6743471972
118619.6743471972
118619.6743471972
118619.6743471972
118621.12239088646
118622.11911270078
118622.11911270078
118621.09307945897
118621.09307945897
118621.09307945897
118621.09307945897
118621.09307945897
118621.09307945897
118621.95085265714
118621.95085265714
118621.95085265714
118621.95085265714
118611.72333136533
118611.72333136533
118606.66515874046
118606.66515874046
118606.66515874046
118606.66515874046
118606.66515874046
118606.66515874046
118606.66515874046
118606.66515874046
118606.66515874046
118608.2179688965
118608.2179688965
118608.2179688965
118608.2179688965
118539.49929626466
118539.49929626466
118540.33321497813
118540.33321497813
118540.33321497813
118540.33321497813
118540.33321497813
118539.47544177994
118539.47544177994
118539.47544177994
118539.47544177994
118539.47544177994
118538.64152306647
118538.64152306647
118540.20369711953
118539.95753497514
118539.95753497514
118539.95753497514
118539.95753497514
118539.95753497514
118539.95753497514
118539.95753497514
118539.95753497514
118539.95753497514
118539.89977341515
118539.89977341515
118539.89977341515
118540.16533212169
118540.16533212169
118542.4256817628
118542.4256817628
118542.4256817628
118542.4256817628
118542.4256817628
118542.4256817628
118542.4256817628
118543.3917138436
118543.3917138436
118536.24159398896
118536.18383242897
118536.18383242897
118536.18383242897
118530.52373707702
118530.52373707702
118530.52373707702
118528.32114899586
118528.32114899586
118528.32114899586
118528.32114899586
118526.56457831376
118526.62233987375
118526.62233987375
118526.62233987375
118526.30839286697
118527.07716230582
118527.07716230582
118527.93493550402
118528.18109764843
118528.18109764843
118532.04557024434
118531.27680080548
118531.27680080548
118531.62462836404
118530.65859628326
118526.79412368733
118526.79412368733
118526.79412368733
118526.79412368733
118528.57099053953
118528.92785801213
118528.92785801213
118528.92785801213
118528.92785801213
118529.8422599101
118529.03519428821
118528.4749367075
118528.4749367075
118528.4749367075
118528.4749367075
118528.4749367075
118528.4749367075
118528.4749367075
118528.4749367075
118528.4749367075
118529.44096878829
118529.44096878829
118529.44096878829
118529.44096878829
118529.44096878829
118531.36396692068
118514.56457792838
118514.56457792838
118509.56913524967
118509.56913524967
118509.56913524967
118509.56913524967
118509.56913524967
118509.56913524967
118505.06731865743
118505.06731865743
118505.00955709745
118506.93900506553
118506.93900506553
118506.93900506553
118506.93900506553
118506.99676662551
118506.99676662551
118506.99676662551
118506.99676662551
118506.99676662551
118506.99676662551
118503.35485472466
118499.99169923223
118499.99169923223
118499.99169923223
118500.07341179019
118500.13117335018
118500.13117335018
118500.13117335018
118498.1806807481
118498.1806807481
118498.1806807481
118498.87210839796
118498.87210839796
118498.87210839796
118498.87210839796
118498.87210839796
118498.87210839796
118498.87210839796
118498.87210839796
118498.81434683797
118498.81434683797
118498.81434683797
118497.1171333187
118497.1171333187
118497.1171333187
118497.1171333187
118497.1171333187
118500.00997517497
118499.31854752511
118498.92468306901
118498.92468306901
118498.92468306901
118499.48494064971
118499.48494064971
118499.48494064971
118499.48494064971
118499.48494064971
118499.48494064971
118501.4489638624
118501.4489638624
118501.10090333628
118501.10090333628
118501.10090333628
118501.10090333628
118473.20897222348
118473.20897222348
118473.20897222348
118473.20897222348
118473.20897222348
118473.20897222348
118472.89502521671
118472.89502521671
118472.89502521671
118472.89502521671
118472.89502521671
118472.89502521671
118472.89502521671
118472.89502521671
118472.334767636
118472.334767636
118472.68282816214
118472.68282816214
118472.33476763603
118472.33476763603
118472.33476763603
118472.33476763603
118472.89502521673
118471.98062331876
118469.49360354856
118468.93334596785
118468.93334596785
118468.93334596785
118468.93334596785
118468.93334596785
118468.93334596785
118468.93334596785
118468.93334596785
118468.93334596785
118468.93334596785
118468.87558440786
118468.87558440786
118468.87558440786
118468.87558440786
118470.13551346527
118470.13551346527
118470.13551346527
118470.13551346527
118470.13551346527
118470.13551346527
118468.29183203282
118468.29183203282
118468.29183203282
118467.29511021849
118467.29511021849
118467.85536779919
118467.85536779919
118465.76149542516
118465.76149542516
118465.76149542516
118465.76149542516
118465.76149542516
118465.76149542516
118465.76149542516
118465.76149542516
118466.75821723949
118466.75821723949
118466.81597879951
118465.12008312889
118466.17045473041
118466.1126931704
118466.1126931704
118466.1126931704
118465.61019714971
118465.61019714971
118465.61019714971
118465.55243558969
118465.55243558969
118465.55243558969
118444.48354372673
118445.04380130743
118445.04380130743
118445.04380130743
118445.04380130743
118445.04380130743
118445.04380130743
118444.0470794931
118444.0470794931
118444.81624367842
118444.81624367842
118444.87400523841
118444.87400523841
118444.87400523841
118444.81624367842
118444.81624367842
118444.81624367842
118444.81624367842
118444.81624367842
118444.81624367842
118444.87400523844
118442.34972444503
118442.90998202574
118442.90998202574
118442.90998202574
118442.90998202574
118442.90998202574
118442.90998202574
118442.90998202574
118442.90998202574
118442.85222046573
118441.59229140833
118441.59229140833
118441.59229140833
118441.59229140833
118441.65005296834
118441.65005296834
118441.65005296834
118441.65005296834
118441.65005296834
118441.59229140833
118441.59229140833
118441.59229140833
118441.59229140833
118443.03832471286
118443.03832471286
118442.38036448244
118442.84545489021
118437.64734772111
118437.64734772111
118437.64734772111
118437.64734772111
118437.64734772111
118437.64734772111
118440.30019239822
118440.30019239822
118440.30019239822
118440.99162004808
118441.04938160807
118440.1349797101
118440.1349797101
118439.44355206024
118441.40757527293
118441.40757527293
118441.40757527293
118441.34981371296
118441.34981371296
118441.34981371296
118441.34981371296
118441.34981371296
118441.34981371296
118441.34981371296
118441.34981371296
118441.34981371296
118441.34981371296
118441.34981371296
118441.34981371296
118441.40757527293
118440.78955613225
118438.36898643422
118438.36898643422
118438.36898643422
118438.36898643422
118438.4267479942
118438.4267479942
118438.4267479942
118436.46272478152
118436.46272478152
118436.46272478152
118436.40496322152
118436.40496322152
118436.40496322152
118436.46272478151
118436.46272478151
118436.46272478151
118434.78653004178
118434.78653004178
118437.1997614002
118434.54691672309
118434.54691672309
118434.54691672309
118434.54691672309
118434.54691672309
118434.54691672309
118434.54691672309
118434.54691672309
118435.64432193119
118435.64432193119
118436.74198010137
118436.74198010137
118436.74198010137
118436.74198010137
118436.74198010137
118436.74198010137
118436.74198010137
118436.74198010137
118436.79974166135
118436.79974166135
118436.79974166135
118436.79974166135
118436.79974166135
118436.79974166135
118436.79974166135
118436.79974166135
118436.74198010137
118436.74198010136
118436.74198010136
118436.74198010136
118436.74198010136
118436.74198010136
118436.74198010136
118436.74198010136
118436.74198010136
118436.74198010136
118436.74198010136
118436.74198010136
118434.62270103108
118434.62270103108
118434.62270103108
118434.62270103108
118434.62270103108
118435.18295861178
118435.18295861178
118438.0786255681
118440.77649381364
118440.77649381364
118440.77649381364
118440.77649381364
118440.77649381364
118440.77649381364
118439.77977199931
118439.77977199931
118439.77977199931
118439.77977199931
118439.77977199931
118439.77977199931
118439.08834434944
118439.08834434944
118439.14610590946
118439.14610590946
118439.14610590946
118436.39047610393
118436.39047610393
118436.39047610393
118436.39047610393
118436.39047610393
118436.39047610393
118416.59824640916
118415.55834979899
118415.55834979899
118386.16052943446
118386.16052943446
118386.16052943446
118386.16052943446
118386.10276787446
118386.16052943446
118386.16052943446
118386.16052943446
118386.16052943446
118386.16052943446
118386.16052943446
118386.16052943446
118386.16052943446
118387.25818760463
118387.25818760463
118387.25818760463
118387.25818760463
118387.25818760463
118387.25818760463
118387.25818760463
118387.25818760463
118387.25818760463
118387.25818760463
118387.25818760463
118387.25818760463
118387.25818760463
118387.25818760463
118387.25818760463
118387.25818760463
118387.25818760463
118384.78719468621
118384.78719468621
118384.78719468621
118384.78719468621
118384.78719468621
118384.78719468621
118384.78719468621
118384.78719468621
118385.78391650054
118385.78391650054
118384.78719468621
118384.78719468621
118384.78719468621
118384.78719468621
118384.78719468621
118384.78719468621
118384.78719468621
118384.78719468621
118384.78719468621
118384.78719468621
118384.78719468621
118384.78719468621
118384.78719468621
118384.78719468621
118384.78719468621
118384.78719468621
118384.8449562462
118384.8449562462
118383.74729807602
118383.74729807602
118383.74729807602
118385.30947212908
118385.30947212908
118385.30947212908
118385.30947212908
118385.30947212908
118384.74401989035
118384.74401989035
118387.6763786254
118387.6763786254
118387.6763786254
118387.6763786254
118387.6763786254
118387.6763786254
118387.6763786254
118387.6763786254
118387.6763786254
118389.6404018381
118389.6404018381
118389.6404018381
118389.5826402781
118389.5826402781
118393.85062923667
118393.85062923667
118393.85062923667
118393.85062923667
118393.85062923667
118393.85062923667
118393.85062923667
118393.85062923667
118393.85062923667
118393.85062923667
118393.85062923667
118393.85062923667
118395.53771288058
118395.53771288058
118396.63537105077
118396.63537105077
118396.63537105077
118396.63537105077
118395.30013291663
118395.30013291663
118395.30013291663
118395.30013291663
118395.30013291663
118392.36777418158
118392.36777418158
118392.36777418158
118392.36777418158
118392.36777418158
118392.36777418158
118392.36777418158
118392.42553574158
118393.33865640563
118393.33865640563
118393.33865640563
118393.33865640563
118391.13441709918
118391.13441709918
118391.13441709918
118391.13441709918
118391.13441709918
118394.56702985513
118394.56702985513
118395.63713900973
118395.63713900973
118395.57937744974
118395.57937744974
118395.57937744974
118395.57937744974
118395.57937744974
118391.56739746418
118391.56739746418
118391.56739746418
118390.55504986958
118390.55504986958
118390.55504986958
118390.55504986958
118390.55504986958
118390.55504986958
118390.55504986958
118390.49728830958
118390.49728830958
118390.49728830958
118390.49728830958
118390.49728830958
118390.55504986955
118390.49728830958
118390.55504986957
118390.55504986957
118390.55504986957
118390.55504986957
118388.86796622565
118388.86796622565
118388.86796622565
118388.86796622565
118388.86796622565
118388.86796622565
118388.86796622565
118388.86796622565
118388.86796622565
118388.86796622565
118388.86796622565
118388.86796622565
118388.86796622565
118387.87124441132
118387.87124441132
118387.87124441132
118387.87124441132
118387.87124441132
118387.87124441132
118387.81348285134
118387.87124441132
118387.87124441132
118387.87124441132
118387.87124441132
118387.87124441132
118387.87124441132
118387.87124441132
118387.87124441132
118387.87124441132
118387.87124441132
118387.87124441132
118387.87124441132
118387.87124441132
118387.87124441132
118387.87124441132
118387.87124441132
118387.87124441132
118387.81348285133
118387.81348285133
118382.52611249524
118382.52611249524
118381.42845432505
118381.42845432505
118381.42845432505
118381.42845432505
118381.42845432505
118381.42845432505
118381.42845432505
118381.42845432505
118382.42517613938
118383.55700588058
118383.55700588058
118383.61476744057
118383.61476744057
118383.61476744057
118383.61476744057
118381.20153608212
118381.20153608212
118381.14377452215
118381.14377452215
118381.14377452215
118381.14377452215
118380.14705270782
118380.14705270782
118380.14705270782
118380.14705270782
118380.14705270782
118380.14705270782
118381.244710878
118381.244710878
118381.244710878
118381.244710878
118381.244710878
118381.244710878
118381.244710878
118381.244710878
118381.244710878
118381.244710878
118381.244710878
118383.03735130836
118383.03735130836
118383.03735130836
118383.03735130836
118383.09511286835
118383.09511286835
118383.09511286835
118383.09511286835
118383.09511286835
118383.09511286835
118383.09511286835
118381.95555627934
118381.95555627934
118381.95555627934
118381.95555627934
118381.89779471935
118381.89779471935
118381.89779471935
118381.89779471935
118381.89779471935
118380.88039587281
118380.9381574328
118380.93815743283
118380.93815743283
118380.93815743283
118380.93815743283
118380.93815743283
118380.93815743283
118380.93815743283
118381.93487924716
118381.93487924716
118381.93487924716
118381.93487924716
118382.13828764009
118382.13828764009
118382.13828764009
118382.13828764009
118380.58130824506
118380.58130824506
118380.58130824506
118380.58130824506
118379.24607011092
118379.24607011092
118379.24607011092
118379.24607011094
118379.24607011094
118379.24607011094
118379.24607011094
118379.24607011094
118379.24607011094
118379.24607011094
118379.24607011094
118379.24607011094
118380.24279192527
118380.24279192527
118380.24279192527
118380.24279192527
118380.24279192527
118380.24279192527
118380.24279192527
118380.24279192527
118380.24279192527
118380.18503036525
118380.18503036525
118380.18503036525
118380.18503036525
118380.18503036525
118380.18503036525
118380.18503036525
118382.59826172367
118382.59826172367
118381.60153990934
118381.60153990934
118381.60153990934
118381.60153990934
118381.60153990934
118382.29296755922
118382.29296755922
118382.29296755922
118383.22403031154
118383.22403031154
118383.78428789225
118383.78428789225
118383.78428789225
118383.78428789225
118382.96915096935
118382.96915096935
118382.96915096935
118382.96915096935
118382.96915096935
118382.96915096935
118382.96915096935
118382.96915096935
118382.96915096935
118382.96915096935
118382.96915096935
118382.96915096935
118382.96915096935
118382.96915096935
118382.96915096935
118382.40889338864
118384.25257482109
118384.25257482109
118384.25257482109
118384.25257482109
118384.25257482109
118384.25257482109
118384.25257482109
118384.25257482109
118385.93965846501
118385.93965846501
118385.93965846501
118385.93965846501
118385.24823081517
118385.24823081514
118385.24823081514
118385.24823081514
118385.24823081514
118385.04482242219
118385.04482242219
118385.04482242219
118385.04482242219
118385.1025839822
118385.1025839822
118385.1025839822
118383.46231094268
118383.46231094268
118383.46231094268
118383.46231094268
118383.46231094268
118383.46231094268
118383.46231094268
118383.46231094268
118383.46231094268
118383.46231094268
118383.46231094268
118383.46231094268
118383.46231094268
118383.4045493827
118383.4045493827
118383.4045493827
118383.4045493827
118383.4045493827
118381.04907958425
118381.04907958425
118381.04907958425
118381.04907958425
118381.04907958425
118381.04907958425
118381.04907958425
118381.04907958425
118379.36199594033
118379.36199594033
118379.36199594033
118379.36199594033
118379.36199594033
118379.36199594033
118379.36199594033
118380.41482056382
118380.41482056382
118379.36199594033
118379.36199594033
118379.36199594033
118379.36199594033
118379.36199594033
118379.36199594033
118379.36199594033
118379.36199594033
118379.36199594033
118379.36199594033
118379.36199594033
118379.36199594033
118379.30423438034
118379.30423438034
118379.30423438034
118379.30423438034
118379.30423438034
118379.30423438034
118380.30095619467
118380.30095619467
118380.30095619467
118380.30095619467
118380.30095619467
118380.30095619467
118380.30095619467
118381.6361943288
118381.6361943288
118381.43278593586
118381.43278593586
118381.43278593586
118381.43278593586
118381.43278593586
118381.43278593586
118381.43278593586
118383.8460172943
118383.8460172943
118383.8460172943
118383.8460172943
118383.8460172943
118383.8460172943
118383.8460172943
118383.8460172943
118383.8460172943
118383.8460172943
118383.8460172943
118383.8460172943
118383.8460172943
118384.53744494416
118384.53744494416
118385.45184684212
118385.45184684212
118386.22101102743
118389.0008705901
118388.08646869211
118388.08646869211
118387.37506606679
118387.37506606679
118387.37506606679
118387.37506606679
118386.03982793266
118386.03982793266
118386.03982793266
118386.03982793266
118386.03982793266
118386.03982793266
118386.03982793266
118386.03982793266
118386.03982793266
118386.03982793266
118386.24323632562
118386.24323632562
118386.24323632562
118387.01240051092
118387.01240051092
118387.01240051092
118387.01240051092
118387.01240051092
118386.95463895093
118386.95463895093
118386.95463895093
118386.95463895093
118386.75123055799
118386.75123055799
118386.75123055799
118386.75123055799
118386.75123055799
118386.75123055799
118386.80899211799
118386.80899211799
118386.80899211799
118386.80899211799
118386.80899211799
118386.80899211799
118386.80899211799
118386.80899211799
118386.75123055797
118386.75123055797
118386.75123055797
118386.05980290812
118386.05980290812
118383.27994334546
118383.27994334546
118383.27994334546
118383.27994334546
118383.27994334546
118383.27994334546
118383.27994334546
118383.33770490547
118383.33770490547
118383.33770490547
118383.33770490547
118383.33770490547
118383.33770490547
118383.33770490547
118383.33770490547
118383.33770490547
118383.33770490547
118383.33770490547
118383.33770490547
118383.33770490547
118383.33770490547
118383.33770490547
118383.33770490547
118383.33770490547
118380.92447354703
118380.86671198704
118380.92447354703
118380.15530936173
118380.15530936173
118380.15530936173
118380.15530936173
118380.15530936173
118380.15530936173
118380.15530936173
118380.15530936173
118380.15530936173
118380.15530936173
118380.15530936173
118380.15530936173
118379.1585875474
118379.1585875474
118379.1585875474
118379.1585875474
118379.1585875474
118379.1585875474
118379.1585875474
118379.85001519725
118379.85001519725
118379.85001519725
118379.85001519725
118379.85001519725
118379.85001519725
118379.79225363725
118379.10082598739
118380.79672165803
118380.79672165803
118380.79672165803
118380.79672165803
118380.79672165803
118380.79672165803
118379.10082598739
118379.10082598739
118379.10082598739
118379.10082598739
118379.10082598739
118379.10082598739
118379.10082598739
118379.10082598739
118379.10082598739
118379.15858754737
118379.15858754737
118379.15858754737
118379.15858754737
118379.15858754737
118382.3782221493
118382.3782221493
118382.48118815
118382.48118815
118382.48118815
118382.48118815
118382.48118815
118382.48118815
118382.48118815
118382.48118815
118382.48118815
118382.48118815
118382.48118815
118385.3999527229
118385.3999527229
118385.3999527229
118385.3999527229
118385.3999527229
118385.3999527229
118385.3999527229
118385.3999527229
118385.3999527229
118385.34219116291
118385.34219116291
118385.34219116291
118385.34219116291
118385.34219116291
118385.34219116291
118385.34219116291
118386.60212022031
118386.49915421961
118386.49915421961
118386.49915421961
118386.49915421961
118383.58038964673
118384.24088614763
118381.0212515457
118381.0212515457
118381.0212515457
118381.0212515457
118381.0212515457
118381.0212515457
118381.0212515457
118381.0212515457
118381.0212515457
118381.07901310569
118381.77044075556
118381.77044075556
118381.77044075556
118381.77044075556
118381.77044075556
118381.77044075556
118382.33069833624
118381.77044075556
118381.77044075556
118381.77044075556
118381.77044075556
118381.97384914849
118381.97384914849
118381.97384914849
118381.97384914849
118381.97384914849
118381.97384914849
118381.28242149865
118381.28242149865
118381.28242149865
118381.28242149865
118381.28242149865
118381.28242149865
118381.28242149865
118381.28242149865
118381.28242149865
118381.28242149865
118381.28242149865
118381.28242149865
118381.28242149865
118381.28242149865
118381.28242149865
118381.22465993864
118381.22465993864
118381.22465993864
118381.22465993864
118381.0212515457
118381.0212515457
118381.0212515457
118381.0212515457
118381.07901310569
118381.07901310569
118381.07901310569
118381.07901310569
118381.07901310569
118381.07901310569
118382.07573492001
118382.07573492001
118382.01797336002
118382.01797336002
118382.01797336002
118382.01797336002
118382.01797336002
118382.01797336002
118382.01797336002
118385.60212370091
118385.60212370091
118385.60212370091
118385.60212370091
118385.60212370091
118385.60212370091
118385.65988526089
118385.60212370091
118385.60212370091
118385.60212370091
118385.65988526089
118385.65988526089
118385.65988526089
118385.65988526089
118385.60212370093
118385.60212370093
118385.60212370093
118385.60212370093
118385.60212370093
118384.94162720002
118384.94162720002
118385.14503559296
118385.14503559296
118385.14503559296
118385.14503559296
118385.14503559296
118384.14831377863
118384.14831377863
118385.14503559296
118385.14503559296
118385.14503559296
118385.14503559296
118385.14503559296
118387.1901376722
118387.1901376722
118387.1901376722
118387.1901376722
118387.24789923217
118387.54259810633
118387.54259810633
118388.31176229166
118388.31176229166
118387.75150471096
118387.61861335047
118387.61861335047
118387.4152049575
118387.4152049575
118384.17174312368
118384.17174312368
118384.17174312368
118384.22950468367
118382.61107150392
118384.5652219084
118384.5652219084
118384.5652219084
118384.5652219084
118384.5652219084
118384.5652219084
118384.5652219084
118384.5652219084
118382.52011982916
118382.52011982916
118384.08229388224
118384.08229388224
118384.08229388224
118383.00713347574
118383.00713347574
118383.00713347574
118383.06489503573
118383.00713347574
118383.00713347574
118383.00713347574
118383.9215353737
118383.9215353737
118383.9215353737
118383.9215353737
118383.9215353737
118384.69795770402
118384.69795770402
118384.69795770402
118384.69795770402
118383.9215353737
118383.9215353737
118383.00713347572
118383.00713347572
118383.00713347572
118383.00713347572
118383.06489503573
118383.06489503573
118383.06489503573
118383.06489503573
118383.06489503573
118383.06489503573
118383.06489503573
118382.0681732214
118382.0681732214
118382.0681732214
118382.0681732214
118382.0681732214
118382.0681732214
118382.0681732214
118382.0681732214
118382.0681732214
118382.0681732214
118382.0681732214
118382.0681732214
118382.0681732214
118382.0681732214
118380.50599916834
118380.50599916834
118380.50599916834
118380.30259077539
118380.30259077539
118380.50599916834
118380.50599916834
118380.50599916834
118380.50599916834
118380.50599916834
118380.50599916834
118380.50599916834
118380.50599916834
118380.50599916834
118380.50599916834
118380.50599916834
118381.28242149866
118381.28242149866
118381.28242149866
118381.28242149866
118381.28242149866
118381.28242149866
118383.39895963346
118383.39895963346
118382.73846313255
118382.73846313255
118382.73846313255
118382.73846313255
118382.53505473961
118382.53505473961
118382.53505473961
118382.53505473961
118382.53505473961
118382.53505473961
118382.4772931796
118382.4772931796
118382.4772931796
118382.4772931796
118382.4772931796
118382.4772931796
118380.36075504479
118380.36075504479
118380.36075504479
118380.36075504479
118380.36075504479
118380.36075504479
118379.1008259874
118379.1008259874
118379.1008259874
118379.1008259874
118379.1008259874
118379.1008259874
118379.1008259874
118379.1008259874
118379.1008259874
118379.1008259874
118379.1008259874
118379.91596291031
118379.91596291031
118379.91596291031
118380.11937130324
118380.11937130324
118380.11937130324
118380.11937130324
118380.11937130324
118380.11937130324
118380.11937130324
118383.01221315953
118382.67826717063
118381.74720441832
118381.74720441832
118380.18503036525
118380.18503036525
118380.18503036525
118380.18503036525
118380.18503036525
118380.18503036525
118380.24279192527
118380.24279192527
118380.18503036528
118380.18503036528
118380.18503036528
118380.18503036528
118380.18503036528
118380.18503036528
118380.18503036528
118380.18503036528
118380.18503036528
118380.18503036528
118380.18503036528
118380.18503036528
118380.18503036528
118380.87645801512
118380.93421957511
118380.93421957511
118380.93421957511
118380.93421957511
118380.93421957511
118380.93421957511
118380.93421957511
118380.93421957511
118380.93421957511
118380.93421957511
118380.24279192527
118380.18503036526
118380.18503036526
118380.18503036526
118380.18503036526
118380.18503036526
118380.18503036526
118380.24279192524
118380.18503036525
118380.18503036525
118380.18503036525
118380.18503036525
118380.18503036525
118380.18503036525
118380.18503036525
118380.18503036525
118380.24279192525
118380.24279192525
118380.24279192525
118380.24279192525
118380.24279192525
118380.24279192525
118380.24279192525
118380.24279192525
118380.24279192525
118380.24279192525
118380.24279192525
118380.24279192525
118380.24279192525
118380.24279192525
118380.24279192525
118380.24279192525
118380.18503036525
118380.18503036525
118380.18503036525
118380.18503036525
118380.18503036525
118380.18503036525
118379.9816219723
118380.03938353229
118380.03938353229
118380.03938353229
118380.03938353229
118380.03938353229
118380.03938353229
118380.03938353229
118380.03938353229
118380.03938353229
118380.03938353229
118382.45819792335
118382.45819792335
118382.45819792335
118384.14528156725
118383.23087966928
118383.23087966928
118381.66870561622
118381.66870561622
118380.81580586261
118380.81580586261
118380.81580586261
118380.81580586261
118380.81580586261
118380.81580586261
118380.81580586261
118384.39995620349
118384.39995620349
118384.39995620349
118385.31435810146
118385.31435810146
118385.31435810146
118385.51776649442
118385.51776649442
118385.51776649442
118384.60336459643
118384.60336459643
118384.60336459643
118384.60336459643
118384.60336459643
118383.82694226611
118383.82694226611
118383.82694226611
118383.82694226611
118383.82694226611
118382.8302204518
118382.8302204518
118382.8302204518
118382.8302204518
118382.8302204518
118382.8302204518
118383.7612832041
118382.8302204518
118383.60664278212
118383.60664278212
118383.60664278212
118383.60664278212
118383.60664278212
118383.60664278212
118383.60664278212
118383.54888122213
118383.54888122213
118383.54888122213
118383.60664278212
118383.60664278212
118380.02249244125
118380.02249244125
118380.02249244125
118380.02249244125
118380.02249244125
118380.02249244125
118380.02249244125
118379.96473088126
118379.96473088126
118380.02249244126
118380.02249244126
118380.02249244126
118380.02249244126
118380.02249244126
118380.02249244126
118380.02249244126
118380.02249244126
118380.02249244126
118380.02249244126
118380.02249244126
118380.02249244126
118380.02249244126
118380.02249244126
118380.02249244126
118380.02249244126
118380.02249244126
118379.81908404831
118379.81908404831
118379.76132248831
118379.76132248831
118379.76132248831
118379.76132248831
118379.76132248831
118379.76132248831
118379.76132248831
118379.76132248831
118379.76132248831
118379.1008259874
118379.1008259874
118379.1008259874
118379.1585875474
118382.3279503057
118360.2883914875
118360.23062992751
118360.23062992751
118360.23062992751
118360.43403832047
118360.43403832047
118354.29177578544
118353.33186092123
118353.33186092123
118353.33186092123
118353.33186092123
118356.1600230455
118356.1600230455
118357.15370785314
118356.1600230455
118356.1600230455
118356.1600230455
118271.04652789564
118271.04652789564
118271.04652789564
118271.04652789564
118271.04652789564
118271.04652789564
118271.04652789564
118271.04652789564
118271.04652789564
118271.04652789564
118271.04652789564
118271.92916673936
118273.49134079242
118273.49134079242
118273.49134079242
118273.49134079242
118272.86962942698
118272.66622103404
118271.78358219031
118271.78358219031
118271.78358219031
118271.78358219031
118270.22140813724
118270.22140813724
118270.22140813724
118270.22140813724
118270.22140813724
118270.22140813724
118270.22140813724
118270.22140813724
118270.22140813724
118270.22140813724
118270.22140813724
118270.22140813724
118270.22140813724
118270.22140813724
118270.22140813724
118270.22140813724
118270.22140813724
118270.22140813724
118270.22140813724
118270.22140813724
118270.22140813724
118270.22140813724
118270.22140813724
118271.91730380786
118272.12071220082
118272.12071220082
118272.12071220082
118272.12071220082
118272.12071220082
118272.12071220082
118272.12071220082
118272.12071220082
118272.12071220082
118272.12071220082
118272.12071220082
118272.12071220082
118274.49922012044
118273.6658879728
118273.6658879728
118273.6658879728
118274.49922012043
118272.12071220082
118272.12071220082
118272.12071220082
118272.12071220082
118272.12071220082
118272.12071220082
118272.12071220082
118272.12071220082
118272.12071220082
118272.12071220082
118272.12071220082
118272.12071220082
118272.12071220082
118272.12071220082
118272.12071220082
118272.12071220082
118272.12071220082
118273.00335104455
118273.6513097969
118273.6513097969
118273.6513097969
118273.6513097969
118273.6513097969
118273.6513097969
118273.6513097969
118273.6513097969
118273.6513097969
118273.6513097969
118273.6513097969
118273.6513097969
118273.6513097969
118273.6513097969
118276.84231516728
118276.84231516728
118276.84231516728
118276.84231516728
118276.40634855405
118276.40634855405
118276.40634855405
118276.40634855405
118276.40634855405
118276.40634855405
118278.17655438744
118278.17655438744
118278.06247141687
118278.06247141687
118278.06247141687
118278.06247141687
118278.06247141687
118275.85823211042
118275.85823211042
118275.85823211042
118275.85823211042
118275.85823211042
118275.85823211042
118275.85823211042
118275.85823211042
118275.85823211042
118272.66722674004
118272.66722674004
118272.66722674004
118272.66722674004
118272.66722674004
118272.66722674004
118272.66722674004
118272.66722674004
118272.66722674004
118272.66722674004
118272.66722674004
118272.66722674004
118272.66722674004
118272.10696915933
118272.10696915933
118272.10696915933
118272.10696915933
118272.10696915933
118272.10696915933
118272.10696915933
118272.10696915933
118272.10696915933
118272.10696915933
118272.10696915933
118272.10696915933
118273.66914321239
118273.66914321239
118272.78650436865
118271.22433031558
118271.22433031558
118271.22433031558
118271.22433031558
118271.22433031558
118271.22433031558
118271.78458789628
118271.78458789628
118271.78458789628
118271.78458789628
118273.11982603042
118273.11982603042
118273.11982603042
118273.11982603042
118273.11982603042
118273.11982603042
118273.11982603042
118273.11982603042
118273.11982603042
118272.91641763746
118272.91641763746
118272.35616005678
118272.35616005678
118272.35616005678
118272.35616005678
118272.35616005678
118272.35616005678
118273.34984486442
118273.34984486442
118273.34984486442
118273.34984486442
118273.34984486442
118274.96827804417
118274.96827804417
118274.96827804417
118271.91559529754
118271.97335685758
118271.97335685758
118271.97335685758
118271.97335685758
118273.53553091062
118273.53553091062
118273.53553091062
118273.53553091062
118273.53553091062
118273.68117774357
118273.68117774357
118273.68117774357
118273.68117774357
118273.68117774357
118273.68117774357
118270.84152711638
118270.78376555636
118270.78376555636
118270.78376555636
118270.78376555636
118272.22979886088
118270.61136568114
118269.16533237662
118269.16533237662
118269.16533237662
118269.16533237662
118269.16533237662
118269.16533237662
118269.16533237662
118269.16533237662
118270.78376555636
118270.78376555636
118270.78376555636
118270.78376555636
118270.78376555636
118270.78376555636
118272.47084920028
118272.47084920028
118272.5286107603
118272.5286107603
118272.5286107603
118272.5286107603
118272.5286107603
118272.5286107603
118272.5286107603
118272.5286107603
118272.5286107603
118273.52533257462
118273.52533257462
118275.64187070943
118275.64187070943
118275.64187070943
118275.64187070943
118275.64187070943
118275.64187070943
118275.64187070943
118272.9890260323
118277.45806912123
118277.45806912123
118277.45806912123
118277.45806912123
118277.45806912123
118277.45806912123
118277.45806912123
118277.45806912123
118277.45806912123
118277.45806912123
118277.40030756121
118277.40030756121
118277.40030756121
118277.40030756121
118277.40030756121
118277.40030756121
118277.40030756121
118277.40030756121
118277.40030756121
118275.78187438147
118275.78187438147
118275.78187438147
118276.48759469384
118276.48759469384
118276.48759469384
118276.48759469384
118276.48759469384
118276.48759469384
118276.48759469384
118274.80051104992
118274.80051104992
118274.80051104992
118274.80051104992
118274.80051104992
118274.80051104992
118274.80051104992
118274.80051104992
118274.80051104992
118274.80051104992
118274.80051104992
118274.80051104992
118274.80051104992
118274.80051104992
118274.80051104992
118274.80051104992
118274.80051104992
118274.80051104992
118274.80051104992
118274.80051104992
118274.80051104992
118274.80051104992
118274.80051104992
118273.54058199252
118273.54058199252
118273.54058199252
118273.48282043252
118273.48282043252
118273.48282043252
118273.54058199252
118273.54058199252
118273.48282043252
118273.54058199252
118273.54058199252
118273.54058199252
118273.54058199252
118273.48282043252
118273.48282043252
118273.48282043252
118273.48282043252
118273.48282043252
118273.48282043252
118273.54058199252
118273.54058199252
118269.0715389036
118269.0715389036
118269.0137773436
118269.0137773436
118269.0137773436
118269.0137773436
118269.0715389036
118269.01377734359
118269.01377734359
118269.01377734359
118269.01377734359
118269.01377734359
118269.01377734359
118269.01377734359
118269.01377734359
118269.01377734359
118269.0715389036
118269.0715389036
118269.0715389036
118269.0715389036
118269.0715389036
118269.0715389036
118269.0715389036
118269.0715389036
118269.0715389036
118269.0715389036
118269.0715389036
118269.0715389036
118269.0715389036
118269.0715389036
118269.01377734361
118269.01377734361
118269.01377734361
118266.80953803715
118266.80953803715
118266.80953803715
118266.86729959714
118266.86729959714
118265.87057778283
118265.87057778283
118265.87057778283
118265.87057778283
118265.87057778283
118265.87057778283
118265.87057778283
118265.87057778283
118266.86729959714
118266.86729959714
118266.86729959714
118266.86729959714
118266.86729959714
118266.86729959714
118265.87057778283
118265.87057778283
118265.81281622281
118265.81281622281
118265.81281622281
118265.81281622281
118265.81281622281
118265.81281622281
118265.81281622281
118265.81281622281
118265.81281622281
118265.81281622281
118265.81281622281
118265.81281622281
118265.81281622281
118265.81281622281
118265.81281622281
118265.81281622281
118265.81281622281
118265.81281622281
118265.81281622281
118265.81281622281
118265.81281622281
118265.8705777828
118265.8705777828
118265.8705777828
118267.48901096254
118267.48901096254
118267.48901096254
118267.48901096254
118267.48901096254
118267.48901096254
118267.48901096254
118267.48901096254
118267.48901096254
118267.48901096254
118267.48901096254
118267.48901096254
118267.48901096254
118267.48901096254
118265.8705777828
118265.8705777828
118265.8705777828
118265.8705777828
118265.8705777828
118265.8705777828
118265.8705777828
118265.8705777828
118265.81281622281
118266.80953803714
118266.86729959716
118266.86729959716
118266.86729959716
118266.86729959716
118266.80953803714
118266.80953803714
118266.80953803714
118266.80953803714
118266.80953803714
118266.80953803714
118266.80953803714
118266.80953803714
118266.80953803714
118266.80953803714
118266.80953803714
118266.80953803714
118266.80953803714
118269.0121261183
118269.0121261183
118269.0121261183
118269.0121261183
118269.0121261183
118269.0121261183
118269.0121261183
118269.0121261183
118269.0121261183
118269.0121261183
118269.0121261183
118269.0121261183
118268.45186853758
118269.54952670776
118269.54952670776
118269.54952670776
118269.54952670776
118269.54952670776
118269.54952670776
118269.54952670776
118269.54952670776
118270.10978428848
118270.10978428848
118270.10978428848
118270.10978428848
118270.10978428848
118270.10978428848
118270.10978428848
118271.7968679324
118271.7968679324
118271.7968679324
118271.7968679324
118271.7968679324
118271.85462949239
118271.85462949239
118271.85462949239
118271.85462949239
118271.85462949239
118270.85790767806
118270.85790767806
118270.85790767806
118270.85790767806
118270.85790767806
118270.85790767806
118270.85790767806
118270.85790767806
118270.65449928511
118270.65449928511
118270.65449928511
118271.65122109944
118271.65122109944
118271.65122109944
118271.65122109944
118271.09096351874
118247.39899807022
118247.39899807022
118248.31339996819
118248.3711615282
118248.3711615282
118248.3133999682
118248.3133999682
118248.3711615282
118247.45675963024
118247.45675963024
118247.45675963024
118247.39899807023
118247.39899807023
118247.32368264193
118247.32368264193
118247.32368264193
118247.32368264193
118247.32368264193
118247.38144420194
118247.38144420194
118244.54743523034
118244.48967367035
118244.48967367035
118211.74523345075
118211.74523345075
118211.74523345075
118211.80299501074
118211.80299501074
118211.80299501074
118211.80299501074
118211.80299501074
118211.74523345074
118211.74523345074
118211.74523345074
118211.74523345074
118211.74523345074
118211.74523345074
118211.74523345074
118213.61641015898
118213.61641015898
118213.61641015898
118213.61641015898
118213.61641015898
118213.61641015898
118213.61641015898
118211.74523345075
118210.74851163643
118210.74851163643
118210.74851163643
118210.74851163643
118210.74851163643
118210.74851163643
118210.74851163643
118210.74851163643
118210.74851163643
118210.74851163643
118210.74851163643
118210.74851163643
118210.74851163643
118210.74851163643
118210.74851163643
118210.74851163643
118210.74851163643
118210.95192002936
118210.95192002936
118210.95192002936
118210.95192002936
118211.94864184369
118211.94864184369
118211.94864184369
118211.94864184369
118211.94864184369
118211.94864184369
118211.94864184369
118211.94864184369
118211.94864184369
118211.94864184369
118211.94864184369
118211.94864184369
118211.94864184369
118211.94864184369
118211.94864184369
118212.00640340369
118212.00640340369
118212.00640340369
118211.94864184369
118211.94864184369
118211.94864184369
118216.87129346887
118216.87129346887
118216.92905502886
118216.92905502886
118216.92905502886
118216.92905502886
118216.92905502886
118216.92905502886
118216.92905502886
118216.92905502886
118216.92905502886
118209.76578717181
118209.70802561182
118209.70802561182
118209.70802561182
118209.70802561182
118209.70802561182
118209.70802561182
118208.71130379749
118208.71130379749
118209.70802561182
118209.70802561182
118209.70802561182
118209.70802561182
118209.70802561182
118209.70802561182
118209.70802561182
118209.76578717183
118209.76578717183
118209.76578717183
118209.76578717183
118211.45287081574
118211.39510925574
118211.39510925574
118211.39510925574
118211.39510925574
118211.45287081574
118211.45287081574
118211.45287081574
118211.45287081574
118209.35849083123
118209.35849083123
118210.35521264556
118210.35521264556
118210.35521264556
118210.35521264556
118210.35521264556
118210.35521264556
118210.35521264556
118210.35521264556
118210.35521264556
118210.35521264556
118210.35521264556
118210.35521264556
118210.35521264556
118210.35521264556
118210.35521264556
118210.29745108556
118210.29745108556
118210.29745108556
118210.29745108556
118210.29745108556
118210.29745108556
118210.29745108556
118210.29745108556
118210.29745108556
118210.29745108556
118204.49182826019
118204.49182826019
118204.5495898202
118204.5495898202
118204.5495898202
118204.5495898202
118204.5495898202
118204.5495898202
118204.5495898202
118204.4918282602
118204.4918282602
118204.4918282602
118204.4918282602
118204.4918282602
118200.56888204828
118200.56888204828
118200.56888204828
118200.56888204828
118200.56888204828
118200.56888204828
118200.56888204828
118198.44976295454
118198.3041161216
118198.3041161216
118198.3041161216
118196.97674180963
118196.97674180963
118196.97674180963
118196.97674180963
118196.97674180963
118196.97674180963
118196.97674180963
118196.97674180963
118196.97674180963
118196.97674180963
118196.97674180963
118196.97674180963
118196.97674180963
118196.97674180963
118197.97346362396
118197.97346362396
118197.97346362396
118197.97346362396
118197.97346362396
118197.97346362396
118197.97346362396
118197.97346362396
118197.97346362396
118197.97346362396
118197.97346362396
118197.97346362396
118197.97346362396
118197.97346362396
118197.97346362396
118197.97346362396
118197.97346362396
118197.97346362396
118197.97346362396
118197.97346362396
118197.97346362396
118197.97346362396
118197.97346362396
118197.97346362396
118197.97346362396
118197.97346362396
118197.97346362396
118197.97346362396
118197.91570206394
118197.97346362393
118197.97346362393
118197.97346362393
118197.97346362393
118197.91570206394
118197.91570206394
118197.91570206394
118198.1191104569
118198.1191104569
118198.1191104569
118198.1191104569
118198.1191104569
118198.1191104569
118198.1191104569
118196.59588107781
118196.59588107781
118196.59588107781
118196.59588107781
118196.6536426378
118195.59915926347
118195.59915926347
118195.59915926347
118195.59915926347
118193.50611002855
118193.50611002855
118193.50611002855
118193.50611002855
118193.50611002855
118193.50611002855
118193.50611002855
118193.50611002855
118193.50611002855
118193.50611002855
118193.50611002855
118193.50611002855
118193.50611002855
118193.50611002855
118193.50611002855
118193.50611002855
118193.50611002855
118194.50283184288
118194.50283184288
118194.50283184288
118194.50283184288
118194.50283184288
118194.50283184288
118194.50283184288
118194.56059340289
118194.56059340289
118194.5028318429
118194.5028318429
118194.5028318429
118194.5028318429
118194.5028318429
118194.5028318429
118194.5028318429
118194.5028318429
118194.5028318429
118194.5028318429
118194.5028318429
118194.5028318429
118194.5028318429
118194.5028318429
118194.5028318429
118194.5028318429
118194.5028318429
118194.5028318429
118194.5028318429
118194.5028318429
118194.56059340289
118194.56059340289
118194.56059340289
118196.6536426378
118196.6536426378
118196.6536426378
118196.6536426378
118196.6536426378
118196.6536426378
118194.56059340289
118194.56059340289
118194.56059340289
118194.56059340289
118194.56059340289
118194.56059340289
118194.56059340289
118194.56059340289
118194.56059340289
118194.56059340289
118194.5028318429
118194.5028318429
118194.5028318429
118194.5028318429
118196.16723776021
118196.16723776021
118196.16723776021
118196.16723776021
118196.16723776021
118196.16723776021
118196.16723776021
118196.16723776021
118194.5028318429
118194.56059340289
118194.56059340289
118195.12085098359
118195.12085098359
118195.12085098359
118194.91744259064
118194.91744259064
118194.91744259064
118194.35718500993
118194.35718500993
118194.91744259064
118194.91744259064
118194.91744259064
118194.85968103065
118194.85968103065
118194.85968103065
118194.85968103065
118194.91744259065
118194.91744259065
118194.91744259065
118194.91744259065
118194.91744259065
118194.91744259065
118195.1208509836
118195.1208509836
118195.1208509836
118195.1208509836
118195.1208509836
118195.0630894236
118195.0630894236
118195.0630894236
118195.0630894236
118195.0630894236
118195.0630894236
118195.0630894236
118195.0630894236
118195.0630894236
118195.0630894236
118195.0630894236
118195.0630894236
118195.0630894236
118195.0630894236
118195.0630894236
118195.0630894236
118195.0630894236
118198.1157721702
118198.1157721702
118198.1157721702
118198.1157721702
118197.5555145895
118197.5555145895
118197.5555145895
118197.5555145895
118197.5555145895
118197.5555145895
118194.5028318429
118194.5028318429
118194.56059340289
118194.56059340289
118194.56059340289
118194.56059340289
118194.56059340289
118194.27832098349
118194.27832098349
118194.27832098349
118194.27832098349
118194.2205594235
118194.2205594235
118194.2205594235
118194.2205594235
118197.13677929001
118194.2783209835
118194.2783209835
118194.2783209835
118194.2783209835
118194.2783209835
118194.2783209835
118194.2783209835
118194.2783209835
118194.2783209835
118194.2205594235
118194.2205594235
118194.2205594235
118194.5028318429
118194.5028318429
118194.5028318429
118194.5028318429
118194.5028318429
118194.5028318429
118194.5028318429
118194.5028318429
118194.5028318429
118196.16723776021
118196.16723776021
118197.85432140413
118197.85432140413
118197.85432140413
118197.85432140413
118197.9120829641
118197.0969460412
118196.81467362182
118196.81467362182
118196.81467362182
118196.81467362182
118196.81467362182
118196.81467362182
118197.11376124961
118198.373690307
118198.373690307
118198.373690307
118198.373690307
118198.373690307
118198.373690307
118198.373690307
118199.1888272299
118199.1888272299
118197.52442131258
118197.52442131258
118197.52442131258
118197.52442131258
118198.59453046719
118198.59453046719
118198.65229202718
118198.65229202718
118198.65229202718
118198.59453046718
118198.59453046718
118198.59453046718
118198.59453046718
118198.59453046718
118198.59453046718
118198.59453046718
118198.59453046718
118198.59453046718
118198.59453046718
118198.59453046718
118198.59453046718
118198.59453046718
118198.59453046718
118200.21296364692
118198.79793886014
118198.79793886014
118198.79793886014
118198.79793886014
118198.79793886014
118198.79793886014
118197.80121704581
118197.80121704581
118197.53800980272
118197.53800980272
118193.87362226783
118193.87362226783
118193.87362226783
118193.93138382782
118193.87362226783
118193.87362226783
118193.87362226783
118193.87362226783
118193.87362226783
118193.87362226783
118193.87362226783
118193.93138382782
118193.93138382782
118193.93138382782
118193.93138382782
118193.93138382782
118193.93138382782
118193.93138382782
118193.93138382782
118193.93138382782
118193.37112624712
118193.37112624712
118193.37112624712
118193.37112624712
118193.37112624712
118193.6533986665
118193.6533986665
118193.5956371065
118193.65339866647
118193.65339866647
118193.65339866647
118193.65339866647
118193.65339866647
118195.40414067802
118195.40414067802
118195.40414067802
118195.40414067802
118195.96439825873
118195.96439825873
118195.90663669875
118195.90663669875
118195.96439825873
118195.96439825873
118194.21365624719
118194.21365624719
118194.21365624719
118194.21365624719
118194.21365624719
118194.21365624719
118194.21365624719
118194.21365624719
118194.21365624719
118194.21365624719
118194.21365624719
118194.21365624719
118194.21365624719
118194.21365624719
118194.21365624719
118194.21365624719
118194.21365624719
118194.21365624719
118194.1558946872
118194.1558946872
118194.1558946872
118194.1558946872
118194.1558946872
118194.1558946872
118194.1558946872
118194.1558946872
118194.2136562472
118194.2136562472
118194.2136562472
118194.2136562472
118194.2136562472
118194.2136562472
118195.87806216453
118195.87806216453
118195.87806216453
118195.87806216453
118195.87806216453
118195.82030060454
118195.82030060454
118195.82030060454
118195.82030060454
118195.82030060454
118195.82030060454
118195.53802818514
118195.53802818514
118195.53802818514
118195.53802818514
118195.53802818514
118195.53802818514
118195.53802818514
118195.53802818514
118194.5990679308
118194.5990679308
118194.54130637081
118194.54130637081
118194.54130637081
118193.72616944792
118193.72616944792
118193.72616944792
118193.72616944792
118193.72616944792
118193.72616944792
118193.72616944792
118193.72616944792
118193.72616944792
118193.72616944792
118193.78393100793
118193.78393100793
118193.78393100793
118193.78393100793
118193.78393100793
118193.78393100793
118193.72616944792
118193.78393100793
118193.78393100793
118193.78393100793
118193.78393100793
118193.78393100793
118193.78393100793
118193.78393100793
118193.78393100793
118193.78393100793
118193.78393100793
118193.78393100793
118193.78393100793
118193.78393100793
118193.78393100793
118193.78393100793
118193.78393100793
118193.78393100793
118193.78393100793
118193.78393100793
118193.78393100793
118193.78393100793
118193.78393100793
118193.72616944792
118193.72616944792
118193.72616944792
118193.72616944792
118193.72616944792
118193.72616944792
118193.72616944792
118193.72616944792
118194.54130637081
118194.54130637081
118197.32116593345
118197.32116593345
118195.65676001614
118195.71452157611
118195.71452157611
118195.71452157611
118195.71452157611
118195.71452157611
118195.71452157611
118195.71452157611
118195.71452157611
118195.71452157611
118195.71452157611
118195.71452157611
118195.71452157611
118195.65676001614
118195.65676001614
118195.65676001614
118195.65676001614
118195.09650243545
118195.09650243545
118195.09650243545
118195.09650243545
118195.09650243545
118195.09650243545
118195.09650243545
118195.65676001615
118195.65676001615
118195.71452157613
118195.71452157613
118195.71452157613
118197.33295475587
118197.33295475587
118197.33295475587
118197.33295475587
118200.9973422908
118200.9973422908
118200.9395807308
118195.12009641531
118195.12009641531
118195.12009641531
118195.17785797532
118195.17785797532
118195.17785797532
118196.52333932307
118196.52333932307
118196.52333932307
118196.52333932307
118196.52333932307
118195.75417513774
118195.75417513774
118195.75417513774
118195.19391755704
118195.19391755704
118195.19391755704
118195.19391755704
118195.19391755704
118195.19391755704
118195.96308174236
118195.96308174236
118195.90532018236
118195.90532018236
118195.90532018236
118195.90532018236
118195.90532018236
118195.90532018236
118195.90532018236
118195.90532018236
118195.90532018236
118195.19391755704
118195.19391755704
118195.19391755704
118195.19391755704
118195.75417513774
118195.69641357777
118195.69641357777
118195.69641357777
118195.69641357777
118195.69641357777
118195.69641357777
118195.69641357777
118195.69641357777
118195.69641357777
118195.69641357777
118195.69641357777
118195.69641357777
118195.69641357777
118195.69641357777
118195.69641357777
118195.69641357777
118195.69641357777
118195.69641357777
118195.69641357777
118195.69641357777
118196.46557776308
118196.46557776308
118196.46557776308
118196.46557776308
118196.52333932307
118196.52333932307
118196.52333932307
118196.46557776308
118196.46557776308
118196.46557776308
118196.52333932307
118196.52333932307
118196.52333932307
118196.52333932307
118196.52333932307
118196.52333932307
118196.52333932307
118196.46557776308
118196.46557776308
118196.46557776308
118196.46557776308
118196.46557776308
118196.46557776308
118196.46557776308
118196.52333932307
118196.52333932307
118196.52333932307
118196.52333932307
118196.52333932307
118196.52333932307
118196.52333932307
118196.52333932307
118196.52333932307
118196.52333932307
118199.01035909323
118199.01035909323
118201.22221234077
118201.22221234077
118198.7351925706
118198.67743101058
118196.97265979822
118196.97265979822
118198.67743101058
118198.67743101058
118196.97265979822
118196.97265979822
118196.97265979822
118196.97265979822
118196.97265979822
118196.20349561289
118196.20349561289
118196.00008721995
118196.00008721995
118196.00008721995
118196.00008721995
118196.00008721995
118196.00008721995
118196.00008721995
118198.22620255401
118198.22620255401
118198.22620255401
118198.22620255401
118198.22620255401
118198.22620255401
118198.28396411402
118198.28396411402
118198.28396411402
118198.28396411402
118198.28396411402
118198.28396411402
118184.3536502882
118184.3536502882
118171.79722663994
118172.79394845426
118172.73618689427
118172.73618689427
118172.73618689427
118172.73618689427
118172.73618689427
118172.73618689427
118172.79394845427
118170.37337875625
118170.37337875625
118170.37337875625
118168.14726342217
118168.14726342217
118168.14726342217
118168.14726342217
118168.14726342217
118168.14726342217
118168.14726342217
118168.14726342217
118168.14726342217
118168.35067181513
118168.35067181513
118168.35067181513
118168.35067181513
118168.35067181513
118168.35067181513
118168.35067181513
118168.35067181513
118168.35067181513
118168.35067181513
118168.35067181513
118168.35067181513
118168.14726342217
118168.14726342217
118168.14726342217
118168.14726342217
118168.14726342217
118168.14726342217
118168.14726342217
118168.14726342217
118168.14726342217
118168.14726342217
118168.14726342217
118168.14726342217
118168.35067181513
118168.35067181513
118168.35067181513
118168.35067181513
118168.35067181513
118168.35067181513
118168.35067181513
118168.35067181513
118168.35067181513
118168.35067181513
118168.35067181513
118168.35067181513
118168.35067181513
118168.35067181513
118168.35067181513
118168.35067181513
118168.35067181513
118168.35067181513
118168.35067181513
118168.35067181513
118168.95340675602
118168.74999836306
118168.74999836306
118168.74999836306
118168.74999836306
118168.80775992307
118168.80775992307
118168.80775992307
118168.80775992307
118168.80775992307
118168.80775992307
118168.80775992307
118168.80775992307
118168.80775992307
118168.80775992307
118168.74999836308
118168.74999836308
118168.74999836308
118168.74999836308
118168.74999836308
118168.74999836308
118168.74999836308
118168.74999836308
118167.81103810876
118167.81103810876
118167.81103810876
118167.81103810876
118167.81103810876
118167.81103810876
118167.75327654874
118167.75327654874
118167.75327654874
118169.76352498836
118169.76352498836
118169.76352498836
118169.76352498836
118169.76352498836
118169.76352498836
118169.76352498836
118169.76352498836
118169.76352498836
118169.76352498836
118170.76024680267
118170.76024680267
118170.76024680267
118170.76024680267
118170.76024680267
118171.02141675563
118171.02141675563
118171.02141675563
118171.02141675563
118171.02141675563
118170.2449944253
118170.2449944253
118170.2449944253
118170.2449944253
118171.02141675563
118170.96365519564
118170.96365519564
118170.96365519564
118170.96365519564
118170.96365519564
118171.02141675566
118171.02141675566
118171.02141675566
118171.02141675566
118171.02141675566
118170.96365519565
118170.96365519565
118172.29889332977
118172.29889332977
118172.29889332977
118172.29889332977
118172.29889332977
118172.29889332977
118172.29889332977
118172.29889332977
118172.35665488977
118172.29889332977
118175.35157607638
118176.69135777725
118176.69135777725
118175.35157607638
118172.29889332977
118172.29889332977
118172.29889332977
118172.29889332977
118171.63839682887
118171.07813924816
118171.07813924816
118171.07813924816
118171.07813924816
118171.07813924816
118171.07813924816
118171.07813924816
118171.07813924816
118170.87473085523
118170.87473085523
118170.87473085523
118172.43690490827
118172.43690490827
118172.43690490827
118172.71917732767
118172.77693888766
118172.71917732769
118176.9019535418
118176.9019535418
118175.56671540768
118175.56671540768
118176.12697298838
118174.11672454876
118174.11672454876
118174.11672454876
118174.11672454876
118174.11672454876
118174.11672454876
118174.17448610872
118174.17448610872
118174.11672454873
118174.11672454873
118174.11672454873
118174.11672454873
118172.55455049567
118172.55455049567
118168.37177428155
118168.37177428155
118168.37177428155
118168.37177428155
118168.37177428158
118168.37177428158
118168.37177428158
118168.37177428158
118168.37177428158
118168.37177428158
118168.57518267453
118168.57518267453
118168.57518267453
118170.41886410698
118170.47662566697
118170.47662566697
118170.47662566697
118170.47662566697
118168.63294423452
118168.63294423452
118168.63294423452
118168.63294423452
118170.50894711932
118170.50894711932
118170.50894711932
118170.45118555933
118170.45118555933
118170.45118555933
118170.45118555933
118170.45118555933
118170.45118555933
118170.45118555933
118170.45118555933
118170.45118555933
118171.36558745729
118171.36558745729
118171.36558745729
118171.36558745729
118171.36558745729
118171.36558745729
118170.45118555933
118170.45118555933
118170.50894711932
118170.4511855593
118170.4511855593
118170.4511855593
118170.4511855593
118170.4511855593
118170.4511855593
118170.4511855593
118170.4511855593
118170.4511855593
118170.4511855593
118170.4511855593
118170.4511855593
118170.4511855593
118170.16891313992
118170.16891313992
118170.16891313992
118170.16891313992
118170.16891313992
118170.16891313992
118170.16891313992
118170.16891313992
118170.16891313992
118170.16891313992
118172.37315244638
118172.37315244638
118172.37315244638
118172.37315244638
118172.37315244638
118172.37315244638
118172.37315244638
118172.37315244638
118172.37315244638
118172.37315244638
118172.4309140064
118172.4309140064
118172.4309140064
118172.4309140064
118172.4309140064
118172.4309140064
118172.4309140064
118172.4309140064
118172.4309140064
118170.49714956159
118171.26631374689
