4173472.522758244
3783543.566704956
3404037.838997295
3094674.980820524
2801456.934720607
2540330.699261741
2323351.9625547915
2114998.355128096
1916089.8319895952
1742383.766882156
1616210.9676507516
1482695.3689545782
1376662.7880661602
1273873.1211946863
1180762.2397180616
1101285.0198598725
1023015.5810786526
956421.7816285791
892341.7882357363
834885.6684892981
792066.1523875641
749020.3149456531
707936.3332688888
669714.7508389053
630734.8635455217
601623.2394921929
576639.0142422237
548786.3737733965
524195.54848515306
500344.50575528387
480812.23050417437
462653.6867223522
445994.43742399034
430411.6753141207
415932.03804922634
405234.07882548845
393351.4672324042
381376.42791184294
370106.19352597976
360016.16868777643
349268.69447831286
339572.41092380835
331708.1185188842
323667.8672310435
316377.6141929935
309986.69301555294
303399.8865456532
297026.10082998837
289628.5725636006
283766.2044536022
279125.71404591214
274633.9996265344
269978.109375486
265800.8816388146
259493.35998206143
255556.58085800376
250646.82870571403
247143.415988432
242344.76179146435
239508.22980197804
236387.52097110602
232391.75871978208
229908.41991358052
227128.9612497105
224662.4517445009
222357.98897163125
220496.6924599284
217467.74264100695
214117.37794512574
211361.79186120146
209079.93712105858
206432.35749406868
204278.00675191794
201811.5612887708
199540.2818818199
197662.86492657542
195720.02827072004
194574.48210889325
192694.09531695058
191886.01460660342
190761.13393327582
189131.26433696746
187043.11192147798
185548.0750567476
183638.19236029027
181856.15841076442
180648.4542436277
179532.4680460699
178746.3272871353
177534.02711642638
176388.40068305255
175316.0951467132
173988.41395607928
172357.5147728282
171224.66178469342
169927.67504067096
169178.65867157176
167968.90425931534
167410.8508752531
166371.42219970733
165193.06820525686
164418.20505541126
163609.22913308447
162923.2739009484
161982.58615911484
160803.68328573587
160205.93838329168
159306.6186075643
158650.98640492695
158081.07133792978
157532.31565617258
157107.70421781082
156570.6496283323
156026.17962804716
155328.54137105437
154860.4725377948
154641.1298351574
154005.16077302652
153331.45871144964
152939.1763130072
152529.67071866296
151976.73818657367
151131.86344562905
150656.18371346363
150166.73932494872
149672.15502557514
149147.8344386322
148694.294187532
148390.47630572203
147359.6925134447
147097.71444459382
146671.3818219224
146162.11341205525
145782.66845970968
145250.02941498783
144995.9823525187
144811.68902230667
144484.44774282153
144278.37674420213
143810.03933957103
143434.94896159053
143077.51469767056
142831.95729254853
142503.19433789217
142310.11632772168
142077.00718253065
141793.08361207525
141345.18177009415
141121.58242137992
140893.35128013376
140504.74798246464
140214.77894998298
139732.04249272472
139367.8355318767
139096.51829982558
138783.09169537298
138554.9987105868
138427.96956961966
138247.30968409136
137955.50480295307
137731.33121645288
137552.87040817604
137183.09777543892
137052.59067581728
137009.93089286378
136913.0663711488
136835.7317570696
136687.5984626961
136506.92619152518
136238.8562327322
135993.539835512
135753.75115752462
135401.21837333875
135367.18958580506
135135.31032130678
134934.57277956465
134835.3297558134
134698.73499152454
134603.61398838233
134459.36892537487
134229.90348483535
134107.93982941896
133708.2136372403
133611.8105804558
133546.20475703958
133135.2582124049
133011.70370422653
132811.98218860314
132710.71419641262
132656.9135085786
132429.49546432786
132341.9346742929
132321.3860670129
132264.66764413554
132176.62132460947
132034.76202157664
131918.10794105765
131759.01869180606
131547.54479479784
131478.11164445442
131350.25697517025
131286.22477961416
131190.78150094443
131151.7686291599
131056.1766395318
130874.04367718319
130792.78611442255
130678.54403554276
130657.28773199552
130606.72004131018
130445.033765178
130385.01776581894
130324.7464349654
130268.4568855143
130208.08037352431
129914.08373467177
129891.86611132583
129793.14944731504
129712.4435707237
129628.10831660122
129573.19676336533
129523.62857971722
129447.81533152804
129404.69286094702
129279.91293015218
129212.19708269925
129110.97842399194
129066.36628242649
128871.75551254503
128798.87740579518
128790.4283727879
128768.69650546969
128726.53530364728
128577.39888502796
128452.10407007532
128407.76884147755
128315.13039926496
128253.50287308163
128215.198396244
128084.60845818382
128056.34978845705
127981.64390296042
127964.56820668308
127779.19251123063
127721.86723807795
127700.77699596071
127619.49128894004
127555.17468113679
127502.09022675423
127409.76357085591
127359.11649310272
127316.03271106143
127280.89184055757
127246.39807720925
127096.94943043725
127074.06634311005
127015.12845659239
126847.44969318225
126828.57527765348
126794.98441229155
126723.9731005205
126721.96972077066
126661.98704420411
126510.792574759
126468.96151101691
126284.47853788087
126204.25369169295
126145.30373936967
126057.8796935451
125980.11201782431
125844.45640660025
125812.72979861402
125796.1091568156
125748.61237007305
125746.27492861306
125665.77456293958
125621.23544220306
125610.7818970269
125566.68970404993
125489.2025162653
125395.67975804777
125313.64253912929
125254.48205798259
125181.54013777152
125155.3434803744
125116.84259829248
124808.816241965
124806.66338838854
124702.97589846252
124635.5346057739
124595.87678199547
124579.03676839788
124543.69400406038
124528.76588289328
124473.57990484289
124454.63655838888
124426.551389584
124415.31494875757
124301.24254281235
124145.09876906897
124119.4317345111
124013.27087959289
123985.96956381478
123919.66599100997
123919.66599100997
123906.52840569674
123858.74550956345
123853.28301688682
123747.4009668178
123707.71708871219
123664.18625698655
123571.297963273
123569.45521205949
123546.60859732742
123495.83536058638
123347.05419334242
123323.5606146199
123296.35603203037
123210.05771532236
123098.8951762426
123061.81124720647
123061.81124720647
123043.84125770527
122933.2140219736
122876.49316209086
122838.27369296802
122799.06557895569
122777.79552633836
122685.83707539912
122676.75710119802
122606.32327976415
122585.01200852811
122552.31645151877
122413.42260579068
122379.18091520511
122359.55764272825
122327.60085535486
122281.81787058487
122231.83694114423
122229.6473562305
122194.73181278915
122125.28749620715
122084.53246102165
122083.43511923117
122049.65069779885
121999.06679729931
121972.08113127851
121957.32649785842
121929.83984178174
121870.36524955594
121839.71552322316
121830.04098501604
121827.2052853341
121777.8320284483
121775.84942936023
121777.31167018821
121699.3558662713
121613.15551648005
121557.83256788351
121537.8157962393
121485.30022965645
121485.30022965645
121478.93048333577
121448.72052457926
121421.41061706771
121382.4626683318
121381.69535020927
121309.45477202993
121260.64000255745
121259.52090565467
121230.15052610109
121138.32526058654
121120.34104198898
121108.42669088923
121076.21229932824
121034.28461275842
121011.06294419015
120995.29294298873
120987.43607557594
120967.26152164768
120965.2165967767
120962.76754008708
120879.091528758
120877.25761908619
120839.64771203071
120829.6261219696
120829.6261219696
120829.14260639015
120824.27651595674
120819.2013876272
120819.2013876272
120802.10153839449
120608.8497186857
120608.8497186857
120582.71025213557
120575.00650848079
120525.77154779658
120524.18129340804
120518.24394247757
120506.66181580539
120492.93312342852
120492.2514874304
120491.15027530414
120443.74911752269
120443.74911752269
120441.51065171507
120398.49711523156
120393.08464458765
120383.9934156345
120383.9934156345
120383.9934156345
120335.44173680621
120335.44173680621
120335.44173680621
120335.44173680621
120331.02943587385
120319.62532005389
120281.46864946846
120279.48284183288
120261.50699753086
120261.47716161772
120239.82168247871
120226.25192216733
120226.25192216733
120226.25192216733
120221.5284961827
120218.11758556502
120209.58070892117
120209.58070892117
120209.84534062397
120194.03515266388
120170.3626216382
120151.94331688242
120113.22993964917
120113.22993964917
120092.15453468973
120092.15453468973
120065.8312084521
120049.39271859024
120049.39271859024
120044.0329585785
120033.73667483748
120033.73667483748
120010.94029857329
119991.38607277969
119986.439558298
119987.30581802333
119986.439558298
119983.95562335415
119963.78267101086
119960.74686196417
119960.74686196417
119960.74686196417
119916.75352337238
119914.07306338541
119909.97127809873
119909.97127809873
119910.0369297619
119908.34320070679
119838.88139819523
119831.27161721847
119831.27161721847
119831.27161721847
119800.26360999211
119798.40333597835
119798.40333597835
119798.40333597835
119798.40333597835
119792.16486631377
119792.16486631377
119792.16486631377
119792.09070919637
119786.52428768307
119771.47646131704
119770.66584388707
119770.66584388707
119745.71393008082
119720.18129012844
119701.10871317625
119679.65509803896
119679.69331565234
119679.69331565234
119679.69331565234
119644.81120923924
119622.4246086691
119587.22148074699
119578.06122680771
119578.06122680771
119577.61496349098
119567.30728768729
119566.91157183093
119566.8303588741
119546.16825293768
119521.69048832312
119502.39967142281
119485.01613973922
119444.45630728267
119436.11204546005
119436.11204546005
119436.11204546005
119436.11204546005
119436.11204546005
119436.1932584169
119433.22882364418
119412.6315926944
119412.6315926944
119396.87254946961
119383.41746353713
119380.22448788094
119366.48170979245
119365.43795830722
119353.34998238225
119307.49391055969
119286.29177701511
119284.22606207457
119282.78515905833
119280.47369770112
119277.28096815686
119222.79415494401
119220.94946593342
119220.94946593342
119221.4778094839
119221.37775332504
119220.83696134249
119220.308617792
119209.75021579371
119210.58821541542
119210.58821541542
119210.58821541542
119210.58821541542
119206.7670161133
119192.75222982746
119192.75222982746
119192.75222982746
119192.75222982746
119192.75222982746
119192.75222982746
119193.3701908156
119183.16845083132
119183.16845083132
119173.96670821571
119162.2111794144
119131.19778816006
119131.19778816006
119131.19778816006
119131.19778816006
119127.0766373412
119127.0766373412
119127.0766373412
119127.0766373412
119087.04616700792
119086.42572483212
119082.7927449824
119082.7927449824
119082.7927449824
119075.61025675932
119066.64594742634
119066.64594742634
119066.64594742634
119062.64146440769
119059.74053821768
119052.98169338671
119048.10944902187
119044.17740199916
119043.94194624518
119010.26836024044
118999.54081874149
118999.54081874149
118999.54081874149
119000.15877972961
119000.15877972961
118987.5196706304
118987.5196706304
118984.62723067621
118972.71889639462
118972.71889639462
118941.52974640732
118930.93990208668
118930.32194109855
118930.32194109855
118930.93990208671
118891.95393686801
118891.56608930402
118891.56608930402
118891.56608930402
118891.56608930402
118891.56608930402
118891.56608930402
118891.56608930402
118891.56608930402
118891.65289129541
118857.51080006076
118855.27842532989
118855.00128421458
118855.00128421458
118855.00128421458
118854.38332322643
118854.38332322643
118854.42948031858
118847.2256033745
118847.2256033745
118847.2256033745
118845.50698369512
118820.89658452253
118820.89658452253
118820.07608610232
118817.87564439072
118802.5870368829
118800.7902048695
118800.7902048695
118800.7902048695
118800.7902048695
118800.7902048695
118800.7902048695
118798.58532770525
118798.58532770525
118798.58532770525
118798.58532770525
118798.58532770525
118798.58532770525
118798.7157019243
118796.73447567566
118796.73447567566
118796.73447567566
118796.73447567566
118796.73447567566
118775.79981757354
118775.79981757354
118775.79981757354
118775.79981757354
118768.00807936325
118768.00807936325
118766.9603529599
118766.9603529599
118730.11637763854
118696.89594254218
118697.42783397016
118697.42783397016
118699.21818194595
118698.31414781295
118698.31414781295
118685.70786080025
118677.55228302274
118677.55228302274
118677.55228302274
118677.55228302274
118677.55228302274
118677.69623904908
118677.69623904908
118677.69623904908
118677.69623904908
118677.69623904908
118677.69623904908
118677.69623904908
118677.69623904908
118677.69623904908
118677.69623904908
118677.69623904908
118677.69623904908
118679.49238839437
118678.96049696638
118678.96049696638
118663.77327639658
118659.7573021401
118660.37526312826
118660.37526312826
118660.37526312826
118660.37526312826
118661.41658085152
118661.41658085152
118661.41658085152
118644.86787775037
118641.04881499233
118640.43085400418
118639.38953628091
118639.38953628091
118624.63077920818
118617.65605352333
118617.65605352333
118617.87382044371
118617.87382044371
118616.32628859206
118616.32628859206
118616.32628859206
118617.66896935564
118617.45120243524
118617.45120243524
118617.45120243524
118617.45120243524
118617.27314394483
118617.27314394483
118617.27314394483
118532.80548431876
118532.80548431876
118531.59692177275
118522.77081287123
118519.22966226563
118519.22966226563
118513.18476166822
118513.18476166822
118513.18476166822
118504.4158742079
118502.18440852324
118502.18440852324
118502.18440852324
118501.18812923852
118501.18812923852
118500.30387005834
118500.30387005834
118500.30387005834
118500.30387005834
118464.99214959552
118464.99214959552
118464.99214959552
118464.99214959552
118464.99214959552
118465.87640877572
118465.49552606193
118465.49552606193
118465.49552606193
118465.00314413778
118465.00314413778
118465.00314413778
118465.00314413778
118465.00314413778
118464.1188849576
118464.1188849576
118464.49976767137
118465.09235811236
118465.09235811236
118465.09235811236
118464.33217443497
118464.33217443497
118454.3152524758
118452.45457469866
118445.73756026625
118445.73756026625
118445.73756026625
118445.73756026625
118445.73756026625
118445.73756026625
118445.73756026625
118445.73756026625
118442.168583067
118442.168583067
118442.168583067
118442.168583067
118436.63228295186
118436.63228295186
118436.63228295186
118436.63228295186
118390.0716852871
118390.27609308453
118390.27609308453
118390.27609308453
118379.38147936738
118378.8599995575
118377.88334352449
118377.88334352449
118377.88334352449
118377.88334352449
118377.1453891614
118377.1453891614
118377.1453891614
118377.1453891614
118377.1453891614
118347.65249365331
118347.65249365331
118347.65249365331
118347.65249365331
118347.65249365331
118337.83572748756
118337.83572748756
118337.83572748756
118337.62099847561
118337.62099847561
118337.62099847561
118337.62099847561
118337.62099847561
118337.62099847561
118337.62099847561
118337.62099847561
118330.33092847216
118330.33092847216
118330.33092847216
118330.33092847216
118312.94473169914
118312.94473169914
118312.94473169914
118310.8282483696
118310.8282483696
118310.8282483696
118310.8282483696
118310.8282483696
118310.8282483696
118310.8282483696
118310.8282483696
118310.8282483696
118310.8282483696
118310.8282483696
118310.8282483696
118305.89161526388
118305.89161526388
118306.10634427582
118306.10634427582
118306.10634427582
118305.65485737004
118305.65485737004
118305.65485737004
118305.43709044965
118300.36522153408
118300.36522153408
118300.36522153408
118300.36522153408
118300.36522153408
118300.36522153408
118300.36522153408
118299.74726054593
118299.74726054593
118299.74726054593
118299.74726054593
118299.74726054593
118299.74726054593
118299.74726054593
118299.74726054593
118298.09971058257
118298.09971058257
118298.09971058257
118298.09971058257
118298.71767157073
118298.71767157073
118298.71767157073
118298.71767157073
118298.71767157073
118298.71767157073
118298.71767157073
118283.80464501005
118283.80464501005
118283.80464501005
118283.80464501005
118282.78443583897
118281.75949928121
118281.75949928121
118264.23142917576
118264.23142917576
118250.0447414994
118251.31759219486
118250.0447414994
118250.0447414994
118250.0447414994
118250.0447414994
118250.0447414994
118250.0447414994
118250.0447414994
118250.0447414994
118250.0447414994
118249.83001248745
118249.83001248745
118249.83001248745
118249.83001248745
118245.20319804265
118245.20319804265
118245.95259951011
118243.40636602924
118243.40636602924
118243.40636602924
118240.31417984955
118240.31417984955
118240.31417984955
118240.31417984955
118240.31417984955
118240.31417984955
118240.31417984955
118240.31417984955
118240.31417984955
118240.31417984955
118240.90677029054
118240.90677029054
118226.12212425718
118226.12212425718
118226.12212425718
118225.54992122807
118225.54992122807
118220.28170251733
118220.8135939453
118220.8135939453
118220.28170251731
118201.58773127224
118201.58773127224
118201.58773127224
118198.23213910288
118198.23213910288
118198.23213910288
118198.23213910288
118198.23213910288
118198.23213910288
118198.44686811483
118198.44686811483
118198.44686811483
118198.44686811483
118198.44686811483
118198.44686811483
118198.34451610508
118198.34451610508
118198.34451610508
118198.44686811483
118196.57251277288
118196.57251277288
118196.57251277288
118196.57251277288
118196.57251277288
118195.95455178473
118195.95455178473
118195.95455178473
118195.95455178473
118195.95455178473
118195.95455178473
118195.95455178473
118195.95455178473
118195.95455178473
118195.95455178473
118195.95455178473
118195.95455178473
118183.3860082788
118182.76804729065
118182.76804729065
118182.76804729065
118182.76804729065
118182.76804729065
118182.76804729065
118182.76804729065
118182.76804729065
118182.76804729065
118182.17545684964
118181.50009793536
118165.75567075715
118153.71379703889
118153.71379703889
118153.71379703889
118153.71379703889
118153.95143269231
118153.95143269231
118144.12457381998
118127.30793425466
118127.30793425466
118127.30793425466
118127.30793425466
118127.30793425466
118127.30793425466
118127.30793425466
118127.30793425466
118127.30793425466
118127.30793425466
118127.30793425466
118127.30793425466
118127.30793425466
118127.30793425466
118127.30793425466
118127.30793425466
118127.30793425466
118127.30793425466
118127.30793425466
118127.30793425466
118127.30793425466
118127.30793425466
118127.30793425466
118127.30793425466
118127.30793425466
118127.30793425466
118127.30793425466
118127.30793425466
118127.30793425466
118127.30793425466
118127.30793425466
118127.30793425466
118127.30793425466
118127.30793425466
118127.30793425466
118127.30793425466
118127.30793425466
118127.30793425466
118121.84498189515
118121.84498189515
118121.84498189515
118121.84498189515
118121.84498189515
118121.84498189515
118121.84498189515
118121.84498189515
118121.84498189515
118110.82290029421
118110.82290029421
118110.60817128226
118110.60817128226
118110.60817128226
118110.60817128226
118110.60817128226
118110.60817128226
118110.60817128226
118110.60817128226
118110.60817128226
118110.60817128226
118110.60817128226
118110.60817128226
118110.60817128226
118110.60817128226
118110.60817128226
118110.60817128226
118110.60817128226
118108.66820898125
118108.66820898125
118108.66820898125
118108.88597590163
118108.88597590163
118108.88597590163
118108.88597590163
118108.88597590163
118109.41786732963
118101.56715653323
118101.56715653323
118092.22414563694
118092.22414563694
118092.00637871654
118092.00637871654
118092.00637871654
