4259121.706284525
3836042.604002241
3479215.442960011
3151467.387899232
2857576.0040171733
2595479.0872231214
2383684.381674173
2173352.7300804975
1989110.5139140368
1821896.753759216
1664311.6448106677
1536354.9089631306
1418499.1488557928
1317065.807232162
1222502.3903720027
1133150.357409088
1059115.1519518648
985945.0231894881
920618.7903406469
859539.1763231521
809733.4563988687
763340.4712029981
718778.3481128637
683690.668127723
648260.7455624451
619893.896927224
596406.2376289356
572324.9449547839
550734.0842202837
529835.903934804
507499.741817963
486421.53447862586
470078.90399467945
451902.0914832569
435343.5036909961
422158.1358704133
407520.1602950668
396614.0408774195
386681.8574691134
374970.1057453502
366657.72131582024
358162.4287805098
348072.2688285431
340669.00311997515
331260.33900729736
320286.1497646804
312918.1636417213
307202.5740176654
300148.0099059777
294089.4194856243
288443.2726663261
282970.89448849147
275134.83545486187
269690.34805202624
264033.19493294676
260243.7048732951
253989.09295034525
250629.75900075355
247137.39717136562
242453.60967099215
238453.250251243
234735.67194743658
230470.38014063236
227420.0563577618
224315.9848408703
221067.23942717898
217686.97377000004
215398.28091373484
212629.88957841968
209657.50376278604
207198.36393845355
204440.51421047095
202308.45463565373
199559.02827671927
197118.35144507594
194608.25828288947
192746.12741911213
190759.1329898332
188750.11261770345
187126.22228887834
185017.09212038093
184002.61436656563
182656.20642164227
181463.76820830462
179608.55304894623
178548.26890365058
177496.82265825986
176334.2607969366
175637.6567884084
174531.51491678995
172839.00129201703
172061.0856027727
170843.29627591468
169445.33064937347
167989.3234232224
167275.27856951673
166338.40456207996
165774.1960256152
164872.46453354094
164198.92272633058
163479.9218020093
162494.22498130926
161933.90924397108
161169.05496450915
160366.9980739347
159885.7648395968
159319.18382099218
158764.96371010755
158213.7136144821
157666.02874370234
156916.3982366082
155968.47197439338
155434.61240881262
154707.69595985586
154210.47419208993
153600.44736590973
152943.2132016034
152435.8310020407
151571.78092008035
151264.38197799554
150301.9304110916
149681.2985390069
149342.9707420412
148882.3878390438
148519.90688902655
147967.76044266997
147542.50690369323
147313.36334683117
146926.18678044173
146567.13338517313
146344.47456863883
145915.4979654534
145353.32054738048
144818.33186121687
144462.91729387193
143987.78872062732
143511.04464709543
143290.46044923115
142895.96625596058
142603.69770359003
142245.95240463607
142050.46709077992
141699.96616733237
141530.69682881795
141240.59065255572
140885.22243553802
140398.49365480297
140288.2305510132
139926.25769221073
139755.87830150948
139444.5452727694
139195.1537308948
139102.43872966315
138695.19875410278
138400.83311331316
138168.7263352708
137934.7496238175
137606.05749877112
137243.1906732105
136957.3652241284
136571.41916868277
136493.97240809788
136382.4766662544
136123.49134577805
135931.57696973992
135631.76641191557
135453.23844839126
135290.77476937664
135108.14760921046
135013.86700683984
134928.37750379206
134765.72227559017
134682.66046172
134452.00500751892
134230.17068633973
134059.46479960112
133811.9981483096
133649.58050454425
133527.27327246795
133454.187520905
133406.80948550763
133314.67482038517
133219.95586730374
133050.09310734022
132769.27376906757
132755.56980628485
132674.87736327123
132568.93630719383
132500.32483965126
132400.52119682965
132264.89892207997
132037.2948930441
131758.67519343022
131639.86931397038
131586.1747562807
131508.05837081926
131450.38079583005
131391.3271149457
131226.50573921038
131101.99531843344
131065.7311224593
131054.7206726718
130918.45486451112
130825.38424897447
130718.15423323459
130582.77111392033
130526.61705312633
130482.90616241586
130351.88962790444
130286.54947710536
130184.58952633601
130111.08391858012
130110.86625760084
130093.76813936196
130045.87032499374
129985.5698493351
129926.89441171747
129817.99337092454
129751.15019659094
129723.60989405634
129714.02042938021
129646.49255813753
129627.30856105259
129590.50525175431
129587.35736225337
129582.76579283124
129494.12416050155
129414.1518064693
129344.32673713475
129270.77148875619
129085.0872939567
128970.42124718169
128948.5501129365
128852.49771687077
128744.51669772076
128728.23651804123
128661.39141009704
128659.36377721904
128628.48663850434
128605.706331619
128563.95551428534
128442.44055162028
128392.75618144494
128309.4554646334
128282.8559066393
128127.57860523186
128064.31162827945
128054.30887680638
128037.54279947618
128008.47508992182
127968.11779315186
127902.86984178153
127840.67982429288
127823.67600767766
127789.72021362706
127717.81821971333
127652.09521919895
127545.91108747208
127388.09039237042
127352.97534099541
127282.40306325277
127196.72761786931
126976.73963356735
126938.65853975088
126892.04610024774
126776.53976936404
126764.57057586747
126589.87127576424
126466.26183960453
126447.38687738444
126417.16187841367
126364.48322363052
126272.83213363888
126139.50527228756
126085.01286946991
126085.01286946991
126048.02581218864
126009.0913953768
125877.16124678194
125831.11939084058
125733.25695421812
125712.12923670745
125708.30720466506
125676.60841661145
125676.60841661145
125673.7923586219
125661.60808912653
125629.4858258673
125589.81476000244
125525.83287826467
125474.35338476722
125469.54923725355
125425.78802977227
125381.4869643593
125351.8905172531
125328.55613918122
125301.57925910183
125301.57925910183
125286.79467015724
125127.24259206856
125110.25509112317
125083.96528847647
125020.42618630864
125015.61177841986
125015.61177841986
124995.2461506039
124971.60492690928
124968.52733748555
124963.39138701739
124939.13141031447
124926.14346466828
124898.48534553204
124898.48534553204
124861.765359888
124865.84855218734
124809.70252057037
124781.93276884244
124782.05055597358
124783.38766472298
124693.55021824728
124693.55021824728
124693.07141811958
124694.08988975431
124668.8887708089
124652.54432080484
124606.63584399996
124515.32279031305
124507.11714676373
124484.69357510924
124474.20473450382
124468.1199102934
124468.1199102934
124454.82958161901
124370.83335538802
124301.43924507986
124274.12732119739
124266.2427575759
124196.23963145827
124150.14177155672
124151.88007745828
124151.88007745828
124151.88007745828
124137.5681037269
124034.27401943265
124010.87553524684
124005.42263303802
123977.84692676539
123977.84692676539
123945.10943192421
123905.42391542226
123809.4480798355
123798.49546943622
123799.38073444513
123798.0422256827
123793.68304822838
123759.45114896439
123743.0322228972
123713.97751969183
123702.33685588378
123691.337988327
123681.24952643686
123646.3727136383
123646.10566503217
123624.70116340807
123582.13026521655
123534.7831105963
123453.2364761126
123437.04645585388
123421.36478081575
123419.67181102154
123414.9806355019
123413.37177079637
123396.43705234933
123374.76089038773
123362.06531655422
123314.15231580718
123254.95324181879
123253.1678877366
123143.30451345784
123139.756392282
123139.41060646043
123123.99132019597
123110.3272618292
123100.77118698233
123091.8256926617
123090.79020471322
123053.6443512939
122968.76667699381
122966.3910176667
122965.01105968795
122960.81493156611
122878.88099056274
122874.58489032497
122875.71228409206
122857.49482262708
122855.12128741259
122854.24910857649
122837.90950418066
122839.70100715291
122796.15596486814
122795.0287130258
122759.89176598206
122752.69400245574
122753.10281478209
122751.47792134107
122724.74992123777
122724.74992123777
122689.00251076696
122665.42360115456
122659.52706390149
122650.18696864
122624.53613908877
122613.6923932636
122612.20228654692
122513.27699173016
122507.88811950962
122369.487274672
122370.86887970436
122356.08393573263
122353.81544306315
122341.27160287375
122340.19609467813
122339.96621202429
122336.6579723749
122336.6579723749
122333.01043319679
122294.31655654291
122209.21341290945
122199.37907547041
122199.15409995566
122179.9154094932
122143.12738907372
122137.26806616504
122114.93058011199
121980.94389780588
121952.22926481468
121948.28442058084
121895.50191785843
121895.67807736779
121810.3063062949
121765.11315927637
121765.39362092628
121726.05976642291
121727.43559919536
121676.72298743267
121661.40777686899
121654.17766139412
121573.63270820613
121576.25740036997
121568.81638525976
121568.81638525976
121568.81638525976
121502.79277930554
121500.03123250022
121499.96579436367
121482.56586971215
121466.16806969364
121461.30605516638
121451.05965817883
121442.34666345766
121442.34666345766
121428.19408501635
121426.99974156974
121418.41586415039
121416.37061795086
121374.67971985516
121374.67971985516
121332.132021433
121253.03205780852
121207.92448721567
121207.92448721567
121158.869241485
121158.869241485
121061.00197841131
121034.46999432481
121034.46999432481
120986.04686605722
120986.18119831018
120979.7200810587
120979.7200810587
120979.84503061029
120975.70385968463
120975.70385968463
120972.97687146973
120969.69564125642
120958.69540666725
120949.88672889027
120941.15920937821
120935.32560116834
120935.32560116834
120933.53609284066
120914.57755909345
120813.99493729122
120763.46238455984
120762.25276913287
120762.25276913287
120727.05374687837
120727.05374687837
120719.5739757067
120698.61226569812
120689.88126011731
120689.88126011731
120653.01101383753
120615.70849295922
120615.3373832296
120614.64507679995
120577.0131875682
120577.11245090759
120577.11245090759
120577.11245090759
120578.28231589869
120579.42814061033
120579.42814061033
120579.64390236684
120579.64390236684
120547.02321196314
120547.02321196314
120541.50180791851
120529.21642787877
120524.18773347972
120513.6671719723
120496.8914971482
120473.40859422825
120468.62969249676
120458.0086564995
120408.88526099405
120261.02274740659
120245.70858783735
120246.08463389508
120245.89441413982
120215.74441135125
120172.37481131806
120172.37481131806
120124.37890607739
120124.5648058433
120117.48613498094
120117.48613498094
120071.88674200287
120070.2733288516
120041.67918075438
120005.69355481051
120001.54400098312
119981.19636099463
119981.03449016242
119961.98139364681
119962.78817561128
119960.71159585203
119930.34047100545
119909.54207525788
119909.54207525788
119909.54207525788
119908.16047022551
119898.88253214126
119877.36321782926
119878.51668726665
119860.00531277349
119860.00531277349
119860.00531277349
119860.00531277349
119863.57991950525
119860.13090779392
119848.72839899377
119848.72839899377
119848.72839899377
119849.46927404376
119849.46927404376
119815.57446221475
119800.33697790919
119800.33697790919
119782.47103655306
119782.47103655306
119779.96658978779
119780.62078743977
119778.59727636742
119778.59727636742
119778.59727636742
119760.34236306137
119760.55677949061
119760.55677949061
119760.55677949061
119761.76053421735
119712.50720611072
119680.80699744396
119663.18475310931
119661.37183526641
119663.64713367331
119663.64713367331
119644.3926260393
119636.17426356178
119622.93530813033
119622.93530813033
119622.93530813033
119622.29986442614
119616.99588173146
119592.95322832828
119592.95322832828
119587.25232048889
119587.25232048889
119588.45607521565
119584.94365678841
119585.57910049258
119585.87442791922
119559.14652022107
119558.98528638502
119552.24969361405
119552.41092745008
119549.13725925708
119549.13725925708
119549.13725925708
119518.59973325868
119514.17911049763
119514.17911049763
119514.17911049763
119514.17911049763
119510.9920885108
119483.7495693684
119483.55934961315
119483.55934961315
119483.55934961315
119454.1213814985
119454.75681112062
119454.75681112062
119449.78288311031
119448.63064706248
119448.7948987309
119448.7948987309
119448.7948987309
119448.7948987309
119447.59114400414
119449.94857163588
119449.88855169319
119451.1075053722
119451.1075053722
119451.1075053722
119443.48632957503
119437.01690873706
119435.30141437134
119424.44996966663
119424.46813418224
119426.81322040464
119375.37751356738
119375.41325442909
119375.41325442909
119375.83415633944
119377.03791106619
119375.83415633944
119366.04180490752
119366.04180490752
119293.2871123279
119286.70848619012
119285.67354389484
119285.63780303314
119285.63780303314
119248.5930418976
119251.98874409705
119251.98874409705
119247.6176228577
119243.1161446652
119243.12059117274
119243.1161446652
119238.1163821917
119235.11837422416
119235.5850362452
119217.37904649894
119217.62262350484
119217.62262350484
119217.62262350484
119217.62262350484
119180.46962545707
119180.46962545707
119168.5601802815
119161.19307188262
119161.19307188262
119161.18240056513
119161.18240056513
119160.4009842537
119159.7684207259
119159.7684207259
119159.7684207259
119140.31266324043
119140.31266324043
119140.31266324043
119140.31266324043
119097.68868608639
119098.4701023978
119098.4701023978
119098.96987803008
119098.96987803008
119098.77661265623
119096.3833850816
119092.30422499591
119090.93138937563
119076.4950171031
119076.4950171031
119074.38572384435
119074.38572384435
119074.38572384435
119072.49274097053
119073.1253244259
119072.5149196117
119072.5149196117
119072.5149196117
119072.5149196117
119071.05137476968
119071.05137476968
119057.33325998214
119057.33325998214
119055.2566802229
119053.05101786068
119053.05101786068
119053.05101786068
119055.12759761992
119041.02867056933
119041.02867056933
119039.804014967
119039.804014967
119039.804014967
119015.86387383917
119015.86387383917
119013.42107076064
119014.00809437144
119014.02277698554
119011.95258313633
119011.95258313633
119003.73034403905
119003.73034403905
119003.73034403905
119003.73034403905
118990.989831629
118990.989831629
118977.40700247684
118981.87940259659
118981.87940259659
118982.09741172139
118973.73879439487
118910.7010819037
118910.7010819037
118910.7010819037
118910.7010819037
118906.51890828894
118906.51890828894
118906.51890828894
118906.51890828894
118906.51890828894
118907.9005133213
118907.9005133213
118907.9005133213
118908.72465862366
118905.26894803101
118868.11268162346
118849.18765052725
118849.18765052725
118847.39809124393
118839.5793971571
118841.4862270524
118841.4862270524
118842.68922412938
118842.68922412938
118840.28778399699
118840.28778399699
118840.28778399699
118838.95924765151
118810.81738121108
118808.53815578256
118796.93070200227
118794.06327167651
118795.26702640326
118795.26702640326
118794.0510066186
118794.382578488
118794.382578488
118794.382578488
118754.48363444908
118754.48363444908
118754.03164041525
118754.03164041525
118752.70310406979
118752.70310406979
118752.70310406979
118750.25030894465
118750.25030894465
118750.25030894465
118749.91873707526
118749.91873707526
118748.56336924215
118748.56336924215
118748.56336924215
118751.99268460667
118751.99268460667
118751.99268460667
118751.99268460667
118751.99268460667
118751.99268460667
118750.80553925101
118750.06878100571
118750.06878100571
118750.06878100571
118750.40035287512
118750.40035287512
118750.40035287512
118749.063163589
118749.063163589
118741.90312402594
118741.90312402594
118741.90312402594
118741.90312402594
118739.70028061396
118739.70028061396
118739.70028061396
118739.70028061396
118739.70028061396
118739.70028061396
118739.70028061396
118739.70028061396
118739.70028061396
118739.70028061396
118741.02881695944
118741.02881695944
118740.90403534073
118740.90403534073
118741.09425509596
118742.28140045161
118742.28140045161
118742.2159623151
118742.2159623151
118742.2159623151
118742.2159623151
118742.2159623151
118739.64721192708
118739.9142605332
118733.1064459691
118733.1064459691
118734.17274572089
118734.17274572089
118734.17274572089
118734.17274572089
118734.17274572089
118734.17274572089
118734.17274572089
118734.17274572089
118734.17274572089
118734.17274572089
118734.17274572089
118734.6247397547
118734.02611927918
118734.02611927918
118733.84117385148
118731.41950626661
118731.15245766047
118731.15245766047
118731.15245766047
118731.15245766047
118731.15245766047
118731.15245766047
118731.15245766047
118731.35923606699
118731.35923606699
118731.35923606699
118731.35923606699
118731.35923606699
118731.35923606699
118731.35923606699
118731.35923606699
118731.35923606699
118731.35923606699
118732.74084109935
118732.74084109935
118732.74084109935
118732.8062792359
118731.51104931143
118731.51104931143
118731.51104931143
118731.51104931143
118731.51104931143
118731.51104931143
118731.51104931143
118731.51104931143
118732.86641714451
118741.17388336561
118743.11158289076
118739.74491055735
118739.74491055735
118739.74491055735
118739.74491055735
118739.74491055735
118739.74491055735
118738.56491599458
118739.75206135023
118739.75206135023
118739.75206135023
118739.75206135023
118739.75206135023
118739.75206135023
118739.75206135023
118726.21044880452
118726.21044880452
118725.62496283892
118692.16195001133
118691.95517160483
118691.95517160483
118691.95517160483
118691.95517160483
118691.95517160483
118691.95517160483
118691.95517160483
118694.20146591938
118694.20146591938
118693.86989404997
118693.80445591343
118693.80445591343
118693.80445591343
118694.86538311512
118694.86538311512
118694.86538311512
118694.86538311512
118694.86538311512
118694.86538311512
118694.86538311512
118693.67823775946
118692.6773761442
118684.07572128576
118684.07572128576
118684.07572128576
118684.07572128576
118684.07572128576
118682.895726723
118682.895726723
118682.895726723
118682.895726723
118684.07300704453
118684.07300704453
118683.2643201273
118683.2643201273
118683.2643201273
118683.2643201273
118683.2643201273
118683.2643201273
118683.2643201273
118683.2643201273
118683.2643201273
118683.2643201273
118683.2643201273
118683.2643201273
118681.88297503746
118681.88297503746
118681.88297503746
118681.88297503746
118681.88297503746
118681.88297503746
118681.88297503746
118685.1859257826
118685.1859257826
118685.1859257826
118680.89081870785
118680.89081870785
118680.89081870785
118679.5622823624
118679.5622823624
118679.5622823624
118679.79467071102
118679.79467071102
118681.12320705649
118644.05685638037
118644.12229451693
118627.40893906573
118625.88183998238
118625.88183998238
118612.75642882648
118567.2413418293
118567.2413418293
118567.2413418293
118567.2413418293
118567.2413418293
118567.2413418293
118567.2413418293
118574.38034413297
118571.1723642908
118571.72019647527
118571.72019647527
118571.45314786915
118571.45314786915
118571.45314786915
118571.72019647527
118571.48780812665
118571.24047512529
118571.24047512529
118571.24047512529
118571.24047512529
118571.24047512529
118571.24047512529
118572.23024993282
118572.5773544534
118572.5773544534
118573.81448335573
118573.81448335573
118576.39492622954
118576.39492622954
118577.690156154
118577.690156154
118527.65560513831
118527.65560513831
118518.07048111569
118519.13678086748
118517.36375806968
118514.66974406282
118513.48974950003
118515.63166194604
118515.17671700205
118496.63997919016
118496.63997919016
118496.63997919016
118496.37293058404
118496.37293058404
118495.82509839957
118490.19773986349
118486.29704183397
118486.29704183397
118486.29704183397
118486.29704183397
118486.84487401845
118486.84487401845
118486.84487401845
118486.84487401845
118486.84487401845
118486.84487401845
118486.84487401845
118489.24631415083
118489.24631415083
118487.95108422637
118487.10490273169
118466.00060679605
118469.71298243348
118470.16792737748
118467.7664872451
118469.84306700433
118471.5686237346
118471.50109178576
118471.50109178576
118471.50109178576
118469.42451202653
118467.69895529628
118467.69895529628
118467.69895529628
118467.69895529628
118468.03648236126
118468.03648236126
118466.70794601578
118466.70794601578
118466.70794601578
118466.70794601578
118466.70794601578
118466.70794601578
118466.70794601578
118466.70794601578
118466.70794601578
118466.70794601578
118466.70794601578
118466.70794601578
118466.70794601578
118466.70794601578
118466.70794601578
118468.51839886642
118468.51839886642
118460.93489853246
118460.93489853246
118460.93489853246
118460.93489853246
118460.93489853246
118460.93489853246
118460.93489853246
118460.93489853246
118460.93489853246
118463.39893468459
118463.39893468459
118465.45448481795
118465.45448481795
118465.45448481795
118465.45448481795
118465.45448481795
118465.75440511538
118461.69669012367
118461.69669012367
118461.69669012367
118461.69669012367
118461.69669012367
118461.69669012367
118463.72020119603
118461.69669012367
118460.6303903719
118460.6303903719
118456.17786152055
118459.24702594543
118441.63067313518
118441.63067313518
118441.63067313518
118441.63067313518
118443.07930712067
118443.07930712067
118443.07930712067
118443.07930712067
118438.23977392688
118438.23977392688
118438.23977392688
118438.23977392688
118442.2623242792
118418.8609743411
118418.8609743411
118418.8609743411
118411.16000792402
118411.16000792402
118410.53059466221
118410.55601797745
118389.06925862
118374.45235180084
118374.37956938922
118374.37956938922
118371.56225359484
118371.56225359484
118362.29394795295
118362.29394795295
118358.33870525187
118327.09351229321
118327.09351229321
118327.09351229321
118327.36056089934
118327.36056089934
118327.36056089934
118327.81550584332
118327.81550584332
118327.81550584332
118324.0017998398
118324.0017998398
118324.0017998398
118324.0017998398
118323.89577968068
118323.89577968068
118322.76612804747
118322.76612804747
118322.76612804747
118322.76612804747
118323.21907368374
118324.34872531696
118324.34872531696
118312.11426909643
118312.11426909643
118312.04148668482
118312.04148668482
118312.04148668482
118289.33122452034
118290.48703568458
118256.5569689555
118256.5569689555
118256.5569689555
118250.89426851526
118250.89426851526
118250.89426851526
118250.89426851526
118250.89426851526
118250.89426851526
118244.412186195
118244.412186195
118244.412186195
118244.412186195
118239.48738888287
118239.754437489
118235.67167909126
118235.67167909126
118235.67167909126
118234.54202745805
118234.54202745805
118234.54202745805
118234.27497885191
118234.27497885191
118230.00778776949
118230.00778776949
118230.00778776949
118227.58079761398
118227.58079761398
118226.5144978622
118228.04490628856
118228.04490628856
118228.1103444251
118227.92012466985
118227.92012466985
118229.30101425882
118225.9415145391
118225.9415145391
118225.9415145391
118222.09902113651
118222.09902113651
118222.09902113651
118222.09902113651
118222.09902113651
118220.01061511454
118213.70315011256
118213.70315011256
118213.70315011256
118216.61116390178
118216.61116390178
118216.61116390178
118217.29506829177
118217.48528804701
118217.48528804701
118204.05980157654
118204.60763376101
118199.68507280982
118200.75137256162
118200.56115280636
118200.56115280636
118190.9045112745
118190.9045112745
118190.9045112745
118190.9045112745
118187.13714434417
118187.13714434417
118187.13714434417
118187.13714434417
118174.78038939091
118174.78038939091
118175.41742576327
118174.78038939091
118174.78038939091
118174.78038939091
118174.78038939091
118172.76173119567
118155.29922552187
118155.29922552187
118153.92568866145
118154.45843966326
118151.56726733393
118151.56726733393
118150.17184813482
118154.35019183715
118154.79497844428
118150.67990938204
118146.5015656797
118146.5015656797
118146.5015656797
118146.5015656797
118145.76363669077
118145.76363669077
118146.2861256127
118127.42761967715
118113.50663557462
118113.50663557462
118113.50663557462
118082.13002265817
118082.13002265817
118082.13002265817
118082.13002265817
118072.97103271182
118062.30734664749
118062.52278671451
118064.54629778684
118062.4697180276
118062.4697180276
118062.4697180276
118059.86751878742
118059.12958979848
118059.86751878742
118059.86751878742
118048.80786508093
118046.52483863522
118042.94789305529
118042.94789305529
118042.94789305529
118042.94789305529
118042.94789305529
118042.94789305529
118042.94789305529
118042.94789305529
118042.94789305529
118042.94789305529
118042.94789305529
118042.9123091484
118042.08759819111
118043.53464136002
118043.53464136002
118038.3633586654
118030.61895392367
118030.61895392367
118029.09043559575
118028.87499552872
118020.66172884262
118020.66172884262
118012.66631669679
118012.66631669679
118012.66631669679
118012.66631669679
118012.66631669679
118012.66631669679
118010.19556222169
118010.19556222169
118010.19556222169
117980.60522727025
117980.60522727025
117980.83602206485
117980.83602206485
117980.83602206485
117978.60636448982
117975.98768660118
117971.51310995358
117971.51310995358
117969.1579039667
117969.37334403372
117969.37334403372
117969.1062954276
117929.32613643416
117930.62136635862
117930.62136635862
117930.62136635862
117930.62136635862
117930.62136635862
117930.62136635862
117930.62136635862
117930.62136635862
117930.62136635862
117930.62136635862
117930.62136635862
117931.07631130262
117932.88676415326
117932.88676415326
117932.88676415326
117932.88676415326
117932.88676415326
117932.88676415326
117931.9176061393
117932.18465474542
117929.30138406836
117921.08860670781
117875.0307099499
117865.36596619408
117865.36596619408
117865.36596619408
117865.36596619408
117865.36596619408
117865.36596619408
117865.36596619408
117861.3853808278
117860.26986211169
117855.85591788904
117855.85591788904
117855.85591788904
117856.0890016406
117855.54736987565
117855.54736987565
117856.08900164059
117839.335692903
117834.51997151479
117834.28688776324
117834.28688776324
117827.77029157127
117827.77029157127
117826.62383267042
117826.93176184707
117822.11957288475
117821.73523712877
117821.26861021362
117821.26861021362
117821.26861021362
117821.26861021362
117822.16235695862
117822.16235695862
117821.91838812182
117821.91838812182
117781.01793817092
117782.13349874849
117782.13349874849
117782.13349874849
117782.13349874849
117782.13349874849
117737.40535952624
117736.8637277613
117736.8637277613
117714.61370865164
117714.34666004548
117714.34666004548
117714.34666004548
117714.34666004548
117714.34666004548
117714.34666004548
117714.34666004548
117717.614100979
117717.614100979
117717.614100979
117718.0119532038
117708.70157528817
117709.2432070531
117708.58810381842
117711.83783359171
117711.83783359171
117711.83783359171
117711.29620182677
117710.02907013323
117710.3328594045
117710.3328594045
117710.26742126798
117708.9388849225
117703.20473167562
117703.20473167562
117703.20473167562
117702.46702053654
117702.46702053654
117699.61745617096
117699.61745617096
117699.61745617096
117699.61745617096
117699.61745617096
117699.61745617096
117699.61745617096
117699.61745617096
117699.61745617096
117699.61745617096
117699.61745617096
117699.80767592622
117699.80767592622
117696.40806212756
117686.30558602867
117674.5275610206
117674.5275610206
117674.5275610206
117674.5275610206
117674.71778077586
117674.71778077586
117674.71778077586
117674.71778077586
117657.76911409314
117657.76911409314
117657.76911409314
117657.76911409314
117656.34515069357
117656.34515069357
117656.34515069357
117656.34515069357
117648.53519924566
117648.53519924566
117648.53519924566
117649.64975567188
117649.71519380843
117649.71519380843
117649.71519380843
117648.55960178413
117648.55960178413
117648.55960178413
117648.55960178413
117648.55960178413
117648.36938202888
117648.36938202888
117644.21655535862
117644.21655535862
117644.21655535862
117619.62556701413
117619.62556701413
117617.27490931234
117617.28169933837
117617.28169933837
117617.09147958312
117617.09147958312
117617.28169933837
117616.10170477559
117616.65730393489
117616.65730393489
117616.65730393489
117616.24076999414
117616.24076999414
117615.05362463849
117614.154552567
117614.154552567
117612.8497579283
117606.24940935583
117606.24940935583
117606.24940935583
117606.79104112078
117606.79104112078
117606.79104112078
117606.78425109474
117606.78425109474
117606.78425109474
117605.70581377757
117605.70581377757
117605.70581377757
117605.70581377757
117606.60488584908
117606.60488584908
117606.60488584908
117607.89296504486
117606.82953342146
117606.82953342146
117606.82953342146
117604.63691862517
117604.63691862517
117604.63691862517
117604.63691862517
117604.63691862517
117604.63691862517
117604.63691862517
117604.63691862517
117604.60034745303
117604.60034745303
117604.60034745303
117603.173547409
117603.16675738295
117603.16675738295
117600.14940098253
117599.25032891103
117598.9832803049
117596.39203968813
117596.39203968813
117596.39203968813
117596.39203968813
117596.39203968813
117596.39203968813
117596.39203968813
117596.45907778546
117599.63773213292
117599.63773213292
117599.63773213292
117600.93296205738
117600.93296205738
117601.25346915003
117600.25810536873
117540.2878919758
117540.2878919758
117540.81205549638
117541.92505573035
117541.92505573035
117540.92736599462
117540.40320247403
117540.40320247403
117540.40320247403
117539.8615707091
117539.8615707091
117539.8615707091
117539.8615707091
117539.8615707091
117539.8615707091
117539.8615707091
117539.8615707091
117540.8159335533
117540.8159335533
117540.8159335533
117540.8159335533
117540.8159335533
117540.8159335533
117540.8159335533
117540.8159335533
117540.8159335533
117540.8159335533
117540.8159335533
117540.8159335533
117542.19753858566
117544.78427252274
117544.78427252274
117544.78427252274
117544.78427252274
117544.96043203207
117547.28938684313
117547.28938684313
117547.28938684313
117541.97351852272
117542.81656075348
117542.2884233133
117542.28163328725
117542.28163328725
117542.28163328725
117542.58268969812
117542.58268969812
117542.58268969812
117541.33838129362
117541.33838129362
117539.14689625474
117542.17864900666
117543.47387893112
117540.0565010836
117541.23649564636
117541.41130851467
117541.4767466512
117540.9525831306
117540.9525831306
117540.9525831306
117540.9525831306
117540.94246456274
117540.87702642621
117540.87702642621
117540.87702642621
117540.87702642621
117540.87702642621
117540.87702642621
117529.48892962173
117529.48892962173
117529.49571964779
117529.49571964779
117529.56115778434
117525.64344676764
117523.53464725855
117523.53464725855
117523.53464725855
117523.5278572325
117520.11174839147
117520.11174839147
117519.92152863622
117519.92152863622
117519.92152863622
117519.92152863622
117519.92152863622
117510.34385528656
117510.34385528656
117510.34385528656
117504.68075243774
117504.68075243774
117508.05544523813
117508.05544523813
117507.92428068639
117497.17581317887
117497.17581317887
117497.71744494382
117497.71744494382
117495.11418184874
117496.30132720439
117497.50508193113
117497.50508193113
117497.50508193113
117497.50508193113
117494.6778620898
117494.6778620898
117494.6778620898
117494.6778620898
117496.07965476757
117469.24471750396
117469.24471750396
117469.24471750396
117469.80636598772
117469.80636598772
117463.72763919886
117463.72763919886
117463.72763919886
117460.48348140033
117460.48348140033
117449.96822572578
117449.96822572578
117449.96822572578
117449.96822572578
117449.96822572578
117435.54454611341
117435.65278675748
117434.44903203074
117434.44903203074
117433.04723935298
117432.8628805551
117420.98319472832
117420.98319472832
117421.20422075363
117421.20422075363
117419.86905665943
117418.59908330836
117357.0440139141
117357.0440139141
117357.0440139141
117357.0440139141
117355.85686855845
117354.85807532887
117354.85807532887
117354.85807532887
117354.85807532887
117354.85807532887
117354.85807532887
117354.85807532887
117356.88158640123
117356.88158640123
117354.80500664197
117354.80500664197
117354.80500664197
117354.80500664197
117354.80500664197
117354.79321013685
117354.79321013685
117351.8464407234
117352.12528583466
117354.74396372329
117354.74396372329
117354.74396372329
117354.74396372329
117354.74396372329
117354.74396372329
117354.74396372329
117354.74396372329
117354.74396372329
117343.4329237539
117343.4329237539
117343.4329237539
117346.19613378517
117344.42815510037
117348.95421151756
117336.02920795775
117336.02920795775
117336.02920795775
117336.02920795775
117320.50895622489
117317.88482179728
117288.6521598656
117288.6521598656
117288.6521598656
117287.44840513886
117289.33141502872
117280.78073647282
117280.78073647282
117280.78073647282
117282.80424754518
117283.22271008
117253.87955013986
117251.87852514314
117251.87852514314
117251.87852514314
117249.85501407078
117242.9131818773
117243.45481364225
117243.45481364225
117242.3753613516
117242.3753613516
117242.3753613516
117242.3753613516
117242.3753613516
117242.3753613516
117240.51112094094
117240.51112094094
117237.70366512211
117237.70366512211
117237.70366512211
117236.6806329894
117238.00916933487
117239.82109538239
117239.82109538239
117239.82109538239
117239.88653351896
117241.19132815764
117239.88653351896
117239.88653351896
117236.19159758155
117236.19159758155
117234.79762309953
117234.79762309953
117236.00137782628
117236.00137782628
117235.52027705744
117235.52027705744
117235.52027705744
117231.14981572222
117231.14981572222
117231.14981572222
117231.14981572222
117231.14981572222
117231.14302569619
117231.14302569619
117231.14302569619
117187.64174418116
117187.64174418116
117187.64174418116
117184.46667519241
117184.46667519241
117184.53211332898
117184.53211332898
117184.53211332898
117186.62016195088
117184.7307163883
117184.7307163883
117184.7307163883
117179.74119938344
117179.74119938344
117181.11871017308
117181.11871017308
117181.11871017308
117181.11871017308
117181.11871017308
117181.11871017308
117179.74119938344
117178.56120482065
117178.56120482065
117178.56120482065
117178.56120482065
117175.95997937987
117175.95997937987
117175.95997937987
117177.35758496105
117130.00294576494
117130.00294576494
117129.7358971588
117129.7358971588
117129.82011575603
117129.82011575603
117127.03340862186
117127.03340862186
117127.03340862186
117120.46743750751
117120.94193808617
117122.23606918384
117122.23606918384
117122.23606918384
117122.40335597952
117122.40335597952
117122.40335597952
117121.92885540087
117121.92885540087
117123.11600075652
117123.11600075652
117096.59510419445
117097.09226768758
117097.09226768758
117086.78818977518
117086.78818977518
117020.44841527278
117020.44841527278
116989.91886695512
116989.91886695512
116988.73172159947
116991.09886151788
116991.09886151788
116991.09886151788
116987.56214404877
116987.56214404877
116987.56214404877
116987.56214404877
116987.56214404877
116987.3719242935
116986.83029252855
116986.37222723015
116985.5125807019
116985.5125807019
116985.5125807019
116985.70280045716
116984.40866935949
116984.40866935949
116984.21844960423
116984.21844960423
116984.40866935949
116984.40866935949
116984.40866935949
116983.22867479672
116983.77030656167
116984.8371865649
116950.31060209399
116950.31060209399
116950.31060209399
116950.31060209399
116950.31060209399
116950.04355348789
116950.04355348789
116952.26215624345
116952.26215624345
116952.26215624345
116951.7225555458
116952.94415365487
116953.211202261
116952.14432225777
116956.68829977275
116957.48055971017
116905.33629299872
116906.93763967462
116905.33629299869
116881.27139553406
116881.27139553406
116881.27139553406
116821.87290938807
116821.87290938807
116824.3859649051
116824.3859649051
116824.39275493115
116824.39275493115
116824.39275493115
116824.39275493115
116814.90727637842
116814.90727637842
116814.90727637842
116787.90943919704
116671.64775101174
116671.64775101174
116671.64775101174
116671.64775101174
116671.64775101174
116671.64775101174
116671.64775101174
116671.64775101174
116663.77226664274
116663.77226664274
116663.77226664274
116663.77226664274
116663.77226664274
116663.77226664274
116650.3022264564
116644.47623927599
116644.47623927599
116644.47623927599
116644.47623927599
116644.47623927599
116644.47623927599
116644.47623927599
116645.8114033702
116645.8114033702
116647.29226949018
116647.29226949018
116647.39540626724
116647.39540626724
116647.39540626724
116643.91945619635
116643.91945619635
116643.91945619635
116643.91945619635
116643.91945619635
116643.91945619635
116645.00346477494
116645.00346477494
116645.00346477494
116645.106601552
116639.80788533977
116639.80788533977
116635.38881867474
116635.38881867474
116635.38881867474
116635.71086538964
116635.71086538964
116635.71086538964
116635.71086538964
116635.71086538964
116635.71086538964
116635.71086538964
116635.71086538964
116632.86409943739
116632.86409943739
116632.86409943739
116632.86409943739
116634.71947370621
116634.71947370621
116634.71947370621
116634.71947370621
116634.71947370621
116634.71947370621
116634.71947370621
116634.71947370621
116634.57810988402
116634.90015659892
116634.90015659892
116634.90015659892
116638.40713850854
116638.40713850854
116638.40713850854
116638.40713850854
116638.40713850854
116638.40713850854
116638.40713850854
116636.90084891306
116634.90518336988
116634.90518336988
116636.10339679585
116636.10339679585
116637.40819143454
116637.40819143454
116636.10339679585
116636.10339679585
116636.10339679585
116636.10339679585
116636.10339679585
116636.10339679585
116636.10339679585
116637.79033203948
116643.5952177955
116643.5952177955
116643.5952177955
116643.5952177955
116643.5952177955
116643.5952177955
116643.5952177955
116644.81684195445
116644.81684195445
116639.01195619843
116639.01195619843
116638.47032443347
116637.4289045457
116637.4289045457
116637.4289045457
116637.4289045457
116637.4289045457
116637.75095126059
116637.75095126059
116636.84686942732
116636.84686942732
116636.84686942732
116636.85365945337
116636.85365945337
116630.4158227667
116590.28707390746
116590.28707390746
116590.28707390746
116577.50942426773
116573.32200919691
116573.32200919691
116568.98598936919
116436.07953338102
116431.26270354478
116431.26270354478
116431.26270354478
116430.40795542335
116419.43535586038
116419.43535586038
116413.93940394482
116413.93940394482
116392.42145916556
116392.42145916556
116392.40723873633
116392.40723873633
116396.06999552457
116397.57628512004
116397.57628512004
116397.57628512004
116397.57628512004
116396.24112102581
116387.76374262926
116387.76374262926
116386.57807660464
116387.1192732536
116368.40551901952
116343.11179175891
116343.11179175891
116343.11179175891
116343.11179175891
116343.11179175891
116343.11179175891
116330.81227764925
116313.3569225473
116314.5312530692
116315.26918205814
116207.33218236858
116178.12571542212
116178.12571542212
116178.12571542212
116176.95138490023
116176.95138490023
116176.95138490023
116176.95138490023
116176.21345591129
116176.21345591129
116176.21345591129
116176.21345591129
116165.84329420351
116165.84329420351
116165.84329420351
116165.84329420351
116165.84329420351
116165.84329420351
116165.84329420351
116163.0774218899
116163.0774218899
116163.0774218899
116163.0774218899
116163.0774218899
116163.0774218899
116163.0774218899
116163.0774218899
116164.38221652858
116164.38221652858
116164.38221652858
116163.0774218899
116163.0774218899
116163.0774218899
116163.0774218899
116163.0774218899
116163.0774218899
116163.0774218899
116163.0774218899
116163.0774218899
116163.0774218899
116163.69186180492
116163.69186180492
116163.69186180492
116163.69186180492
116163.80630744812
116163.80630744812
116163.80630744812
116163.80630744812
116163.80630744812
116163.80630744812
116163.80630744812
116163.80630744812
116163.80630744812
116163.80630744812
116163.80630744812
116163.80630744812
116163.80630744812
116163.80630744812
116166.95940600018
116166.95940600018
116166.95940600018
116169.78333438061
116169.78333438061
116169.78333438061
116170.46535887232
116169.1605642336
116169.1605642336
116169.1605642336
116169.1605642336
116160.56412553563
116151.10211158983
116151.10211158983
116151.10211158983
116151.10211158983
116154.32512492013
116154.32512492013
116154.32512492013
116154.32512492013
116153.86773503924
116153.86773503924
116153.86773503924
116153.86773503924
116153.86773503924
116150.54220523335
116150.54220523335
116150.54220523335
116150.54220523335
116150.54220523335
116150.54220523335
116149.14459965218
116149.14459965218
116149.14459965218
116149.14459965218
116149.14459965218
116149.14459965218
116149.14459965218
116149.14459965218
116149.14459965218
116149.14459965218
116139.23681490004
116139.23681490004
116139.23681490004
