4586731.070814213
4480019.531151593
4387127.730449593
4266762.52367161
4183379.1381758424
4095542.2722942894
4002501.1125119077
3928364.608548423
3836911.8043805417
3763023.8789363923
3700464.060641035
3633663.1633957485
3565494.989752126
3496984.180251689
3441194.5112659214
3390791.3504126268
3355877.993005044
3298990.570333707
3261750.8114684876
3233834.0716297645
3186160.0802878495
3149900.0283231433
3110122.4009704404
3066007.2850016835
3030944.1164681804
3006402.3797884295
2973516.169141099
2937167.671712656
2907375.877972246
2869437.5174220046
2834950.4101008736
2813287.23509859
2783764.334617708
2747088.93219798
2721591.6152160917
2697380.4175385144
2674070.691222408
2656514.023270834
2634175.1879204605
2611859.2029287447
2590278.718757704
2547802.4479208374
2531702.2920631617
2509912.6850655023
2490924.258787214
2468279.0860180547
2444736.0947866626
2423896.6316790283
2411639.5368293785
2404967.247438268
2389770.278313238
2376029.5158931008
2356941.24799876
2346104.1039049327
2328624.564908442
2314713.084700551
2305604.1762192356
2293673.6914638416
2286640.6421729587
2279618.782314392
2262756.426239744
2251213.4499410903
2242772.314158171
2241674.453887633
2227659.0836915765
2216897.941730963
2200644.8008743585
2187044.914756805
2181546.5525000165
2170510.6538516507
2162853.4685981735
2149944.437499225
2141559.503797096
2133998.317870184
2126426.146797933
2118997.3777538342
2105927.7486697044
2093390.853271057
2085783.0916710936
2079244.199221449
2070870.4084652509
2064890.9657079899
2056274.428746717
2051528.247547374
2041094.8096594885
2027081.6489698528
2020468.0619067797
2010454.6873920457
2002512.5104577427
1997277.4977419619
1990646.3309520734
1979441.355882001
1973414.1240634858
1961023.2994510313
1954267.99829704
1944689.6121564396
1940364.5246153306
1933830.8801847682
1931077.141931838
1927834.3513796239
1924471.1546969935
1919254.573328772
1911538.822923396
1906259.5442447588
1903133.571631556
1895368.1664117503
1890790.8855105098
1888233.1921843784
1885375.776884628
1882310.508965427
1877193.885769491
1873601.700148168
1865653.3157679709
1854139.2086966238
1850893.2478243527
1846914.2743236127
1845280.684204369
1838606.1640179637
1832884.9226126354
1826259.149206891
1821598.6578797437
1815044.1792898886
1813075.8245739248
1809893.04425739
1805749.2211861587
1802316.2833323071
1796494.400236255
1788311.0359189129
1783925.2091114442
1779504.916011344
1773916.0037017658
1771062.644202449
1769290.624480545
1765888.3630280131
1762177.4139749974
1757858.3651910482
1754178.9729609732
1751279.7293926987
1749966.3371880145
1746250.5456842459
1743008.275342349
1738879.6959211836
1736123.2441398297
1734564.3796493388
1730305.384129372
1728174.774392276
1720885.8010702948
1715835.3522098537
1713057.295210429
1709075.129748314
1704534.2798632965
1701225.417895983
1697564.3319959724
1697564.3319959724
1695630.291098258
1695554.0629033344
1692715.753544267
1680666.7630423633
1672109.2474882577
1669574.7039460111
1667814.624408893
1666156.9057572952
1663820.25627331
1661943.2278180593
1656789.9861292136
1652394.8240202754
1649694.6061023376
1646405.6886338498
1643287.0245490088
1640078.1996688186
1638710.4905215902
1637507.7318884474
1631984.082565172
1630362.903710219
1626996.2838326544
1621480.7722242866
1617474.8199866223
1612087.6246585287
1609981.7060850752
1607552.2388844504
1603852.4424733045
1601275.1632609367
1599977.4271917394
1596607.2390859853
1596607.2390859853
1593580.1189345832
1590958.901700277
1588188.4095513206
1583040.6202062052
1580746.4404314924
1576917.0066338796
1574432.2652212598
1571316.4488207842
1571060.1689201216
1570677.0006352537
1570445.9933042973
1569138.9560408841
1567121.5977295851
1566595.5249598457
1565967.199292202
1563373.9703750738
1560649.1778929979
1559657.9353487648
1558583.490987883
1558512.0172588637
1555402.3037749554
1553870.446288169
1552192.944652181
1550464.0333774711
1550464.0333774711
1547729.5137421247
1543312.809022464
1537784.6447028602
1534682.8239042102
1532474.392263338
1531372.7232695771
1528460.1565401468
1526688.0515025961
1525614.1070363391
1524156.056743322
1518362.2432129928
1517139.7936044498
1516478.9505033183
1515787.8257321063
1515567.7543246564
1512130.1319097949
1512130.1319097949
1509966.682176843
1508608.1058205478
1507463.1164203314
1504875.1623869492
1502703.4224253567
1501032.9250115505
1497459.524197002
1493425.4560237029
1492096.0777255544
1488056.0187111641
1487161.7403864185
1486632.1756991227
1485998.0868953166
1485425.002046009
1485425.002046009
1483449.3751410788
1480473.4223421002
1478819.5426310045
1475484.716342507
1474398.3877588792
1471991.3429827322
1471265.116087655
1469777.5284575769
1467471.3969610834
1465445.526261243
1464930.6811993034
1464008.3399093188
1462908.8718325654
1459696.2287881977
1458551.3359009628
1454418.7002575141
1452494.8613135647
1450771.1765094218
1448459.163954384
1448459.163954384
1446898.738834371
1446189.8380955164
1445301.7336991061
1444779.0108841762
1441755.7566476292
1441755.7566476292
1441755.7566476292
1440880.9131778441
1438969.8919370263
1437720.8765368462
1433906.4984121285
1432772.6452394235
1431311.5550411632
1431100.652993938
1430983.4058670334
1430037.8192625274
1427850.107914067
1426671.4424624664
1426402.682147583
1426402.682147583
1424217.7540298044
1423059.7949223006
1420795.0405886858
1419689.5138985214
1419515.4085995583
1418720.8075348756
1417950.4950422402
1416529.3008898615
1415033.5351358172
1413170.064439008
1413118.8101501483
1412181.5717330575
1409185.9422238865
1404956.9776081082
1404956.9776081082
1404121.510806003
1403374.347476124
1401231.7084760182
1401044.51518219
1400001.859411154
1398361.4457636888
1397604.4018969906
1395595.0432592123
1395595.0432592123
1393380.0133750127
1392159.1820415882
1388810.8097670183
1388492.3717629514
1388010.1916195499
1387393.3738744275
1386037.4648690824
1383402.1957117952
1381847.9655862763
1380834.0423432803
1380296.5873527452
1379768.427288562
1379397.4142516134
1378619.086289165
1377319.5807827273
1375434.214691359
1372321.5224502585
1371005.4476468624
1370601.5600415342
1370486.0387391902
1368383.627179733
1367357.129658679
1366339.9088057627
1365509.7909453379
1365013.7916235637
1364590.1648778967
1364242.2582725266
1364242.2582725266
1363062.4258435336
1362602.6918019445
1362455.2607569569
1360834.6798281008
1359993.606318935
1358183.768729296
1357602.6244162135
1356978.9701626468
1356698.3692169287
1356569.906815128
1356569.906815128
1354765.8702211028
1353938.1675363928
1353630.1670962945
1353387.1242426294
1353109.035718031
1350749.7472451227
1349810.4802415161
1348920.3096851178
1348133.0611729673
1345931.0016331512
1345931.0016331512
1344845.8627503924
1344476.9263661245
1344331.7079980173
1344331.7079980173
1342150.612024491
1341730.7640678806
1339177.009647263
1338755.7237703807
1337326.2409076323
1337326.2409076323
1335459.050252735
1334469.686527037
1333813.6054734662
1333392.554528323
1332906.527915252
1330367.245059898
1328515.2734551954
1326574.4329538557
1325492.9952106052
1325492.9952106052
1323736.2599680675
1323400.6092080106
1323201.6003843837
1321829.5108248652
1320671.6926159598
1320187.6985915378
1319203.4835213101
1317740.0105821863
1315870.7768281105
1315632.5356453424
1314662.2438338757
1313343.6303909747
1313343.6303909747
1312596.0273561429
1312596.0273561429
1312596.0273561429
1312402.0833947677
1312022.9276800733
1310610.2810718443
1310552.2819106805
1309593.405002199
1309110.3125631474
1308802.531442141
1308005.0042225253
1307475.4094258756
1307475.4094258756
1303710.2397114476
1303028.8859332544
1301944.6937913252
1301568.022587099
1300432.843806325
1299138.2185106485
1298141.8613563566
1298141.8613563566
1296213.2296647714
1295357.6581681292
1293946.5117537756
1293616.1034402463
1293616.1034402463
1293214.8804944758
1292793.7961010523
1291428.146445556
1290975.8406087193
1289584.6734710708
1289074.336954634
1288113.8138629822
1288086.544046029
1283989.7222253806
1283314.0549474144
1283314.0549474144
1283314.0549474144
1283120.8180052154
1282528.4898182172
1282528.4898182172
1281040.6615154268
1280679.2825931236
1280346.2305642907
1279146.9907916638
1278258.5444715898
1277583.7044394694
1276925.054363559
1275277.1451925025
1275277.1451925025
1274979.2720625405
1274489.7381208125
1274076.3717914652
1273285.0595883415
1272278.5751139892
1272101.112443375
1270831.3212564779
1270831.3212564779
1269478.8692525453
1268662.8960419388
1268662.8960419388
1267890.2168927551
1267653.3654795703
1266999.3633238133
1266691.4805338709
1266050.0104074627
1265659.264935912
1265655.90492232
1264409.2639954563
1263184.1308366104
1263034.28676773
1261871.7298054383
1261335.9459199596
1261335.9459199596
1260771.4019946726
1260436.0776720187
1259323.9142436194
1258299.3273170255
1257243.5278246296
1255723.377937512
1253863.0026666892
1253159.519029072
1253159.519029072
1253159.519029072
1250671.9583328615
1249525.9946274278
1248858.5851709223
1247113.4999197628
1246979.0988685817
1246979.0988685817
1246117.2467213143
1246117.2467213143
1245199.3546976042
1243950.6797141014
1243406.1108766892
1243406.1108766892
1243406.1108766892
1243260.8233005493
1243002.52009111
1242907.9260739475
1242001.7179471403
1241613.7867609127
1241192.6758471585
1240914.3044584119
1240417.0924046854
1239610.3106233054
1239610.3106233054
1239610.3106233054
1239093.8828574498
1238437.5365307108
1238222.3290929869
1237513.4041679872
1236609.777057686
1235745.1461218987
1234868.8059439806
1233788.1030878378
1233788.1030878378
1232403.3439459153
1231886.6184465964
1230118.025199229
1230118.025199229
1229199.3012718293
1228444.7481464758
1228155.3131318828
1225010.3962381964
1225001.283959944
1223430.2719656047
1222230.7897748454
1221846.7421611054
1221724.0895498777
1221268.909160164
1221268.909160164
1221011.6190242397
1219992.239085412
1219670.8303277295
1219670.8303277295
1218086.2037764143
1217380.2633380794
1216641.8640581048
1216578.4265617074
1215398.6693094182
1214754.342501816
1213739.5184538842
1213739.5184538842
1213739.5184538842
1213739.5184538842
1213739.5184538842
1213282.3230530173
1213156.011038843
1211071.7166038856
1211071.7166038856
1210276.3859343673
1208845.3569878861
1207484.0618379791
1206860.2059593364
1206672.1257095565
1206067.7042304084
1205831.2833255935
1205021.9834921374
1203521.8144078753
1203521.8144078753
1202946.6828299332
1202860.8119319037
1202860.8119319037
1202380.1318490496
1202380.1318490496
1202366.9339753652
1202309.3254700666
1202009.6687023405
1202009.6687023405
1201724.4724847926
1201724.4724847926
1201303.5301852915
1200975.9879067251
1200975.9879067251
1200085.4248967045
1199198.8397160172
1197921.532804863
1197476.7057290575
1197476.7057290575
1197257.2858722163
1197257.2858722163
1197184.0290288383
1197059.6686663993
1196262.187166487
1194559.462374371
1194559.462374371
1194233.8614731971
1193420.9843622018
1193412.4390145284
1193412.4390145284
1193044.7564966634
1193011.4081585424
1191885.5156472903
1191885.5156472903
1191601.366387819
1191477.5793256238
1190427.6478669583
1189967.596777326
1189793.2377074524
1189277.8720981735
1188210.796160176
1186648.020879744
1185438.678331155
1185364.3798773596
1185148.5663910422
1184785.551280174
1184667.4204299888
1184667.4204299888
1184667.4204299888
1183833.6670726282
1183714.2964925938
1183672.3373890384
1183672.3373890384
1183317.0257874548
1182850.8753565026
1182248.5116249137
1182180.437958019
1181806.6551248296
1181585.5636971472
1181437.5849109697
1181437.5849109697
1181057.2324093275
1181057.2324093275
1180381.3238231742
1180381.3238231742
1179811.51818544
1179811.51818544
1179610.4619672825
1179140.2941921323
1178422.3792029885
1178422.3792029885
1177064.058893069
1176303.852484141
1176303.852484141
1176266.7343601268
1176266.7343601268
1175141.998670907
1175013.4859024263
1175013.4859024263
1174089.3070965302
1174089.3070965302
1173371.4921702005
1173189.8224781854
1172890.6580976506
1172625.0393574168
1172594.7617050903
1172594.7617050903
1172511.4811475785
1171831.4873600183
1171463.1057062736
1170368.8401101916
1170362.1659017582
1170362.1659017582
1170362.1659017582
1170268.0523876254
1170268.0523876254
1170259.8452900178
1170189.1278573987
1170188.4982793499
1168732.4028544403
1168732.4028544403
1168732.4028544403
1168732.4028544403
1167782.9343747257
1167602.4084777562
1167367.5590956481
1165977.5241440865
1165856.2508011125
1165856.2508011125
1165304.2526971349
1164870.019640068
1164753.955825717
1164202.355182702
1164202.355182702
1163477.5397467087
1163235.1920788456
1162944.5772219005
1162687.2993583335
1162687.2993583335
1161841.9022667948
1161841.9022667948
1161841.9022667948
1160733.665989295
1160733.665989295
1160667.5554454005
1160488.2487585684
1159561.8097196266
1159434.4574462764
1158627.9721143069
1157441.497235361
1157441.497235361
1157441.497235361
1156850.3859269912
1156270.5416773628
1156064.741845073
1155476.3673021041
1155476.3673021041
1155009.0443294006
1155009.0443294006
1155009.0443294006
1155009.0443294006
1153383.6689496918
1153013.925981413
1153013.925981413
1152826.5196842193
1152826.5196842193
1152826.5196842193
1152122.4053969192
1151803.8498513233
1150749.5508028527
1150618.3834489714
1150618.3834489714
1150618.3834489714
1150618.3834489714
1150618.3834489714
1150618.3834489714
1149368.407275095
1148993.9578743922
1148864.2000561
1148551.0164841195
1148094.3058084878
1147762.349784944
1147762.349784944
1147762.349784944
1147762.349784944
1147762.349784944
1147762.349784944
1147762.349784944
1146477.0473131263
1146477.0473131263
1146253.2029789805
1146092.2114629492
1146092.2114629492
1145842.5443394815
1145842.5443394815
1145842.5443394815
1145552.0655861688
1145461.0471290622
1144494.0379066905
1144494.0379066905
1144457.4155606462
1144067.9845903066
1144067.9845903066
1144067.9845903066
1144067.9845903066
1144067.9845903066
1142334.6625801676
1142334.6625801676
1142334.6625801676
1142334.6625801676
1142033.2301187485
1141130.8853788292
1141130.8853788292
1141101.1684886292
1141101.1684886292
1140876.4556600112
1140876.4556600112
1140774.4253226072
1140774.4253226072
1140065.4769201719
1140065.4769201719
1140065.4769201719
1140065.4769201719
1140022.3170908676
1139338.6356504508
1138678.7531419164
1138492.7487399676
1138243.2043120987
1138243.2043120987
1138243.2043120987
1137635.4270808958
1137635.4270808958
1137435.2123341612
1137435.2123341612
1137222.4046855457
1137222.4046855457
1137222.4046855457
1137222.4046855457
1137222.4046855457
1137222.4046855457
1137189.2135270727
1137189.2135270727
1136598.2709645485
1134183.2717505272
1134183.2717505272
1133819.5977426092
1132974.558547881
1132664.5834133436
1131439.4062284976
1131231.8392774314
1131231.8392774314
1131231.8392774314
1131177.8060308069
1131177.8060308069
1131177.8060308069
1130117.855091081
1130117.855091081
1130079.4632557766
1129635.7401862438
1129094.3567755162
1129094.3567755162
1128678.3833489816
1128099.7803827086
1128099.7803827086
1128099.7803827086
1127757.4840755588
1127192.6778619937
1126745.366431403
1126490.1791048525
1126490.1791048525
1125588.5058264441
1125588.5058264441
1125588.5058264441
1125122.8252475546
1124757.9810891843
1124421.9666646137
1123224.926950464
1122387.064428363
1121481.2102656688
1120699.2294584664
1119957.3624136476
1119957.3624136476
1119957.3624136476
1119957.3624136476
1119873.2217499586
1119028.82975529
1119028.82975529
1119028.82975529
1119028.82975529
1119028.82975529
1118967.3284907183
1118035.6313520474
1118035.6313520474
1117577.0538621363
1117577.0538621363
1117577.0538621363
1117577.0538621363
1117577.0538621363
1117577.0538621363
1115267.915273244
1115267.915273244
1115267.915273244
1115267.915273244
1114356.848032634
1114124.058221613
1114124.058221613
1113998.8344535981
1112974.0962836854
1112974.0962836854
1112974.0962836854
1112705.8915464547
1112705.8915464547
1112039.765757145
1110949.8808665597
1110949.8808665597
1109816.4835198266
1109816.4835198266
1107781.8337007037
1107781.8337007037
1107127.1415241875
1106972.9628231644
1106943.2757428244
1106943.2757428244
1106878.1334384724
1106878.1334384724
1106878.1334384724
1106878.1334384724
1105534.5823735618
1105373.7845869001
1105373.7845869001
1105373.7845869001
1105211.0497108442
1105127.1159912331
1105067.974922004
1104438.0213480582
1104267.7664790526
1104267.7664790526
1104190.761554811
1103493.848078308
1103493.848078308
1103493.848078308
1103493.848078308
1102996.4673786298
1102996.4673786298
1102996.4673786298
1102931.4033808913
1102931.4033808913
1102931.4033808913
1102426.6197711423
1102426.6197711423
1102426.6197711423
1102426.6197711423
1102426.6197711423
1101995.3027409015
1101332.435988494
1101332.435988494
1100724.1072392636
1100371.1417815043
1100371.1417815043
1100371.1417815043
1099988.343505411
1099736.742845655
1099455.9844172443
1098959.2292669094
1098422.6206292238
1098170.9464022014
1098170.9464022014
1097773.4817670546
1097773.4817670546
1096943.3600807828
1096889.9066655925
1096067.2177954777
1095161.7610874104
1095108.4394559779
1095108.4394559779
1094936.0464047377
1094416.7194545786
1093878.96613996
1093878.96613996
1093878.96613996
1093878.96613996
1093878.96613996
1093111.9094289583
1092996.5042678379
1092554.2581173875
1092380.1092560254
1092380.1092560254
1092027.5610225648
1092027.5610225648
1091453.3182458223
1091419.57796561
1091419.57796561
1091419.57796561
1091318.2535742344
1091043.894593542
1090460.9870385886
1090460.9870385886
1090295.5821917746
1090295.5821917746
1090295.5821917746
1090295.5821917746
1090295.5821917746
1089826.9367104347
1089440.6954519632
1089440.6954519632
1089440.6954519632
1089440.6954519632
1088751.0543064913
1088751.0543064913
1088490.3465111451
1088490.3465111451
1088270.8643337525
1088270.8643337525
1087080.660083165
1087080.660083165
1086781.1931104534
1086348.5244369255
1086348.5244369255
1086324.3494355849
1086193.989581954
1086133.5830380034
1086133.5830380034
1086133.5830380034
1086133.5830380034
1085810.0031999536
1085810.0031999536
1085810.0031999536
1085810.0031999536
1085810.0031999536
1085183.0357630388
1085183.0357630388
1084698.821652656
1084698.821652656
1084161.5917244914
1084161.5917244914
1084161.5917244914
1084161.5917244914
1084161.5917244914
1083572.5075235227
1083276.0429308086
1083276.0429308086
1082931.6732136207
1081940.7154647694
1081768.9073547027
1081227.0984612643
1081227.0984612643
1081227.0984612643
1081227.0984612643
1081227.0984612643
1081227.0984612643
1081227.0984612643
1080733.4751892071
1080733.4751892071
1080006.76393781
1080006.76393781
1080006.76393781
1079160.2192113716
1078846.6176777317
1078747.468706172
1078747.468706172
1078465.3062826805
1077920.826322651
1077920.826322651
1077166.408694231
1076971.4255288946
1076971.4255288946
1076971.4255288946
1076971.4255288946
1076853.2606590493
1075189.6035761628
1075189.6035761628
1075012.8232558398
1075012.8232558398
1074963.332973313
1074963.332973313
1074527.3438235372
1074123.3979091542
1074123.3979091542
1073913.3781004362
1073305.940557805
1073305.940557805
1073141.357727689
1072096.139868467
1071717.8372542462
1071394.1392274874
1071394.1392274874
1071394.1392274874
1071394.1392274874
1071182.8880325963
1071182.8880325963
1071182.8880325963
1070534.9327288037
1070534.9327288037
1070185.0100387707
1070185.0100387707
1069447.0021020863
1069367.9688214213
1069367.9688214213
1069007.1116765852
1069007.1116765852
1069001.5867616418
1069001.5867616418
1068659.374666151
1068308.7421095064
1068308.7421095064
1068084.471832916
1067672.1765741687
1067672.1765741687
1067313.0447947513
1067206.141865761
1067206.141865761
1067005.980523339
1066885.2446507956
1066064.0791037558
1065700.438217625
1065128.7416788826
1064904.442023941
1064904.442023941
1064904.442023941
1064904.442023941
1064904.442023941
1064904.442023941
1064904.442023941
1064904.442023941
1064904.442023941
1063754.0515329577
1063754.0515329577
1063754.0515329577
1063754.0515329577
1063754.0515329577
1063485.3974418922
1063485.3974418922
1063485.3974418922
1063485.3974418922
1063420.408270119
1063420.408270119
1063420.408270119
1062773.5980020892
1062773.5980020892
1062773.5980020892
1062580.1852558118
1062164.7774240891
1062164.7774240891
1061537.5820782413
1061423.3622771283
1061423.3622771283
1059090.5482114968
1059090.5482114968
1058648.2992032506
1058648.2992032506
1058517.5892876433
1058517.5892876433
1058403.6308010565
1058403.6308010565
1058185.522321052
1058185.522321052
1057832.036752592
1057832.036752592
1057657.0068551847
1057657.0068551847
1057420.0344522882
1057316.7988940477
1056393.9796526611
1056393.9796526611
1056393.9796526611
1055711.5780012507
1055321.9305626117
1055321.9305626117
1055321.9305626117
1055289.4283866682
1055289.4283866682
1055289.4283866682
1055289.4283866682
1055289.4283866682
1054480.6214340331
1054480.6214340331
1054314.5185029032
1054256.2712718586
1054256.2712718586
1054256.2712718586
1051920.6522284194
1051660.0836025798
1051660.0836025798
1051346.7337423721
1051346.7337423721
1051013.6177853828
1051013.6177853828
1050653.0545314157
1050042.3965654343
1050042.3965654343
1049940.9621345252
1049940.9621345252
1049940.9621345252
1049940.9621345252
1049940.9621345252
1049940.9621345252
1049940.9621345252
1049139.9650832342
1049139.9650832342
1049139.9650832342
1049040.3299800758
1049040.3299800758
1049040.3299800758
1049040.3299800758
1049040.3299800758
1048964.867993836
1048728.7055795735
1048728.7055795735
1048728.7055795735
1048728.7055795735
1047929.8973382635
1047929.8973382635
1047761.038738807
1047761.038738807
1047478.7968067701
1047478.7968067701
1047478.7968067701
1047478.7968067701
1047478.7968067701
1047478.7968067701
1047478.7968067701
1046920.330954516
1046599.2916482668
1046599.2916482668
1046599.2916482668
1046599.2916482668
1046208.3489504178
1045912.6343551625
1045912.6343551625
1045912.6343551625
1045909.2189342679
1045909.2189342679
1045909.2189342679
1045909.2189342679
1045909.2189342679
1045909.2189342679
1045909.2189342679
1045909.2189342679
1045909.2189342679
1045909.2189342679
1045909.2189342679
1045909.2189342679
1045909.2189342679
1045701.2242761166
1045644.0907322187
1045239.9804918393
1045239.9804918393
1045154.3506313699
1045154.3506313699
1045154.3506313699
1043784.6038461562
1042787.9486233616
1042787.9486233616
1042787.9486233616
1042787.9486233616
1042787.9486233616
1042787.9486233616
1042787.9486233616
1042787.9486233616
1041382.0734790113
1041382.0734790113
1041382.0734790113
1041382.0734790113
1040691.0064123714
1040691.0064123714
1039492.5683547694
1039492.5683547694
1038401.4013666996
1037428.9953813478
1037133.3033739766
1036922.6843046786
1036710.5890822659
1036217.2320844282
1036217.2320844282
1035454.1335551543
1033920.0098980274
1033847.5444857032
1033579.6467265454
1033579.6467265454
1033579.6467265454
1033579.6467265454
1033579.6467265454
1033179.2048892959
1033179.2048892959
1033179.2048892959
1033179.2048892959
1032204.8868137154
1032204.8868137154
1032204.8868137154
1032204.8868137154
1032204.8868137154
1032142.6468158299
1032142.6468158299
1032142.6468158299
1032142.6468158299
1032142.6468158299
1032142.6468158299
1032142.6468158299
1032079.5534177246
1031768.1194525978
1031768.1194525978
1031004.2290351881
1031004.2290351881
1031004.2290351881
1031004.2290351881
1030992.1159908592
1030992.1159908592
1030850.4468607141
1030850.4468607141
1030645.5756792447
1030254.126352886
1029745.2689626731
1029734.4805397524
1029734.4805397524
1029734.4805397524
1029734.4805397524
1029734.4805397524
1029734.4805397524
1029686.7664211408
1029266.6520481415
1029266.6520481415
1029266.6520481415
1029266.6520481415
1029266.6520481415
1029130.7358540151
1028551.4197524328
1028551.4197524328
1028551.4197524328
1028551.4197524328
1028551.4197524328
1028551.4197524328
1028551.4197524328
1028551.4197524328
1028551.4197524328
1028551.4197524328
1028551.4197524328
1028551.4197524328
1028551.4197524328
1028551.4197524328
1027915.5533912298
1027803.9595849938
1027803.9595849938
1027803.9595849938
1027803.9595849938
1027730.9380438334
1027008.8897689132
1027008.8897689132
1027008.8897689132
1026918.887741921
1026918.887741921
1026918.887741921
1026563.9859095239
1026563.9859095239
1026563.9859095239
1026457.8312235498
1026457.8312235498
1026457.8312235498
1026457.8312235498
1026457.8312235498
1026457.8312235498
1026210.4527148106
1026210.4527148106
1026144.6373534171
1026113.8219674963
1026113.8219674963
1026043.3816717846
1025773.9631046471
1025773.9631046471
1025147.1715796725
1025147.1715796725
1025147.1715796725
1025147.1715796725
1025147.1715796725
1025084.1943266495
1025084.1943266495
1024895.8175843409
1024767.2172253453
1024701.2443209086
1024220.5313158149
1024101.8249214268
1024101.8249214268
1023637.2149982753
1023637.2149982753
1023614.6289519022
1023614.6289519022
1023470.2492357749
1022462.3264693525
1022462.3264693525
1022462.3264693525
1022462.3264693525
1022462.3264693525
1021532.4068193441
1021532.4068193441
1021403.2400704613
1021403.2400704613
1020999.0945165064
1020745.5664497314
1020745.5664497314
1020242.0592317367
1020242.0592317367
1020055.0423699798
1020055.0423699798
1019879.0053536886
1019589.6772307446
1019589.6772307446
1019469.6509355528
1019469.6509355528
1018741.5549255766
1018510.433963106
1018468.7458302535
1018039.9239159682
1017666.4792568493
1017666.4792568493
1017370.6454570987
1017370.6454570987
1017370.6454570987
1017370.6454570987
1017237.3148640497
1016921.9301357431
1016921.9301357431
1016921.9301357431
1016921.9301357431
1016921.9301357431
1016776.0495957758
1016776.0495957758
1016776.0495957758
1016776.0495957758
1016776.0495957758
1016709.8828375168
1016709.8828375168
1016709.8828375168
1016709.8828375168
1016709.8828375168
1016709.8828375168
1016673.9248719078
1016673.9248719078
1016504.0031160503
1016504.0031160503
1016314.9543878055
1016177.1674785456
1016165.8848161115
1016165.8848161115
1016165.8848161115
1016165.8848161115
1015735.1177098169
1015589.8704383154
1015534.5706940324
1015534.5706940324
1014470.5290507653
1014106.72746702
1014106.72746702
1014106.72746702
1013133.2682752032
1013133.2682752032
1012965.3252228062
1012965.3252228062
1012965.3252228062
1012608.4486096229
1012605.8418820696
1011937.6305300802
1011937.6305300802
1011471.2588474422
1011359.8855981873
1011359.8855981873
1011359.8855981873
1011359.8855981873
1011329.132722097
1011329.132722097
1011329.132722097
1011329.132722097
1011069.2755290348
1010427.2072853809
1010427.2072853809
1010386.4421484253
1010386.4421484253
1010386.4421484253
1010218.0032737433
1010096.1919519581
1010096.1919519581
1010096.1919519581
1009758.9667272964
1009399.6810614262
1008540.2593103827
1008458.2869754895
1008458.2869754895
1008458.2869754895
1007914.7968666053
1007914.7968666053
1007191.8183713946
1007191.8183713946
1007121.0463806477
1005931.3001873405
1005931.3001873405
1005837.8209200678
1005837.8209200678
1005837.8209200678
1005837.8209200678
1005837.8209200678
1005837.8209200678
1005837.8209200678
1005837.8209200678
1005715.3242409644
1005715.3242409644
1005068.2093400913
1005068.2093400913
1005068.2093400913
1005068.2093400913
1005068.2093400913
1005068.2093400913
1004954.1723782516
1004954.1723782516
1004954.1723782516
1004788.0031631833
1004788.0031631833
1004788.0031631833
1004788.0031631833
1004788.0031631833
1004788.0031631833
1004788.0031631833
1004788.0031631833
1004788.0031631833
1004157.7334009125
1004157.7334009125
1003518.3060472473
1003518.3060472473
1003518.3060472473
1003518.3060472473
1003518.3060472473
1003518.3060472473
1003442.4043564182
1003442.4043564182
1003442.4043564182
1003332.8869287124
1003240.51641082
1002640.0477134422
1002640.0477134422
1002622.3422599836
1002503.593785273
1002503.593785273
1002280.781294909
1002280.781294909
1002280.781294909
1002148.6442803679
1001821.5815485911
1001646.5921249297
1001646.5921249297
1001646.5921249297
1001646.5921249297
1001646.5921249297
1001646.5921249297
1001646.5921249297
1001646.5921249297
1001646.5921249297
1001646.5921249297
1001646.5921249297
1001646.5921249297
1001120.8175424938
1001120.8175424938
1001120.8175424938
1001120.8175424938
1001120.8175424938
999990.5115689558
999990.5115689558
999990.5115689558
999990.5115689558
999990.5115689558
999990.5115689558
999990.5115689558
999930.3590306992
999930.3590306992
999583.2775512167
998593.2438709929
998579.9726131412
998579.9726131412
998579.9726131412
997903.046276552
997903.046276552
997837.0950222481
997837.0950222481
997723.137269682
997723.137269682
997723.137269682
997723.137269682
997723.137269682
997723.137269682
996901.9996403288
996014.5967483362
996014.5967483362
996014.5967483362
995664.9992762927
995119.8992388439
995119.8992388439
994708.2732487189
994708.2732487189
994708.2732487189
994708.2732487189
994708.2732487189
994000.5074864235
994000.5074864235
994000.5074864235
994000.5074864235
994000.5074864235
994000.5074864235
994000.5074864235
993931.6687333572
993931.6687333572
993412.082233368
993412.082233368
993412.082233368
993412.082233368
993412.082233368
993412.082233368
993412.082233368
993412.082233368
993315.9640886737
993315.9640886737
993315.9640886737
993315.9640886737
992677.2037630936
992677.2037630936
992677.2037630936
992677.2037630936
992677.2037630936
992187.2260603195
992187.2260603195
991839.4823325803
991839.4823325803
991839.4823325803
991839.4823325803
991839.4823325803
991839.4823325803
991588.167357973
991026.4627187094
991026.4627187094
989799.9430304558
989799.9430304558
988921.5350950942
988921.5350950942
988921.5350950942
988921.5350950942
988921.5350950942
988921.5350950942
988921.5350950942
988921.5350950942
988921.5350950942
988921.5350950942
988144.8956534899
987435.5359594501
987435.5359594501
987080.4599436484
986621.323377621
986621.323377621
986621.323377621
986186.5227828403
986186.5227828403
986186.5227828403
986186.5227828403
986186.5227828403
986186.5227828403
986186.5227828403
985510.6632603887
984112.4993252956
984006.0511577243
984006.0511577243
984006.0511577243
984006.0511577243
984006.0511577243
984006.0511577243
983985.3249271146
983985.3249271146
983778.2163979076
983778.2163979076
983571.9207835433
983571.9207835433
983571.9207835433
983571.9207835433
983571.9207835433
983571.9207835433
983571.9207835433
983571.9207835433
983571.9207835433
983571.9207835433
983571.9207835433
983571.9207835433
983312.4588685574
983312.4588685574
983312.4588685574
983312.4588685574
983312.4588685574
983312.4588685574
983312.4588685574
983312.4588685574
982552.9667421667
982552.9667421667
982324.3405721814
982324.3405721814
982055.7743457492
981733.7710160188
981733.7710160188
980971.4574960106
980971.4574960106
980815.5226097652
980815.5226097652
980355.8986808949
980355.8986808949
980355.8986808949
980355.8986808949
980092.4821151926
980092.4821151926
980092.4821151926
980092.4821151926
980092.4821151926
980092.4821151926
979805.673537971
979151.7320134745
978972.4917708071
978972.4917708071
978726.0767605155
977926.1237874446
977926.1237874446
977926.1237874446
977730.0755776309
977730.0755776309
977076.3322196549
977076.3322196549
975914.117334231
975914.117334231
975914.117334231
975914.117334231
974839.3952799275
974400.9578382594
974400.9578382594
974400.9578382594
974400.9578382594
974400.9578382594
974400.9578382594
974265.054864824
974265.054864824
974265.054864824
974265.054864824
973891.1630731571
973891.1630731571
973891.1630731571
973891.1630731571
973891.1630731571
973891.1630731571
973891.1630731571
973891.1630731571
973891.1630731571
973891.1630731571
973891.1630731571
973588.6051544258
973588.6051544258
973588.6051544258
973550.6037072807
973550.6037072807
972914.1928811073
972914.1928811073
972914.1928811073
972914.1928811073
972914.1928811073
972914.1928811073
972914.1928811073
972914.1928811073
972914.1928811073
972612.1724641807
972612.1724641807
972612.1724641807
972612.1724641807
972595.8276204971
972428.895316865
972428.895316865
972428.895316865
972428.895316865
972407.8524144358
972407.8524144358
972396.8853046948
972083.5169237175
972083.5169237175
972083.5169237175
972083.5169237175
972083.5169237175
972083.5169237175
972083.5169237175
971659.5937961548
971659.5937961548
971659.5937961548
971659.5937961548
971659.5937961548
971659.5937961548
970789.8549601496
970568.8567988363
970568.8567988363
970568.8567988363
970568.8567988363
969291.509033412
969291.509033412
968401.5057033459
968401.5057033459
968401.5057033459
968258.5007519403
967981.0585500076
967981.0585500076
967688.724734471
967688.724734471
967688.724734471
967098.0315239052
967098.0315239052
967098.0315239052
967098.0315239052
967098.0315239052
966789.6301694732
966789.6301694732
966789.6301694732
966789.6301694732
966789.6301694732
966529.5785426882
966529.5785426882
966529.5785426882
966529.5785426882
966529.5785426882
966529.5785426882
966529.5785426882
966529.5785426882
966529.5785426882
966529.5785426882
966529.5785426882
966463.8353637322
966463.8353637322
966098.5067844264
966098.5067844264
966098.5067844264
966098.5067844264
966080.7953097303
965890.1114482475
965890.1114482475
965699.4061130917
965699.4061130917
965699.4061130917
965699.4061130917
965047.374206906
965047.374206906
964795.032385233
964795.032385233
964795.032385233
964795.032385233
964795.032385233
964795.032385233
964795.032385233
964699.6853732268
964699.6853732268
964699.6853732268
964080.0208048355
963284.5083008376
963284.5083008376
963284.5083008376
963284.5083008376
962867.9909887122
962727.0023745836
962727.0023745836
962102.9505394829
962033.284983892
962033.284983892
961802.9031377353
961802.9031377353
961802.9031377353
961802.9031377353
961583.5953875205
961583.5953875205
961583.5953875205
961583.5953875205
961278.5752902082
960715.372879334
960715.372879334
960715.372879334
960715.372879334
960715.372879334
960715.372879334
960715.372879334
960715.372879334
960715.372879334
960715.372879334
960715.372879334
960715.372879334
960715.372879334
959775.784278214
959775.784278214
959775.784278214
959775.784278214
959775.784278214
959082.2050586261
959082.2050586261
958561.2296377304
958561.2296377304
958561.2296377304
958561.2296377304
958561.2296377304
958561.2296377304
958561.2296377304
958561.2296377304
958561.2296377304
958561.2296377304
957966.9328114097
957966.9328114097
957966.9328114097
957966.9328114097
957966.9328114097
957966.9328114097
957966.9328114097
957966.9328114097
957966.9328114097
957966.9328114097
957284.3357606207
956759.6012956747
956759.6012956747
956674.2995717647
956674.2995717647
956674.2995717647
956674.2995717647
956103.2154652608
956103.2154652608
956103.2154652608
955520.2203274606
955520.2203274606
955520.2203274606
955520.2203274606
955520.2203274606
955520.2203274606
954883.6928478264
954618.4252707982
954618.4252707982
954618.4252707982
954618.4252707982
954618.4252707982
954618.4252707982
954618.4252707982
954618.4252707982
954618.4252707982
954618.4252707982
954618.4252707982
954533.9170878269
954533.9170878269
954308.5678465189
954253.8345202913
954214.3460506109
954214.3460506109
954214.3460506109
954214.3460506109
954214.3460506109
954214.3460506109
954030.9286065771
953786.0759831297
953786.0759831297
953786.0759831297
952944.3462190811
952944.3462190811
952944.3462190811
952944.3462190811
952732.7591590185
952732.7591590185
952595.5166552475
952595.5166552475
952595.5166552475
952595.5166552475
952595.5166552475
952595.5166552475
952595.5166552475
952595.5166552475
951866.2875607116
951845.2107854949
951845.2107854949
951845.2107854949
951845.2107854949
951845.2107854949
951479.9010612484
951479.9010612484
951479.9010612484
951479.9010612484
951479.9010612484
951479.9010612484
951479.9010612484
951479.9010612484
951479.9010612484
951479.9010612484
951479.9010612484
951474.6147422956
951458.1673171779
951458.1673171779
951458.1673171779
951458.1673171779
951458.1673171779
951458.1673171779
951458.1673171779
951458.1673171779
951458.1673171779
951458.1673171779
951458.1673171779
951344.921461104
951331.4070680505
951331.4070680505
951245.5494999562
951245.5494999562
951245.5494999562
951245.5494999562
951245.5494999562
951245.5494999562
951245.5494999562
951245.5494999562
951245.5494999562
951245.5494999562
951245.5494999562
951245.5494999562
951245.5494999562
951245.5494999562
950913.2750112917
950913.2750112917
950913.2750112917
950362.286152185
950362.286152185
950362.286152185
950362.286152185
950149.9366731257
950149.9366731257
950149.9366731257
950149.9366731257
950149.9366731257
950149.9366731257
950149.9366731257
950149.9366731257
950149.9366731257
950149.9366731257
950149.9366731257
950149.9366731257
949750.4909427072
949750.4909427072
948823.2445979009
948823.2445979009
948823.2445979009
948823.2445979009
948731.2155345501
948731.2155345501
948731.2155345501
948731.2155345501
948731.2155345501
948731.2155345501
948731.2155345501
948731.2155345501
948731.2155345501
948731.2155345501
948731.2155345501
948462.1731735496
948462.1731735496
948462.1731735496
948043.3857147708
948043.3857147708
948043.3857147708
948043.3857147708
948043.3857147708
948043.3857147708
948043.3857147708
948043.3857147708
948043.3857147708
948043.3857147708
948043.3857147708
948043.3857147708
948043.3857147708
948043.3857147708
948043.3857147708
948043.3857147708
948043.3857147708
947796.0150187765
947796.0150187765
947796.0150187765
947796.0150187765
947796.0150187765
947796.0150187765
947796.0150187765
947796.0150187765
947796.0150187765
947796.0150187765
947796.0150187765
947796.0150187765
947796.0150187765
947796.0150187765
947747.9368757628
947720.5801559607
947720.5801559607
947630.06733141
947630.06733141
947630.06733141
947630.06733141
947630.06733141
947225.6486811244
947225.6486811244
947225.6486811244
947225.6486811244
947225.6486811244
946445.2182332034
946445.2182332034
946445.2182332034
945798.1100349573
945798.1100349573
945798.1100349573
945798.1100349573
945798.1100349573
945798.1100349573
945798.1100349573
945208.4650622879
945208.4650622879
945208.4650622879
945208.4650622879
944799.8711878536
944799.8711878536
944799.8711878536
944799.8711878536
944799.8711878536
944799.8711878536
944799.8711878536
944799.8711878536
944799.8711878536
944468.99771824
944468.99771824
944468.99771824
944468.99771824
944468.99771824
944468.99771824
944468.99771824
944468.99771824
944468.99771824
944468.99771824
944468.99771824
944405.6319541935
944405.6319541935
944405.6319541935
944405.6319541935
944405.6319541935
944405.6319541935
944405.6319541935
944405.6319541935
944405.6319541935
944248.2896682865
944156.9084239556
944156.9084239556
944147.7534987777
944147.7534987777
944147.7534987777
944147.7534987777
943746.1730677265
943746.1730677265
943158.7988677316
943158.7988677316
943158.7988677316
943158.7988677316
943158.7988677316
943158.7988677316
943158.7988677316
943158.7988677316
942877.4605175201
942877.4605175201
942877.4605175201
942501.047733448
942501.047733448
942266.4046869414
942266.4046869414
942266.4046869414
942266.4046869414
942266.4046869414
942266.4046869414
942266.4046869414
941920.484721592
941920.484721592
941691.1625978283
941691.1625978283
941691.1625978283
941691.1625978283
941691.1625978283
941420.8215353295
941339.5774725302
941339.5774725302
941339.5774725302
941339.5774725302
941339.5774725302
941339.5774725302
941300.8012035703
941300.8012035703
941300.8012035703
941300.8012035703
941300.8012035703
941149.6142374878
941149.6142374878
941149.6142374878
941149.6142374878
941049.7005704863
941049.7005704863
941049.7005704863
940287.9984308842
940287.9984308842
939859.2008220202
939859.2008220202
939859.2008220202
939859.2008220202
939846.6687132178
939846.6687132178
939846.6687132178
939846.6687132178
939846.6687132178
939846.6687132178
939412.2527151236
939412.2527151236
939412.2527151236
939412.2527151236
939412.2527151236
939412.2527151236
939367.9767034601
939367.9767034601
939367.9767034601
939367.9767034601
939367.9767034601
939367.9767034601
939367.9767034601
939367.9767034601
939367.9767034601
939367.9767034601
939367.9767034601
939367.9767034601
939367.9767034601
939367.9767034601
939367.9767034601
939367.9767034601
939367.9767034601
939113.7139095508
939113.7139095508
938738.8864902743
938738.8864902743
938718.0676425302
938378.5733444886
938378.5733444886
938378.5733444886
938378.5733444886
938378.5733444886
938378.5733444886
938004.5390062009
938004.5390062009
938004.5390062009
938004.5390062009
938004.5390062009
938004.5390062009
938004.5390062009
937450.2605442833
937450.2605442833
937450.2605442833
937450.2605442833
937450.2605442833
937450.2605442833
937450.2605442833
937450.2605442833
937450.2605442833
937399.6956687552
936993.1183900407
936390.3752844036
936390.3752844036
936295.453835781
936295.453835781
936295.453835781
936295.453835781
935749.2788788266
935749.2788788266
935749.2788788266
935749.2788788266
935749.2788788266
935623.5496768795
935623.5496768795
935623.5496768795
935623.5496768795
935168.1945472029
935168.1945472029
935168.1945472029
935168.1945472029
935168.1945472029
935168.1945472029
935168.1945472029
935168.1945472029
935168.1945472029
934971.9039808644
934971.9039808644
934971.9039808644
934971.9039808644
934971.9039808644
934252.642779726
934252.642779726
934159.9693979594
934159.9693979594
933731.5035594366
933731.5035594366
933731.5035594366
933731.5035594366
933731.5035594366
933731.5035594366
933731.5035594366
933731.5035594366
933731.5035594366
933731.5035594366
933731.5035594366
933731.5035594366
933731.5035594366
933731.5035594366
933731.5035594366
933731.5035594366
933637.3910753871
933215.7665050434
933215.7665050434
933215.7665050434
933215.7665050434
933215.7665050434
933215.7665050434
932838.7405371002
932838.7405371002
932496.9340093102
932496.9340093102
932496.9340093102
932496.9340093102
932356.5809702289
931830.8349564574
931195.8455334628
931195.8455334628
931170.2423358726
931170.2423358726
931047.2422335455
931047.2422335455
931047.2422335455
931047.2422335455
931047.2422335455
931047.2422335455
931047.2422335455
931047.2422335455
931047.2422335455
931047.2422335455
931047.2422335455
931047.2422335455
931047.2422335455
931047.2422335455
931047.2422335455
930207.5651233529
930207.5651233529
930207.5651233529
930207.5651233529
930207.5651233529
930129.6364073625
930129.6364073625
930129.6364073625
930129.6364073625
930129.6364073625
930129.6364073625
930129.6364073625
929906.4670539465
929771.8961377643
929771.8961377643
928655.2090821945
927879.7968091415
927879.7968091415
927804.5205541993
927623.6065908017
927623.6065908017
927623.6065908017
927623.6065908017
927623.6065908017
927623.6065908017
927623.6065908017
927623.6065908017
927623.6065908017
927623.6065908017
927623.6065908017
927623.6065908017
927623.6065908017
927623.6065908017
927623.6065908017
927623.6065908017
927623.6065908017
927623.6065908017
927623.6065908017
927623.6065908017
927623.6065908017
927623.6065908017
927623.6065908017
927623.6065908017
927623.6065908017
927298.5175785816
927298.5175785816
926821.6351393997
926620.4680776973
926620.4680776973
925857.2766372652
925857.2766372652
925857.2766372652
925857.2766372652
925857.2766372652
925170.2036718673
925170.2036718673
925170.2036718673
925170.2036718673
925170.2036718673
925170.2036718673
925170.2036718673
925170.2036718673
925170.2036718673
925170.2036718673
925170.2036718673
925170.2036718673
925170.2036718673
925170.2036718673
925170.2036718673
924979.8336272964
924979.8336272964
924979.8336272964
924979.8336272964
924979.8336272964
924885.0021511717
924885.0021511717
924885.0021511717
924642.9541419244
924642.9541419244
924642.9541419244
924642.9541419244
924642.9541419244
924642.9541419244
924642.9541419244
924390.6361765878
923851.0297199883
923851.0297199883
923851.0297199883
923851.0297199883
923851.0297199883
923851.0297199883
923690.7072773813
922912.3411758901
922912.3411758901
922912.3411758901
922912.3411758901
922598.9451598218
922598.9451598218
922598.9451598218
922598.9451598218
922598.9451598218
922598.9451598218
922400.3767853677
922165.5428649257
922153.5000434052
922153.5000434052
922153.5000434052
922153.5000434052
922153.5000434052
922153.5000434052
922153.5000434052
922153.5000434052
922153.5000434052
922153.5000434052
922153.5000434052
922119.7483855207
922119.7483855207
922119.7483855207
922119.7483855207
922119.7483855207
922119.7483855207
922119.7483855207
922119.7483855207
922119.7483855207
922119.7483855207
922119.7483855207
922119.7483855207
922119.7483855207
921542.5942041114
921542.5942041114
921542.5942041114
921542.5942041114
921542.5942041114
921542.5942041114
921542.5942041114
921542.5942041114
921326.9359013881
921326.9359013881
921326.9359013881
920988.610882774
920988.610882774
920988.610882774
920988.610882774
920988.610882774
920988.610882774
920988.610882774
920988.610882774
920988.610882774
920988.610882774
920988.610882774
920988.610882774
920988.610882774
920988.610882774
920988.610882774
920592.6045015564
920592.6045015564
920592.6045015564
920592.6045015564
920592.6045015564
920592.6045015564
920592.6045015564
920592.6045015564
920592.6045015564
920592.6045015564
920543.175087069
920458.8513886335
920439.6420180858
920439.6420180858
920439.6420180858
919670.9403822415
919670.9403822415
919670.9403822415
919670.9403822415
919476.35846125
919476.35846125
919476.35846125
919476.35846125
919476.35846125
919366.551797095
919366.551797095
919366.551797095
919366.551797095
919366.551797095
919366.551797095
919366.551797095
919293.6918607814
919293.6918607814
919293.6918607814
919293.6918607814
919293.6918607814
919293.6918607814
919293.6918607814
919068.9841959199
919068.9841959199
919068.9841959199
919068.9841959199
918589.602241437
918589.602241437
918299.916989332
918299.916989332
918299.916989332
918299.916989332
918299.916989332
918299.916989332
918299.916989332
918299.916989332
918299.916989332
918299.916989332
918299.916989332
918299.916989332
918299.916989332
918299.916989332
918299.916989332
918299.916989332
918299.916989332
918299.916989332
918299.916989332
918299.916989332
918299.916989332
917707.4664936471
917707.4664936471
917707.4664936471
917707.4664936471
917437.6175213438
917186.396738922
917186.396738922
917186.396738922
917186.396738922
917186.396738922
917186.396738922
917186.396738922
917186.396738922
916349.1249641355
916265.6259542962
916265.6259542962
916265.6259542962
916265.6259542962
916240.2442381041
916240.2442381041
916240.2442381041
916240.2442381041
916149.9978668024
916149.9978668024
916149.9978668024
915739.902165452
915739.902165452
915579.1083970668
915160.607560202
915160.607560202
914681.9878923005
914681.9878923005
914681.9878923005
914681.9878923005
914681.9878923005
914681.9878923005
914681.9878923005
914237.8931743131
914114.1727566768
914019.1526931287
914019.1526931287
914019.1526931287
914019.1526931287
914019.1526931287
914019.1526931287
914019.1526931287
914019.1526931287
913764.5910101767
913764.5910101767
913764.5910101767
913764.5910101767
913764.5910101767
913764.5910101767
913764.5910101767
913764.5910101767
913764.5910101767
913764.5910101767
913764.5910101767
913764.5910101767
913621.7029134484
913621.7029134484
913438.9381357497
913438.9381357497
913414.933797676
913414.933797676
913414.933797676
913414.933797676
913414.933797676
912619.7117428236
912619.7117428236
912619.7117428236
912619.7117428236
912375.4738837786
912375.4738837786
912375.4738837786
912375.4738837786
912375.4738837786
912375.4738837786
912375.4738837786
912375.4738837786
912375.4738837786
912375.4738837786
912065.5508590293
911975.743525963
911975.743525963
911975.743525963
911975.743525963
911975.743525963
911500.110264184
911500.110264184
911500.110264184
911500.110264184
911500.110264184
911500.110264184
910642.5921580321
910642.5921580321
910642.5921580321
910500.3259410582
910500.3259410582
910500.3259410582
910254.2372660488
910254.2372660488
910254.2372660488
910254.2372660488
910254.2372660488
910254.2372660488
910254.2372660488
910254.2372660488
910254.2372660488
910254.2372660488
910254.2372660488
910254.2372660488
910254.2372660488
910254.2372660488
910254.2372660488
910254.2372660488
910254.2372660488
910254.2372660488
910254.2372660488
910254.2372660488
910254.2372660488
909880.9541774555
909880.9541774555
909880.9541774555
909880.9541774555
909880.9541774555
909880.9541774555
909880.9541774555
909880.9541774555
909836.6950061123
909836.6950061123
909836.6950061123
909836.6950061123
909836.6950061123
909836.6950061123
909836.6950061123
909836.6950061123
909836.6950061123
909836.6950061123
909836.6950061123
909836.6950061123
909542.6766911413
909542.6766911413
909170.1236084306
909170.1236084306
908371.8743986859
908371.8743986859
908371.8743986859
908371.8743986859
908371.8743986859
908371.8743986859
908371.8743986859
908371.8743986859
908371.8743986859
908371.8743986859
908039.381810731
908039.381810731
907975.3190227842
907975.3190227842
907975.3190227842
907975.3190227842
907975.3190227842
907975.3190227842
907975.3190227842
907975.3190227842
907975.3190227842
907975.3190227842
907975.3190227842
907975.3190227842
907585.8554948717
907585.8554948717
907585.8554948717
907361.7900048569
907158.8893821696
907116.8265389516
907116.8265389516
906819.4839901715
906819.4839901715
906819.4839901715
906819.4839901715
906819.4839901715
906819.4839901715
906768.6415266071
906591.8914354125
906591.8914354125
906591.8914354125
906591.8914354125
906591.8914354125
906591.8914354125
906591.8914354125
906591.8914354125
906591.8914354125
906591.8914354125
906591.8914354125
906591.8914354125
905736.0548025263
905736.0548025263
905109.8110901301
905109.8110901301
904809.2313852722
904809.2313852722
904809.2313852722
904809.2313852722
904809.2313852722
904809.2313852722
904809.2313852722
904809.2313852722
904809.2313852722
904784.2674580214
904784.2674580214
904784.2674580214
904479.9899864101
904479.9899864101
904479.9899864101
904479.9899864101
904479.9899864101
904479.9899864101
904479.9899864101
904479.9899864101
904298.8647719908
904298.8647719908
904298.8647719908
904298.8647719908
904298.8647719908
904298.8647719908
903704.9195978314
903704.9195978314
903704.9195978314
903704.9195978314
903704.9195978314
903704.9195978314
903704.9195978314
903704.9195978314
903704.9195978314
903704.9195978314
903704.9195978314
903704.9195978314
903704.9195978314
903704.9195978314
903704.9195978314
903704.9195978314
903704.9195978314
903704.9195978314
903704.9195978314
903704.9195978314
903704.9195978314
903704.9195978314
903704.9195978314
903704.9195978314
903704.9195978314
903704.9195978314
903704.9195978314
903704.9195978314
903704.9195978314
903704.9195978314
903704.9195978314
903704.9195978314
903457.3222776981
903457.3222776981
903457.3222776981
902648.2041290647
902648.2041290647
902648.2041290647
902648.2041290647
902648.2041290647
902648.2041290647
902648.2041290647
902648.2041290647
902648.2041290647
902648.2041290647
902648.2041290647
902648.2041290647
902648.2041290647
902648.2041290647
902648.2041290647
902645.2281331491
902645.2281331491
902573.3757197575
902360.8695785331
902181.9116123149
901788.9731188719
901788.9731188719
901669.8534445275
901669.8534445275
901669.8534445275
901189.5438799879
901189.5438799879
901100.9463295564
901100.9463295564
901100.9463295564
901100.9463295564
901100.9463295564
901100.9463295564
900769.201689391
900769.201689391
900769.201689391
900769.201689391
900769.201689391
900769.201689391
900769.201689391
900493.431463347
900493.431463347
900493.431463347
900140.3974042414
900140.3974042414
900140.3974042414
900140.3974042414
899838.1779902965
899240.1083535583
899240.1083535583
899240.1083535583
899201.4741197363
899201.4741197363
898740.6740475798
898218.8618209367
898218.8618209367
898218.8618209367
898218.8618209367
898218.8618209367
898218.8618209367
898218.8618209367
898218.8618209367
898218.8618209367
898218.8618209367
898218.8618209367
898218.8618209367
898218.8618209367
898218.8618209367
898218.8618209367
898218.8618209367
898218.8618209367
898218.8618209367
898218.8618209367
898218.8618209367
898218.8618209367
898218.8618209367
898218.8618209367
897979.980211407
897979.980211407
897979.980211407
897979.980211407
897914.381560721
897914.381560721
897914.381560721
897914.381560721
897914.381560721
897702.621293383
897702.621293383
897702.621293383
897702.621293383
897702.621293383
897702.621293383
897702.621293383
897278.7480482444
897144.1164226423
897144.1164226423
897144.1164226423
897144.1164226423
896804.6116802385
896804.6116802385
896804.6116802385
896407.5337175808
896407.5337175808
896407.5337175808
896407.5337175808
896407.5337175808
896407.5337175808
896407.5337175808
896407.5337175808
896407.5337175808
896407.5337175808
896407.5337175808
896407.5337175808
896228.1284306995
896228.1284306995
896168.0590318462
896168.0590318462
896168.0590318462
896168.0590318462
896168.0590318462
896168.0590318462
894994.4052183691
894994.4052183691
894994.4052183691
894806.4743539274
894806.4743539274
894806.4743539274
894806.4743539274
894806.4743539274
894806.4743539274
894806.4743539274
894806.4743539274
894806.4743539274
894806.4743539274
894806.4743539274
894805.7722193603
894805.7722193603
894805.7722193603
894805.7722193603
894805.7722193603
894805.7722193603
894805.7722193603
894805.7722193603
894805.7722193603
894805.7722193603
894805.7722193603
894543.0476343255
894543.0476343255
894543.0476343255
894543.0476343255
894543.0476343255
894543.0476343255
894543.0476343255
894282.2492830682
894282.2492830682
894282.2492830682
894282.2492830682
894282.2492830682
894282.2492830682
894282.2492830682
894282.2492830682
893342.8336441473
893342.8336441473
893342.8336441473
893342.8336441473
893342.8336441473
893342.8336441473
893342.8336441473
893342.8336441473
893342.8336441473
893342.8336441473
893342.8336441473
893342.8336441473
893342.8336441473
893342.8336441473
893342.8336441473
893342.8336441473
893342.8336441473
893342.8336441473
893342.8336441473
893342.8336441473
893342.8336441473
893342.8336441473
893342.8336441473
893342.8336441473
893342.8336441473
893342.8336441473
893342.8336441473
893342.8336441473
893342.8336441473
892825.7013294412
892825.7013294412
892825.7013294412
892412.9093559438
892412.9093559438
892412.9093559438
892412.9093559438
892082.6403283076
892082.6403283076
892082.6403283076
892082.6403283076
892082.6403283076
891146.0066399362
891146.0066399362
891146.0066399362
891146.0066399362
890520.2578549117
890520.2578549117
890520.2578549117
890503.0662614568
890356.2285291923
890356.2285291923
890115.8237348732
890115.8237348732
890115.8237348732
890115.8237348732
890115.8237348732
890115.8237348732
890115.8237348732
889387.4426156022
889387.4426156022
889387.4426156022
889387.4426156022
889387.4426156022
889387.4426156022
889387.4426156022
889387.4426156022
889387.4426156022
889192.8340367763
889192.8340367763
889192.8340367763
889192.8340367763
889192.8340367763
889192.8340367763
888987.5241387386
888987.5241387386
888987.5241387386
888987.5241387386
888987.5241387386
888987.5241387386
888987.5241387386
888987.5241387386
888987.5241387386
888960.3921969295
888960.3921969295
888898.0339346443
888898.0339346443
888898.0339346443
888898.0339346443
888243.5884027105
888243.5884027105
888243.5884027105
888243.5884027105
888243.5884027105
888243.5884027105
888243.5884027105
888243.5884027105
888243.5884027105
888243.5884027105
887979.6298729506
887979.6298729506
887979.6298729506
887979.6298729506
887979.6298729506
887979.6298729506
887979.6298729506
887979.6298729506
887979.6298729506
887979.6298729506
887979.6298729506
887979.6298729506
887843.0833135794
887843.0833135794
887843.0833135794
887843.0833135794
887843.0833135794
887843.0833135794
887843.0833135794
886926.3287627164
886926.3287627164
886926.3287627164
886926.3287627164
886926.3287627164
886926.3287627164
886743.1660259011
886511.9928616297
886511.9928616297
886511.9928616297
886104.6839492546
886104.6839492546
886104.6839492546
886104.6839492546
885802.179596947
885802.179596947
885802.179596947
885802.179596947
885802.179596947
885802.179596947
885790.1709393251
885630.911192009
885630.911192009
885630.911192009
885630.911192009
885630.911192009
885630.911192009
885630.911192009
885630.911192009
885630.911192009
885630.911192009
885482.5838231419
885482.5838231419
885482.5838231419
885482.5838231419
885298.6483614538
885298.6483614538
885298.6483614538
884974.4397171773
884974.4397171773
883973.5669639683
883973.5669639683
883676.715618032
883676.715618032
883676.715618032
883676.715618032
883676.715618032
883676.715618032
883676.715618032
883676.715618032
883521.6901962328
883521.6901962328
883521.6901962328
883521.6901962328
883521.6901962328
883521.6901962328
883268.6282280446
883268.6282280446
883268.6282280446
883268.6282280446
882551.5215931216
882551.5215931216
882551.5215931216
882551.5215931216
882551.5215931216
882551.5215931216
882551.5215931216
882551.5215931216
882551.5215931216
882551.5215931216
882551.5215931216
882551.5215931216
882551.5215931216
882551.5215931216
882551.5215931216
882551.5215931216
882551.5215931216
882551.5215931216
882551.5215931216
882380.1599506268
882380.1599506268
882380.1599506268
882380.1599506268
882380.1599506268
882380.1599506268
882380.1599506268
882380.1599506268
882380.1599506268
882152.2021522304
882152.2021522304
881998.4764216738
881998.4764216738
881998.4764216738
881998.4764216738
881902.6075207859
881902.6075207859
881902.6075207859
881902.6075207859
881902.6075207859
881902.6075207859
881902.6075207859
881902.6075207859
881902.6075207859
881902.6075207859
881902.6075207859
881902.6075207859
881902.6075207859
881689.4141989801
881689.4141989801
881689.4141989801
881689.4141989801
881689.4141989801
881689.4141989801
881678.9155614004
881678.9155614004
881678.9155614004
881678.9155614004
881678.9155614004
881678.9155614004
881678.9155614004
881653.4485869971
881653.4485869971
881653.4485869971
881627.8318248189
881627.8318248189
881627.8318248189
881079.0801740828
881079.0801740828
881079.0801740828
881079.0801740828
881079.0801740828
881079.0801740828
881079.0801740828
881079.0801740828
881079.0801740828
881079.0801740828
881079.0801740828
881079.0801740828
881079.0801740828
881079.0801740828
881079.0801740828
881079.0801740828
881079.0801740828
881079.0801740828
881079.0801740828
881079.0801740828
881079.0801740828
881079.0801740828
881079.0801740828
881079.0801740828
881079.0801740828
881079.0801740828
880906.0483421041
880906.0483421041
880744.7993365129
880744.7993365129
880744.7993365129
880256.0744400565
880256.0744400565
880256.0744400565
879944.6097766894
879944.6097766894
879944.6097766894
879944.6097766894
879944.6097766894
879944.6097766894
879944.6097766894
879944.6097766894
879931.542583368
879931.542583368
879931.542583368
879931.542583368
879931.542583368
879931.542583368
879931.542583368
879931.542583368
879931.542583368
879931.542583368
879725.3022303912
879725.3022303912
879725.3022303912
879725.3022303912
879725.3022303912
879725.3022303912
879725.3022303912
879725.3022303912
879725.3022303912
879725.3022303912
879725.3022303912
879725.3022303912
879725.3022303912
879725.3022303912
879725.3022303912
879725.3022303912
879384.7026573466
879384.7026573466
879384.7026573466
878778.1206081245
878467.3995611505
878467.3995611505
878467.3995611505
878467.3995611505
878467.3995611505
878467.3995611505
878467.3995611505
878467.3995611505
878467.3995611505
878467.3995611505
878467.3995611505
878467.3995611505
878467.3995611505
878467.3995611505
878467.3995611505
878467.3995611505
878467.3995611505
878467.3995611505
878467.3995611505
878467.3995611505
878412.2940458836
878412.2940458836
878412.2940458836
877594.2980383264
877594.2980383264
877594.2980383264
877594.2980383264
877594.2980383264
877594.2980383264
877594.2980383264
877594.2980383264
877594.2980383264
877245.425311721
877177.6802890077
877177.6802890077
877177.6802890077
877177.6802890077
877177.6802890077
877177.6802890077
876907.3060909434
876907.3060909434
876907.3060909434
876907.3060909434
876907.3060909434
876907.3060909434
876907.3060909434
876907.3060909434
876907.3060909434
876907.3060909434
876907.3060909434
876907.3060909434
876907.3060909434
876907.3060909434
876907.3060909434
876907.3060909434
876907.3060909434
876907.3060909434
876907.3060909434
876620.2474544898
876620.2474544898
876620.2474544898
876620.2474544898
876620.2474544898
876620.2474544898
876620.2474544898
876620.2474544898
876174.3315447166
876174.3315447166
876174.3315447166
876174.3315447166
876174.3315447166
876174.3315447166
876174.3315447166
876174.3315447166
876174.3315447166
876158.576554829
876158.576554829
876158.576554829
876158.576554829
876158.576554829
876158.576554829
876158.576554829
876158.576554829
876158.576554829
876158.576554829
875816.5007952013
875816.5007952013
875816.5007952013
875816.5007952013
875816.5007952013
875816.5007952013
875816.5007952013
875816.5007952013
875816.5007952013
875296.9120705226
875296.9120705226
875296.9120705226
875296.9120705226
875296.9120705226
875296.9120705226
875296.9120705226
875296.9120705226
875296.9120705226
875296.9120705226
875296.9120705226
875296.9120705226
875296.9120705226
875296.9120705226
875296.9120705226
875296.9120705226
875296.9120705226
875296.9120705226
875296.9120705226
875296.9120705226
875296.9120705226
875296.9120705226
875296.9120705226
875296.9120705226
875296.9120705226
875296.9120705226
875296.9120705226
875296.9120705226
875296.9120705226
875296.9120705226
875296.9120705226
875296.9120705226
875296.9120705226
875296.9120705226
875296.9120705226
875296.9120705226
875268.1531474622
875268.1531474622
875268.1531474622
875268.1531474622
874943.2069601584
874943.2069601584
874943.2069601584
874943.2069601584
874943.2069601584
874943.2069601584
874943.2069601584
874943.2069601584
874943.2069601584
874656.0011961169
874656.0011961169
874656.0011961169
874656.0011961169
874656.0011961169
874162.1768284354
873878.4328770132
873878.4328770132
873878.4328770132
873878.4328770132
872916.0105946505
872916.0105946505
872916.0105946505
872916.0105946505
872916.0105946505
872916.0105946505
872912.2184411029
872912.2184411029
872912.2184411029
872912.2184411029
872912.2184411029
872912.2184411029
872912.2184411029
872912.2184411029
872912.2184411029
872912.2184411029
872912.2184411029
872912.2184411029
872912.2184411029
872912.2184411029
872912.2184411029
872121.3722860315
872121.3722860315
872121.3722860315
872121.3722860315
872121.3722860315
872121.3722860315
872121.3722860315
872059.8543928792
872059.8543928792
872059.8543928792
872059.8543928792
872059.8543928792
872059.8543928792
871986.9405059697
871663.7301588025
871663.7301588025
871663.7301588025
871663.7301588025
871663.7301588025
871663.7301588025
871663.7301588025
871663.7301588025
871663.7301588025
871663.7301588025
871663.7301588025
871144.4516978455
871144.4516978455
871144.4516978455
871144.4516978455
871144.4516978455
870915.485166343
870884.8877761185
870884.8877761185
870884.8877761185
870884.8877761185
870779.7127965388
870779.7127965388
870779.7127965388
870779.7127965388
870771.9335945577
870771.9335945577
870771.9335945577
870771.9335945577
870771.9335945577
870771.9335945577
870771.9335945577
870771.9335945577
870771.9335945577
870771.9335945577
870771.9335945577
870771.9335945577
870771.9335945577
870771.9335945577
870771.9335945577
870771.9335945577
870171.9133671379
870171.9133671379
870171.9133671379
870171.9133671379
870171.9133671379
870171.9133671379
870171.9133671379
869881.687831273
869881.687831273
869881.687831273
869881.687831273
869881.687831273
869881.687831273
869881.687831273
869881.687831273
869881.687831273
869881.687831273
869881.687831273
869881.687831273
869881.687831273
869792.389101476
869792.389101476
869792.389101476
869792.389101476
869792.389101476
868431.6876220128
868431.6876220128
868431.6876220128
868431.6876220128
868431.6876220128
868431.6876220128
868088.3057008835
868088.3057008835
868088.3057008835
868088.3057008835
868088.3057008835
868088.3057008835
868088.3057008835
868088.3057008835
868088.3057008835
868019.1209196761
868019.1209196761
868019.1209196761
867170.637999373
867170.637999373
867170.637999373
867170.637999373
867170.637999373
867170.637999373
867170.637999373
867170.637999373
867170.637999373
867170.637999373
867170.637999373
867170.637999373
867170.637999373
867155.2457169637
867138.4226361532
867114.5413962423
866495.5526712568
866495.5526712568
866495.5526712568
866495.5526712568
866495.5526712568
866495.5526712568
866495.5526712568
865447.6940840816
865447.6940840816
865447.6940840816
865447.6940840816
865447.6940840816
865447.6940840816
865447.6940840816
865447.6940840816
865057.0232990215
865057.0232990215
865057.0232990215
865057.0232990215
865057.0232990215
865057.0232990215
865057.0232990215
865057.0232990215
865057.0232990215
865057.0232990215
865057.0232990215
865057.0232990215
864737.7374647827
864737.7374647827
864737.7374647827
864737.7374647827
864737.7374647827
864737.7374647827
864646.5073991702
864646.5073991702
864646.5073991702
864646.5073991702
864646.5073991702
864301.5441640418
864301.5441640418
864301.5441640418
864199.8688841218
864199.8688841218
864199.8688841218
864199.8688841218
864108.2395400389
864108.2395400389
864108.2395400389
864108.2395400389
864108.2395400389
864108.2395400389
864108.2395400389
864108.2395400389
864108.2395400389
864108.2395400389
864108.2395400389
864108.2395400389
864108.2395400389
864093.1662583543
864093.1662583543
864093.1662583543
864093.1662583543
864093.1662583543
864093.1662583543
864093.1662583543
864066.8749183905
864004.6714535243
864004.6714535243
864004.6714535243
864004.6714535243
863799.5958297479
863799.5958297479
863799.5958297479
863799.1961616037
863799.1961616037
863799.1961616037
863799.1961616037
863799.1961616037
863799.1961616037
863559.6222512755
863559.6222512755
863559.6222512755
863559.6222512755
863559.6222512755
863559.6222512755
863510.1701074191
863510.1701074191
863510.1701074191
863510.1701074191
863510.1701074191
863441.8515711669
863441.8515711669
863322.4521313362
863322.4521313362
863322.4521313362
863322.4521313362
863322.4521313362
863036.8057063868
863036.8057063868
863036.8057063868
863036.8057063868
863036.8057063868
863036.8057063868
862844.0667401217
862844.0667401217
862844.0667401217
862844.0667401217
862844.0667401217
862844.0667401217
862844.0667401217
862844.0667401217
862844.0667401217
862844.0667401217
862844.0667401217
862844.0667401217
862844.0667401217
862039.725290725
862039.725290725
861801.5202966712
861801.5202966712
861801.5202966712
861801.5202966712
861801.5202966712
861611.6097620411
861611.6097620411
861611.6097620411
861611.6097620411
861611.6097620411
861611.6097620411
861611.6097620411
861611.6097620411
861611.6097620411
861346.5968436341
861346.5968436341
861346.5968436341
861346.5968436341
861346.5968436341
861346.5968436341
861346.5968436341
860991.3092543
860803.690539415
860803.690539415
860803.690539415
860803.690539415
860803.690539415
860803.690539415
860693.068913777
860693.068913777
860693.068913777
860693.068913777
860693.068913777
860693.068913777
860693.068913777
860693.068913777
860081.3008643731
859443.3313175665
859443.3313175665
859443.3313175665
859443.3313175665
859443.3313175665
859443.3313175665
859443.3313175665
859443.3313175665
859443.3313175665
859147.5096131475
859147.5096131475
859147.5096131475
859147.5096131475
859147.5096131475
859147.5096131475
859147.5096131475
859147.5096131475
859147.5096131475
859147.5096131475
859147.5096131475
859147.5096131475
859147.5096131475
859147.5096131475
859147.5096131475
859147.5096131475
859147.5096131475
859147.5096131475
859147.5096131475
859147.5096131475
858950.4987993576
858950.4987993576
858950.4987993576
858950.4987993576
858950.4987993576
858950.4987993576
858950.4987993576
858950.4987993576
858950.4987993576
858780.907240826
858780.907240826
858780.907240826
858780.907240826
858780.907240826
858780.907240826
858780.907240826
858780.907240826
858780.907240826
858362.8014307988
858362.8014307988
858362.8014307988
858362.8014307988
858362.8014307988
858362.8014307988
858362.8014307988
857992.7952351996
857992.7952351996
857992.7952351996
857992.7952351996
857992.7952351996
857992.7952351996
857992.7952351996
857992.7952351996
857992.7952351996
857992.7952351996
857992.7952351996
857992.7952351996
857677.3655176043
857677.3655176043
857677.3655176043
857677.3655176043
857560.4183514875
857560.4183514875
857560.4183514875
857560.4183514875
857560.4183514875
857560.4183514875
857560.4183514875
857560.4183514875
857560.4183514875
857451.294655268
857451.294655268
857451.294655268
857451.294655268
857451.294655268
857021.6361430596
857021.6361430596
857021.6361430596
857021.6361430596
857021.6361430596
857021.6361430596
857021.6361430596
856727.5666073265
856727.5666073265
856727.5666073265
856727.5666073265
856727.5666073265
856727.5666073265
856727.5666073265
856727.5666073265
856727.5666073265
856727.5666073265
856349.374715457
856349.374715457
856349.374715457
856349.374715457
856349.374715457
856349.374715457
856349.374715457
856349.374715457
856349.374715457
856349.374715457
856349.374715457
856070.0798866753
856070.0798866753
856070.0798866753
856070.0798866753
856070.0798866753
856070.0798866753
856070.0798866753
856070.0798866753
856070.0798866753
856070.0798866753
855802.3802030697
855802.3802030697
855767.0549679572
855767.0549679572
855767.0549679572
855767.0549679572
855534.4246764852
855534.4246764852
855534.4246764852
855534.4246764852
855089.5645547503
855086.8274574839
855086.8274574839
855086.8274574839
855086.8274574839
855086.8274574839
855086.8274574839
855086.8274574839
855086.8274574839
855086.8274574839
855086.8274574839
855086.8274574839
855086.8274574839
855086.8274574839
855086.8274574839
855086.8274574839
854643.8607780607
854643.8607780607
854415.1618335771
854415.1618335771
854415.1618335771
854415.1618335771
854415.1618335771
854415.1618335771
854415.1618335771
854415.1618335771
854415.1618335771
854415.1618335771
854415.1618335771
854312.227989625
854312.227989625
854312.227989625
854312.227989625
854312.227989625
854312.227989625
854312.227989625
854312.227989625
854085.8168749453
854085.8168749453
853844.1967890232
853844.1967890232
853844.1967890232
853844.1967890232
853844.1967890232
853844.1967890232
853844.1967890232
853844.1967890232
853844.1967890232
853844.1967890232
853844.1967890232
853844.1967890232
853844.1967890232
853844.1967890232
853844.1967890232
853844.1967890232
853844.1967890232
853844.1967890232
853844.1967890232
853844.1967890232
853844.1967890232
853844.1967890232
853844.1967890232
853844.1967890232
853844.1967890232
853844.1967890232
853844.1967890232
853844.1967890232
853844.1967890232
853844.1967890232
853844.1967890232
853844.1967890232
853844.1967890232
853844.1967890232
853587.7126849517
853587.7126849517
853346.2833405584
853346.2833405584
853346.2833405584
853346.2833405584
853346.2833405584
853346.2833405584
853346.2833405584
853257.0155081487
853257.0155081487
853257.0155081487
853257.0155081487
853257.0155081487
853257.0155081487
853257.0155081487
853257.0155081487
852870.4890663854
852870.4890663854
852870.4890663854
852870.4890663854
852870.4890663854
852870.4890663854
852870.4890663854
852870.4890663854
852870.4890663854
852870.4890663854
852635.3684556455
852635.3684556455
852635.3684556455
852288.8413109845
852288.8413109845
852159.9479266328
852159.9479266328
852159.9479266328
852159.9479266328
852159.9479266328
852159.9479266328
851694.063486692
851694.063486692
851694.063486692
851694.063486692
851694.063486692
851694.063486692
851694.063486692
851694.063486692
851187.0081512377
851187.0081512377
851187.0081512377
851187.0081512377
851147.3260366105
851147.3260366105
851147.3260366105
851147.3260366105
851147.3260366105
851147.3260366105
851147.3260366105
851147.3260366105
851147.3260366105
851147.3260366105
851147.3260366105
851147.3260366105
851147.3260366105
851147.3260366105
851147.3260366105
851147.3260366105
851147.3260366105
851147.3260366105
851147.3260366105
851147.3260366105
850759.9552669454
850169.6565074171
850169.6565074171
850169.6565074171
850169.6565074171
850169.6565074171
850169.6565074171
849983.7746765345
849983.7746765345
849983.7746765345
849983.7746765345
849983.7746765345
849983.7746765345
849983.7746765345
849900.9401076918
849900.9401076918
849900.9401076918
849900.9401076918
849900.9401076918
849900.9401076918
849900.9401076918
849900.9401076918
849900.9401076918
849900.9401076918
849900.9401076918
849900.9401076918
849900.9401076918
849900.9401076918
849900.9401076918
849900.9401076918
849900.9401076918
849900.9401076918
849900.9401076918
849900.9401076918
849887.0114085621
849887.0114085621
849887.0114085621
849887.0114085621
849887.0114085621
849887.0114085621
849887.0114085621
849887.0114085621
849887.0114085621
849887.0114085621
849535.5744791273
849535.5744791273
849535.5744791273
849535.5744791273
849535.5744791273
849535.5744791273
849535.5744791273
849535.5744791273
849267.978871011
849267.978871011
849216.5110607636
849216.5110607636
849216.5110607636
849097.9159663001
849097.9159663001
849097.9159663001
849097.9159663001
849097.9159663001
848926.33923106
848697.3068871547
848697.3068871547
848697.3068871547
848697.3068871547
848697.3068871547
848697.3068871547
848697.3068871547
848697.3068871547
848697.3068871547
848697.3068871547
848697.3068871547
848697.3068871547
848697.3068871547
848697.3068871547
848697.3068871547
848697.3068871547
848697.3068871547
848697.3068871547
848697.3068871547
848697.3068871547
848697.3068871547
848697.3068871547
848697.3068871547
848697.3068871547
848697.3068871547
848697.3068871547
848697.3068871547
848697.3068871547
848697.3068871547
848697.3068871547
848697.3068871547
848697.3068871547
848586.1086855684
847999.2461723963
847927.1413584114
847927.1413584114
847927.1413584114
847372.2280760363
847372.2280760363
847372.2280760363
847372.2280760363
847372.2280760363
847372.2280760363
847372.2280760363
847372.2280760363
847372.2280760363
847372.2280760363
847372.2280760363
847372.2280760363
847372.2280760363
847372.2280760363
847372.2280760363
847372.2280760363
847372.2280760363
847372.2280760363
847372.2280760363
847372.2280760363
847372.2280760363
847372.2280760363
847372.2280760363
847372.2280760363
847372.2280760363
847372.2280760363
847372.2280760363
847372.2280760363
847372.2280760363
847372.2280760363
847372.2280760363
847372.2280760363
847372.2280760363
847372.2280760363
846976.9950016574
846976.9950016574
846976.9950016574
846976.9950016574
846976.9950016574
846976.9950016574
846976.9950016574
846976.9950016574
846976.9950016574
846976.9950016574
846976.9950016574
846467.4188754888
846467.4188754888
846467.4188754888
846467.4188754888
845948.4248984196
845948.4248984196
845948.4248984196
845948.4248984196
845948.4248984196
845948.4248984196
845726.9353390634
845616.8809625052
845616.8809625052
845616.8809625052
845616.8809625052
845616.8809625052
845616.8809625052
845616.8809625052
845602.5666393912
845602.5666393912
845602.5666393912
845602.5666393912
845602.5666393912
845602.5666393912
845442.8529364964
845442.8529364964
845442.8529364964
845442.8529364964
845442.8529364964
845149.0398377068
845149.0398377068
845149.0398377068
845149.0398377068
845149.0398377068
845149.0398377068
845149.0398377068
845149.0398377068
845149.0398377068
845149.0398377068
845149.0398377068
844922.9366673103
844826.1150207042
844826.1150207042
844826.1150207042
844826.1150207042
844826.1150207042
844826.1150207042
844826.1150207042
844826.1150207042
843370.9526797733
843370.9526797733
843370.9526797733
843370.9526797733
843370.9526797733
843370.9526797733
842705.4151149602
842705.4151149602
842705.4151149602
842705.4151149602
842705.4151149602
842679.2560924336
842679.2560924336
842679.2560924336
842679.2560924336
842679.2560924336
842679.2560924336
842679.2560924336
842496.8296497229
842461.671361257
842461.671361257
842461.671361257
842461.671361257
842461.671361257
842461.671361257
842269.6755916423
842269.6755916423
842269.6755916423
842269.6755916423
842269.6755916423
842253.3043261777
841976.2674726791
841976.2674726791
841976.2674726791
841964.9083044049
841565.3495962527
841565.3495962527
841565.3495962527
841565.3495962527
841565.3495962527
841565.3495962527
841565.3495962527
841565.3495962527
841565.3495962527
841417.0283167033
841417.0283167033
841027.7452922275
841027.7452922275
841027.7452922275
841027.7452922275
841027.7452922275
841027.7452922275
841027.7452922275
841027.7452922275
840177.2748762334
840177.2748762334
840177.2748762334
840177.2748762334
840177.2748762334
840177.2748762334
840177.2748762334
840177.2748762334
840177.2748762334
840021.6705889964
840021.6705889964
840021.6705889964
840021.6705889964
840021.6705889964
840021.6705889964
840021.6705889964
840021.6705889964
840021.6705889964
840021.6705889964
839906.316359695
839906.316359695
839906.316359695
839906.316359695
839906.316359695
839861.5379640334
839861.5379640334
839861.5379640334
839861.5379640334
839861.5379640334
839861.5379640334
839861.5379640334
839820.0479652818
839820.0479652818
839820.0479652818
839820.0479652818
839430.8664102451
839430.8664102451
839430.8664102451
839425.0510091567
839425.0510091567
839425.0510091567
839425.0510091567
839414.3097019217
839414.3097019217
839414.3097019217
839414.3097019217
839414.3097019217
839414.3097019217
839414.3097019217
839414.3097019217
839414.3097019217
839414.3097019217
839414.3097019217
839414.3097019217
839414.3097019217
839414.3097019217
839332.3410397244
839332.3410397244
838917.1707255987
838917.1707255987
838917.1707255987
838917.1707255987
838917.1707255987
838917.1707255987
838917.1707255987
838917.1707255987
838917.1707255987
838917.1707255987
838917.1707255987
838917.1707255987
838917.1707255987
838917.1707255987
838917.1707255987
838917.1707255987
838917.1707255987
838917.1707255987
838917.1707255987
838917.1707255987
838917.1707255987
838917.1707255987
838917.1707255987
838917.1707255987
838917.1707255987
838917.1707255987
838917.1707255987
838917.1707255987
838832.1091400986
838832.1091400986
838832.1091400986
838832.1091400986
838832.1091400986
838832.1091400986
838832.1091400986
838832.1091400986
838832.1091400986
838832.1091400986
838832.1091400986
838832.1091400986
838832.1091400986
838772.9889845077
838772.9889845077
838772.9889845077
838772.9889845077
838772.9889845077
838772.9889845077
838772.9889845077
838772.9889845077
838772.9889845077
838772.9889845077
838772.9889845077
838772.9889845077
838615.6281298869
838343.8656424694
838343.8656424694
838343.8656424694
838343.8656424694
838343.8656424694
838223.729715817
838223.729715817
838223.729715817
838223.729715817
838223.729715817
838223.729715817
838223.729715817
837734.0002374137
837734.0002374137
837073.2427117071
837073.2427117071
837073.2427117071
837073.2427117071
837073.2427117071
837073.2427117071
837073.2427117071
837073.2427117071
837073.2427117071
837073.2427117071
837073.2427117071
837073.2427117071
837073.2427117071
837073.2427117071
837073.2427117071
837073.2427117071
837073.2427117071
837073.2427117071
836972.2748466918
836972.2748466918
836972.2748466918
836972.2748466918
836972.2748466918
836972.2748466918
836972.2748466918
836972.2748466918
836972.2748466918
836972.2748466918
836972.2748466918
836972.2748466918
836972.2748466918
836972.2748466918
836972.2748466918
836972.2748466918
836972.2748466918
836972.2748466918
836972.2748466918
836972.2748466918
836972.2748466918
836972.2748466918
836972.2748466918
836972.2748466918
836972.2748466918
836319.9038847572
836319.9038847572
836319.9038847572
836319.9038847572
836319.9038847572
836319.9038847572
836319.9038847572
836319.9038847572
836319.9038847572
836319.9038847572
836319.9038847572
836319.9038847572
836256.1544317857
836256.1544317857
836256.1544317857
836256.1544317857
836256.1544317857
836256.1544317857
836256.1544317857
836256.1544317857
836256.1544317857
836122.0339960915
836122.0339960915
836122.0339960915
836122.0339960915
836122.0339960915
835758.9458941781
835758.9458941781
835758.9458941781
835758.9458941781
835758.9458941781
835758.9458941781
835758.9458941781
835758.9458941781
835758.9458941781
835758.9458941781
835758.9458941781
835758.9458941781
835758.9458941781
835758.9458941781
835758.9458941781
835758.9458941781
835758.9458941781
835758.9458941781
835758.9458941781
835224.24645165
835224.24645165
835224.24645165
835224.24645165
835224.24645165
835224.24645165
835224.24645165
835224.24645165
835224.24645165
835224.24645165
835224.24645165
835224.24645165
835224.24645165
835224.24645165
835224.24645165
835224.24645165
835224.24645165
835224.24645165
835224.24645165
835224.24645165
835224.24645165
835195.9574595129
835195.9574595129
835195.9574595129
835168.4885891762
835168.4885891762
835168.4885891762
835168.4885891762
835168.4885891762
835168.4885891762
835168.4885891762
835062.2796942417
835062.2796942417
835062.2796942417
835062.2796942417
835062.2796942417
835062.2796942417
835062.2796942417
835062.2796942417
835062.2796942417
834849.1691847772
834849.1691847772
834849.1691847772
834849.1691847772
834849.1691847772
834849.1691847772
834849.1691847772
834849.1691847772
834849.1691847772
834849.1691847772
834849.1691847772
834849.1691847772
834849.1691847772
834849.1691847772
834849.1691847772
834849.1691847772
834849.1691847772
834622.9738820686
834622.9738820686
834622.9738820686
834622.9738820686
834622.9738820686
834622.9738820686
834622.9738820686
834622.9738820686
834536.4638455855
834536.4638455855
834536.4638455855
834536.4638455855
834536.4638455855
834536.4638455855
834536.4638455855
834536.4638455855
834536.4638455855
834536.4638455855
834170.655841269
834170.655841269
834170.655841269
834170.655841269
834170.655841269
834170.655841269
834170.655841269
834170.655841269
834170.655841269
834170.655841269
834170.655841269
834170.655841269
834094.1011170379
834094.1011170379
834094.1011170379
833862.6943212461
833862.6943212461
833862.6943212461
833862.6943212461
833382.2223788493
833382.2223788493
833382.2223788493
833382.2223788493
833382.2223788493
833382.2223788493
833382.2223788493
833382.2223788493
833382.2223788493
833382.2223788493
833382.2223788493
833382.2223788493
833382.2223788493
833382.2223788493
833382.2223788493
833382.2223788493
833382.2223788493
833382.2223788493
833382.2223788493
833382.2223788493
833001.1708469866
833001.1708469866
833001.1708469866
833001.1708469866
833001.1708469866
833001.1708469866
833001.1708469866
832965.9925321758
832965.9925321758
832965.9925321758
832965.9925321758
832965.9925321758
832965.9925321758
832965.9925321758
832965.9925321758
832965.9925321758
832965.9925321758
832965.9925321758
832965.9925321758
832866.3544712692
832866.3544712692
832866.3544712692
832789.5119967731
832789.5119967731
832789.5119967731
832789.5119967731
832789.5119967731
832789.5119967731
832789.5119967731
832789.5119967731
832789.5119967731
832789.5119967731
832789.5119967731
832789.5119967731
832789.5119967731
832789.5119967731
832789.5119967731
832387.8867072071
832387.8867072071
832387.8867072071
832387.8867072071
832384.1879308553
832384.1879308553
832384.1879308553
832384.1879308553
832097.1582657561
832097.1582657561
832097.1582657561
832097.1582657561
832097.1582657561
832097.1582657561
832097.1582657561
832097.1582657561
832097.1582657561
832097.1582657561
832097.1582657561
832096.1147212066
832096.1147212066
832096.1147212066
832096.1147212066
831645.475153947
831645.475153947
831645.475153947
831645.475153947
831645.475153947
831645.475153947
831645.475153947
831645.475153947
831645.475153947
831645.475153947
831645.475153947
831645.475153947
831306.6502742607
830986.8605508716
830986.8605508716
830986.8605508716
830986.8605508716
830986.8605508716
830808.4382068943
830808.4382068943
830316.9482909337
830316.9482909337
830245.9473653919
830245.9473653919
830245.9473653919
830245.9473653919
830245.9473653919
830245.9473653919
830245.9473653919
830245.9473653919
830245.9473653919
830245.9473653919
830245.9473653919
830245.9473653919
830245.9473653919
830245.9473653919
830245.9473653919
830245.9473653919
830245.9473653919
830245.9473653919
830245.9473653919
830245.9473653919
830245.9473653919
830245.9473653919
830245.9473653919
830245.9473653919
830245.9473653919
830245.9473653919
830245.9473653919
830245.9473653919
830245.9473653919
830245.9473653919
830245.9473653919
830245.9473653919
830245.9473653919
830245.9473653919
830245.9473653919
830245.9473653919
830245.9473653919
830245.9473653919
830245.9473653919
830245.9473653919
830245.9473653919
830245.9473653919
830245.9473653919
830245.9473653919
830245.9473653919
830245.9473653919
830245.9473653919
830245.9473653919
830245.9473653919
830245.9473653919
830245.9473653919
