4554022.804629989
4440492.683645493
4324991.10709328
4224047.066173969
4145056.114609293
4045358.0766396206
3957348.6297275233
3865884.025503722
3803041.123544613
3736587.525921661
3667550.670374012
3595825.57275251
3545066.9165642858
3491914.834903901
3434738.333772961
3392719.228945051
3334963.3065291205
3300974.735536897
3258591.731186744
3208177.8530961573
3156795.985805227
3113274.619656182
3079109.4676615573
3050836.856613294
3022476.216869655
2988865.5345742926
2970549.0562043954
2958546.607335346
2926521.6537098372
2891103.0688059037
2870377.585656844
2831012.0116893826
2800485.128161737
2779253.3655067673
2756036.6966466475
2734810.187848593
2701308.5219513215
2672575.4624264394
2649811.2375533064
2632834.7821571836
2613302.5298065133
2595204.282236768
2578809.5652166046
2552298.436089431
2527708.826362218
2517609.6230759174
2500650.2024003603
2482690.041561512
2466459.6917293454
2449671.290948294
2434259.3765139533
2416457.5866007404
2407485.5974124447
2393137.275015655
2372198.866607046
2360262.802085232
2344702.1862311503
2324263.5046111583
2299656.1594944457
2281705.4208509964
2264179.209469162
2251873.5720473267
2244226.971369276
2236234.9223122187
2224012.8773391442
2215987.9528224654
2208451.521593513
2196011.150882233
2191311.2099644328
2180510.834810272
2174061.318821686
2162522.17165096
2154118.386693686
2149814.9920759117
2132152.174819102
2124340.9835475287
2115249.4088947074
2106771.5850401847
2094959.7607490234
2084953.2625053949
2074447.3640775015
2064717.756890432
2049648.7129573412
2038795.9200474115
2031192.7636738596
2021227.9228980704
2011808.4308304098
2006272.7257048106
1999170.3277017912
1986727.2666015446
1983466.6663833694
1979760.4388199565
1971656.2378644422
1966858.4199128896
1960123.4491583442
1953044.724070973
1943679.9831662485
1937819.1471340589
1929580.1933045764
1922748.5501841907
1920293.5221512276
1911366.8861273173
1904562.6987244422
1896627.4650165185
1890898.031443805
1884597.3897984456
1880697.5165989294
1873750.2218313098
1866364.8688561702
1862746.245336638
1855950.8899268433
1850383.721426811
1843703.9098731223
1836976.4702380993
1830273.2089035534
1828042.436599651
1816692.2841636632
1813571.5308032772
1809487.2933376292
1805890.0158256176
1801615.6031199817
1795635.1914918069
1791555.461240554
1787053.5834322595
1781690.1545661245
1779236.8887722595
1776482.0436065681
1771614.8631106894
1770842.7934632413
1767036.5449779534
1762441.2402962972
1756618.1136630736
1749952.6264110317
1746109.672470518
1741674.6066337884
1737038.2550074118
1733395.5645301417
1729196.0321146292
1723436.383423662
1720843.356224657
1717332.877011381
1710344.4420088185
1707916.470362741
1706816.1781292043
1704110.8852823125
1695812.9285638495
1692914.7226721356
1689929.3387955234
1688427.5835070233
1684459.5315314785
1682996.5054806513
1678549.5045524407
1675708.5554143542
1670501.7514627865
1669610.4480907544
1666408.2571160211
1662635.1619569072
1660319.4288288746
1656953.076876469
1653359.5927019864
1647052.2879268741
1642164.4465111375
1639052.2289289825
1638830.1381731764
1638306.1977755174
1635917.9134866316
1633219.6286091022
1627619.6026057955
1625235.1308501475
1623077.220864431
1618832.149341145
1612422.102294112
1611041.0687484462
1609014.1058767769
1606101.188057189
1604821.9281397627
1604046.8966615153
1600668.453748064
1598706.4062808861
1597743.3442919832
1592447.8273613402
1590876.6704040188
1588814.6561260414
1585950.3050153456
1583927.4017350483
1579048.3237518205
1575869.777860689
1572411.895072434
1569904.500559865
1569226.8302480113
1564212.7070059548
1563007.7565663373
1560489.5744411573
1556124.5720693804
1553760.4640452927
1552840.9558817134
1549816.4379012373
1546155.682494162
1545682.4674274698
1542986.8514456612
1541082.396417222
1540114.6444267337
1536701.0594403236
1535668.795939322
1535491.7583872718
1533502.3022995899
1531729.8360156913
1528542.0028737145
1525204.6462374625
1525204.6462374625
1522401.2204782723
1520799.809780129
1518891.3765350757
1517323.3748416323
1515619.1077783303
1514247.5520779477
1510747.852137378
1509941.9338424872
1508478.9987452868
1507484.7211416415
1506750.761927039
1505530.9079353665
1504847.650285476
1503528.3559797015
1501763.321071928
1500618.4943489023
1499260.282680693
1495895.2004124923
1493277.4846658967
1490317.6340004588
1488652.2586698073
1486632.939409492
1484279.7550206815
1480821.9013447606
1479984.7344472716
1478996.1057940896
1478380.7369025147
1475019.487520667
1472747.0064743683
1469915.761719512
1467469.8190497449
1466985.4705023677
1465547.6267131842
1463344.4387015807
1460160.828219822
1458010.068212259
1455858.6777442866
1453627.058653778
1452850.1791393028
1449517.5795773363
1448450.145189925
1447983.3128657492
1446716.3942189445
1444657.7188367345
1443154.2934493418
1441611.5302588828
1439401.6249035387
1439273.4465090614
1436783.962192799
1436720.2229445775
1435323.526127217
1435323.526127217
1434004.879278626
1432045.574925303
1429647.7327356343
1428412.8128096187
1427413.0767748624
1426265.0722698246
1424765.037848564
1423169.5909988421
1421390.2496336978
1419209.8708465584
1419016.724572137
1417045.229844689
1416587.8100203415
1416176.6274272145
1415985.53511539
1413999.735214898
1412245.3863863843
1410827.7049333295
1409404.0421033022
1408462.698000972
1407954.0168918187
1405363.384157536
1405363.384157536
1405363.384157536
1402524.861023397
1398912.5717183927
1397404.649385288
1396047.303622548
1395502.8492351812
1394987.357731168
1394967.941442505
1393469.197035263
1390621.6769442488
1390038.2759524412
1390038.2759524412
1388042.5565067185
1388001.8209683085
1387828.625083704
1386971.936901364
1385840.994094938
1384758.1489904365
1383686.1281852792
1383686.1281852792
1382485.923012117
1379662.9452605383
1379662.9452605383
1378197.6222875586
1376162.7851921518
1375846.964223357
1374916.0016847982
1374031.0898251794
1374031.0898251794
1373636.199877122
1372249.6545654074
1369232.7769852632
1369052.9634029842
1367913.5794911552
1367913.5794911552
1366191.6231781556
1365928.2325063879
1364398.6093510669
1364065.2454745697
1362732.183773855
1361605.7709407154
1361280.2807414345
1360113.7704275006
1360113.7704275006
1359117.7898320798
1358906.4550002213
1358906.4550002213
1357832.257402393
1356086.8987494821
1354188.9569245784
1354188.9569245784
1353757.1672056664
1353312.033682792
1352120.6437805565
1352100.2021857628
1351828.2640946065
1350538.093818258
1350440.9400745207
1348636.712161296
1345285.6278566895
1344848.018260818
1344016.5076672875
1343356.1059308355
1340968.775729967
1340682.0392011902
1338391.2646133394
1338391.2646133394
1336781.2352842337
1336629.0078867008
1335996.7110732547
1332674.481660629
1332674.481660629
1332572.0351877334
1332572.0351877334
1331977.4905315253
1329803.1027416058
1329080.501245127
1327569.936181064
1325691.9436055687
1324325.1985229142
1323709.3566245302
1323683.8292821054
1323477.0632884009
1322690.7908052627
1321613.8155127785
1321545.1896628095
1320819.920973092
1320387.8426724894
1319345.9146239297
1319345.9146239297
1318644.4343554247
1317218.3413366904
1315128.115699857
1314397.088956385
1314397.088956385
1314254.2291666572
1313017.0604909086
1311940.4204405693
1310380.8166060618
1308753.8358573795
1307953.1505980466
1306910.2319461575
1305278.9021879174
1303827.342425348
1303763.6178559347
1303154.5052370247
1299159.369399122
1299041.757215305
1298622.5608811479
1297368.3000843795
1296794.7494460815
1296767.811736208
1294015.1407872348
1294015.1407872348
1294015.1407872348
1293988.5954044224
1293829.3329344064
1292333.5980643658
1292117.784795918
1292050.7180625133
1290263.1572773026
1289982.5599034175
1289636.4751469926
1288265.9886212826
1287496.3090755898
1287496.3090755898
1287107.5994960591
1286392.0485597358
1283267.206511221
1282126.4262394784
1282038.3118839269
1281259.8531564428
1279832.043530961
1279136.780792078
1278048.145643746
1278048.145643746
1277627.5888028354
1277478.5595751235
1277077.757108986
1277077.757108986
1276886.3006039173
1276177.0669909304
1275600.732781298
1274527.8708183686
1273863.498874196
1273807.136095197
1273807.136095197
1272311.8194524571
1272311.8194524571
1271401.7516403096
1270401.010682271
1269505.1751461066
1268777.5979946437
1267710.1840585521
1266250.688891551
1266201.3967008768
1265459.213992007
1265038.8186333682
1265038.8186333682
1264432.8743891548
1264249.0395733195
1263761.5654609003
1263232.9149939697
1261155.4991140948
1259813.3110075828
1259437.8176777945
1259437.8176777945
1258935.8690551228
1258244.4323905043
1257439.1614760312
1257133.7852096106
1257004.5218214202
1256412.4098287155
1256059.9365467634
1254793.6891443678
1253851.81690601
1253210.6745441356
1253027.2717260974
1253027.2717260974
1252644.2124265675
1250906.4057835217
1250906.4057835217
1250017.6735233935
1249422.8960126
1248892.7415129016
1247536.3966918816
1245925.2495334346
1245454.7966336687
1245213.4531171666
1245112.9518226075
1244307.0633945502
1243433.370598309
1242276.198988888
1242167.2670506153
1241081.1381110928
1239642.8485003472
1239642.8485003472
1239450.4997278787
1237191.361308002
1237191.361308002
1236910.7201610757
1236557.600359295
1236557.600359295
1236467.1521391922
1235795.9075418508
1233526.3803219707
1233450.4156007068
1233195.6469458814
1230551.0457421863
1230367.7177069
1229839.462857348
1228445.2865245868
1228357.6770121562
1225694.9658706253
1224010.5442489714
1223820.1419912148
1223528.5967686153
1223242.9689035183
1223242.9689035183
1223242.9689035183
1223242.9689035183
1222670.4495680083
1222475.8227333978
1221466.862034013
1221466.862034013
1220452.9964197432
1219691.8399786279
1219193.2981504155
1218364.8689762987
1217314.4916423287
1216761.9868858643
1215999.6661453322
1215999.6661453322
1214957.2341221771
1213935.6439105019
1212838.113556949
1211495.25713835
1210781.7922652522
1209517.4164888533
1209505.1710403997
1209183.7227300317
1208746.7232568888
1208604.8314700774
1208469.9917207174
1208441.8718581926
1208441.8718581926
1208441.8718581926
1207528.3021302824
1207528.3021302824
1207528.3021302824
1207353.6554977978
1207353.6554977978
1205939.218937604
1205817.6515509256
1205741.1233180212
1205741.1233180212
1205741.1233180212
1205127.569245397
1205127.569245397
1204332.691062624
1204332.691062624
1203685.9500132562
1202268.8107792484
1202268.8107792484
1200226.088828289
1200112.280684087
1199291.157676517
1197976.217729858
1197796.7118544197
1196866.0090635456
1196731.6901935479
1195851.0681558147
1195851.0681558147
1195851.0681558147
1195851.0681558147
1195851.0681558147
1195851.0681558147
1195851.0681558147
1195764.010672555
1195764.010672555
1195671.1496029627
1195671.1496029627
1194934.8984679356
1194608.0110900803
1194075.8060569675
1193419.7808804659
1192833.9919161296
1191982.8981273954
1191946.018865233
1191946.018865233
1191946.018865233
1190701.6120739777
1190469.611475918
1190469.611475918
1190469.611475918
1188975.6417531644
1188975.6417531644
1188975.6417531644
1188705.4117387012
1187676.6407073713
1187070.6307385392
1186588.6731980531
1186007.9055597852
1185398.1353756574
1184689.5207608163
1184074.0762108206
1184074.0762108206
1184074.0762108206
1183963.8370469077
1183951.695683736
1183951.695683736
1183850.3741580471
1183678.4588738484
1183269.1306296503
1183269.1306296503
1182603.402048855
1182213.1982727014
1182005.7583600036
1181392.9426129218
1181392.9426129218
1181197.7213638155
1181197.7213638155
1180748.9742288732
1180203.2684726594
1180203.2684726594
1180148.2554756973
1178491.7758952659
1178491.7758952659
1178360.6463770773
1178315.3050286286
1178289.6297911068
1177351.1822316295
1177182.6589058319
1176780.439400432
1176780.439400432
1176780.439400432
1175454.671796829
1174516.9420026527
1173940.5048037604
1173940.5048037604
1173940.5048037604
1173225.1242318747
1173218.9799767593
1172405.0810344596
1172362.5356111461
1172362.5356111461
1172119.0713428087
1171766.465745071
1171520.4228290252
1171122.603084708
1171122.603084708
1170742.9911593432
1170742.9911593432
1170297.7751342007
1169210.1927464143
1169210.1927464143
1169210.1927464143
1168447.6543313363
1168295.3050435265
1168287.9279263548
1167033.6304204962
1167033.6304204962
1166826.7400268298
1166686.0731272108
1166686.0731272108
1166540.1700750585
1164598.5282475497
1164581.8999270266
1164581.8999270266
1164581.8999270266
1163487.2904198307
1163180.27809571
1162940.2780409525
1162461.7059130184
1162461.7059130184
1162364.2212543343
1162095.4931682604
1162017.629329497
1162017.629329497
1160424.3706487925
1160424.3706487925
1160260.565480555
1158805.3622851153
1158805.3622851153
1158618.1614484552
1158228.5998925078
1157679.7533274316
1157679.7533274316
1157679.7533274316
1156980.1274467222
1155853.0235025566
1155853.0235025566
1155853.0235025566
1155853.0235025566
1155263.2996187992
1155187.8809322156
1154831.830526602
1154831.830526602
1154300.8733029752
1153953.2139646977
1153593.0846197628
1153593.0846197628
1153014.0209864925
1152088.1503684726
1152051.8178130619
1152051.8178130619
1152051.8178130619
1151979.3333736844
1151470.4566732738
1150823.4926110706
1150823.4926110706
1150823.4926110706
1150823.4926110706
1150389.8958736486
1150244.030192288
1150016.1244532997
1149893.1913037288
1149893.1913037288
1149839.2138510775
1149223.7306851898
1148732.835477488
1148732.835477488
1148488.5437953356
1147770.3052730518
1147108.2917535463
1146721.5659638946
1146235.0541795488
1145196.4007264823
1144975.1409647758
1144975.1409647758
1144975.1409647758
1144951.6145223673
1144951.6145223673
1144951.6145223673
1144951.6145223673
1143550.951038276
1143550.951038276
1143055.2320353747
1143055.2320353747
1142679.2428269058
1142679.2428269058
1141461.6793324808
1141461.6793324808
1140934.1291037258
1140934.1291037258
1140143.063178009
1139490.6133422044
1139046.2088659634
1139046.2088659634
1139046.2088659634
1139046.2088659634
1138684.9115181875
1138284.3779283962
1137889.3308103774
1137889.3308103774
1137288.2035894252
1136415.3201818045
1135995.433642679
1134661.6598171797
1134661.6598171797
1134339.3488337777
1133962.9645550344
1133962.9645550344
1133762.551497905
1133401.8000627449
1133290.0837284168
1133164.473634827
1133164.473634827
1133081.817449652
1132175.310576193
1132175.310576193
1132175.310576193
1132175.310576193
1130919.279970212
1130919.279970212
1130919.279970212
1130890.2361581244
1130890.2361581244
1130890.2361581244
1130890.2361581244
1130141.4621633836
1129726.5680238344
1129495.2405219746
1129495.2405219746
1128985.1660085476
1128716.7631668635
1128371.6885599077
1128371.6885599077
1128124.1124668655
1128124.1124668655
1127980.0897183372
1127980.0897183372
1126602.2096328088
1126602.2096328088
1126602.2096328088
1126071.4724246825
1126071.4724246825
1125747.9384719676
1125023.4489563014
1124607.9197828118
1123646.2966441652
1123646.2966441652
1123646.2966441652
1123646.2966441652
1123246.9607132645
1123138.4534852924
1122729.454159623
1122640.137721034
1122640.137721034
1122640.137721034
1122640.137721034
1122640.137721034
1122542.2135231122
1122503.4078308183
1122503.4078308183
1122503.4078308183
1122503.4078308183
1122500.2949194629
1122454.952525146
1122454.952525146
1122454.952525146
1121962.3575133644
1121828.4539109592
1121634.1852462604
1121634.1852462604
1121634.1852462604
1121634.1852462604
1121467.726472023
1121467.726472023
1121309.811011694
1121309.811011694
1120964.9276727908
1120964.9276727908
1120695.039876521
1120695.039876521
1120695.039876521
1120695.039876521
1120695.039876521
1120695.039876521
1120186.8663411604
1120186.8663411604
1120186.8663411604
1120186.8663411604
1120186.8663411604
1120186.8663411604
1119777.804003113
1119777.804003113
1119376.8911769027
1118561.222845789
1117937.817586014
1117937.817586014
1117937.817586014
1117937.817586014
1117937.817586014
1117937.817586014
1117937.817586014
1117874.7383321105
1117874.7383321105
1117874.7383321105
1117874.7383321105
1117451.9318636889
1115423.934290618
1114011.0375761292
1114011.0375761292
1114011.0375761292
1113487.0033007911
1112810.7210241305
1112686.7044426482
1112686.7044426482
1112130.0556084116
1111624.1538066983
1111624.1538066983
1111624.1538066983
1111624.1538066983
1111511.978773871
1111511.978773871
1111493.5450906
1111477.4795219612
1111019.3061523787
1110265.2474128618
1109205.6048905274
1108935.6512251908
1108393.1102504646
1108393.1102504646
1108393.1102504646
1108393.1102504646
1107694.1688843176
1107694.1688843176
1107675.091855917
1107382.6860080357
1107382.6860080357
1107174.7002216321
1105470.834173034
1105470.834173034
1105470.834173034
1104968.0136453756
1104968.0136453756
1104727.4536972363
1103595.9960045167
1103595.9960045167
1102891.1353307832
1102891.1353307832
1101784.4294837744
1101677.6143816141
1101677.6143816141
1100957.273472143
1100957.273472143
1100327.8170915628
1100327.8170915628
1100073.6980278923
1099907.0539057194
1099907.0539057194
1099907.0539057194
1098017.2795511559
1097211.0817368645
1096946.189114856
1095847.2457569516
1095671.5597178394
1095671.5597178394
1095671.5597178394
1095671.5597178394
1095671.5597178394
1094729.4477624847
1094577.7574878945
1094561.2814661644
1094561.2814661644
1094129.5268286425
1093296.3010791182
1093296.3010791182
1093296.3010791182
1093208.1962485136
1092845.1875134693
1092471.0895302312
1092471.0895302312
1092471.0895302312
1092377.3726747613
1092377.3726747613
1092377.3726747613
1092288.969799487
1091938.0655968226
1090916.6872326327
1090916.6872326327
1090916.6872326327
1090916.6872326327
1090340.1078752866
1090340.1078752866
1090340.1078752866
1090340.1078752866
1090221.55107731
1089903.735895273
1089903.735895273
1089903.735895273
1089694.234788609
1089694.234788609
1088610.4283933397
1088390.1687809452
1088390.1687809452
1087851.2143597023
1087746.4901880315
1087179.8842040424
1087179.8842040424
1086944.4168323232
1086944.4168323232
1086944.4168323232
1086846.457706954
1086846.457706954
1086846.457706954
1086846.457706954
1086846.457706954
1086846.457706954
1086846.457706954
1086846.457706954
1086846.457706954
1086152.7431124877
1086152.7431124877
1086152.7431124877
1086152.7431124877
1086152.7431124877
1086152.7431124877
1086152.7431124877
1085939.3650812153
1085258.5469113882
1084991.3648352965
1084991.3648352965
1084991.3648352965
1084991.3648352965
1084526.3908254497
1084349.9146912594
1084349.9146912594
1084349.9146912594
1084349.9146912594
1084349.9146912594
1084143.6707621496
1083144.1566396917
1082293.2965384885
1082293.2965384885
1082293.2965384885
1081667.9519383141
1081297.7686425536
1080814.6362241285
1080723.21081186
1079522.6027525046
1079522.6027525046
1079522.6027525046
1079522.6027525046
1079312.8375293664
1079312.8375293664
1078870.5126303222
1078068.4643580867
1077369.0376866944
1077369.0376866944
1077369.0376866944
1076828.5543794895
1076828.5543794895
1076828.5543794895
1076805.8889161798
1076805.8889161798
1076805.8889161798
1075084.566379313
1075080.298289766
1075080.298289766
1075080.298289766
1075080.298289766
1075049.6653515927
1074760.4568795362
1074626.9067603115
1073684.6666405066
1073684.6666405066
1073684.6666405066
1073684.6666405066
1073684.6666405066
1073684.6666405066
1073684.6666405066
1073684.6666405066
1073241.9599401657
1072988.036523576
1072988.036523576
1072988.036523576
1072988.036523576
1072988.036523576
1072988.036523576
1072399.3212619273
1071548.242743039
1071111.6783151035
1071111.6783151035
1071049.5059121521
1071049.5059121521
1071049.5059121521
1071049.5059121521
1070881.1843239204
1070881.1843239204
1070691.3950056355
1070691.3950056355
1070541.9891270457
1069564.4360603876
1069564.4360603876
1069564.4360603876
1069564.4360603876
1069564.4360603876
1069564.4360603876
1069564.4360603876
1069412.5718082264
1069340.2358457237
1068782.5177976517
1068782.5177976517
1068782.5177976517
1068418.7891363576
1068418.7891363576
1067628.147629784
1067628.147629784
1067628.147629784
1067356.5394992006
1067165.1943768254
1066995.7863666448
1066530.6429260084
1066530.6429260084
1066357.2082798416
1066169.4575311588
1065206.1949560316
1065206.1949560316
1065206.1949560316
1065206.1949560316
1065206.1949560316
1065206.1949560316
1064578.1228499527
1064578.1228499527
1063806.675915821
1063327.1619417998
1062924.7355044493
1062794.4360938384
1062794.4360938384
1062794.4360938384
1062651.9193363106
1062650.710844136
1062650.710844136
1062386.8515963734
1062386.8515963734
1062386.8515963734
1062184.6283875052
1062184.6283875052
1062184.6283875052
1061698.1039463268
1061698.1039463268
1061698.1039463268
1061698.1039463268
1061698.1039463268
1061698.1039463268
1061698.1039463268
1061698.1039463268
1060348.837828605
1060180.6704914533
1059672.230143845
1059672.230143845
1059672.230143845
1058774.2991440818
1057606.0738445863
1057606.0738445863
1057134.2838732852
1057084.8882372403
1057084.8882372403
1056745.161625527
1056685.591210216
1056685.591210216
1056685.591210216
1056685.591210216
1056685.591210216
1056557.5497796882
1056557.5497796882
1056250.9250504689
1055878.3571385448
1055878.3571385448
1055878.3571385448
1055878.3571385448
1055878.3571385448
1055878.3571385448
1055878.3571385448
1055505.132167806
1054905.2529279506
1054894.4057812346
1054894.4057812346
1054696.5177152622
1054044.9642397924
1054044.9642397924
1053302.9374457942
1053216.485631072
1053216.485631072
1053216.485631072
1053001.13411341
1052317.2469532578
1052317.2469532578
1051974.965095547
1051974.965095547
1050908.4909850084
1050908.4909850084
1049977.4638184658
1048782.9165776954
1048433.435259966
1048433.435259966
1048433.435259966
1048433.435259966
1047933.5036996019
1047933.5036996019
1047933.5036996019
1046493.7756222375
1046493.7756222375
1046333.9949255646
1046170.4264732276
1045986.174265317
1045986.174265317
1045986.174265317
1045826.1952174143
1045406.2537789906
1045406.2537789906
1045406.2537789906
1045406.2537789906
1045406.2537789906
1045406.2537789906
1044668.3935480168
1044599.6355873456
1044599.6355873456
1044469.9127463191
1044469.9127463191
1044469.9127463191
1044469.9127463191
1043618.381585383
1043566.2728842456
1043488.6577409821
1043488.6577409821
1042668.8702445365
1042668.8702445365
1042668.8702445365
1042668.8702445365
1042668.8702445365
1042102.8976097673
1041996.7015697786
1041853.9931440745
1041596.1639270228
1041596.1639270228
1041596.1639270228
1041596.1639270228
1041596.1639270228
1041596.1639270228
1041596.1639270228
1041596.1639270228
1040159.1862993956
1040159.1862993956
1040159.1862993956
1040159.1862993956
1039768.1269621858
1039745.7778607754
1039199.0846175653
1039199.0846175653
1039199.0846175653
1038958.9417380855
1038851.9726110481
1038333.8917476628
1037884.6103140862
1037884.6103140862
1037875.4992792059
1037875.4992792059
1037501.8671695602
1037501.8671695602
1037501.8671695602
1037501.8671695602
1037501.8671695602
1037184.7580894572
1036902.0521634457
1036902.0521634457
1036902.0521634457
1036902.0521634457
1036872.2025990287
1036335.5128590562
1036335.5128590562
1036335.5128590562
1036272.9016292098
1036272.9016292098
1036272.9016292098
1036263.3861539968
1036263.3861539968
1035999.9853037288
1035999.9853037288
1035999.9853037288
1035999.9853037288
1035999.9853037288
1035699.0861153132
1035699.0861153132
1035699.0861153132
1035411.6799507644
1035411.6799507644
1034925.2361025518
1034925.2361025518
1034925.2361025518
1034398.0344631949
1034398.0344631949
1034398.0344631949
1034398.0344631949
1034398.0344631949
1034216.0052886149
1034216.0052886149
1033525.613217841
1033525.613217841
1032432.8123118766
1032203.2156976791
1032203.2156976791
1031758.002259274
1031758.002259274
1031606.2984715251
1031606.2984715251
1031151.2003998521
1030565.6005943988
1030565.6005943988
1030020.4162022895
1029677.0053218573
1029677.0053218573
1029677.0053218573
1029677.0053218573
1029677.0053218573
1028970.1505003304
1028970.1505003304
1028686.2038305348
1028686.2038305348
1028015.6833027126
1028015.6833027126
1028015.6833027126
1028015.6833027126
1028015.6833027126
1027736.1115116026
1027736.1115116026
1027736.1115116026
1027478.1129665924
1027041.5621634963
1026453.9357152435
1025902.1342236004
1025149.1325207684
1024766.6636189552
1024216.5799309777
1024216.5799309777
1024216.5799309777
1023729.720373373
1023624.7501284548
1023624.7501284548
1023351.8751214746
1023351.8751214746
1022575.2043941726
1022575.2043941726
1022575.2043941726
1022046.62706491
1022046.62706491
1022018.8285438954
1022018.8285438954
1022018.8285438954
1021763.5251906919
1021763.5251906919
1021763.5251906919
1021763.5251906919
1021601.3224314948
1021601.3224314948
1021145.9565057065
1020866.845707854
1020866.845707854
1020488.3162394946
1020179.9733782483
1020179.9733782483
1020179.9733782483
1020179.9733782483
1019877.0499404006
1019877.0499404006
1019564.225555794
1019564.225555794
1019564.225555794
1019564.225555794
1019564.225555794
1019304.9912988553
1019304.9912988553
1019139.0242600075
1018871.6175438154
1018871.6175438154
1018563.194294905
1018563.194294905
1018563.194294905
1017892.1848398552
1017743.4851746382
1017743.4851746382
1017743.4851746382
1017743.4851746382
1017444.6680687809
1017444.6680687809
1017064.6398803337
1017004.9391549589
1017004.9391549589
1017004.9391549589
1017004.9391549589
1017004.9391549589
1017004.9391549589
1017004.9391549589
1017004.9391549589
1016742.6784303769
1016684.6742637027
1016605.9196720091
1016516.248735279
1016516.248735279
1016340.773057606
1015789.8210824886
1015789.8210824886
1015789.8210824886
1015789.8210824886
1015089.6696670481
1015089.6696670481
1015089.6696670481
1014908.6906864607
1014406.9086231533
1014406.9086231533
1014406.9086231533
1014009.584019027
1014009.584019027
1014009.584019027
1013600.4356623034
1013600.4356623034
1013600.4356623034
1013600.4356623034
1013600.4356623034
1013600.4356623034
1013561.4900985423
1013561.4900985423
1013561.4900985423
1013561.4900985423
1013561.4900985423
1013531.208896663
1013531.208896663
1013006.9468274908
1013006.9468274908
1012242.8072756872
1012242.8072756872
1012242.8072756872
1011528.2448993736
1011275.4729615399
1011175.9324856787
1011175.9324856787
1010437.7096666879
1010437.7096666879
1010437.7096666879
1010118.5663502971
1010118.5663502971
1009631.7677653809
1009306.5078592357
1009306.5078592357
1009306.5078592357
1009306.5078592357
1009306.5078592357
1009302.8471631743
1009137.7133006519
1009137.7133006519
1009137.7133006519
1009137.7133006519
1009076.1303902857
1009076.1303902857
1009076.1303902857
1009076.1303902857
1009076.1303902857
1009076.1303902857
1009076.1303902857
1008306.551135188
1008306.551135188
1007976.9212895785
1007934.64974302
1007770.6601840698
1007707.9600801681
1007707.9600801681
1007707.9600801681
1007707.9600801681
1007411.5578264669
1007411.5578264669
1007411.5578264669
1007321.0163119909
1007321.0163119909
1007321.0163119909
1007321.0163119909
1007321.0163119909
1007321.0163119909
1007321.0163119909
1006885.625488501
1006885.625488501
1006885.625488501
1006885.625488501
1006885.625488501
1006278.4499729234
1006278.4499729234
1006278.4499729234
1006278.4499729234
1006133.4151613009
1006133.4151613009
1006133.4151613009
1006133.4151613009
1006133.4151613009
1005737.610037157
1005737.610037157
1005437.6775932921
1004202.6021261322
1004202.6021261322
1004202.6021261322
1004072.5530045284
1004072.5530045284
1004072.5530045284
1004072.5530045284
1004072.5530045284
1003806.6892901955
1003806.6892901955
1003100.7268970548
1003100.7268970548
1003100.7268970548
1003100.7268970548
1003078.8393237027
1002880.8822682934
1002880.8822682934
1002880.8822682934
1002780.1543732075
1002509.9715862039
1002509.9715862039
1002509.9715862039
1002306.8343235063
1002306.8343235063
1001781.2581237673
1000984.4081937193
1000984.4081937193
1000900.9302447308
1000900.9302447308
1000900.9302447308
1000836.0368108185
1000799.5332236025
999681.5806687893
999681.5806687893
999403.0590838802
999403.0590838802
999403.0590838802
999403.0590838802
999403.0590838802
999403.0590838802
999364.9239891078
999364.9239891078
999364.9239891078
999364.9239891078
999364.9239891078
999364.9239891078
999296.5688044146
998661.3860730774
998150.5120162002
998150.5120162002
998150.5120162002
998150.5120162002
998150.5120162002
998150.5120162002
998088.5078274026
998088.5078274026
998088.5078274026
998088.5078274026
998088.5078274026
997880.1966322754
997880.1966322754
997880.1966322754
997878.8198675291
997598.6191991227
997598.6191991227
997174.770444693
996942.68700886
996942.68700886
996887.597433165
996331.9560764029
996331.9560764029
996331.9560764029
996331.9560764029
996331.9560764029
996215.9798897827
996059.5187885901
996059.5187885901
995956.1822256445
995956.1822256445
995956.1822256445
995956.1822256445
995956.1822256445
995475.9188506526
995475.9188506526
995475.9188506526
995475.9188506526
995475.9188506526
994766.0144679171
994766.0144679171
994603.7279825697
994603.7279825697
994508.833027568
994508.833027568
994440.1721822307
994440.1721822307
994440.1721822307
994440.1721822307
994440.1721822307
994440.1721822307
994440.1721822307
994164.8048371885
993995.3413329672
993995.3413329672
993995.3413329672
993995.3413329672
993995.3413329672
993868.7144255016
993479.1355806778
992939.3557111032
992812.3785845031
992812.3785845031
992812.3785845031
992764.3446133761
992731.6657083426
992731.6657083426
992620.7873326421
992371.5167694084
992371.5167694084
992371.5167694084
992371.5167694084
992371.5167694084
992371.5167694084
992371.5167694084
992371.5167694084
992371.5167694084
992371.5167694084
992371.5167694084
992371.8342504919
992371.8342504919
992371.8342504919
992371.8342504919
992371.8342504919
992371.8342504919
992371.8342504919
992371.8342504919
992371.8342504919
992371.8342504919
992371.8342504919
992371.8342504919
992371.8342504919
992371.8342504919
992371.8342504919
992371.8342504919
992371.8342504919
992371.8342504919
992371.8342504919
992371.8342504919
992371.8342504919
992371.8342504919
992371.8342504919
992371.8342504919
992371.8342504919
992371.8342504919
992371.8342504919
992371.8342504919
992371.8342504919
992371.8342504919
992371.8342504919
992371.8342504919
992371.8342504919
992371.8342504919
992371.8342504919
992371.8342504919
992371.8342504919
992371.8342504919
992371.8342504919
992371.8342504919
992371.8342504919
992371.8342504919
992371.8342504919
992371.8342504919
992371.8342504919
992371.8342504919
992371.8342504919
992371.8342504919
992371.8342504919
992371.8342504919
992371.8342504919
