4530658.090736056
4412225.7474225005
4339485.826206531
4233970.750481464
4129301.9818027006
4037812.9445262584
3971731.2778502395
3900161.406197494
3811854.346335881
3722840.886409412
3636493.3848301587
3570809.982675073
3491498.4546717936
3443322.978041011
3382625.256711739
3333556.752750633
3273577.4567680815
3241537.6334990095
3205960.2644736636
3167044.482787538
3128369.8494470073
3100734.4855667898
3061157.076948022
3017570.489887394
2979175.5536710937
2950154.8569766344
2903837.314693572
2874293.8493275875
2833796.489791775
2802262.6491665067
2781937.05642674
2746617.4635109645
2727778.210335497
2701963.08380947
2682077.127906548
2657886.1100061596
2638425.1132234414
2620624.3438407267
2608458.565111834
2588118.7122370144
2565112.2790617556
2546124.8023264157
2524269.5500705615
2506566.801450956
2491940.425844057
2476770.2924089106
2462119.895771623
2443237.950648873
2421464.048517001
2398215.697820398
2386120.3262700127
2372148.4471914894
2359489.283103434
2343877.952627731
2331176.9501338396
2316764.0284742024
2298715.5937134055
2285007.021718921
2262392.2143273335
2245523.589699811
2237475.2302896734
2221658.649307455
2202030.649398069
2190508.1686798776
2183838.610717074
2174598.3722630623
2163761.1919345856
2155713.552301443
2143729.6586723807
2132867.2943997183
2126567.0076034125
2115252.9764221287
2107993.1798652215
2091889.198291374
2085702.3789588753
2073801.6852106226
2069055.818736221
2064395.039819733
2053031.2514782492
2044016.8153591393
2038319.7735606981
2032078.106671827
2027226.407366792
2024514.5711165904
2017625.0468839859
2009586.7912910432
2007730.8238746927
1999363.269380882
1991925.637521157
1987803.8641924588
1979982.737189272
1974936.5173469963
1968776.0764232273
1964522.8868192262
1959498.0971279861
1953433.2863296354
1940956.2755509631
1933033.5670072995
1926915.5597854145
1919990.4345620666
1910774.5748969573
1903866.102745108
1900838.5201063985
1892660.0872842702
1886150.8178446088
1879896.4589712599
1874370.9051423827
1866471.2108763093
1862007.4077383177
1857603.586456919
1853110.9975781762
1845924.3676948175
1840605.9841739861
1834731.7153184472
1827482.103042326
1826257.908302065
1825480.3792308383
1821709.3522833562
1817502.822686581
1808102.295946946
1800292.6233092886
1797074.817875857
1791378.4275076534
1787448.3774243554
1780786.3475501137
1775713.2459608424
1772373.4358165956
1766232.9879621975
1763673.9010880403
1760088.59783425
1757554.985122383
1753045.4460397644
1749332.1387660697
1747803.5461008828
1746540.1407955065
1743644.65905404
1740251.5332610498
1738114.0029866057
1736288.1553876062
1734826.7354862464
1731862.4743371136
1727429.1261087032
1722017.5435250588
1715486.131064285
1712999.8796927263
1712007.4912505322
1708298.8377503143
1705800.3165739924
1702494.1910882092
1700396.5932124997
1698863.649265919
1696887.2507334305
1693563.9679621253
1691730.7325223999
1688571.6480005127
1687696.678957903
1683636.2772067059
1678070.5860788252
1674370.4116767105
1665895.7487954174
1664381.8252368032
1660533.534928414
1653881.9343651175
1647885.6203576194
1645497.2793123354
1642876.5160387612
1639836.99560993
1635564.9236292606
1633914.3540791136
1632420.9634666909
1628654.81938246
1625695.1509352643
1624495.6230191155
1617139.6397428345
1613945.953001542
1611257.6800314616
1605780.3132772688
1604343.764443384
1601031.2485412834
1594155.0387328826
1591986.2023777016
1588863.8225782327
1587416.3707018276
1584020.5807654676
1582160.055334005
1580152.4707854083
1578834.117911163
1576795.0929955312
1575598.8435033222
1575087.6447902282
1569759.9472581837
1563054.0064227537
1560662.649620802
1559178.0664798801
1557609.45907876
1555019.437197427
1553474.0053981591
1549552.4428549567
1546993.6496733292
1543837.347371818
1542454.445142469
1540379.819351746
1536346.1153882432
1534328.0888035772
1533718.757296298
1530608.0926968837
1530534.5968009653
1529400.3918257682
1527155.4578806744
1524418.1477856205
1521245.3866159238
1518249.0182745608
1517628.975785995
1513333.4738366916
1511265.083362231
1509731.4445061292
1508588.7885376413
1507941.432504321
1507936.6220522006
1507373.561930859
1505975.5870529495
1502480.3720259743
1500169.8182390165
1500009.5376031972
1499009.7218382547
1498113.241636986
1497261.3869799054
1496721.246265673
1495066.7929902596
1494803.9255045122
1491939.360822064
1489000.6643651826
1487387.512631272
1485204.7018666964
1483031.147831927
1483031.147831927
1483031.147831927
1481773.8683302253
1481035.9667299478
1478853.3719361231
1478180.949398871
1478109.5086962427
1477121.295025253
1476321.2434491985
1473907.4604424725
1470151.7863313965
1469623.355180585
1467549.1267765318
1459953.046285575
1458672.874999906
1455391.0172725564
1454460.5454945292
1452330.234957766
1450952.5754285546
1448616.0033629318
1448410.0477725107
1444920.6207599589
1440474.6260815812
1438890.0272639338
1434619.1437192527
1433396.8440819813
1431075.7017217888
1429098.5902374447
1428921.778746081
1428851.4693009406
1427630.6113096406
1423939.120009854
1422849.187415031
1422688.1583651588
1422200.8191419067
1421985.6058626422
1421131.525260387
1420427.5872881855
1417953.9376519064
1417591.422811013
1412666.9161303728
1411613.4748706496
1410304.3882241328
1408635.5831671264
1408280.886567956
1407580.3224249864
1405856.6773017345
1403802.2317450647
1402762.7479573498
1400454.397514509
1399990.9639952774
1398512.1091017784
1398021.1785425749
1395543.1320499685
1393882.6753918135
1393208.8650391242
1391497.470488262
1390925.8593516867
1390363.8946410916
1388823.887241482
1388685.163782727
1388685.163782727
1385936.835183124
1384263.393929514
1382797.528219677
1382231.6156518292
1379951.421706056
1378428.8976884438
1376396.5670291716
1374361.74686819
1374296.159058474
1372747.4798435855
1371910.4611599196
1371487.9147156596
1370807.8643707915
1369853.9239849877
1367787.5170938717
1367748.3432221545
1367315.143009641
1367315.143009641
1366477.5652859877
1364664.2836233056
1363264.405611421
1362422.1207153257
1361653.6978399495
1359709.2451172317
1359397.2167136746
1358267.9516569609
1358267.9516569609
1357621.42201284
1357444.5045180887
1356992.634760871
1356678.1654548566
1355425.4772060406
1355188.3087286928
1353624.068290146
1351544.5200181303
1348734.8816127377
1348710.6187680475
1347045.0898461104
1344973.8160405597
1344273.453433825
1342367.5163986613
1341561.7974300894
1338837.5059669674
1337609.218129899
1337516.7933567679
1337275.7156026687
1334537.856187215
1334537.856187215
1333792.5747069118
1332682.5975443143
1331955.0410186006
1331523.7909955347
1330693.1554442523
1329887.8647870682
1329653.863426209
1328638.6745457656
1328629.7840939646
1325805.059369462
1324464.3269471033
1323164.2047113818
1322964.1985063101
1322064.1490536318
1321771.765805952
1320083.739603016
1318516.6881308008
1317692.9242231932
1317392.9428218144
1317285.8301491726
1316932.860044594
1316833.6088447638
1316487.0350266485
1316235.90365597
1316029.3536527543
1314930.1630120538
1314930.1630120538
1314259.0437415757
1314259.0437415757
1313596.0789443366
1312172.8220578716
1311549.4639411136
1310117.2340290446
1309916.1630544546
1309916.1630544546
1308890.5909344489
1308890.5909344489
1308335.665455447
1307151.8874490615
1307026.0947016277
1304089.0570277995
1303610.4513840196
1303610.4513840196
1303318.6555522908
1303253.876041079
1301049.2184949308
1300126.7481877622
1298782.1622346009
1298070.7284686887
1297291.344175379
1296301.2857384158
1295636.5954605928
1292750.5331162706
1292750.5331162706
1292474.343185252
1291600.430518388
1291470.1299830962
1290499.081797191
1290490.3866101203
1290133.3333851453
1290133.3333851453
1288237.9876997601
1285708.3777061305
1285088.8409065134
1282788.742083065
1281921.605621653
1281898.9109229927
1281712.2102457057
1281454.5753279044
1280179.0516455555
1278559.6539636948
1277598.4626102422
1276695.4637207459
1276695.4637207459
1274200.579700348
1273488.8659576275
1272811.1767484648
1272576.8868723945
1271726.8271069948
1271726.8271069948
1269634.8766154293
1269474.544632853
1269161.4788873275
1269161.4788873275
1268813.6826774455
1266831.531366933
1266831.531366933
1266831.531366933
1264181.4969738284
1263839.0250034062
1262370.8539736453
1261719.109904732
1261529.8791880044
1261390.4947070745
1260188.1831357575
1259690.3712707954
1259505.9563677614
1258982.5031119753
1258682.0551258344
1258165.1335679395
1257315.531114184
1256883.1684259437
1256880.0208204715
1256430.846116697
1256430.846116697
1256399.3154967884
1255949.770255927
1255949.770255927
1255919.9450958914
1254617.784879926
1253858.6826572884
1253291.8093872447
1251227.1863497957
1250571.4380644325
1249450.085754566
1249065.5039432454
1248063.9650112758
1247565.8634576665
1247496.8758288503
1246489.3651078835
1246017.260372513
1246017.260372513
1246017.260372513
1244771.1094332673
1244596.5526265297
1242809.6320611285
1242511.3390146487
1242149.4073838852
1241925.0464220112
1241341.4360927423
1240670.3636158712
1237951.263447057
1237668.2305353587
1237027.6539638047
1236258.9535405613
1235002.5668971622
1234701.6911277196
1234597.0705565566
1232818.1652785204
1232511.3757674447
1232087.1395442307
1231783.804778046
1230752.2121159537
1230516.0786763427
1229159.455703271
1228585.016328925
1228436.7676513705
1228189.3370337293
1227818.8424198097
1227547.896418156
1227547.896418156
1226752.9315342766
1226346.8762556508
1226346.8762556508
1226346.8762556508
1226346.8762556508
1226346.8762556508
1226346.8762556508
1226346.8762556508
1226326.9639706612
1226235.5655899355
1226235.5655899355
1226105.8906465257
1226105.8906465257
1225003.507653435
1225003.507653435
1224763.6858102265
1224763.6858102265
1224760.0331892888
1224760.0331892888
1224760.0331892888
1224664.128061152
1222841.9198810584
1221877.4695501188
1221615.3845823398
1221589.2727646339
1221589.2727646339
1221028.9144666772
1221028.9144666772
1219984.8806916075
1219577.7312990455
1219088.688502191
1218266.5291715804
1218266.5291715804
1217699.8853589387
1217644.8304515514
1217194.1473312099
1216863.466978781
1216863.466978781
1216791.2885338736
1215428.443726748
1214719.9833789554
1213418.7512234747
1212929.9290680606
1212929.9290680606
1212485.050672912
1212485.050672912
1212464.655632291
1212449.0097014718
1212340.7993940278
1211708.121348586
1211401.6213043407
1209844.9573506867
1209610.7848134004
1208558.9824753425
1208536.3528290908
1208348.3997613702
1208147.5466963802
1208147.5466963802
1207776.6632298864
1207776.6632298864
1207716.7011578376
1207716.7011578376
1207716.7011578376
1207695.8657431507
1207695.8657431507
1207695.8657431507
1207614.0960844676
1207614.0960844676
1206580.08770813
1204991.390523257
1204449.7100485815
1203697.1055433683
1203697.1055433683
1202503.0755169273
1202381.503174229
1202381.503174229
1202381.503174229
1201261.343566044
1200822.9204607324
1199087.1947654127
1198231.9092965862
1197846.2224601896
1197846.2224601896
1196971.4776761984
1196971.4776761984
1196068.4045482876
1195483.5456132945
1195483.5456132945
1195444.4237981532
1194749.9040099746
1194661.6192276466
1194020.1164423225
1194020.1164423225
1194020.1164423225
1193558.7143260757
1193297.2960938537
1192611.0482338397
1192229.720240748
1192229.720240748
1190961.4872711166
1190443.7111660712
1189960.8796604439
1189603.0649672428
1188515.6358005395
1188515.6358005395
1187317.4914979406
1187317.4914979406
1187081.6666621096
1186078.9345302423
1186078.9345302423
1184582.3055267236
1184582.3055267236
1184551.1061997297
1183598.2208392527
1182978.0781062862
1182564.4440739907
1182543.632314042
1182543.632314042
1182209.539200359
1181706.9905777273
1181548.8032578556
1181523.0434942518
1181199.2133314023
1181199.2133314023
1180820.9568240545
1180820.9568240545
1180820.9568240545
1180576.354381563
1180294.0480894304
1180294.0480894304
1180199.0306001045
1179686.924420599
1179422.8695678888
1178640.3686838495
1177193.042625818
1176509.6683946436
1176384.0165679832
1176228.2004764345
1176228.2004764345
1175621.8171539777
1174674.1553789196
1174674.1553789196
1174674.1553789196
1174674.1553789196
1174140.4486626373
1172888.1357332417
1172888.1357332417
1172384.8077751282
1171788.2020088201
1171788.2020088201
1171070.1710785353
1169948.1697512658
1169857.0115670806
1169857.0115670806
1169196.8523775022
1168617.383212094
1168617.383212094
1168397.049607231
1168296.0388983544
1167138.3924064885
1167138.3924064885
1166572.7637428758
1166572.7637428758
1166217.5660243928
1166047.2849083005
1165128.1979953623
1164925.3763583265
1164925.3763583265
1164243.6129327333
1163842.1695497902
1163842.1695497902
1163175.5929133357
1162886.9423687411
1162886.9423687411
1162413.2974620815
1161898.3058262423
1161804.7462588218
1161804.7462588218
1161393.1995665177
1161236.1008205812
1160862.6990151517
1160490.4117026054
1160490.4117026054
1160215.9773943382
1160215.9773943382
1159930.1411899282
1159930.1411899282
1158890.612976104
1158890.612976104
1158624.309342471
1158624.309342471
1158557.1112604789
1157697.528704702
1157697.528704702
1157580.3180168371
1156739.5456997002
1155879.0388356275
1155537.883431999
1155210.890372849
1154589.7679059056
1154479.7934968527
1154385.1988769476
1154385.1988769476
1153828.5325081586
1152487.829391656
1152487.829391656
1151012.1081092758
1150843.207706161
1149935.2763251986
1149935.2763251986
1149585.755405814
1149585.755405814
1148748.1247935405
1148563.907226191
1148563.907226191
1148100.1358794305
1147076.0920195344
1146648.1059235076
1146648.1059235076
1146608.8421305274
1145985.039491455
1145425.162415765
1142257.0910063724
1141542.3290886283
1141481.2376540587
1141481.2376540587
1141481.2376540587
1140561.7345240265
1140539.868530128
1140539.868530128
1140317.0781827117
1140317.0781827117
1139112.9506196994
1138723.9890388884
1138723.9890388884
1138723.9890388884
1138723.9890388884
1138723.9890388884
1138723.9890388884
1138613.8453831743
1137074.2028271542
1136440.5522386087
1136440.5522386087
1136101.940813763
1136101.940813763
1134897.1120425975
1134897.1120425975
1133982.6480605789
1133982.6480605789
1133982.6480605789
1133797.3743431743
1133797.3743431743
1132225.5349782258
1132225.5349782258
1131739.1549293874
1131739.1549293874
1131557.811520952
1131175.2839575177
1130591.6910854732
1129961.729156605
1129961.729156605
1129185.6509280016
1129185.6509280016
1128741.9294305611
1128741.9294305611
1128741.9294305611
1128741.9294305611
1127800.9239372495
1127800.9239372495
1127250.6155967317
1127250.6155967317
1127250.6155967317
1127250.6155967317
1127250.6155967317
1127064.6559241216
1126384.3861772926
1126384.3861772926
1126384.3861772926
1126166.1351295258
1124626.320726952
1123779.38497974
1123779.38497974
1123779.38497974
1123453.046917618
1123327.0459252545
1123267.020980831
1123267.020980831
1123267.020980831
1123267.020980831
1123261.50169703
1123261.50169703
1122972.752866209
1122625.864286275
1122155.2929190435
1122155.2929190435
1121557.4693089614
1121557.4693089614
1121557.4693089614
1121557.4693089614
1121492.612223906
1120398.3822273877
1120395.7351243538
1120395.7351243538
1120395.7351243538
1120150.1018473108
1120150.1018473108
1120150.1018473108
1119440.2761416165
1118171.83755703
1117757.5166447284
1117414.604610199
1117414.604610199
1116805.2630581658
1116313.2430792036
1116100.4340328183
1116100.4340328183
1115531.5772363066
1115496.5098202159
1115496.5098202159
1115319.8636049712
1115319.8636049712
1115319.8636049712
1115319.8636049712
1114922.5617360678
1114594.3962113017
1114583.0402376917
1114583.0402376917
1114516.5310529338
1114516.5310529338
1114516.5310529338
1113253.4698832447
1113253.4698832447
1113253.4698832447
1112997.43332559
1111884.9694846692
1111734.4391524054
1111734.4391524054
1111376.783267661
1111112.4220089917
1111112.4220089917
1110483.4388277754
1110211.2598075261
1110211.2598075261
1109692.8115255102
1109692.8115255102
1109692.8115255102
1109692.8115255102
1109674.3993990817
1109674.3993990817
1109088.3202913823
1108564.1534555939
1107284.410268157
1107284.410268157
1106365.427221079
1106365.427221079
1105629.6490284195
1105629.6490284195
1105629.6490284195
1105629.6490284195
1105629.6490284195
1105425.2669391106
1105418.544960557
1105290.6610730658
1105188.64886653
1105092.0195505526
1104325.881985963
1104325.881985963
1103410.6093564117
1103410.6093564117
1103410.6093564117
1102840.2007182036
1102840.2007182036
1102662.377563784
1102051.0000168427
1102051.0000168427
1101839.580255046
1101371.5138696907
1100626.9717828454
1100626.9717828454
1100626.9717828454
1100626.9717828454
1100626.9717828454
1100580.1935723438
1100580.1935723438
1100580.1935723438
1100264.5063173757
1100264.5063173757
1100264.5063173757
1099630.926583943
1099630.926583943
1098981.6589526022
1098948.8315486023
1098948.8315486023
1098948.8315486023
1098514.9425798762
1098514.9425798762
1098109.8590058214
1098109.8590058214
1098109.8590058214
1098079.2960799746
1097788.2220121096
1096221.9929156858
1096221.9929156858
1096159.5950529035
1096159.5950529035
1095874.9948255185
1095874.9948255185
1095874.9948255185
1095685.7810389353
1095685.7810389353
1095685.7810389353
1095665.468855941
1095270.8529219185
1095270.8529219185
1095136.4322793747
1093963.60159738
1093963.60159738
1093583.1523966184
1093363.1222273814
1093363.1222273814
1093033.766461382
1092545.9962314959
1092545.9962314959
1092370.062943861
1091583.671119933
1091467.738123932
1091467.738123932
1091056.309907341
1091056.309907341
1091056.309907341
1090925.1985301296
1090925.1985301296
1090925.1985301296
1090925.1985301296
1090735.7482728153
1090442.0091587603
1090139.253708702
1089625.2415140742
1089625.2415140742
1089625.2415140742
1089019.5289272717
1088574.9099253137
1088491.4944095444
1087437.5573550293
1087208.1432235087
1087143.516364505
1087143.516364505
1086773.2362488017
1086635.935539762
1086614.917842795
1085758.4965687594
1085706.241575364
1085631.2821245156
1085631.2821245156
1085631.2821245156
1085629.5455031828
1085629.5455031828
1084291.0298209551
1084291.0298209551
1084291.0298209551
1084291.0298209551
1083565.7740907161
1083411.7345529865
1083411.7345529865
1083318.9616128213
1082675.46406115
1082230.7615031754
1082230.7615031754
1082230.7615031754
1081964.539797674
1081964.539797674
1081964.539797674
1081395.569043836
1081395.569043836
1080645.3279278548
1080501.523423196
1079939.367456453
1079939.367456453
1079227.952511432
1079227.952511432
1079227.952511432
1078217.4670052677
1078217.4670052677
1078217.4670052677
1078217.4670052677
1078217.4670052677
1078217.4670052677
1078217.4670052677
1078217.4670052677
1078217.4670052677
1078217.4670052677
1077948.1457380436
1077948.1457380436
1077948.1457380436
1077948.1457380436
1077948.1457380436
1077948.1457380436
1077948.1457380436
1077607.2570870297
1077607.2570870297
1076963.1267980682
1076337.717154182
1076337.717154182
1075856.2010551398
1075292.1646136094
1075231.2328938218
1075231.2328938218
1074878.5840255753
1074874.4491377915
1074770.9461185343
1074132.3366805643
1073906.2096552793
1073906.2096552793
1073906.2096552793
1073805.1677797297
1072366.721098989
1072366.721098989
1072366.721098989
1071332.4807562898
1071104.881873867
1071104.881873867
1070559.5883338312
1070533.0497998204
1070533.0497998204
1070426.3763562562
1070426.3763562562
1070109.54435843
1070109.54435843
1070109.54435843
1070093.88111133
1069489.6721469145
1069467.7838603356
1069363.9784799374
1069363.9784799374
1068522.9451691038
1068522.9451691038
1068522.9451691038
1068522.9451691038
1068294.9009777787
1068143.7778173778
1068143.7778173778
1067741.4174624814
1067651.2460075687
1067595.1360990778
1067119.7059784378
1067119.7059784378
1067119.7059784378
1067119.7059784378
1067113.4402338513
1067113.4402338513
1066445.1514313663
1066445.1514313663
1066445.1514313663
1066188.7481774676
1065504.1344040395
1065233.0141126784
1065233.0141126784
1065107.8905107174
1065103.4949570661
1065103.4949570661
1064456.7898132373
1064456.7898132373
1064152.4548834786
1064152.4548834786
1064152.4548834786
1064152.4548834786
1064152.4548834786
1064152.4548834786
1063534.6198350904
1063473.5301357666
1062747.6274827067
1062671.5510729717
1062379.0642448775
1062217.819266675
1062217.819266675
1062217.819266675
1061731.6020640875
1061460.947577475
1061460.947577475
1061460.947577475
1061460.947577475
1061460.947577475
1061275.7001157468
1061275.7001157468
1061216.2131416225
1060075.8351478332
1060004.0429211622
1060004.0429211622
1058428.0351950643
1058273.293358496
1058233.4458365352
1058233.4458365352
1058233.4458365352
1058054.92549799
1058054.92549799
1058054.92549799
1058054.92549799
1058054.92549799
1058054.92549799
1058054.92549799
1058054.92549799
1057901.1228109037
1057901.1228109037
1057791.8547766786
1057791.8547766786
1057791.8547766786
1057781.0684881178
1057566.4179836798
1057314.4129732177
1057261.0499679106
1057261.0499679106
1057261.0499679106
1057261.0499679106
1057261.0499679106
1056427.2003600288
1056427.2003600288
1055808.7364595416
1055677.8058826432
1055677.8058826432
1055677.8058826432
1055603.6038288637
1055603.6038288637
1055537.44644019
1055537.44644019
1055531.5453264469
1055531.5453264469
1055531.5453264469
1055531.5453264469
1054284.9794879179
1054284.9794879179
1054144.6440365517
1053048.1739578433
1051891.7163755544
1051868.7156444753
1051712.8742317522
1051712.8742317522
1051243.978777926
1051243.978777926
1050926.9224346415
1050926.9224346415
1050179.3753056196
1050086.5362160616
1049472.5484504076
1049472.5484504076
1049472.5484504076
1048992.099372774
1048359.2325563277
1047975.2771081411
1047975.2771081411
1047975.2771081411
1047975.2771081411
1047851.6703019267
1047851.6703019267
1047851.6703019267
1047851.6703019267
1047551.8785117966
1047551.8785117966
1047366.1021249122
1047366.1021249122
1047366.1021249122
1047366.1021249122
1046075.6182919617
1046075.6182919617
1045686.4764531177
1045686.4764531177
1045416.4668780692
1045416.4668780692
1045128.0303197412
1045128.0303197412
1045095.7124240631
1045095.7124240631
1045095.7124240631
1045095.7124240631
1045095.7124240631
1044392.6206004776
1044259.3680494197
1044259.3680494197
1044259.3680494197
1044259.3680494197
1044259.3680494197
1044044.8616817656
1044044.8616817656
1044044.8616817656
1044044.8616817656
1044044.8616817656
1044044.8616817656
1043761.7414959645
1043761.7414959645
1043745.1505248434
1043745.1505248434
1043745.1505248434
1043745.1505248434
1043745.1505248434
1043745.1505248434
1043547.9507840816
1043547.9507840816
1043547.9507840816
1043547.9507840816
1043547.9507840816
1043004.4482965567
1043004.4482965567
1043004.4482965567
1042737.1859329005
1042737.1859329005
1042737.1859329005
1042737.1859329005
1041941.9187319202
1041465.7835573807
1041465.7835573807
1039898.6719128478
1039354.2158140967
1039354.2158140967
1038260.3981315871
1038260.3981315871
1038260.3981315871
1037822.73945637
1037250.2865263799
1037250.2865263799
1037250.2865263799
1037250.2865263799
1037135.6227835624
1037135.6227835624
1036894.4224377918
1036894.4224377918
1036894.4224377918
1036806.5798042213
1036806.5798042213
1036806.5798042213
1036089.4880016954
1036089.4880016954
1036089.4880016954
1035743.8362830308
1035743.8362830308
1035710.9018153448
1035710.9018153448
1035710.9018153448
1035710.9018153448
1035710.9018153448
1035710.9018153448
1035421.9351098775
1035421.9351098775
1035213.7109215315
1034574.7010261023
1034574.7010261023
1034381.1344079099
1034381.1344079099
1034381.1344079099
1034359.7479863027
1034359.7479863027
1034359.7479863027
1034359.7479863027
1033806.3156984145
1033806.3156984145
1033808.7932217101
1033808.7932217101
1033808.7932217101
1033808.7932217101
1033808.7932217101
1033808.7932217101
1033808.7932217101
1033808.7932217101
1033621.3383202505
1032754.5957829506
1032754.5957829506
1032496.0569976801
1032496.0569976801
1031603.636658452
1031268.5421289494
1031268.5421289494
1031268.5421289494
1031046.2458029839
1031046.2458029839
1031046.2458029839
1031046.2458029839
1030760.4644732855
1030760.4644732855
1030760.4644732855
1030760.4644732855
1030760.4644732855
1030760.4644732855
1029724.5306911094
1028933.9748455465
1028933.9748455465
1028933.9748455465
1028695.2255278425
1028452.8718223574
1028388.1921295722
1028388.1921295722
1028388.1921295722
1028388.1921295722
1028388.1921295722
1028388.1921295722
1028388.1921295722
1028388.1921295722
1028248.0891715044
1028235.6922573284
1028089.9739133737
1028038.6175471494
1028038.6175471494
1027944.652855377
1027944.652855377
1027944.652855377
1027944.652855377
1027944.652855377
1027944.652855377
1027944.652855377
1027944.652855377
1027944.652855377
1027857.5887676692
1027857.5887676692
1027857.5887676692
1027564.2642678018
1027166.4994330676
1027166.4994330676
1026921.3823997576
1026152.9736366406
1026152.9736366406
1025719.5385751288
1025719.5385751288
1025719.5385751288
1025719.5385751288
1025555.6087278817
1025555.6087278817
1024522.7882664165
1024440.1284438556
1024440.1284438556
1024440.1284438556
1024440.1284438556
1024305.8477643392
1023938.7052018527
1023769.6600455991
1023769.6600455991
1023769.6600455991
1023769.6600455991
1023769.6600455991
1023769.6600455991
1023679.3891068036
1023679.3891068036
1023679.3891068036
1023586.8230817518
1023586.8230817518
1023303.4929196445
1023303.4929196445
1023029.9903437787
1022648.9229540953
1022487.028217955
1021992.1156065727
1021992.1156065727
1021992.1156065727
1021440.814489136
1020709.4965771367
1020709.4965771367
1020709.4965771367
1020709.4965771367
1020445.0548840715
1020432.9020839581
1020432.9020839581
1020191.7983232086
1020191.7983232086
1020191.7983232086
1019986.2438415689
1019986.2438415689
1019986.2438415689
1019986.2438415689
1019986.2438415689
1019953.0657220315
1019953.0657220315
1019953.0657220315
1019953.0657220315
1019953.0657220315
1019897.9522798238
1019897.9522798238
1019897.9522798238
1019897.9522798238
1019897.9522798238
1019897.9522798238
1019554.7515038333
1019554.7515038333
1019554.7515038333
1019554.7515038333
1019472.9550382623
1019472.9550382623
1019160.4847267345
1019160.4847267345
1019160.4847267345
1018499.9767881628
1018499.9767881628
1018499.9767881628
1018499.9767881628
1018499.9767881628
1018499.9767881628
1018499.9767881628
1018259.15059977
1018259.15059977
1018259.15059977
1018259.15059977
1018259.15059977
1018259.15059977
1017582.0161151636
1017582.0161151636
1017582.0161151636
1017137.6631605743
1017137.6631605743
1017137.6631605743
1017137.6631605743
1017137.6631605743
1017137.6631605743
1017135.8766147082
1016679.736510088
1016679.736510088
1016449.5388022179
1016351.3394734256
1016351.3394734256
1016351.3394734256
1016351.3394734256
1016351.3394734256
1016351.3394734256
1015904.1938963279
1015691.9926819371
1015691.9926819371
1015150.5406198718
1015150.5406198718
1015150.5406198718
1014525.8438724165
1013721.1369909004
1013721.1369909004
1013721.1369909004
1013600.0247170185
1013318.95404819
1013318.95404819
1013181.5800070132
1013181.5800070132
1013181.5800070132
1013181.5800070132
1013181.5800070132
1013181.5800070132
1013181.5800070132
1012928.2312564314
1012225.127820066
1011713.9609937496
1011713.9609937496
1011184.9653954612
1011165.5346922709
1010960.3849585557
1010938.4743835877
1010938.4743835877
1010406.5061819346
1009868.1325357181
1009868.1325357181
1009868.1325357181
1009800.7676185839
1009440.6958210247
1009440.6958210247
1009230.3287001341
1009230.3287001341
1009059.0024092756
1009059.0024092756
1008845.3671724198
1008845.3671724198
1008729.6538851053
1008729.6538851053
1008018.901282209
1008018.901282209
1007901.5601845921
1007901.5601845921
1007901.5601845921
1007548.6472104003
1007548.6472104003
1007548.6472104003
1007519.2917616654
1007519.2917616654
1007519.2917616654
1006470.7070282052
1006261.5281026599
1006261.5281026599
1006207.5469483779
1005961.4547095841
1005961.4547095841
1003817.8416342672
1003817.8416342672
1003779.6651440592
1002456.9841279023
1002456.9841279023
1002456.9841279023
1002456.9841279023
1001141.2319670289
1001141.2319670289
1001141.2319670289
1001141.2319670289
1001141.2319670289
1001141.2319670289
1001141.2319670289
1001141.2319670289
999922.6796085564
999439.829359739
999439.829359739
999218.829007369
998771.4681601361
998771.4681601361
998771.4681601361
998771.4681601361
998771.4681601361
998554.1910630551
998554.1910630551
998554.1910630551
997754.5626864906
997676.6486959468
997497.2390251071
996882.6193765209
996882.6193765209
996882.6193765209
996848.0588873313
996287.1627211075
996287.1627211075
996287.1627211075
996287.1627211075
996287.1627211075
996287.1627211075
996152.8744261691
996031.0556024368
996011.7453044637
996011.7453044637
996011.7453044637
996011.7453044637
996011.7453044637
996011.7453044637
996011.7453044637
996011.7453044637
996011.7453044637
996012.7584332029
996012.7584332029
996012.7584332029
995998.0905360497
995823.5178830274
995823.5178830274
995823.5178830274
995823.5178830274
995706.4525347026
995706.4525347026
995706.4525347026
995706.4525347026
995706.4525347026
995436.2235447394
995436.2235447394
995436.2235447394
995117.2861086188
995117.2861086188
994944.8984702646
993838.9082737019
993768.3047605754
993768.3047605754
993768.3047605754
993645.4122656868
993617.2864668504
993479.5285329284
993479.5285329284
993479.5285329284
993479.5285329284
993347.7068380384
992900.5435695022
992900.5435695022
992900.5435695022
992900.5435695022
992900.5435695022
992900.5435695022
992900.5435695022
992826.844529073
992826.844529073
992562.2717918844
992562.2717918844
992562.2717918844
992562.2717918844
992562.2717918844
992562.2717918844
992072.0903525187
992011.0383896534
992011.0383896534
990829.8428555785
990829.8428555785
990829.8428555785
990829.8428555785
990829.8428555785
990829.8428555785
990829.8428555785
989558.6804511425
989109.0689015419
989109.0689015419
989109.0689015419
988771.847443907
988771.847443907
988771.847443907
988627.3887054586
988604.258659092
988604.258659092
988604.258659092
988604.258659092
988565.1735859774
988565.1735859774
988554.3827371022
988045.2364115857
988045.2364115857
988045.2364115857
987970.3037360511
987900.0462249665
987237.7832524418
986919.6777485083
986919.6777485083
986919.6777485083
986777.5787074964
986777.5787074964
986777.5787074964
986756.7231123422
986756.7231123422
986756.7231123422
986756.7231123422
985891.2932155242
985891.2932155242
985891.2932155242
985891.2932155242
985891.2932155242
985891.2932155242
985328.106511232
985328.106511232
985168.6917715585
985168.6917715585
985156.3789215067
985088.212884042
985088.212884042
985088.212884042
985088.212884042
985088.212884042
985088.212884042
985088.212884042
984995.4118159047
984995.4118159047
984995.4118159047
984995.4118159047
984995.4118159047
984995.4118159047
984963.6484267158
984963.6484267158
984963.6484267158
984963.6484267158
984963.6484267158
984963.6484267158
984963.6484267158
984963.6484267158
984578.8244814994
984578.8244814994
984530.4560685972
984530.4560685972
984530.4560685972
984508.8480331993
984212.438292066
984212.438292066
984212.438292066
984212.438292066
984212.438292066
984113.084850687
984113.084850687
984113.084850687
983221.1389249433
983221.1389249433
983137.7815227311
983137.7815227311
982851.7170079688
982851.7170079688
982199.5600277779
982199.5600277779
981758.0717468013
981571.604736589
981571.604736589
981538.631213225
980913.3551710271
980894.8181182635
980894.8181182635
980894.8181182635
980851.2942272659
980687.6610431185
980226.9975564838
980226.9975564838
980226.9975564838
980192.3390228075
980100.4084506534
980100.4084506534
979060.3069208676
978535.3339607087
978535.3339607087
978535.3339607087
978535.3339607087
978535.3339607087
978535.3339607087
978535.3339607087
978535.3339607087
978535.3339607087
978535.3339607087
978535.3339607087
978535.3339607087
978535.3339607087
978330.731561593
978330.731561593
978195.2266064282
978195.2266064282
978195.2266064282
977959.8162880528
977959.8162880528
977959.8162880528
977959.8162880528
977959.8162880528
977959.8162880528
977959.8162880528
977686.8969659125
977686.8969659125
977525.950922976
977525.950922976
977525.950922976
977525.950922976
977525.950922976
977525.950922976
977310.2837965862
977310.2837965862
977310.2837965862
977310.2837965862
977310.2837965862
977310.2837965862
977310.2837965862
976506.3833159829
976506.3833159829
976506.3833159829
976506.3833159829
976449.7036092546
976449.7036092546
976449.7036092546
976449.7036092546
976449.7036092546
976449.7036092546
976449.7036092546
976216.8335183936
976216.8335183936
976216.8335183936
976216.8335183936
976216.8335183936
976216.8335183936
976216.8335183936
976216.8335183936
975870.6409081412
975870.6409081412
975870.6409081412
975698.3680965237
975698.3680965237
975698.3680965237
975443.741882865
975443.741882865
975325.698915828
975325.698915828
975301.5567574333
975301.5567574333
975301.5567574333
975301.5567574333
975301.5567574333
975301.5567574333
975301.5567574333
974914.627218796
974184.6242445067
974184.6242445067
974184.6242445067
973820.9332300399
973176.579784719
973176.579784719
973046.1875010224
972593.7202409166
972535.824176659
972535.824176659
972181.0652817655
972181.0652817655
972181.0652817655
971722.5331813877
971722.5331813877
971722.5331813877
971437.2166437997
971093.4933134085
971093.4933134085
971093.4933134085
971020.3967190445
970836.9564508395
970836.9564508395
970836.9564508395
970836.9564508395
970836.9564508395
970836.3388202298
970691.8486446026
970549.8249200673
970429.9041196636
970429.9041196636
970429.9041196636
970429.9041196636
970429.9041196636
970429.9041196636
970429.9041196636
970429.9041196636
970429.9041196636
970429.9041196636
970429.9041196636
970429.9041196636
970429.9041196636
970291.7624411813
970291.7624411813
970291.7624411813
970291.7624411813
970291.7624411813
970291.7624411813
970008.8732656175
970008.8732656175
970008.8732656175
970008.8732656175
970008.8732656175
969749.5639997643
969282.7357720328
969282.7357720328
969282.7357720328
969282.7357720328
969197.9617053398
969197.9617053398
969197.9617053398
969197.9617053398
968239.1130833637
968239.1130833637
968239.1130833637
968239.1130833637
968239.1130833637
968239.1130833637
967783.6915755467
967783.6915755467
967783.6915755467
967783.6915755467
967783.6915755467
967783.6915755467
966588.4314143735
966588.4314143735
966588.4314143735
966588.4314143735
966588.4314143735
966588.4314143735
966530.0180926342
966530.0180926342
966530.0180926342
966530.0180926342
966448.3780790477
966390.4224971579
966390.4224971579
966390.4224971579
966390.4224971579
966390.4224971579
966390.4224971579
966293.2147666988
966293.2147666988
965022.6118714915
965022.6118714915
965022.6118714915
964577.8220101905
964577.8220101905
964577.8220101905
964015.1212709781
963756.3917904163
963060.5598109815
963060.5598109815
962738.8266850361
962738.8266850361
962738.8266850361
962738.8266850361
962480.59427227
962480.59427227
962480.59427227
962480.59427227
962480.59427227
962480.59427227
962480.59427227
962310.9989765454
962310.9989765454
962146.7934757544
962146.7934757544
962146.7934757544
961503.1741658899
961503.1741658899
961395.9393214874
961395.9393214874
961395.9393214874
961239.9500070147
961208.69040788
961208.69040788
961208.69040788
961208.69040788
961208.69040788
961208.69040788
960420.1409460218
960420.1409460218
960420.1409460218
960420.1409460218
960175.961495697
960175.961495697
959672.5139311863
959672.5139311863
959672.5139311863
959672.5139311863
958526.7816269485
958526.7816269485
958526.7816269485
958526.7816269485
958496.6111984778
958496.6111984778
958325.7864989468
958325.7864989468
958280.1132200229
958280.1132200229
958280.1132200229
958104.2831516477
958104.2831516477
958009.2900077142
958009.2900077142
957952.3778365145
957936.3260088948
957666.652281763
957666.652281763
957666.652281763
957666.652281763
957666.652281763
957666.652281763
957666.652281763
957666.652281763
957666.652281763
957666.652281763
957666.652281763
957666.652281763
957666.652281763
957666.652281763
957666.652281763
957597.0161509272
957597.0161509272
957597.0161509272
957346.144054943
957346.144054943
956786.3897523594
956786.3897523594
956786.3897523594
956786.3897523594
956786.3897523594
956786.3897523594
956600.5532253467
956600.5532253467
956600.5532253467
956600.5532253467
956600.5532253467
956600.5532253467
955708.4953799128
955708.4953799128
955708.4953799128
955303.2867468114
955303.2867468114
955303.2867468114
955009.9229559323
955009.9229559323
954253.5104357942
953662.4349724932
953230.8020808791
953230.8020808791
953230.8020808791
952926.017387145
952926.017387145
952926.017387145
952926.017387145
952730.4213503428
952730.4213503428
952697.3232972086
952697.3232972086
952589.3006343944
952589.3006343944
952589.3006343944
952426.17390173
952426.17390173
952235.7503562693
952235.7503562693
952167.3498167186
952167.3498167186
952167.3498167186
952167.3498167186
952167.3498167186
952167.3498167186
952167.3498167186
952167.3498167186
952009.3295746217
952009.3295746217
951717.9531463471
951717.9531463471
951673.0069173002
951541.6026776986
951541.6026776986
951541.6026776986
951541.6026776986
951541.6026776986
951541.6026776986
951541.6026776986
951541.6026776986
951541.6026776986
951541.6026776986
951541.6026776986
951541.6026776986
951541.6026776986
951512.194877127
951183.3275426296
951183.3275426296
951183.3275426296
950902.1598059185
950902.1598059185
950902.1598059185
950902.1598059185
950902.1598059185
950902.1598059185
950902.1598059185
950902.1598059185
950902.1598059185
950768.8555706186
950734.6049582108
950734.6049582108
950734.6049582108
950734.6049582108
950672.0587452003
950349.5629457886
950252.3550161808
950112.9480887835
949787.521080618
948965.5192212344
948965.5192212344
948965.5192212344
948965.5192212344
948936.5161185225
948875.6580688821
948704.4215754907
948704.4215754907
948704.4215754907
948704.4215754907
948704.4215754907
948704.4215754907
948704.4215754907
948704.4215754907
948704.4215754907
947967.9745135488
947943.6966514057
947943.6966514057
947918.2129014188
947918.2129014188
947918.2129014188
947918.2129014188
947918.2129014188
947918.2129014188
947918.2129014188
947918.2129014188
947918.2129014188
947918.2129014188
947918.2129014188
947918.2129014188
947918.2129014188
947753.8831405173
946993.8797363479
946993.8797363479
946993.8797363479
946993.8797363479
946993.8797363479
946987.5174473018
946987.5174473018
946987.5174473018
946987.5174473018
946987.5174473018
946987.5174473018
946209.7694065426
946209.7694065426
946209.7694065426
946209.7694065426
946209.7694065426
946209.7694065426
946209.7694065426
946209.7694065426
946209.7694065426
946209.7694065426
946209.7694065426
946209.7694065426
946209.7694065426
946151.8314700014
946151.8314700014
946151.8314700014
946151.8314700014
946124.2361604148
946124.2361604148
946124.2361604148
946124.2361604148
946027.3126013342
946027.3126013342
946027.3126013342
946027.3126013342
946027.3126013342
946027.3126013342
946027.3126013342
946027.3126013342
945713.5905976532
945713.5905976532
945713.5905976532
945713.5905976532
945713.5905976532
945713.5905976532
945713.5905976532
945713.5905976532
945713.5905976532
945713.5905976532
945609.6825501649
945467.6917831851
945240.7638122116
945240.7638122116
945240.7638122116
945240.7638122116
945058.7509243055
945058.7509243055
945058.7509243055
945058.7509243055
945058.7509243055
945058.7509243055
945058.7509243055
945058.7509243055
945058.7509243055
945058.7509243055
945058.7509243055
945058.7509243055
945058.7509243055
945058.7509243055
945058.7509243055
945058.7509243055
944868.5107198175
944372.4250663847
944372.4250663847
943908.9085467503
943550.0821578449
943550.0821578449
943550.0821578449
942950.2474987758
942950.2474987758
942950.2474987758
942950.2474987758
942950.2474987758
942950.2474987758
942950.2474987758
942950.2474987758
942950.2474987758
942950.2474987758
942251.0518883222
942251.0518883222
942150.1364758237
942150.1364758237
942150.1364758237
942150.1364758237
942150.1364758237
942150.1364758237
942150.1364758237
941853.6620948191
941853.6620948191
941853.6620948191
941853.6620948191
941853.6620948191
941853.6620948191
941853.6620948191
941853.6620948191
941853.6620948191
941740.4899735724
941367.3898246486
941367.3898246486
941367.3898246486
941367.3898246486
941367.3898246486
941367.3898246486
941367.3898246486
941075.0220833984
941075.0220833984
940872.1447871246
940872.1447871246
940872.1447871246
940872.1447871246
940872.1447871246
940522.0999997691
940381.1065015993
940342.6530776997
939691.0241157857
939691.0241157857
939691.0241157857
939691.0241157857
939691.0241157857
939691.0241157857
939691.0241157857
939423.148915412
939423.148915412
939423.148915412
939423.148915412
939423.148915412
939423.148915412
939423.148915412
939423.148915412
939423.148915412
939082.7268510275
939082.7268510275
939082.7268510275
939082.7268510275
938448.2884546714
938448.2884546714
938448.2884546714
938448.2884546714
938448.2884546714
938448.2884546714
938448.2884546714
938448.2884546714
938448.2884546714
938448.2884546714
938448.2884546714
938448.2884546714
938448.2884546714
938448.2884546714
938448.2884546714
938448.2884546714
938448.2884546714
938448.2884546714
938448.2884546714
938311.8408775155
938311.8408775155
938311.8408775155
938311.8408775155
938311.8408775155
938218.2378164941
938053.6860993871
938053.6860993871
937908.6064310821
937908.6064310821
937908.6064310821
937908.6064310821
937908.6064310821
937908.6064310821
937908.6064310821
937537.8628873052
937537.8628873052
937537.8628873052
937537.8628873052
937537.8628873052
937537.8628873052
937537.8628873052
936797.531308892
936797.531308892
936797.531308892
936797.531308892
935591.1690988488
935591.1690988488
935591.1690988488
935591.1690988488
935591.1690988488
935591.1690988488
935591.1690988488
935591.1690988488
935422.569121236
935422.569121236
934693.5691165972
934559.9308664615
934559.9308664615
934559.9308664615
934115.2271298957
934115.2271298957
933504.1835932675
933504.1835932675
933504.1835932675
933504.1835932675
933504.1835932675
933164.4923404625
933164.4923404625
932821.5879630451
932653.4703178403
932653.4703178403
932653.4703178403
932653.4703178403
932653.4703178403
932653.4703178403
932649.9963377484
932649.9963377484
932649.9963377484
932549.0544553392
932549.0544553392
932549.0544553392
932549.0544553392
932538.0281067794
932538.0281067794
932538.0281067794
932538.0281067794
932538.0281067794
932538.0281067794
932538.0281067794
932538.0281067794
932087.0027282496
932087.0027282496
931995.5969673379
931995.5969673379
931995.5969673379
931743.9749640764
931743.9749640764
931743.9749640764
931176.605864428
931176.605864428
931176.605864428
930990.8118921869
930990.8118921869
930990.8118921869
930443.5640913292
930443.5640913292
930443.5640913292
930443.5640913292
930443.5640913292
930028.6859042153
929701.983582902
929701.983582902
929701.983582902
929701.983582902
929701.983582902
929701.983582902
929701.983582902
929701.983582902
929701.983582902
929701.983582902
929701.983582902
929701.983582902
929701.983582902
929701.983582902
929701.983582902
929701.983582902
929701.983582902
929701.983582902
929701.983582902
929701.983582902
929701.983582902
929701.983582902
929624.4458362157
929624.4458362157
929453.6508204394
929453.6508204394
928801.4973678439
928062.8552962577
928062.8552962577
928062.8552962577
928062.8552962577
928062.8552962577
928062.8552962577
927461.8600223362
927462.3587961629
927462.3587961629
927462.3587961629
927462.3587961629
927370.4833392581
927370.4833392581
927370.4833392581
927370.4833392581
927370.4833392581
927370.4833392581
927370.4833392581
927370.4833392581
927370.4833392581
927370.4833392581
927233.6578990144
927233.6578990144
927233.6578990144
927233.6578990144
927233.6578990144
927233.6578990144
927233.6578990144
927233.6578990144
927233.6578990144
927233.6578990144
927233.6578990144
927233.6578990144
927233.6578990144
927233.6578990144
927233.6578990144
927233.6578990144
927233.6578990144
927233.6578990144
927233.6578990144
927233.6578990144
927233.6578990144
927233.6578990144
927233.6578990144
927233.6578990144
927233.6578990144
927172.6594811934
927172.6594811934
926819.2313590149
926819.2313590149
926819.2313590149
926819.2313590149
926819.2313590149
926819.2313590149
926747.2029203605
926747.2029203605
926747.2029203605
926747.2029203605
926747.2029203605
926747.2029203605
926564.7244092182
926564.7244092182
926564.7244092182
926564.7244092182
926564.7244092182
926564.7244092182
926564.7244092182
926564.7244092182
926564.7244092182
926564.7244092182
926304.7300098374
926304.7300098374
926304.7300098374
926304.7300098374
926304.7300098374
926304.7300098374
926304.7300098374
926304.7300098374
925416.028443904
925416.028443904
925416.028443904
925416.028443904
925416.028443904
925416.028443904
925416.028443904
925416.028443904
925416.028443904
925416.028443904
925416.028443904
925416.028443904
925416.028443904
925416.028443904
925385.4245566758
925385.4245566758
925385.4245566758
925218.6924028299
925218.6924028299
925218.6924028299
925218.6924028299
925125.2080402205
925125.2080402205
925125.2080402205
925125.2080402205
925125.2080402205
924640.3613609206
924640.3613609206
924640.3613609206
924640.3613609206
924233.87944962
924233.87944962
924233.87944962
924023.5333316087
924023.5333316087
924023.5333316087
923537.936133455
923537.936133455
923537.936133455
923537.936133455
923537.936133455
923537.936133455
923537.936133455
923537.936133455
923537.936133455
923537.936133455
923537.936133455
923537.936133455
923537.936133455
923537.936133455
923537.936133455
923537.936133455
923537.936133455
923537.936133455
923537.936133455
922705.8914563316
922362.5814203002
922362.5814203002
922362.5814203002
921927.886201863
921927.886201863
921927.886201863
921927.886201863
921927.886201863
921927.886201863
921927.886201863
921927.886201863
921927.886201863
921927.886201863
921927.886201863
921836.6284418774
921836.6284418774
921836.6284418774
921836.6284418774
921836.6284418774
921836.6284418774
921836.6284418774
921836.6284418774
921836.6284418774
921836.6284418774
921836.6284418774
921836.6284418774
921836.6284418774
921836.6284418774
921836.6284418774
921836.6284418774
921836.6284418774
921640.4268479638
921640.4268479638
921640.4268479638
921340.5677029609
921340.5677029609
921205.5014713528
921205.5014713528
921205.5014713528
921205.5014713528
921205.5014713528
921205.5014713528
921205.5014713528
921205.5014713528
921205.5014713528
921205.5014713528
921205.5014713528
921205.5014713528
921205.5014713528
921205.5014713528
921205.5014713528
921205.5014713528
921205.5014713528
921205.5014713528
921098.0492273729
921098.0492273729
921098.0492273729
920914.2031764265
920914.2031764265
920645.8029190616
920645.8029190616
920558.4962337345
920141.004987591
920141.004987591
920141.004987591
920002.3014942941
920002.3014942941
920002.3014942941
920002.3014942941
920002.3014942941
919997.0736977849
919997.0736977849
919997.0736977849
919997.0736977849
919741.4908277538
919741.4908277538
919741.4908277538
919741.4908277538
919741.4908277538
919741.4908277538
919741.4908277538
919436.4111770106
919436.4111770106
919436.4111770106
919436.4111770106
919315.4172441972
919315.4172441972
919315.4172441972
919315.4172441972
919315.4172441972
919315.4172441972
919315.4172441972
919315.4172441972
919315.4172441972
919315.4172441972
919315.4172441972
919315.4172441972
919315.4172441972
919315.4172441972
919315.4172441972
919315.4172441972
918715.642218797
918715.642218797
918715.642218797
918664.2621618063
918664.2621618063
918664.2621618063
918664.2621618063
918664.2621618063
918664.2621618063
918664.2621618063
918664.2621618063
918664.2621618063
918664.2621618063
918664.2621618063
918664.2621618063
918664.2621618063
918664.2621618063
918664.2621618063
918664.2621618063
918664.2621618063
918664.2621618063
918664.2621618063
918623.1353613524
918623.1353613524
918623.1353613524
918623.1353613524
918623.1353613524
918623.1353613524
918623.1353613524
918623.1353613524
918623.1353613524
918623.1353613524
918623.1353613524
918577.9543530233
918577.9543530233
918577.9543530233
918577.9543530233
918577.9543530233
918577.9543530233
918577.9543530233
917573.2748364026
916647.1614893164
916246.0667967205
916246.0667967205
916246.0667967205
916246.0667967205
916246.0667967205
916246.0667967205
916246.0667967205
916246.0667967205
916246.0667967205
916073.1105858427
916073.1105858427
916073.1105858427
915927.7943975038
915927.7943975038
915927.7943975038
915927.7943975038
915927.7943975038
915927.7943975038
915927.7943975038
915927.7943975038
915822.2810811594
915822.2810811594
915822.2810811594
915822.2810811594
915781.197799914
915741.7069051326
915741.7069051326
915741.7069051326
915741.7069051326
915741.7069051326
915741.7069051326
915741.7069051326
915741.7069051326
915741.7069051326
915741.7069051326
915741.7069051326
915520.7715584891
915183.6753238521
915125.457440062
915125.457440062
914506.1212152888
914506.1212152888
914162.1843586734
914162.1843586734
914162.1843586734
914162.1843586734
914162.1843586734
914162.1843586734
914160.6851922696
914160.6851922696
914160.6851922696
914160.6851922696
914160.6851922696
914160.6851922696
914154.6188764013
914154.6188764013
914154.6188764013
914154.6188764013
914128.7515137577
914128.7515137577
914128.7515137577
914128.7515137577
914128.7515137577
914128.7515137577
914128.7515137577
914128.7515137577
914128.7515137577
914025.3043477872
914025.3043477872
914025.3043477872
914025.3043477872
914025.3043477872
914025.3043477872
914025.3043477872
913887.0776908022
913476.5565917107
913476.5565917107
913476.5565917107
913476.5565917107
913476.5565917107
913476.5565917107
912602.3524047022
912602.3524047022
912602.3524047022
911876.1852239992
911876.1852239992
911876.1852239992
911876.1852239992
911642.0575373947
911642.0575373947
911642.0575373947
911642.0575373947
911642.0575373947
911632.0868844622
911632.0868844622
911632.0868844622
911632.0868844622
911632.0868844622
911632.0868844622
911632.0868844622
911632.0868844622
911632.0868844622
911632.0868844622
911632.0868844622
911534.0532585636
911534.0532585636
911534.0532585636
911534.0532585636
911534.0532585636
911077.3629947936
910276.9798721592
910276.9798721592
909691.4220748487
909691.4220748487
909568.5784128045
909531.6082681341
909531.6082681341
909283.9968789781
909283.9968789781
909283.9968789781
909283.9968789781
909283.9968789781
909283.9968789781
909283.9968789781
909283.9968789781
909283.9968789781
909283.9968789781
909283.9968789781
909283.9968789781
909266.1367332219
909266.1367332219
909201.1978492449
909201.1978492449
909201.1978492449
909201.1978492449
909201.1978492449
909201.1978492449
909201.1978492449
909201.1978492449
909201.1978492449
909201.1978492449
908427.2101933226
908247.2725487126
908219.008703213
908219.008703213
908219.008703213
908219.008703213
908219.008703213
908219.008703213
908219.008703213
908219.008703213
907701.3334178533
907701.3334178533
907701.3334178533
907701.3334178533
907468.578497352
907468.578497352
907316.2538267216
907316.2538267216
907316.2538267216
907316.2538267216
907316.2538267216
907316.2538267216
907316.2538267216
907316.2538267216
906355.76980633
906355.76980633
906355.76980633
906355.76980633
906355.76980633
906355.76980633
906355.76980633
906355.76980633
906355.76980633
906355.76980633
906111.7504155
906111.7504155
906111.7504155
906111.7504155
906111.7504155
906111.7504155
906111.7504155
906111.7504155
906111.7504155
906111.7504155
906111.7504155
906111.7504155
906111.7504155
906111.7504155
906111.7504155
906111.7504155
906111.7504155
905986.8555864827
905986.8555864827
905986.8555864827
905986.8555864827
905986.8555864827
905986.8555864827
905986.8555864827
905986.8555864827
905986.8555864827
905986.8555864827
905986.8555864827
905406.0356427273
905190.5133853804
905190.5133853804
904708.4041615776
904708.4041615776
904141.020470016
904141.020470016
904141.020470016
904141.020470016
904141.020470016
903707.7076778992
903707.7076778992
903707.7076778992
903707.7076778992
903707.7076778992
903707.7076778992
903707.7076778992
903707.7076778992
903707.7076778992
903707.7076778992
903707.7076778992
903707.7076778992
903707.7076778992
903685.5563954612
903685.5563954612
903685.5563954612
903685.5563954612
903685.5563954612
903685.5563954612
903685.5563954612
903685.5563954612
903685.5563954612
903685.5563954612
903685.5563954612
903356.4004938366
903298.3788538552
903298.3788538552
903298.3788538552
903298.3788538552
903159.2036414478
903159.2036414478
903159.2036414478
903159.2036414478
902462.0431461951
902462.0431461951
902462.0431461951
902462.0431461951
902462.0431461951
902462.0431461951
902462.0431461951
902462.0431461951
902462.0431461951
902462.0431461951
902462.0431461951
902462.0431461951
902462.0431461951
902462.0431461951
902462.0431461951
902462.0431461951
902376.4569544183
902376.4569544183
902376.4569544183
902235.9959797721
902235.9959797721
902235.9959797721
902235.9959797721
902235.9959797721
902113.5629536649
902113.5629536649
902113.5629536649
902113.5629536649
901816.3945550849
901816.3945550849
901816.3945550849
901684.298434843
901684.298434843
901684.298434843
901684.298434843
901684.298434843
901684.298434843
901684.298434843
901684.298434843
900386.7400626721
900386.7400626721
900386.7400626721
900386.7400626721
900386.7400626721
900386.7400626721
900386.7400626721
900386.7400626721
900386.7400626721
900386.7400626721
900386.7400626721
900386.7400626721
900386.7400626721
900386.7400626721
900386.6842272624
900386.6842272624
900386.6842272624
900386.6842272624
900300.6891874091
900300.6891874091
900170.1657766202
900170.1657766202
900170.1657766202
900170.1657766202
900170.1657766202
900170.1657766202
900170.1657766202
900117.3223423795
900117.3223423795
900117.3223423795
899630.0752733438
899630.0752733438
899630.0752733438
899630.0752733438
899630.0752733438
898890.8580419546
898890.8580419546
898890.8580419546
898890.8580419546
898890.8580419546
898890.8580419546
898890.8580419546
898890.8580419546
898778.5684937574
898778.5684937574
898778.5684937574
898778.5684937574
897836.0722475047
897836.0722475047
897836.0722475047
897836.0722475047
897836.0722475047
897836.0722475047
897836.0722475047
897677.0552683545
897677.0552683545
897677.0552683545
897677.0552683545
897677.0552683545
897677.0552683545
897677.0552683545
897677.0552683545
897677.0552683545
897677.0552683545
897677.0552683545
897677.0552683545
897677.0552683545
897677.0552683545
897677.0552683545
897677.0552683545
897677.0552683545
897677.0552683545
897677.0552683545
897677.0552683545
897677.0552683545
897677.0552683545
897677.0552683545
897611.2139202269
897296.138589415
897296.138589415
897296.138589415
897296.138589415
897296.138589415
897296.138589415
897296.138589415
897296.138589415
897296.138589415
897296.138589415
897296.138589415
897296.138589415
897296.138589415
897296.138589415
897296.138589415
897296.138589415
897296.138589415
897296.138589415
897296.138589415
897296.138589415
897296.138589415
897296.138589415
897296.138589415
897296.138589415
897296.138589415
897296.138589415
897296.138589415
897296.138589415
897296.138589415
897296.138589415
896288.153439996
896265.7328698235
896265.7328698235
896265.7328698235
896265.7328698235
896265.7328698235
896265.7328698235
896265.7328698235
895835.9499167118
895835.9499167118
895835.9499167118
895835.9499167118
895835.9499167118
895835.9499167118
895835.9499167118
895835.9499167118
895835.9499167118
895835.9499167118
895835.9499167118
895835.9499167118
895835.9499167118
895254.8851386155
895254.8851386155
895191.0761040885
895191.0761040885
895191.0761040885
895191.0761040885
895191.0761040885
895191.0761040885
895191.0761040885
895191.0761040885
895191.0761040885
895129.1867787078
894618.3642902016
894618.3642902016
894618.3642902016
894618.3642902016
894618.3642902016
894618.3642902016
894618.3642902016
894618.3642902016
894618.3642902016
894618.3642902016
894618.3642902016
894618.3642902016
894618.3642902016
894618.3642902016
894618.3642902016
894618.3642902016
894618.3642902016
893565.1906550634
893565.1906550634
893565.1906550634
893565.1906550634
893565.1906550634
893565.1906550634
893446.4854122791
893446.4854122791
893446.4854122791
893446.4854122791
893446.4854122791
893446.4854122791
893323.6139780967
893323.6139780967
893323.6139780967
893323.6139780967
893323.6139780967
893125.4978385124
892917.1811020374
892917.1811020374
892917.1811020374
892917.1811020374
892917.1811020374
892106.7038214861
892106.7038214861
892106.7038214861
891702.8473235002
891371.8113524547
891371.8113524547
891371.8113524547
891371.8113524547
891371.8113524547
891371.8113524547
891371.8113524547
891371.8113524547
891371.8113524547
890923.2626569936
890923.2626569936
890923.2626569936
890923.2626569936
890923.2626569936
890838.3849091565
889634.5760425534
889447.6695784079
889447.6695784079
889447.6695784079
889447.6695784079
889447.6695784079
889447.6695784079
889447.6695784079
889447.6695784079
889447.6695784079
889447.6695784079
889447.6695784079
889447.6695784079
889447.6695784079
889447.6695784079
889447.6695784079
889447.6695784079
889447.6695784079
889316.9598077161
889316.9598077161
889316.9598077161
889303.6707370926
889303.6707370926
889303.6707370926
889303.6707370926
889303.6707370926
889303.6707370926
889303.6707370926
889303.6707370926
889303.6707370926
889303.6707370926
889303.6707370926
889303.6707370926
889303.6707370926
889303.6707370926
889070.6090116199
889070.6090116199
889070.6090116199
889070.6090116199
889070.6090116199
889070.6090116199
889070.6090116199
889070.6090116199
889070.6090116199
889070.6090116199
889070.6090116199
889070.6090116199
889070.6090116199
889070.6090116199
888113.8055479876
888113.8055479876
888113.8055479876
888113.8055479876
888091.4141323885
888091.4141323885
888091.4141323885
887415.371384754
887415.371384754
887415.371384754
887415.371384754
887415.371384754
887415.371384754
887415.371384754
887415.371384754
887292.0512198143
887292.0512198143
887292.0512198143
887292.0512198143
887292.0512198143
887292.0512198143
887292.0512198143
887292.0512198143
887292.0512198143
887292.0512198143
887036.3119078367
887036.3119078367
887036.3119078367
887036.3119078367
887036.3119078367
887036.3119078367
887036.3119078367
887036.3119078367
886725.42603729
886101.7823120123
886101.7823120123
886101.7823120123
886101.7823120123
886089.2103773821
886089.2103773821
886089.2103773821
886089.2103773821
886089.2103773821
886089.2103773821
886089.2103773821
886089.2103773821
886089.2103773821
886089.2103773821
886089.2103773821
886089.2103773821
886089.2103773821
886089.2103773821
886089.2103773821
886089.2103773821
886089.2103773821
886089.2103773821
886089.2103773821
886089.2103773821
886089.2103773821
885883.8031118592
885883.8031118592
885883.8031118592
885883.8031118592
885883.8031118592
885883.8031118592
885883.8031118592
885883.8031118592
885883.8031118592
885883.8031118592
885883.8031118592
885883.8031118592
885883.8031118592
885883.8031118592
885261.7531939233
885261.7531939233
885212.9910065681
885212.9910065681
885212.9910065681
885212.9910065681
885154.6393376638
885154.6393376638
885154.6393376638
885097.6851316765
885097.6851316765
885097.6851316765
885097.6851316765
885097.6851316765
885097.6851316765
885097.6851316765
885097.6851316765
885097.6851316765
885097.6851316765
885097.6851316765
885097.6851316765
885097.6851316765
885097.6851316765
885097.6851316765
885097.6851316765
885097.6851316765
885097.6851316765
885097.6851316765
885097.6851316765
885097.6851316765
885097.6851316765
884858.5802677517
884858.5802677517
884858.5802677517
884858.5802677517
884858.5802677517
884858.5802677517
884858.5802677517
884858.5802677517
884858.5802677517
884858.5802677517
884790.8678057679
884790.8678057679
884790.8678057679
884790.8678057679
884790.8678057679
884790.8678057679
884790.8678057679
884790.8678057679
884541.7387720351
884541.7387720351
884526.0693137099
883668.8933785369
883668.8933785369
883668.8933785369
883668.8933785369
883668.8933785369
883668.8933785369
883668.8933785369
883593.4444808516
883593.4444808516
883557.9205057533
883557.9205057533
883557.9205057533
883557.9205057533
883557.9205057533
883557.9205057533
883557.9205057533
883557.9205057533
883557.9205057533
883557.9205057533
883351.4478911438
883351.4478911438
883351.4478911438
882984.5153460937
882984.5153460937
882984.5153460937
882984.5153460937
882984.5153460937
882926.0121312223
882926.0121312223
882926.0121312223
882926.0121312223
882926.0121312223
882926.0121312223
882926.0121312223
882926.0121312223
882926.0121312223
882923.3277542212
882923.3277542212
882923.3277542212
882923.3277542212
882923.3277542212
882923.3277542212
882832.9049300717
882179.6970060492
882179.6970060492
882179.6970060492
882179.6970060492
882179.6970060492
882132.6671305608
881628.0143101222
881628.0143101222
881419.2062178454
881419.2062178454
881419.2062178454
881419.2062178454
881419.2062178454
881419.2062178454
881419.2062178454
881419.2062178454
881419.2062178454
881419.2062178454
881419.2062178454
881419.2062178454
881419.2062178454
881355.6643837583
881355.6643837583
881355.6643837583
881355.6643837583
881355.6643837583
881355.6643837583
881355.6643837583
881355.6643837583
881163.0913769939
881163.0913769939
881163.0913769939
881163.0913769939
881078.4229284696
881078.4229284696
881078.4229284696
881078.4229284696
881078.4229284696
881078.4229284696
881078.4229284696
881078.4229284696
881078.4229284696
881078.4229284696
881078.4229284696
880864.1865182975
880768.9184173916
880768.9184173916
880768.9184173916
880768.9184173916
880768.9184173916
880768.9184173916
880768.9184173916
880768.9184173916
880768.9184173916
880768.9184173916
880487.4104601855
880487.4104601855
880487.4104601855
880487.4104601855
880487.4104601855
880487.4104601855
880487.4104601855
880487.4104601855
880487.4104601855
880487.4104601855
880487.4104601855
880389.3724833524
880389.3724833524
880389.3724833524
880389.3724833524
880389.3724833524
880090.4410815383
880090.4410815383
880090.4410815383
880090.4410815383
880090.4410815383
879974.6079640938
879974.6079640938
879974.6079640938
879624.1146228053
879624.1146228053
879624.1146228053
879624.1146228053
879624.1146228053
879624.1146228053
879624.1146228053
879624.1146228053
879624.1146228053
879624.1146228053
879624.1146228053
879624.1146228053
879556.7671690134
879556.7671690134
879556.7671690134
879556.7671690134
879556.7671690134
879556.7671690134
879556.7671690134
879080.2608387453
879080.2608387453
879080.2608387453
879080.2608387453
878621.6105849213
878621.6105849213
878621.6105849213
878621.6105849213
877802.6734642328
877802.6734642328
877802.6734642328
877802.6734642328
877802.6734642328
877802.6734642328
877802.6734642328
877802.6734642328
877802.6734642328
877802.6734642328
877802.6734642328
877802.6734642328
877802.6734642328
877705.7341331805
877705.7341331805
877705.7341331805
877705.7341331805
877705.7341331805
877705.7341331805
877705.7341331805
877675.658534944
877449.9907761835
877449.9907761835
876952.1559699894
876952.1559699894
876294.7468149976
876294.7468149976
876294.7468149976
876294.7468149976
876294.7468149976
876294.7468149976
876294.7468149976
876294.7468149976
876294.7468149976
876294.7468149976
876294.7468149976
876294.7468149976
876294.7468149976
875760.5478354519
875666.2957212965
875666.2957212965
875666.2957212965
875666.2957212965
875666.2957212965
875087.7210326795
875087.7210326795
875087.7210326795
875087.7210326795
875087.7210326795
875087.7210326795
875087.7210326795
875087.7210326795
875087.7210326795
874394.7663347437
874394.7663347437
874394.7663347437
874394.7663347437
874394.7663347437
874394.7663347437
874394.7663347437
874394.7663347437
874394.7663347437
874394.7663347437
874394.7663347437
874319.309954792
874319.309954792
874319.309954792
874319.309954792
874319.309954792
874319.309954792
874319.309954792
874319.309954792
874319.309954792
874319.309954792
874319.309954792
874319.309954792
874319.309954792
873838.9017302167
873838.9017302167
873838.9017302167
873838.9017302167
873838.9017302167
873568.3541373316
873568.3541373316
872660.1933307652
872212.0323033466
872212.0323033466
872093.0676667213
872093.0676667213
872093.0676667213
872093.0676667213
872093.0676667213
872093.0676667213
872093.0676667213
872093.0676667213
871760.2319466057
871760.2319466057
871525.6306995809
871310.6853728546
871310.6853728546
871310.6853728546
871090.9655054287
871090.9655054287
871090.9655054287
871090.9655054287
871090.9655054287
871090.9655054287
871090.9655054287
871090.9655054287
871090.9655054287
871090.9655054287
871090.9655054287
871090.9655054287
871090.9655054287
871090.9655054287
871090.9655054287
871090.9655054287
871063.6837128882
870216.6179222178
870154.4440820062
870092.0728977759
870092.0728977759
870092.0728977759
870092.0728977759
870048.2840292694
870048.2840292694
870048.2840292694
869838.6953639244
869838.6953639244
869838.6953639244
869838.6953639244
869838.6953639244
869838.6953639244
869838.6953639244
869838.6953639244
869504.1757253419
869504.1757253419
869504.1757253419
869504.1757253419
869504.1757253419
869504.1757253419
869490.47744609
869490.47744609
869490.47744609
869490.47744609
869490.47744609
869490.47744609
869490.47744609
869490.47744609
869490.47744609
869490.47744609
869490.47744609
869486.3317720527
869486.3317720527
869486.3317720527
869486.3317720527
869486.3317720527
869486.3317720527
869486.3317720527
869486.3317720527
869486.3317720527
869486.3317720527
869486.3317720527
869486.3317720527
869486.3317720527
869486.3317720527
869486.3317720527
869486.3317720527
869061.8939231522
869061.8939231522
869061.8939231522
869061.8939231522
868701.1590900931
868701.1590900931
868378.8605412093
868378.8605412093
868378.8605412093
868378.8605412093
868064.1023160145
868064.1023160145
868064.1023160145
868064.1023160145
868064.1023160145
868064.1023160145
868064.1023160145
867950.4485299669
867841.1785113773
867514.0646889356
867514.0646889356
867514.0646889356
867325.6750383981
867325.6750383981
867325.6750383981
867325.6750383981
867241.2789889325
867241.2789889325
867241.2789889325
867241.2789889325
867241.2789889325
867241.2789889325
867241.2789889325
867241.2789889325
867241.2789889325
867241.2789889325
867241.2789889325
867241.2789889325
867241.2789889325
867241.2789889325
867241.2789889325
867241.2789889325
867241.2789889325
867241.2789889325
867241.2789889325
867241.2789889325
867241.2789889325
867241.2789889325
867241.2789889325
867241.2789889325
867241.2789889325
867241.2789889325
867241.2789889325
867241.2789889325
867241.2789889325
867241.2789889325
867241.2789889325
867241.2789889325
867241.2789889325
867241.2789889325
867241.2789889325
867241.2789889325
867241.2789889325
867241.2789889325
867241.2789889325
867141.9863349427
867141.9863349427
867141.9863349427
867141.9863349427
867141.9863349427
867141.9863349427
867141.9863349427
867141.9863349427
867141.9863349427
867141.9863349427
866935.318428077
866935.318428077
866935.318428077
866935.318428077
866935.318428077
866622.123595956
866622.123595956
866622.123595956
866622.123595956
866622.123595956
866622.123595956
866622.123595956
866622.123595956
866622.123595956
866622.123595956
866622.123595956
866622.123595956
866622.123595956
866591.0655843541
866591.0655843541
866591.0655843541
866591.0655843541
866591.0655843541
866579.3852597072
866579.3852597072
866579.3852597072
866512.2808222314
866512.2808222314
866512.2808222314
866512.2808222314
866512.2808222314
866512.2808222314
866512.2808222314
866512.2808222314
866512.2808222314
866512.2808222314
866512.2808222314
866512.2808222314
866512.2808222314
866512.2808222314
866512.2808222314
866452.395884922
866452.395884922
866452.395884922
866452.395884922
866452.395884922
866452.395884922
866452.395884922
866452.395884922
866395.7675116601
866395.7675116601
866264.6128881417
866264.6128881417
866264.6128881417
866264.6128881417
866264.6128881417
866248.7754446925
866248.7754446925
866248.7754446925
866248.7754446925
866158.350362905
866158.350362905
866158.350362905
866158.350362905
866158.350362905
866158.350362905
866158.350362905
866158.350362905
865765.1863398026
865765.1863398026
865765.1863398026
865765.1863398026
865765.1863398026
865765.1863398026
865765.1863398026
865765.1863398026
865765.1863398026
865765.1863398026
865765.1863398026
865765.1863398026
865765.1863398026
865765.1863398026
865765.1863398026
865098.4628114386
865098.4628114386
865098.4628114386
865098.4628114386
865098.4628114386
865098.4628114386
865098.4628114386
865098.4628114386
865098.4628114386
865098.4628114386
865098.4628114386
865098.4628114386
864897.1960984567
864897.1960984567
864897.1960984567
864897.1960984567
864897.1960984567
864897.1960984567
864897.1960984567
864897.1960984567
864897.1960984567
864897.1960984567
864897.1960984567
864897.1960984567
864897.1960984567
864897.1960984567
864897.1960984567
864897.1960984567
864897.1960984567
863306.5704988157
863306.5704988157
863306.5704988157
863306.5704988157
863306.5704988157
863306.5704988157
863306.5704988157
863306.5704988157
863306.5704988157
863306.5704988157
863306.5704988157
863306.5704988157
863306.5704988157
863306.5704988157
863306.5704988157
863306.5704988157
863306.5704988157
863306.5704988157
863306.5704988157
863306.5704988157
863306.5704988157
863306.5704988157
863306.5704988157
863306.5704988157
863306.5704988157
863306.5704988157
863306.5704988157
863306.5704988157
863306.5704988157
863181.4072398914
863181.4072398914
863181.4072398914
863181.4072398914
863181.4072398914
862540.6306293281
862540.6306293281
862540.6306293281
862260.4561155271
862260.4561155271
862260.4561155271
862260.4561155271
862233.5645825511
862233.5645825511
862233.5645825511
862233.5645825511
862233.5645825511
861928.8429148204
861928.8429148204
861928.8429148204
861928.8429148204
861928.8429148204
861928.8429148204
861928.8429148204
861928.8429148204
861928.8429148204
861928.8429148204
861928.8429148204
861928.8429148204
861928.8429148204
861928.8429148204
861928.8429148204
861785.5517256098
861785.5517256098
861785.5517256098
861785.5517256098
861785.5517256098
861785.5517256098
861785.5517256098
861785.5517256098
861785.5517256098
861785.5517256098
861785.5517256098
861785.5517256098
861785.5517256098
861785.5517256098
861785.5517256098
861785.5517256098
861785.5517256098
861785.5517256098
861785.5517256098
861785.5517256098
861785.5517256098
861785.5517256098
861785.5517256098
861785.5517256098
861737.8252781553
861737.8252781553
861737.8252781553
861737.8252781553
861737.8252781553
861737.8252781553
861737.8252781553
861151.6222636019
861151.6222636019
861151.6222636019
861151.6222636019
861151.6222636019
861151.6222636019
861151.6222636019
861151.6222636019
861151.6222636019
861151.6222636019
861103.2620382749
861103.2620382749
861103.2620382749
861103.2620382749
861103.2620382749
861097.6209646189
861097.6209646189
860781.15661374
860781.15661374
860781.15661374
860240.4633392643
860240.4633392643
860240.4633392643
859919.370039165
859919.370039165
859919.370039165
859919.370039165
859919.370039165
859919.370039165
859919.370039165
859919.370039165
859919.370039165
859919.370039165
859919.370039165
859919.370039165
859686.9407836124
859686.9407836124
859686.9407836124
859686.9407836124
859686.9407836124
859686.9407836124
859686.9407836124
859686.9407836124
859686.9407836124
859686.9407836124
859686.9407836124
859686.9407836124
859686.9407836124
859686.9407836124
859686.9407836124
859686.9407836124
859686.9407836124
859686.9407836124
859686.9407836124
859686.9407836124
859686.9407836124
859686.9407836124
859686.9407836124
859686.9407836124
859686.9407836124
859686.9407836124
859686.9407836124
859686.9407836124
859597.9716431553
859597.9716431553
859597.9716431553
859597.9716431553
859597.9716431553
859597.9716431553
859597.9716431553
859597.9716431553
859597.9716431553
859597.9716431553
859597.9716431553
859597.9716431553
859003.7730088374
859003.7730088374
859003.7730088374
859003.7730088374
859003.7730088374
859003.7730088374
859003.7730088374
859003.7730088374
859003.7730088374
859003.7730088374
859003.7730088374
859003.7730088374
859003.7730088374
859003.7730088374
859003.7730088374
859003.7730088374
859003.7730088374
858810.1612993708
858810.1612993708
858810.1612993708
858810.1612993708
858810.1612993708
858810.1612993708
858633.4048044648
858633.4048044648
858633.4048044648
858633.4048044648
858633.4048044648
858633.4048044648
858633.4048044648
858633.4048044648
858633.4048044648
858240.101994883
858240.101994883
858240.101994883
858240.101994883
858240.101994883
858240.101994883
858240.101994883
858240.101994883
858240.101994883
858240.101994883
858140.353665353
858140.353665353
858140.353665353
858140.353665353
858140.353665353
858140.353665353
858140.353665353
858140.353665353
858140.353665353
858140.353665353
858140.353665353
858140.353665353
858140.353665353
858140.353665353
858025.3784812351
857995.6146538156
857995.6146538156
857995.6146538156
857995.6146538156
857995.6146538156
857995.6146538156
857995.6146538156
857881.7504660522
857881.7504660522
857881.7504660522
857881.7504660522
857881.7504660522
857881.7504660522
857881.7504660522
857881.7504660522
857881.7504660522
857881.7504660522
857881.7504660522
857881.7504660522
857881.7504660522
857881.7504660522
857881.7504660522
857881.7504660522
857881.7504660522
857881.7504660522
857881.7504660522
857881.7504660522
857881.7504660522
857881.7504660522
857881.7504660522
857881.7504660522
857881.7504660522
857881.7504660522
857880.7922327928
857880.7922327928
857880.7922327928
857880.7922327928
857880.7922327928
857880.7922327928
857880.7922327928
857880.7922327928
857880.7922327928
857880.7922327928
857880.7922327928
857805.8411717587
857805.8411717587
857805.8411717587
857805.8411717587
857805.8411717587
857805.8411717587
857759.2223270979
857759.2223270979
857759.2223270979
857759.2223270979
857094.7845046001
857094.7845046001
857094.7845046001
857094.7845046001
857094.7845046001
857094.7845046001
857094.7845046001
857094.7845046001
857094.7845046001
857094.7845046001
857094.7845046001
857094.7845046001
857094.7845046001
857094.7845046001
857094.7845046001
857094.7845046001
856750.5592074599
856750.5592074599
856750.5592074599
856628.6974678434
856628.6974678434
856628.6974678434
856628.6974678434
856628.6974678434
856628.6974678434
856628.6974678434
856614.4721622011
856614.4721622011
856614.4721622011
856614.4721622011
856614.4721622011
856614.4721622011
856614.4721622011
856581.7435592405
856238.8293439874
856238.8293439874
856238.8293439874
856238.8293439874
856238.8293439874
856238.8293439874
856238.8293439874
856238.8293439874
856238.8293439874
855273.4463323092
855273.4463323092
855273.4463323092
855273.4463323092
854912.8074280489
854912.8074280489
854912.8074280489
854912.8074280489
854912.8074280489
854912.8074280489
854912.8074280489
854912.8074280489
854912.8074280489
854912.8074280489
854912.8074280489
854912.8074280489
854912.8074280489
854912.8074280489
854912.8074280489
854912.8074280489
854912.8074280489
854912.8074280489
854912.8074280489
854912.8074280489
854912.8074280489
854912.8074280489
854912.8074280489
854837.8510034882
854837.8510034882
854837.8510034882
854837.8510034882
854837.8510034882
854639.441526884
854601.7370264495
854545.0296993463
854519.0309313273
854519.0309313273
854519.0309313273
854519.0309313273
854519.0309313273
854519.0309313273
854519.0309313273
854264.6067825356
854264.6067825356
854264.6067825356
854264.6067825356
854264.6067825356
854264.6067825356
854264.6067825356
854264.6067825356
854264.6067825356
854135.5357531665
854135.5357531665
854135.5357531665
854135.5357531665
854135.5357531665
854135.5357531665
854135.5357531665
854135.5357531665
854135.5357531665
854135.5357531665
854135.5357531665
854135.5357531665
854135.5357531665
854135.5357531665
854135.5357531665
854135.5357531665
854135.5357531665
854114.0468701646
854114.0468701646
854114.0468701646
854114.0468701646
854114.0468701646
854114.0468701646
853993.4587965256
853993.4587965256
853993.4587965256
853993.4587965256
853993.4587965256
853993.4587965256
853993.4587965256
853993.4587965256
853830.4594002799
853830.4594002799
853830.4594002799
853830.4594002799
853665.2763614517
853665.2763614517
853665.2763614517
853665.2763614517
853665.2763614517
853665.2763614517
853665.2763614517
853665.2763614517
853665.2763614517
853665.2763614517
853665.2763614517
853665.2763614517
853665.2763614517
853665.2763614517
853665.2763614517
853665.2763614517
853665.2763614517
853665.2763614517
853495.2854299095
853495.2854299095
853495.2854299095
853495.2854299095
853495.2854299095
853495.2854299095
853495.2854299095
852721.1927703507
852661.5526291127
852661.5526291127
852661.5526291127
852661.5526291127
852661.5526291127
852661.5526291127
852661.5526291127
852661.5526291127
852661.5526291127
852661.5526291127
852661.5526291127
852661.5526291127
852661.5526291127
852661.5526291127
852661.5526291127
852661.5526291127
852661.5526291127
852661.5526291127
852661.5526291127
852661.5526291127
852661.5526291127
852415.7255444983
852415.7255444983
852415.7255444983
852415.7255444983
852415.7255444983
852415.7255444983
852415.7255444983
852415.7255444983
852415.7255444983
852415.7255444983
852415.7255444983
852415.7255444983
852415.7255444983
852415.7255444983
852415.7255444983
852415.7255444983
852415.7255444983
852415.7255444983
852415.7255444983
852415.7255444983
852415.7255444983
852415.7255444983
851665.3057603193
851665.3057603193
851665.3057603193
851665.3057603193
851665.3057603193
851665.3057603193
851665.3057603193
851665.3057603193
851665.3057603193
851665.3057603193
851665.3057603193
851247.6541661171
851247.6541661171
850494.5132078979
850494.5132078979
850494.5132078979
850494.5132078979
850494.5132078979
850494.5132078979
850494.5132078979
850494.5132078979
850494.5132078979
850494.5132078979
850494.5132078979
850494.5132078979
850494.5132078979
850494.5132078979
850494.5132078979
850494.5132078979
850494.5132078979
850494.5132078979
849787.995615006
849787.995615006
849787.995615006
849787.995615006
849772.328629961
849772.328629961
849772.328629961
849772.328629961
849772.328629961
849772.328629961
849772.328629961
849150.0332494532
849150.0332494532
849150.0332494532
848895.7749585412
848857.1169540364
848857.1169540364
848857.1169540364
848857.1169540364
848857.1169540364
848857.1169540364
848857.1169540364
848857.1169540364
848857.1169540364
848330.6914126149
848330.6914126149
848330.6914126149
848330.6914126149
848330.6914126149
848330.6914126149
848330.6914126149
848330.6914126149
848330.6914126149
848216.3163686269
848216.3163686269
848216.3163686269
848216.3163686269
848216.3163686269
848216.3163686269
848216.3163686269
848216.3163686269
847707.163125434
847707.163125434
847707.163125434
847671.4943990124
847671.4943990124
847671.4943990124
847671.4943990124
847671.4943990124
846964.3761288968
846964.3761288968
846964.3761288968
846964.3761288968
846964.3761288968
846964.3761288968
846964.3761288968
846964.3761288968
846964.3761288968
846964.3761288968
846964.3761288968
846964.3761288968
846964.3761288968
846964.3761288968
846964.3761288968
846964.3761288968
846964.3761288968
846964.3761288968
846964.3761288968
846964.3761288968
846964.3761288968
846964.3761288968
846964.3761288968
846964.3761288968
846964.3761288968
846964.3761288968
846964.3761288968
846964.3761288968
846964.3761288968
846964.3761288968
846964.3761288968
846964.3761288968
846964.3761288968
846964.3761288968
846964.3761288968
846964.3761288968
846964.3761288968
846964.3761288968
846964.3761288968
846964.3761288968
846964.3761288968
846964.3761288968
846964.3761288968
846964.3761288968
846964.3761288968
846964.3761288968
846964.3761288968
846964.3761288968
846964.3761288968
846964.3761288968
846964.3761288968
