    3    4   18
 22.990 28.085 32.066
    1    1  0.0150  0.0000  0.0000
 -0.011732633749   0.000032844043   0.000003657937
 -0.004423970275  -0.000010416037   0.000000116055
  0.008082184545  -0.000012317045  -0.000019586591
  0.008074419479  -0.000010110961   0.000015812599
    1    2  0.0000  0.0150  0.0000
  0.000044285106  -0.012448808016   0.000198252895
 -0.000010329907  -0.004184307608  -0.000047911439
 -0.000016841766   0.008316829357  -0.000088759870
 -0.000017113433   0.008316286267  -0.000061581586
    1    3  0.0000  0.0000  0.0150
  0.000006863413   0.000036019308  -0.043479127530
 -0.000001779491  -0.000010046853   0.036366651207
 -0.000002601995  -0.000012797636   0.003532279667
 -0.000002481927  -0.000013174819   0.003580196656
    2    1  0.0150  0.0000  0.0000
 -0.000442772401  -0.000000132087   0.000029240857
 -0.050294535889  -0.000000841851   0.000009211834
  0.025367835716   0.000028653437   0.000001890913
  0.025369472574  -0.000027679498  -0.000040343605
    2    2  0.0000  0.0150  0.0000
  0.000022150251  -0.001079770415  -0.000031061439
  0.000018628033  -0.048418124070   0.000022973172
 -0.000019925841   0.024720327956   0.000021558663
 -0.000020852443   0.024777566530  -0.000013470396
    2    3  0.0000  0.0000  0.0150
  0.000000454351   0.000000382061   0.040368534369
  0.000000256177  -0.000001604132  -0.230831289542
  0.000000526016   0.000001475366   0.095231855781
 -0.000001236545  -0.000000253295   0.095230899392
    3    1  0.0150  0.0000  0.0000
  0.010582213395  -0.000002605617   0.000003228053
  0.023938584718  -0.000007085220  -0.000016305263
 -0.065043971961   0.000013392915   0.000019437695
  0.030523173848  -0.000003702078  -0.000006360485
    3    2  0.0000  0.0150  0.0000
 -0.000007480865   0.011188607302  -0.000011870377
 -0.000016519871   0.024557208296  -0.000024923327
  0.000021802948  -0.066874748103   0.000078881867
  0.000002197788   0.031128932505  -0.000042088162
    3    3  0.0000  0.0000  0.0150
 -0.000002642156  -0.000005581494   0.001038445692
  0.000000412094  -0.000004956257   0.088264322797
  0.000002363726   0.000014831254  -0.109027026582
 -0.000000133664  -0.000004293503   0.019724258094
    4    1  0.0150  0.0000  0.0000
  0.010576540103   0.000001766595  -0.000013152176
  0.023932215180   0.000008477960   0.000015857076
  0.030522930686   0.000004733161   0.000009886130
 -0.065031685969  -0.000014977716  -0.000012591030
    4    2  0.0000  0.0150  0.0000
 -0.000002800724   0.011158060748  -0.000026646170
 -0.000009657292   0.024514966838   0.000010342353
  0.000004551419   0.031097959388  -0.000025658723
  0.000007906597  -0.066770986974   0.000041962540
    4    3  0.0000  0.0000  0.0150
 -0.000003521499  -0.000003886933   0.001098364893
  0.000000252592  -0.000000295358   0.088520954687
  0.000002012913  -0.000005284306   0.019566785083
  0.000001255994   0.000009466598  -0.109186104663
